60  4  1
4
	0	78	1	78	2	84	3	79
	0	75	1	89	2	88	3	74
	0	80	1	83	2	65	3	64
	0	78	1	71	2	59	3	71
	0	94	1	73	2	86	3	74
	0	95	1	97	2	56	3	53
	0	87	1	91	2	77	3	97
	0	89	1	87	2	75	3	65
	0	80	1	60	2	67	3	51
	0	85	1	59	2	63	3	70
	0	58	1	74	2	50	3	76
	0	77	1	59	2	78	3	52
	0	68	1	74	2	95	3	89
	0	70	1	86	2	69	3	76
	0	59	1	85	2	71	3	86
	0	61	1	98	2	52	3	66
	0	96	1	54	2	80	3	83
	0	50	1	98	2	94	3	96
	0	65	1	83	2	52	3	50
	0	90	1	59	2	81	3	85
	0	90	1	59	2	86	3	86
	0	85	1	74	2	58	3	74
	0	50	1	59	2	73	3	75
	0	93	1	97	2	65	3	86
	0	89	1	79	2	86	3	82
	0	76	1	67	2	83	3	80
	0	82	1	63	2	84	3	74
	0	92	1	68	2	55	3	97
	0	98	1	70	2	64	3	78
	0	59	1	60	2	62	3	70
	0	85	1	78	2	68	3	92
	0	53	1	70	2	57	3	92
	0	87	1	71	2	88	3	92
	0	75	1	72	2	89	3	83
	0	80	1	85	2	93	3	59
	0	82	1	53	2	97	3	96
	0	65	1	90	2	75	3	68
	0	76	1	79	2	65	3	83
	0	90	1	74	2	74	3	64
	0	80	1	80	2	69	3	53
	0	58	1	80	2	55	3	75
	0	56	1	89	2	90	3	55
	0	99	1	96	2	66	3	69
	0	68	1	85	2	50	3	67
	0	81	1	50	2	80	3	86
	0	61	1	90	2	57	3	93
	0	73	1	69	2	95	3	98
	0	61	1	92	2	91	3	93
	0	92	1	91	2	57	3	61
	0	78	1	62	2	79	3	82
	0	83	1	85	2	68	3	91
	0	60	1	85	2	50	3	51
	0	92	1	61	2	89	3	58
	0	79	1	80	2	66	3	79
	0	52	1	60	2	89	3	88
	0	52	1	54	2	53	3	75
	0	97	1	62	2	78	3	56
	0	66	1	89	2	76	3	51
	0	99	1	63	2	93	3	80
	0	97	1	66	2	64	3	72
SSD
M0
91	56	66	73	85	68	72	67	74	88	57	97	90	59	52	66	90	57	73	63	51	55	94	97	69	86	72	69	70	92	72	61	87	62	90	50	81	50	90	65	70	69	93	97	57	77	61	93	96	58	62	70	63	62	69	96	58	97	91	50	
51	78	59	75	97	62	72	89	67	73	89	82	82	68	67	89	53	72	64	58	85	90	68	77	59	65	94	87	69	90	60	69	86	60	98	97	85	97	90	56	73	69	65	86	63	97	64	84	79	74	71	67	88	74	79	51	82	54	92	76	
79	94	88	87	73	58	59	69	83	99	92	73	67	85	97	51	73	76	65	51	88	70	88	82	58	73	92	58	92	75	68	65	98	72	80	81	77	68	76	83	94	81	79	68	93	87	68	89	71	53	80	96	92	63	91	83	77	61	82	67	
55	53	71	65	66	93	65	82	66	77	54	81	73	83	86	83	86	58	88	53	77	96	90	50	98	55	80	79	83	75	62	72	73	55	57	97	99	85	97	75	87	58	95	55	83	62	93	68	85	97	63	72	81	67	75	51	73	88	52	59	
87	72	53	79	54	71	87	86	91	64	98	71	60	81	81	81	59	56	79	60	63	61	64	67	50	75	83	56	61	61	51	82	80	91	62	89	50	93	66	70	99	79	98	58	69	89	63	83	71	99	69	90	72	87	81	69	51	52	66	69	
91	65	90	79	88	71	63	80	54	62	99	73	98	74	52	59	57	86	54	93	81	88	69	58	74	83	82	70	89	89	62	56	63	54	74	87	60	53	68	72	55	94	62	58	59	76	80	99	75	85	65	72	94	73	88	59	73	83	53	81	
98	85	63	84	99	75	88	93	74	54	83	93	81	62	73	58	72	84	63	59	79	75	74	52	60	99	87	63	54	59	52	56	74	87	57	81	96	77	53	82	99	56	58	85	91	88	80	92	76	79	51	84	74	93	84	50	60	90	71	88	
66	79	72	89	91	74	91	75	93	56	89	79	65	86	76	97	88	63	87	92	75	85	99	88	98	63	79	73	83	99	66	97	87	94	72	78	61	74	55	72	79	87	76	84	74	78	91	60	56	61	84	69	66	54	77	89	83	61	51	56	
92	83	84	88	81	90	77	93	94	63	73	72	81	87	80	59	84	60	64	95	97	65	88	61	55	58	59	76	75	96	61	56	83	94	78	95	98	57	55	59	78	71	56	86	57	72	77	78	64	54	65	89	98	56	58	65	53	58	53	91	
50	63	64	92	57	85	95	62	66	68	90	85	79	97	50	64	74	59	86	84	64	93	79	56	64	93	94	81	84	69	51	62	61	58	59	76	70	73	64	60	60	61	74	81	58	98	94	94	74	75	78	62	73	81	86	60	95	87	77	86	
65	95	90	92	91	85	59	96	58	63	90	91	89	63	90	61	90	97	68	81	50	52	80	90	86	88	68	88	87	63	64	98	69	94	61	96	67	69	54	58	92	52	77	89	74	76	90	66	96	74	80	91	85	83	67	96	79	59	64	77	
74	57	79	68	73	55	93	72	67	63	93	56	85	79	94	88	53	69	77	52	63	61	64	91	99	76	75	85	70	54	87	65	92	87	84	78	58	78	51	91	68	73	72	60	88	63	71	85	62	65	77	81	79	82	66	88	67	87	77	87	
70	60	90	63	53	98	67	79	58	50	55	76	92	69	87	56	84	71	59	91	70	60	87	87	70	71	94	52	76	74	83	79	98	94	93	75	56	79	88	86	55	65	83	58	53	97	56	88	93	65	54	73	76	56	85	98	95	83	51	72	
66	76	83	66	77	74	93	92	69	82	58	59	95	65	94	70	80	74	71	79	83	99	92	94	99	52	63	95	88	84	55	55	51	97	92	87	67	70	76	55	78	78	62	97	69	63	90	67	54	68	85	96	77	72	51	65	92	50	82	65	
81	53	55	69	92	67	71	54	98	85	91	77	69	89	95	63	62	86	62	72	55	86	99	84	89	96	63	76	98	91	71	71	81	50	86	73	72	80	62	52	55	89	72	51	65	84	75	60	72	53	67	57	67	60	67	93	61	65	72	66	
95	81	82	82	59	57	65	55	87	52	82	53	65	87	68	51	54	98	66	57	99	67	68	92	95	72	59	61	99	84	67	53	51	90	67	68	50	76	92	70	90	76	80	71	65	83	72	86	93	90	92	86	83	99	55	79	60	97	50	72	
97	62	65	94	93	88	66	73	72	93	95	71	51	50	96	54	53	58	74	88	50	77	88	57	73	56	95	94	95	95	71	97	61	83	99	81	86	81	53	56	64	90	79	90	90	93	95	87	80	80	80	92	51	90	53	81	50	54	70	61	
97	53	55	82	83	83	86	85	91	83	69	70	54	69	69	99	99	65	90	85	84	84	70	68	63	99	55	94	84	96	75	69	66	59	92	97	98	55	58	53	62	82	75	99	78	88	58	88	89	83	66	61	59	81	51	50	94	52	89	84	
88	81	63	73	71	56	89	83	74	83	59	70	90	96	53	62	64	73	65	76	93	89	71	76	79	90	91	85	99	75	66	90	83	83	73	50	54	79	83	89	89	92	63	64	96	69	55	99	93	81	59	52	64	64	62	87	77	70	77	98	
67	63	95	59	80	93	63	71	97	64	83	53	51	73	84	85	90	86	74	70	77	56	94	68	53	81	52	62	82	84	55	99	67	88	56	64	64	89	70	51	91	95	52	80	97	50	72	55	76	67	81	74	84	59	93	79	60	70	56	66	
79	60	54	76	80	54	87	96	72	52	83	88	97	77	56	53	68	89	61	96	98	87	78	84	50	72	90	58	58	68	91	75	63	88	80	90	85	68	82	85	82	89	55	96	67	61	71	64	60	64	88	96	96	75	91	93	60	83	85	85	
90	58	96	87	91	62	80	52	62	79	80	81	54	61	50	91	85	81	57	57	58	59	72	91	84	82	59	52	91	68	54	84	52	73	78	62	92	77	99	81	65	51	97	81	63	55	72	58	96	77	62	66	83	58	54	86	63	72	88	71	
75	76	54	80	74	92	90	91	70	62	88	91	73	95	77	88	99	58	85	60	55	83	51	84	55	61	92	59	75	75	99	84	77	63	98	94	90	60	55	76	73	88	68	55	66	52	62	78	93	60	83	62	76	92	66	76	63	83	78	81	
50	66	62	97	61	82	65	60	84	57	50	61	78	50	50	55	77	71	87	85	62	87	50	62	84	75	99	63	62	57	78	62	80	57	92	85	62	76	69	77	70	58	85	55	54	87	98	94	53	64	74	77	78	64	98	89	68	88	51	64	
79	56	68	99	92	78	55	82	57	76	78	84	98	87	57	81	76	54	77	99	62	98	73	99	71	54	65	52	80	99	90	65	94	59	65	68	94	77	51	89	71	75	56	74	50	66	61	51	65	57	63	65	52	56	65	73	97	63	80	67	
53	95	50	57	55	53	90	98	71	54	60	99	77	50	80	66	74	73	79	57	55	78	81	63	78	65	88	52	85	89	66	64	56	81	72	63	70	60	90	86	82	69	72	51	51	97	56	59	80	56	79	90	67	91	70	61	72	71	79	91	
83	91	61	50	83	84	99	96	51	82	91	92	65	61	68	86	88	56	61	50	72	79	89	66	93	82	92	87	54	96	78	97	86	86	59	62	95	75	78	84	54	74	98	64	69	57	94	53	53	60	52	74	97	54	89	88	64	90	97	94	
59	79	97	72	99	70	53	52	57	67	78	85	72	67	85	68	67	72	74	64	52	52	76	73	93	55	63	95	65	76	81	50	96	81	87	76	81	58	71	53	53	73	91	61	82	62	56	50	82	98	94	58	91	63	80	69	65	51	81	98	
68	60	74	58	95	64	64	87	74	79	97	95	98	54	81	56	84	59	89	92	89	88	72	76	76	85	81	60	96	99	89	66	80	79	65	51	54	60	77	97	83	97	85	50	63	70	75	86	77	85	76	87	86	77	59	95	83	59	72	93	
51	54	91	77	94	70	50	65	62	58	91	61	61	84	53	66	98	67	83	67	96	67	93	76	58	82	54	58	74	82	89	81	93	68	97	99	86	87	87	78	69	97	71	99	67	89	74	73	62	98	86	96	60	97	75	98	64	96	91	66	
57	90	54	76	82	95	87	73	74	50	86	86	63	99	50	53	54	72	59	83	52	50	52	50	82	52	80	64	73	93	94	85	70	82	90	84	76	88	75	70	96	62	98	51	79	97	91	58	72	81	55	76	63	61	77	74	94	95	64	51	
70	99	80	57	63	83	98	62	79	93	86	51	73	65	50	66	69	89	75	55	75	95	70	55	55	74	73	60	76	53	65	75	85	94	85	61	76	74	92	87	77	75	85	87	56	62	91	92	93	92	98	72	75	53	89	70	77	96	70	99	
72	55	69	75	68	94	93	56	84	95	76	52	63	69	65	73	54	86	58	78	80	76	75	99	62	69	64	90	92	82	57	73	82	87	62	75	62	77	58	98	59	86	84	93	66	67	70	84	66	93	83	83	65	82	92	85	94	67	78	73	
70	67	77	66	99	96	68	50	83	91	58	72	65	56	96	65	60	84	57	74	63	68	63	91	54	91	84	58	54	99	63	95	80	72	52	70	76	74	88	63	65	98	72	92	73	65	68	86	51	54	59	61	92	94	79	83	78	71	77	75	
80	51	54	90	78	63	96	88	56	91	82	79	53	78	62	99	62	59	98	94	69	69	53	67	83	77	97	67	71	68	51	72	80	67	57	78	64	61	75	84	60	74	75	87	66	60	86	93	66	76	61	79	82	61	68	73	63	75	80	69	
65	89	62	66	86	81	62	89	95	95	79	84	92	59	83	78	72	76	65	86	72	67	61	86	85	87	95	51	88	64	82	97	55	93	73	52	90	92	66	83	70	87	90	94	89	87	74	94	68	71	54	81	61	76	62	58	77	79	84	59	
93	92	94	83	72	99	83	81	56	88	57	92	72	85	90	80	80	93	83	67	60	96	92	75	77	67	59	67	66	67	84	99	68	94	95	55	95	86	80	72	93	54	81	65	76	95	97	94	65	93	87	86	94	79	57	83	77	75	61	54	
97	72	60	60	76	74	87	98	78	78	86	66	95	54	70	65	90	69	65	95	61	97	92	77	54	75	53	71	67	73	70	53	69	90	82	98	51	79	85	57	85	63	68	76	93	83	70	96	81	52	77	68	51	94	88	71	70	69	62	73	
93	72	93	55	96	72	54	64	67	58	60	81	97	96	88	75	75	59	84	73	69	72	95	57	96	74	55	59	60	68	52	71	52	68	78	59	75	58	55	86	61	68	92	51	81	50	93	73	71	76	51	73	57	78	65	68	75	60	68	57	
73	63	84	94	93	73	65	50	66	99	95	89	66	80	68	74	85	72	72	84	76	80	89	91	85	88	57	96	50	58	96	70	63	87	91	88	77	71	76	57	84	81	65	81	68	52	83	97	66	79	90	53	64	74	93	61	98	68	75	51	
94	78	52	66	51	94	79	59	51	98	89	75	71	83	99	82	78	70	99	50	90	93	51	78	85	71	88	93	57	60	88	57	88	94	57	66	68	52	52	73	81	52	82	56	90	75	62	70	82	90	60	69	85	71	86	77	81	62	61	80	
60	68	58	75	90	63	92	83	99	72	74	57	93	73	70	68	79	71	52	69	85	50	62	56	88	93	93	56	62	57	71	54	57	76	88	95	69	74	85	67	67	67	95	63	88	57	62	88	86	84	58	51	72	71	67	62	92	58	50	87	
57	64	62	50	65	63	67	84	66	95	66	50	80	63	93	91	72	63	92	76	82	61	67	79	86	57	95	80	76	61	79	65	99	75	85	72	51	54	93	94	60	72	75	54	50	94	56	98	69	60	98	96	92	50	85	96	60	67	60	53	
69	84	91	65	68	96	79	85	81	67	73	92	55	56	74	66	92	97	93	63	78	78	98	53	61	54	84	75	63	62	74	79	86	60	51	53	74	71	69	81	82	91	51	71	97	68	58	51	66	63	99	50	85	61	94	57	50	57	58	96	
78	61	94	78	51	53	56	74	93	50	64	53	96	68	98	99	82	82	94	71	99	69	64	97	63	90	62	56	59	61	56	60	62	82	79	80	98	82	68	92	55	60	73	99	96	91	88	98	74	98	51	62	57	70	94	86	55	87	55	73	
98	67	75	99	63	70	73	61	91	88	53	54	94	85	84	63	90	55	73	92	71	96	72	94	75	50	67	50	96	95	62	67	66	82	77	91	59	57	87	86	90	98	90	64	60	58	89	99	54	84	81	90	61	57	74	83	64	92	60	60	
68	74	52	58	61	86	57	94	57	85	51	98	50	61	51	56	71	68	95	95	59	77	67	63	60	54	84	53	62	73	92	63	75	80	88	69	85	89	98	59	71	54	70	73	67	74	63	96	93	62	74	78	85	85	78	51	62	54	54	55	
80	93	76	75	57	71	80	52	90	84	71	87	93	97	56	96	73	75	93	56	73	78	99	78	53	68	63	97	81	53	70	82	58	93	69	51	53	63	85	96	57	76	80	70	96	80	83	63	85	90	58	66	58	50	51	76	61	57	55	57	
80	68	90	94	69	91	61	95	90	82	77	63	95	70	56	50	94	75	56	88	95	73	99	98	96	94	95	92	53	88	60	86	71	59	57	71	73	83	82	87	74	95	97	65	78	99	98	54	98	60	53	88	69	68	84	58	63	57	53	98	
69	86	68	77	83	52	68	73	51	51	65	77	85	94	87	78	92	84	74	69	62	72	90	55	99	78	57	90	71	99	69	50	80	72	98	94	75	72	67	67	82	50	50	85	76	56	57	84	67	63	90	67	51	72	84	65	60	97	93	73	
62	54	94	95	68	85	85	53	88	62	84	97	70	52	57	90	68	85	90	84	56	52	93	70	54	98	72	70	92	50	76	52	52	79	79	99	76	56	99	89	94	79	72	57	69	55	68	71	76	93	88	83	83	53	51	88	51	99	57	74	
59	67	80	81	55	96	51	95	62	67	98	50	68	66	55	77	66	92	91	63	66	85	54	90	68	79	52	79	61	98	75	73	75	75	67	54	93	79	60	64	87	82	97	69	51	85	78	66	98	51	88	77	82	51	98	97	75	95	60	62	
82	80	70	72	91	56	54	71	55	70	67	91	72	69	57	97	63	99	85	93	51	79	90	85	66	76	93	75	57	86	88	61	50	90	72	90	61	75	71	86	55	59	84	77	98	73	67	85	55	74	73	75	53	81	89	95	59	65	61	65	
52	51	69	63	69	97	71	82	61	88	53	53	96	67	52	88	60	88	51	55	90	99	54	90	70	96	90	79	62	93	66	77	82	65	81	96	52	68	72	61	94	80	91	96	77	61	87	93	66	91	96	92	84	89	84	94	87	59	90	94	
67	75	56	53	65	88	57	52	73	87	80	61	73	82	99	75	63	73	87	73	61	59	57	64	55	84	85	92	75	92	91	87	57	91	57	65	78	61	93	61	97	78	67	71	60	92	90	95	89	50	91	80	74	56	52	71	90	92	82	67	
79	67	81	55	86	93	72	62	85	66	53	69	60	69	64	58	75	89	55	52	94	54	71	95	50	54	95	52	98	79	51	61	68	67	66	97	80	80	61	86	56	99	93	59	54	99	83	60	97	99	86	57	85	90	50	71	51	88	70	54	
84	66	82	90	84	78	66	92	80	79	79	59	85	67	54	80	84	53	52	96	96	88	82	81	97	93	50	70	73	76	73	71	80	97	57	52	79	77	65	70	92	59	63	92	79	66	91	52	93	56	79	98	97	93	63	72	77	86	92	59	
55	86	59	93	88	61	53	88	78	95	85	58	78	87	56	64	63	70	99	69	69	84	69	94	97	79	65	90	88	61	64	98	64	62	72	52	64	91	51	77	93	57	84	83	89	79	54	74	84	86	85	76	75	81	68	78	71	97	55	70	
60	84	81	92	65	88	61	73	78	77	93	68	57	87	95	67	65	69	77	50	85	72	80	93	73	73	70	78	69	67	57	54	53	86	54	95	59	68	93	60	78	67	76	78	73	78	89	56	85	94	92	97	83	91	55	83	86	57	69	98	
71	74	76	94	58	69	51	89	90	73	92	67	85	98	94	78	72	66	79	51	71	60	56	87	95	85	87	81	56	60	74	64	81	65	95	60	96	89	72	71	52	94	95	62	56	94	84	68	63	93	64	89	52	81	55	99	65	89	95	87	
M1
74	55	76	98	96	82	62	57	76	96	97	86	61	52	56	95	59	98	78	87	93	84	51	64	88	51	85	75	83	96	62	75	95	54	50	54	56	68	74	81	86	75	78	53	64	66	87	53	80	63	69	83	57	51	98	59	60	87	95	59	
82	69	96	97	74	98	83	60	79	71	57	79	83	62	66	50	52	53	99	51	70	67	66	98	63	91	54	82	52	63	60	83	79	74	62	96	91	94	87	68	89	97	66	61	64	71	53	61	54	96	87	50	78	92	81	61	51	92	86	75	
76	54	63	53	60	60	79	88	59	69	56	78	72	91	83	68	96	79	88	71	90	99	52	86	73	72	74	93	79	94	52	97	60	81	92	51	81	52	61	73	99	66	57	97	83	76	86	74	69	85	79	79	82	74	54	62	99	69	52	86	
56	71	51	95	83	99	59	63	56	76	66	55	85	53	83	92	59	86	53	96	81	88	85	92	57	70	74	91	68	55	81	98	94	59	89	98	65	68	95	89	84	60	51	55	78	93	65	50	72	74	91	61	99	94	65	85	95	82	84	58	
66	68	75	70	69	87	99	76	99	56	75	59	68	66	74	90	63	57	81	73	97	51	56	56	69	93	68	65	51	97	55	81	54	68	64	81	95	72	53	58	52	60	51	98	73	90	72	58	86	55	86	65	57	50	95	77	75	56	52	77	
60	80	51	66	80	72	68	89	64	69	56	98	73	90	51	79	53	78	91	69	63	59	60	55	87	82	59	52	97	74	94	78	86	63	98	87	68	64	75	80	76	55	72	86	94	58	80	89	78	92	55	67	99	93	78	70	91	62	75	87	
75	67	57	80	71	98	68	66	53	78	53	60	55	54	87	72	92	53	63	91	94	99	67	53	66	74	67	56	77	71	86	92	91	86	91	99	82	65	96	94	60	76	77	55	65	56	50	72	72	79	69	63	57	92	91	90	80	88	88	50	
90	77	92	82	67	64	89	84	80	92	74	75	86	76	58	95	69	82	67	96	68	77	82	86	79	81	96	78	91	77	54	74	57	67	77	65	62	78	93	77	66	70	55	51	54	79	55	69	98	57	84	57	98	75	98	50	87	88	88	97	
76	85	88	66	73	68	92	78	61	50	59	73	87	77	79	65	57	88	53	90	85	73	89	94	98	76	99	71	71	81	80	75	87	71	68	57	79	70	56	88	84	67	69	82	71	50	85	72	92	87	76	58	56	86	72	86	50	72	79	55	
70	70	52	50	64	83	63	72	82	92	91	63	93	97	95	51	59	83	55	95	70	53	62	61	63	98	67	58	92	54	71	95	96	60	50	71	66	71	62	71	73	56	52	55	89	97	91	72	61	72	92	75	88	80	81	85	62	68	82	87	
51	69	88	57	79	98	86	82	82	53	78	59	68	90	57	60	81	87	59	74	83	59	83	66	93	55	95	79	50	73	74	89	61	93	77	79	66	60	75	89	90	54	52	69	89	52	74	57	93	52	96	65	58	81	68	56	80	63	63	70	
57	88	58	52	72	64	81	58	91	68	72	53	85	52	78	63	79	65	62	52	82	96	84	99	71	55	93	68	63	59	69	54	68	57	58	52	82	55	87	54	80	99	92	56	58	50	74	79	59	91	75	54	78	80	72	91	88	81	95	91	
83	60	89	87	92	82	61	59	83	58	72	68	68	86	96	97	70	77	99	96	78	69	53	60	84	56	89	60	82	78	54	64	50	93	90	78	83	76	68	88	67	90	81	66	58	73	57	64	64	76	51	59	59	52	59	84	65	61	61	92	
56	68	70	53	59	91	66	93	69	71	73	84	53	56	97	52	89	60	78	53	50	73	78	77	67	76	76	79	64	72	54	94	71	95	96	55	51	83	90	66	97	61	71	57	75	97	57	79	99	65	59	52	76	58	70	71	82	61	64	56	
98	56	95	63	62	93	52	67	85	93	57	96	83	68	67	98	93	71	77	53	79	73	64	50	52	84	94	91	97	59	57	94	70	85	65	77	53	81	62	52	88	86	66	65	54	90	72	97	72	99	52	95	78	54	60	51	82	87	81	70	
84	50	91	80	95	84	72	64	84	59	84	56	68	71	93	92	71	72	81	70	90	73	83	50	57	85	89	56	74	65	75	80	74	71	58	62	53	52	71	94	98	96	67	51	64	90	75	73	96	55	66	56	65	89	94	60	57	58	66	81	
58	60	86	70	98	79	51	53	76	57	76	64	56	93	77	55	55	72	70	99	69	99	86	77	80	94	60	61	52	82	77	66	56	71	99	83	99	59	92	62	56	85	77	55	64	61	59	96	56	97	93	79	89	88	74	95	51	55	73	73	
62	99	90	99	97	65	76	53	75	75	98	60	55	72	59	66	62	57	60	87	95	96	80	63	85	65	74	83	73	83	92	87	99	59	97	70	51	72	72	71	98	71	75	62	85	70	50	92	63	78	57	56	94	51	68	56	96	92	55	87	
96	83	72	93	99	69	60	99	52	92	97	78	77	93	57	66	58	72	96	64	77	64	93	84	51	53	93	84	82	95	90	67	53	86	99	71	67	69	52	50	71	99	88	64	56	81	69	75	50	54	51	99	74	72	67	70	80	84	79	60	
71	62	80	53	68	79	83	73	89	51	88	59	78	61	71	56	87	63	73	73	55	73	72	77	54	97	84	73	92	58	65	84	80	87	74	78	77	51	98	95	95	81	82	56	58	94	51	78	65	76	80	54	97	82	99	86	97	70	92	87	
71	57	97	95	55	76	64	62	99	85	83	75	99	96	66	87	86	52	58	66	85	58	85	85	75	64	98	82	75	60	76	68	94	95	95	93	74	60	77	89	75	69	87	62	61	98	53	76	65	74	73	52	65	68	95	55	74	67	92	68	
79	66	52	95	77	83	82	98	83	79	75	83	91	60	94	93	81	92	83	99	50	72	84	91	93	74	79	59	95	64	86	64	53	71	91	85	79	72	74	67	96	69	76	87	74	51	77	91	85	74	61	96	97	76	97	62	55	53	82	77	
89	97	69	66	68	93	99	96	97	53	67	86	50	53	93	66	89	62	86	69	99	58	73	56	74	65	60	89	61	72	63	88	66	98	89	77	62	61	69	80	75	53	77	95	79	90	98	65	90	80	80	72	56	94	69	62	50	88	75	82	
77	75	60	59	77	96	52	80	78	80	95	87	52	71	93	83	50	59	96	72	79	75	65	97	93	93	57	87	63	90	61	69	86	82	82	69	56	80	88	58	77	89	91	51	88	59	89	60	86	65	66	62	78	98	79	73	63	56	85	78	
62	79	75	99	90	58	69	83	55	79	69	57	79	73	99	87	75	75	81	82	52	64	71	64	88	61	74	92	95	89	89	88	82	64	63	51	76	87	97	50	75	70	70	55	73	91	67	69	92	51	53	50	93	75	90	69	62	73	59	72	
75	95	76	60	61	80	58	69	52	66	89	50	80	83	58	82	92	52	88	97	62	73	96	89	70	53	87	67	84	96	99	66	93	79	75	68	68	58	64	80	75	62	53	90	67	81	93	84	52	96	77	97	72	67	80	93	92	71	75	84	
54	58	70	62	72	84	54	74	98	81	67	64	92	99	71	59	65	78	77	75	96	58	71	81	98	90	62	64	96	67	93	69	78	94	65	57	60	96	96	50	66	76	93	92	76	72	87	90	58	53	65	97	97	62	95	61	71	79	72	90	
52	70	88	92	94	65	64	58	81	50	84	51	90	68	53	81	70	73	98	97	76	51	59	58	99	77	92	95	63	84	75	60	82	88	87	64	96	69	67	86	54	74	96	62	77	72	83	94	70	59	94	98	56	55	53	67	81	58	81	92	
74	61	65	76	86	76	70	92	73	97	67	60	72	94	69	64	60	90	79	92	50	83	77	70	60	77	75	59	88	69	64	79	53	88	69	53	56	95	81	66	73	55	55	53	66	95	88	76	84	58	84	72	70	83	86	78	75	50	76	76	
75	70	89	90	65	87	97	99	68	55	56	64	67	86	90	65	88	71	79	61	79	59	94	53	92	52	71	94	67	76	93	53	54	79	54	60	99	97	66	90	71	70	85	63	71	85	50	86	78	63	51	68	78	88	52	90	98	98	91	70	
55	52	63	90	57	89	99	79	78	64	71	66	76	65	81	71	53	83	80	82	93	95	87	96	94	70	87	68	54	81	65	92	52	92	64	69	90	73	69	98	51	62	86	95	92	73	77	62	93	97	82	98	75	92	76	76	50	76	74	61	
76	58	91	59	70	56	50	79	91	87	73	61	94	83	71	72	69	85	50	97	91	97	76	74	95	52	99	64	72	55	53	64	54	81	99	91	99	95	50	58	90	51	69	87	75	80	71	67	64	80	60	84	78	62	94	78	86	90	64	59	
64	89	76	75	98	70	52	54	56	64	50	97	85	80	53	85	61	75	93	92	78	95	81	68	82	60	55	93	68	55	82	86	70	72	66	99	66	86	73	77	71	82	90	64	77	78	94	63	70	56	98	82	90	53	52	58	97	98	82	55	
67	97	51	65	62	89	90	66	55	58	65	61	53	99	61	67	58	73	83	90	90	77	85	61	81	51	92	82	87	73	72	69	86	91	66	81	63	95	58	63	81	77	87	51	57	94	80	75	72	55	69	65	85	72	61	59	84	50	96	54	
84	88	73	74	87	97	73	88	97	56	71	67	67	71	70	77	88	98	74	70	56	68	65	97	95	67	92	96	53	76	79	51	77	97	88	97	83	89	88	77	94	98	85	77	95	84	65	67	92	61	99	96	82	77	96	93	81	69	88	61	
87	79	70	74	84	59	78	88	80	55	54	63	72	69	95	67	70	89	76	61	95	52	72	95	88	87	61	81	76	92	55	78	76	77	50	62	97	95	56	95	89	59	63	75	67	70	99	91	95	77	50	62	93	96	81	86	95	71	94	80	
54	69	60	73	83	68	72	76	98	67	68	91	58	84	73	59	88	55	61	51	61	95	80	67	70	53	69	93	64	67	74	67	87	97	87	79	94	87	86	62	65	69	80	90	73	87	76	93	80	93	92	53	94	79	65	64	52	70	79	83	
82	62	99	56	73	81	63	90	99	85	53	81	93	78	66	88	77	71	66	74	80	99	88	52	94	50	82	94	57	90	55	86	64	65	89	92	87	83	84	91	97	73	83	78	64	97	72	65	84	57	63	51	56	99	90	58	81	60	79	72	
53	98	83	56	79	65	65	67	99	74	68	71	98	64	54	82	62	98	99	93	84	86	77	57	63	94	76	77	54	68	91	61	64	80	72	76	55	63	61	90	82	85	55	98	67	95	56	62	62	79	89	95	95	98	62	89	64	50	60	93	
72	92	59	68	69	99	79	85	74	71	79	69	64	88	61	95	66	69	81	83	72	81	71	79	63	53	64	82	75	80	69	81	68	55	69	66	98	68	88	87	94	81	90	87	74	85	86	64	66	88	58	77	76	57	63	81	91	81	51	64	
89	99	70	58	81	53	51	79	68	95	59	95	54	88	66	91	79	87	64	86	62	88	92	53	63	67	57	50	94	93	97	61	72	85	62	91	80	91	61	89	60	90	65	63	71	96	62	95	64	92	88	85	66	69	55	57	69	76	99	59	
92	89	71	95	56	57	50	92	74	86	71	81	60	50	72	67	99	62	75	96	98	54	76	83	75	61	87	73	62	53	69	98	85	89	56	65	55	76	53	57	61	80	94	61	76	61	53	74	67	90	87	83	96	55	65	80	98	88	58	82	
82	78	53	51	56	67	79	82	50	94	60	51	84	67	92	52	90	92	90	64	82	89	55	62	68	73	51	69	61	68	61	97	91	99	83	98	78	80	70	99	52	73	54	71	80	61	69	54	84	84	88	78	67	67	59	92	60	81	77	80	
84	99	93	79	74	86	60	90	76	97	54	96	80	50	98	52	58	59	79	67	93	58	57	73	54	73	62	77	71	85	95	87	89	52	93	98	97	84	59	73	58	84	51	88	85	83	97	52	66	88	72	64	67	70	61	69	99	63	58	50	
71	55	86	68	52	83	65	90	87	87	58	78	79	69	79	56	58	88	81	66	61	70	83	56	73	59	79	50	55	94	73	59	87	67	54	96	87	63	72	56	90	94	84	66	51	73	50	74	79	77	97	86	73	72	50	93	72	72	59	60	
92	86	56	67	80	61	56	92	59	83	94	95	56	72	64	97	75	75	78	68	50	57	76	64	53	78	57	67	89	89	79	80	55	70	60	61	89	77	77	77	76	58	72	56	73	75	76	91	86	61	66	85	82	92	83	56	55	72	95	98	
97	59	52	83	52	78	76	59	87	99	88	53	52	57	50	60	83	95	78	95	59	99	88	51	92	72	81	69	72	87	81	77	76	57	95	91	90	98	87	50	95	86	91	95	65	50	89	50	88	86	87	97	60	64	58	87	65	96	98	93	
95	99	64	58	66	54	88	93	54	69	63	82	70	79	68	90	77	95	84	99	51	76	87	60	81	88	56	68	94	82	88	71	85	56	53	69	97	60	76	77	87	80	66	57	51	52	54	98	84	57	59	54	88	83	60	82	71	96	67	95	
59	54	85	82	84	62	68	66	99	50	55	56	97	84	81	82	50	70	60	89	60	65	71	64	91	71	55	60	64	66	99	54	54	73	54	87	60	65	83	58	88	53	90	86	83	68	69	81	69	65	91	96	99	73	61	61	58	72	92	72	
91	63	87	80	74	53	99	69	78	59	57	69	93	79	67	50	53	62	88	69	80	69	93	98	53	58	56	57	61	94	88	72	60	88	73	86	80	57	86	78	98	93	91	77	82	57	82	89	98	62	67	54	84	71	99	72	74	59	83	87	
76	91	84	81	56	52	66	84	75	61	86	63	62	98	81	86	96	83	93	73	98	76	56	93	79	84	94	95	83	77	77	96	78	69	56	50	92	74	65	52	69	84	81	85	70	67	64	72	53	73	94	76	88	64	92	85	66	83	52	53	
51	58	70	92	63	59	71	65	83	54	85	87	67	94	76	78	98	82	83	76	78	70	64	63	96	86	75	77	50	73	51	56	74	52	75	95	91	65	98	94	94	52	95	61	93	68	73	86	85	76	91	53	96	66	67	78	82	65	58	76	
81	81	77	82	80	88	61	54	78	51	56	71	97	72	96	98	96	69	66	99	73	83	91	89	68	96	95	97	87	94	64	76	87	77	52	83	76	85	93	90	91	83	66	60	77	94	58	72	98	89	84	52	83	65	65	82	82	77	94	95	
55	64	81	59	87	55	91	92	84	61	95	96	97	98	57	86	79	68	87	84	86	97	59	51	89	96	85	94	93	78	50	74	80	95	63	91	63	57	79	84	57	99	97	86	97	51	97	74	66	58	59	69	66	65	71	51	67	76	62	51	
59	82	91	56	75	52	57	83	59	51	65	50	79	95	93	95	77	52	82	92	52	76	90	75	93	50	57	63	57	66	52	55	59	64	75	99	71	94	72	87	79	97	78	97	51	59	91	93	68	66	65	93	75	52	92	74	68	81	83	55	
75	91	83	50	84	81	56	91	55	74	81	50	70	68	55	53	72	91	51	76	88	51	76	73	93	87	69	59	62	68	92	66	74	83	87	97	71	76	61	76	59	95	50	85	94	56	66	88	53	91	78	57	91	75	96	97	92	84	55	97	
89	69	94	63	98	81	78	61	51	86	76	51	76	82	95	94	68	52	79	83	80	56	73	77	53	96	69	51	79	79	96	51	89	98	76	83	75	96	96	50	54	65	50	51	75	59	67	94	54	56	68	65	96	93	92	61	95	69	72	78	
67	76	53	94	81	89	83	99	69	68	94	98	64	67	55	77	76	91	72	67	99	92	87	92	70	61	53	70	73	64	77	89	80	77	99	72	75	99	95	67	95	73	77	82	66	71	87	55	78	69	72	58	60	78	97	65	85	78	84	90	
71	51	78	60	85	87	99	62	61	93	63	82	50	95	85	75	96	80	66	89	86	65	54	56	55	55	74	76	54	88	87	56	83	95	99	62	70	89	89	90	82	77	73	56	81	89	64	60	96	87	54	65	54	75	80	94	85	70	62	78	
60	85	62	91	85	65	50	64	53	71	55	68	57	68	63	88	84	65	53	99	84	78	59	66	88	83	97	55	88	94	73	83	85	50	88	92	64	51	71	93	61	59	60	68	99	80	81	57	57	57	51	81	85	67	98	77	74	79	95	75	
M2
80	57	62	94	61	71	86	64	89	64	80	84	56	82	87	63	77	82	55	61	88	79	51	71	95	91	51	90	50	69	66	67	73	57	60	73	62	60	96	99	93	82	85	75	72	77	73	94	54	52	99	71	59	70	77	91	88	65	57	79	
93	70	58	66	53	80	90	68	80	78	56	97	67	56	79	88	65	90	94	70	81	69	60	78	84	57	59	74	66	97	88	96	60	71	94	89	60	63	53	98	67	78	73	97	99	53	78	61	54	55	87	68	77	86	60	94	84	57	65	88	
90	92	87	87	84	92	91	71	89	80	69	56	91	96	98	95	97	52	67	51	76	77	75	64	81	59	52	69	69	71	88	53	53	59	99	90	79	93	74	93	71	66	78	56	55	63	57	96	90	79	60	78	51	99	54	95	70	87	79	99	
79	63	67	54	60	57	52	72	76	82	81	95	62	54	57	86	83	54	71	80	63	95	95	79	82	96	72	50	50	99	92	57	81	55	89	53	69	87	88	67	71	70	83	69	61	83	87	92	62	75	50	83	90	61	61	52	52	98	63	66	
88	56	91	59	90	76	88	61	87	52	63	64	73	50	66	71	92	97	58	93	68	84	50	92	96	57	73	91	81	76	76	64	58	82	98	80	94	75	97	56	66	64	65	73	95	80	58	91	66	56	91	92	82	73	77	77	91	76	82	53	
96	57	94	59	57	88	80	94	50	82	87	92	69	75	61	98	90	84	98	65	99	56	74	61	66	65	98	54	51	78	88	92	74	90	67	63	78	96	92	85	71	91	81	59	61	86	85	82	86	54	60	77	89	69	78	91	94	93	51	50	
71	75	84	80	79	62	84	54	51	76	81	98	93	83	77	59	59	83	87	51	65	87	79	59	82	78	70	99	63	85	59	84	52	87	76	62	90	67	92	93	79	82	72	69	79	85	74	57	69	76	90	90	58	61	58	57	67	58	82	96	
69	77	71	66	71	68	67	83	94	84	89	66	56	88	57	88	98	61	86	91	83	83	87	85	76	53	82	54	61	75	71	84	65	63	69	65	97	62	69	62	51	91	67	81	93	66	80	54	55	75	95	57	56	79	78	67	92	65	69	74	
78	57	58	99	95	63	68	52	51	52	74	81	51	53	86	92	97	69	58	53	54	82	82	57	63	70	92	62	77	58	82	72	85	94	76	51	96	67	92	85	55	66	75	53	52	90	56	93	52	96	78	76	71	67	89	61	81	76	65	85	
96	85	55	97	64	92	79	63	67	85	79	72	77	80	95	76	98	86	89	71	89	68	54	97	66	96	88	60	66	99	79	52	56	50	92	80	81	91	60	85	78	84	84	62	96	79	75	56	89	72	53	83	90	66	56	73	73	98	78	63	
85	63	89	91	69	52	72	89	61	59	77	91	83	77	70	97	50	76	65	76	58	55	74	81	66	67	91	82	64	72	83	59	99	54	93	71	76	90	56	67	95	65	65	87	53	84	51	84	91	51	69	89	75	80	87	51	90	72	93	64	
90	75	86	87	60	80	82	52	87	64	53	98	60	79	93	58	96	69	74	87	70	67	96	84	89	67	75	50	54	91	90	65	77	85	89	60	94	99	80	51	94	76	64	68	91	70	99	89	65	77	93	88	83	63	77	56	51	78	74	56	
75	62	86	52	58	67	79	64	75	77	75	58	63	63	51	86	95	76	82	57	73	79	99	89	53	99	78	95	94	89	70	75	89	66	65	55	93	77	82	60	73	80	54	78	62	70	70	50	96	78	71	79	72	70	60	64	80	82	68	97	
64	73	74	91	90	97	64	95	98	95	55	51	66	63	57	93	64	74	93	99	91	53	67	76	74	99	94	99	90	54	90	91	66	57	80	85	86	92	66	78	64	68	55	77	90	81	97	65	88	67	57	82	51	83	97	62	66	58	91	53	
66	84	84	67	96	86	50	95	66	80	59	75	91	70	76	67	71	67	64	69	86	84	81	98	94	77	81	96	93	61	81	75	67	93	76	85	53	75	96	91	53	55	74	66	87	86	83	60	89	86	52	83	86	65	89	60	92	99	59	83	
80	91	58	77	53	98	61	57	52	60	87	99	76	51	83	61	79	62	89	90	59	64	92	65	86	75	57	60	72	61	73	61	99	52	94	76	75	86	83	77	75	78	52	69	68	83	62	63	95	99	71	53	52	70	97	87	51	68	78	78	
69	85	56	71	52	57	87	50	55	65	97	71	59	86	59	52	68	79	99	80	73	75	58	87	74	51	99	96	82	71	80	83	50	72	78	93	54	54	61	58	96	93	62	51	91	89	55	88	56	98	68	71	88	79	64	69	85	69	65	99	
54	60	92	53	89	90	93	75	61	86	56	66	73	50	72	54	71	58	82	55	63	59	68	54	75	65	76	95	78	80	72	96	89	69	51	94	92	71	94	57	63	69	63	88	59	92	91	68	69	77	81	89	78	91	55	59	64	89	77	78	
70	78	70	67	84	69	56	65	91	61	97	74	92	83	67	72	51	72	60	70	54	71	84	50	64	58	77	82	65	69	97	76	58	97	50	71	81	96	81	84	72	86	87	63	87	76	99	71	59	89	70	98	97	88	93	89	69	96	71	78	
79	97	92	87	76	68	78	94	51	99	79	60	83	74	67	56	78	59	74	63	80	61	79	82	52	55	81	99	56	85	85	68	57	59	71	99	72	54	55	64	65	88	89	80	59	77	56	95	53	84	77	96	54	57	94	84	87	69	89	67	
73	97	95	53	65	71	62	97	60	55	68	51	80	53	83	59	72	67	78	97	87	78	76	84	95	81	82	68	51	62	99	69	52	92	86	88	74	64	73	95	77	97	62	75	84	78	66	50	66	73	68	97	99	54	62	58	57	81	97	78	
95	52	84	54	79	65	92	77	72	82	70	68	60	62	75	88	65	68	99	77	56	93	57	84	93	50	97	67	95	98	76	50	60	59	79	65	94	86	73	80	86	67	79	76	85	55	76	69	51	53	89	77	71	67	56	76	90	63	54	88	
50	80	62	74	60	90	99	82	71	70	84	58	64	82	58	60	54	84	58	81	70	93	68	96	50	99	55	70	59	99	92	93	83	54	51	73	98	82	56	60	60	64	73	89	62	94	63	88	64	63	54	80	93	65	58	85	90	61	66	97	
90	99	76	71	80	53	96	99	54	67	54	90	87	61	53	66	57	50	52	95	92	88	82	75	69	62	94	51	86	58	57	96	86	90	95	64	90	75	97	78	71	61	92	78	85	57	58	98	69	93	50	89	55	67	80	52	55	52	98	61	
96	56	50	59	79	92	79	82	67	87	82	73	62	60	83	51	83	56	81	56	51	81	95	84	55	56	66	51	88	64	90	99	55	68	91	68	95	54	58	67	57	87	64	68	54	86	85	56	70	72	83	59	73	77	90	70	61	51	78	65	
76	65	88	88	58	92	55	55	95	68	68	99	61	69	51	95	70	59	76	54	63	97	59	96	78	79	71	62	60	74	88	83	77	53	54	98	81	56	74	89	67	77	63	79	73	51	80	55	97	80	97	90	80	99	86	79	68	93	84	97	
60	58	75	88	54	94	59	66	68	89	59	65	61	90	85	79	98	97	96	56	62	74	67	53	52	58	97	61	97	69	62	74	77	55	61	88	84	56	68	54	85	98	93	51	69	61	78	55	99	51	67	60	82	68	84	63	72	91	89	67	
62	84	89	85	50	54	60	57	52	88	54	85	53	90	91	80	73	95	74	76	55	74	55	96	68	76	64	87	87	74	73	92	55	56	81	72	76	51	85	90	95	54	54	98	57	59	98	84	95	62	65	65	76	84	53	79	91	83	93	74	
98	53	87	72	98	78	82	84	85	67	77	73	54	92	67	56	58	70	53	59	66	89	74	55	66	86	64	73	89	64	50	96	74	64	73	68	74	50	92	62	65	69	86	99	93	64	89	66	65	96	89	53	87	85	95	85	66	87	54	50	
59	84	58	54	67	58	76	55	70	63	61	74	88	98	91	77	79	68	99	54	93	53	91	81	77	92	67	70	81	85	87	52	74	79	58	67	89	93	52	81	69	77	52	96	71	65	84	74	90	99	87	60	67	53	57	80	88	55	76	53	
50	98	61	73	87	88	88	58	54	68	70	61	55	65	53	76	96	92	58	70	50	70	64	62	67	86	62	83	71	91	90	94	79	82	96	61	79	68	88	65	54	84	55	91	52	88	54	83	71	66	73	53	57	63	65	54	59	62	65	63	
75	71	69	73	94	74	80	67	57	90	87	72	65	73	64	88	50	60	59	72	53	65	74	64	84	82	68	84	94	82	85	59	84	51	95	71	92	72	85	52	84	90	54	89	78	59	54	70	59	52	76	98	64	96	94	89	74	50	60	93	
52	70	69	60	56	96	94	97	84	86	95	91	62	71	66	78	81	63	54	69	78	97	73	72	51	74	65	92	73	56	66	78	51	71	72	55	96	82	68	60	98	74	66	61	59	86	90	87	61	94	58	91	62	66	98	92	82	58	95	60	
75	76	84	73	76	81	88	71	98	68	72	73	89	67	59	61	95	68	83	88	59	95	53	95	79	75	65	84	68	63	60	84	93	56	95	90	80	72	97	60	92	98	83	94	97	99	92	89	65	90	83	54	50	90	64	56	68	86	81	68	
93	72	87	59	57	93	99	77	76	63	51	54	87	90	57	98	79	50	74	92	77	70	65	70	52	91	51	89	53	56	80	66	79	98	53	79	73	51	65	97	73	77	58	90	90	55	53	61	93	60	52	55	72	92	60	77	89	66	56	56	
52	66	60	73	94	92	76	90	55	60	61	58	98	76	59	95	92	99	60	92	73	78	76	60	75	69	62	97	71	90	99	56	52	71	59	91	59	99	63	66	97	64	60	66	52	95	75	93	98	70	93	98	74	87	70	57	58	72	55	55	
81	82	98	52	78	62	57	94	74	94	76	81	72	87	73	62	97	89	70	50	72	61	83	76	70	74	50	63	70	97	55	81	64	62	86	92	89	99	83	96	85	74	50	53	80	89	54	63	59	59	94	59	71	75	95	97	95	50	52	81	
53	78	83	60	62	61	77	63	81	59	93	78	77	94	79	94	54	71	94	80	99	76	86	82	66	73	69	84	69	70	60	54	98	70	76	61	62	68	94	89	83	85	64	94	63	50	65	78	85	63	89	91	99	61	66	82	52	65	83	86	
95	51	94	89	51	60	69	59	87	55	65	55	55	50	54	97	79	62	88	88	69	71	86	69	64	59	86	84	87	61	67	88	84	66	62	51	58	87	62	58	73	55	70	56	56	73	64	88	92	99	61	73	92	71	80	93	69	51	68	97	
84	71	92	56	60	76	72	81	59	90	69	98	51	87	58	53	70	64	93	77	68	59	53	53	61	53	58	73	76	52	81	66	66	54	72	93	86	72	68	74	82	86	67	85	70	68	89	74	66	79	73	51	65	85	52	64	63	66	93	78	
64	59	96	56	60	51	53	73	89	84	93	52	62	60	80	72	61	62	66	54	83	81	50	92	99	89	91	51	81	61	61	58	91	50	56	70	89	64	72	57	55	59	65	71	97	95	99	89	78	77	80	76	97	87	81	59	53	96	90	86	
54	74	96	96	78	71	90	96	55	54	97	70	84	98	89	74	73	92	65	91	84	75	81	75	93	74	73	51	67	97	85	57	63	87	73	82	61	51	97	88	94	62	89	96	95	78	92	64	61	90	88	72	96	50	78	89	91	71	86	53	
55	72	75	55	91	74	58	93	90	67	52	96	79	53	73	94	59	53	89	70	62	90	99	93	72	75	98	54	96	95	74	83	60	99	88	72	78	80	60	92	72	81	50	81	65	92	80	68	80	58	78	62	92	71	69	59	87	97	60	72	
70	98	96	73	55	95	68	95	56	84	91	83	97	54	74	74	57	99	95	63	86	59	51	65	79	56	69	58	87	76	85	73	64	61	85	91	88	50	69	68	72	80	84	54	99	51	76	80	92	93	89	94	77	94	53	77	86	66	70	77	
96	71	59	53	95	98	87	78	82	78	53	64	83	83	79	70	69	59	96	82	91	78	99	59	81	51	61	53	69	65	70	85	76	62	52	59	59	93	85	52	88	85	95	72	56	64	74	91	89	69	78	60	82	62	55	98	83	88	84	63	
98	63	58	99	83	61	81	98	56	92	65	51	60	71	70	81	88	72	76	58	81	99	75	88	62	53	57	66	97	96	57	63	90	84	68	98	74	55	96	72	60	87	79	69	68	97	70	53	67	91	82	89	61	78	54	52	86	61	93	69	
76	76	62	72	58	56	77	63	97	52	97	66	77	58	94	71	91	70	76	63	91	89	54	86	51	63	98	78	74	84	70	71	53	76	64	61	64	91	68	74	85	77	92	92	54	80	87	82	84	67	87	52	94	83	64	78	88	94	66	87	
93	88	88	91	71	99	62	69	51	80	83	90	55	91	94	76	75	88	72	51	66	90	88	85	76	86	63	68	63	64	77	59	66	95	51	80	77	69	88	98	84	62	67	86	78	79	93	83	70	51	71	62	68	74	60	82	93	65	97	80	
84	66	94	51	54	76	76	68	86	73	74	88	99	78	85	93	69	58	67	83	50	75	66	61	99	97	57	90	79	84	99	96	59	79	65	84	68	94	59	57	59	92	76	67	62	67	59	99	79	51	52	85	74	65	94	72	64	74	78	76	
51	85	65	66	61	75	92	64	88	91	78	83	56	57	74	77	66	84	89	55	54	58	59	62	96	76	58	86	84	85	80	58	82	55	65	71	80	93	56	99	61	51	73	87	61	61	76	63	89	80	76	51	61	62	77	67	73	84	84	84	
76	90	75	82	50	86	75	55	91	93	54	84	79	63	78	52	86	84	83	54	57	84	86	74	81	89	99	68	96	99	68	59	50	72	74	65	78	87	87	90	53	66	77	72	92	62	86	82	55	84	65	72	67	82	57	59	69	88	84	77	
66	97	98	74	80	75	82	76	77	85	94	91	74	68	78	76	77	62	64	96	82	63	89	78	92	80	58	56	69	68	81	76	56	62	62	87	85	61	76	76	61	88	64	62	89	93	96	66	95	73	51	61	95	66	62	92	95	57	96	76	
67	56	89	78	70	58	79	91	81	53	59	58	66	56	59	71	68	71	89	60	79	83	84	54	87	61	73	79	74	87	54	74	98	89	54	87	74	75	95	93	92	55	98	98	58	72	78	83	84	62	95	85	99	53	79	81	85	74	54	96	
91	78	57	62	79	60	83	95	74	70	51	53	66	75	63	83	94	64	51	64	63	82	93	60	53	69	61	76	77	77	88	79	51	62	72	52	71	66	96	74	59	84	90	94	52	76	93	99	94	51	72	88	74	89	70	68	56	97	74	52	
61	75	80	96	62	64	59	50	53	98	52	64	93	67	63	74	68	53	94	85	77	66	82	65	64	63	67	90	75	65	91	73	97	71	77	68	96	61	71	50	76	99	84	64	54	56	98	74	63	96	65	53	77	64	65	64	99	98	88	89	
77	94	71	62	67	96	80	99	93	50	81	72	87	70	87	75	89	86	96	88	59	91	55	50	82	71	76	57	79	61	60	88	67	56	77	75	85	53	90	97	75	81	80	57	70	75	96	86	51	93	61	62	94	70	55	59	51	79	67	68	
70	85	60	52	54	55	80	77	89	86	87	93	58	62	65	91	61	59	85	69	77	70	70	65	97	77	69	96	90	69	58	64	96	50	89	86	98	81	76	92	59	91	60	80	69	61	91	55	63	91	85	50	56	70	65	84	61	55	82	98	
53	51	77	59	71	59	90	55	78	80	99	92	97	59	69	50	64	62	52	83	96	97	98	61	57	96	74	56	81	56	90	70	88	79	88	84	53	68	79	85	84	66	58	56	82	84	78	92	57	52	80	77	74	77	74	99	86	54	75	76	
87	77	52	56	77	89	98	94	88	98	73	66	76	66	50	79	69	80	62	57	52	60	91	94	64	87	91	52	63	71	84	83	61	78	97	81	80	89	65	92	87	73	67	51	85	69	79	97	77	76	67	83	51	61	80	70	98	50	78	63	
94	80	63	91	78	82	68	98	97	89	62	64	62	91	98	85	76	66	51	63	50	60	59	98	87	94	97	53	69	54	53	71	80	90	93	80	59	68	83	81	64	82	74	64	53	51	93	65	92	71	51	50	56	92	97	98	63	85	54	95	
M3
78	53	86	57	69	70	87	76	98	85	77	93	72	51	54	57	79	58	76	99	62	61	73	74	96	62	64	74	73	72	57	61	98	86	73	54	97	58	66	69	72	81	59	65	94	69	62	50	86	85	73	88	77	58	52	78	55	50	88	86	
76	90	99	96	70	56	85	70	98	56	77	85	69	93	74	57	94	56	75	68	88	76	58	63	98	66	63	91	94	81	55	99	65	79	53	96	67	73	83	86	70	89	92	90	84	53	80	53	83	77	99	88	70	93	96	87	76	61	60	61	
66	51	52	62	53	85	64	83	77	66	53	90	99	66	55	79	70	56	81	93	51	93	59	52	96	68	99	95	92	69	86	89	60	85	73	62	80	91	87	77	83	75	87	71	65	85	51	67	90	86	78	77	77	55	72	85	57	53	57	80	
77	90	70	97	94	80	81	88	85	83	98	51	97	97	86	98	94	90	59	59	97	50	60	60	70	62	63	83	77	67	87	78	93	55	68	62	96	71	85	77	95	88	51	57	78	77	81	90	85	85	95	73	53	92	98	75	94	74	65	89	
86	74	82	65	85	78	55	75	72	52	73	69	52	90	70	70	52	91	92	61	75	52	55	56	97	65	70	81	97	80	85	94	60	59	64	89	50	64	65	67	50	86	59	76	73	61	91	67	83	96	66	66	95	79	63	76	83	81	71	66	
59	54	76	77	84	64	50	86	56	69	60	99	91	77	69	64	54	82	58	57	65	90	86	83	82	50	62	77	66	66	52	90	92	63	54	96	57	81	68	99	80	58	96	87	78	64	59	52	89	90	63	53	69	89	94	92	85	97	83	67	
97	65	53	94	67	93	94	79	67	74	96	71	81	54	58	53	67	79	60	52	89	62	68	71	74	50	82	54	61	67	83	83	93	65	83	73	76	66	73	78	96	60	64	50	93	56	92	78	93	86	74	92	96	97	68	57	59	94	82	59	
88	95	84	84	75	94	50	78	69	59	90	84	97	60	78	82	61	85	70	64	97	57	98	56	99	63	80	97	55	89	83	52	75	55	62	54	67	50	60	55	79	68	89	59	86	83	58	82	73	73	52	53	72	79	61	71	92	93	96	76	
54	65	54	51	55	76	77	98	69	73	77	55	56	55	74	60	52	50	56	71	59	76	85	82	67	82	80	58	89	81	55	55	72	76	63	76	89	68	90	66	95	68	95	74	62	87	64	52	63	54	69	98	56	78	66	64	77	50	76	89	
97	82	78	79	82	51	96	51	73	82	81	59	59	78	84	61	56	82	88	55	50	57	93	80	84	71	60	61	78	80	62	81	85	81	74	78	65	70	68	95	73	95	73	61	93	58	85	67	56	60	53	64	53	58	97	98	90	61	53	86	
64	60	97	96	58	96	72	53	90	74	92	84	87	93	97	55	59	61	71	68	86	61	91	67	50	75	88	85	88	50	68	59	61	58	54	51	93	59	83	93	54	54	53	90	95	64	84	93	69	51	96	89	87	52	52	96	63	94	93	57	
88	98	63	92	74	99	89	97	88	69	72	92	91	85	52	62	69	53	81	52	98	82	62	54	78	78	98	69	85	54	81	89	94	51	72	95	86	51	61	88	89	66	58	78	79	71	54	65	55	72	61	91	81	97	60	79	91	62	57	57	
53	59	92	80	95	91	85	95	82	66	61	87	60	97	68	90	53	62	95	81	61	71	92	89	94	99	60	92	83	73	78	82	89	72	98	94	91	90	82	73	54	89	83	90	69	71	75	72	96	94	83	64	64	76	58	90	75	71	99	50	
60	79	68	53	97	71	73	68	58	83	98	53	60	59	68	77	61	91	83	89	87	91	92	84	61	58	65	60	66	84	85	55	82	72	74	88	74	77	52	56	71	75	63	60	81	73	53	80	76	87	68	54	56	63	77	93	64	71	54	75	
68	74	77	77	56	55	80	92	94	83	63	65	64	98	83	67	94	93	58	62	90	95	88	87	71	67	63	82	60	83	66	71	88	79	62	82	92	85	61	73	73	82	92	55	70	70	94	55	94	83	93	53	82	54	97	60	98	88	95	60	
52	75	62	87	80	90	96	57	72	58	60	84	54	95	75	52	80	77	89	74	56	51	58	70	52	54	78	51	97	80	70	73	80	99	82	62	67	55	82	73	72	71	57	60	81	72	65	78	83	51	64	85	65	63	51	98	99	90	93	83	
98	53	84	63	76	61	51	82	61	60	61	57	96	90	56	55	60	90	99	93	65	66	69	66	98	61	81	75	78	93	76	52	77	66	79	84	92	88	74	87	55	71	65	78	93	84	64	97	92	90	71	97	55	53	80	61	77	58	53	82	
71	65	92	76	98	61	89	69	66	82	90	74	52	73	72	71	55	77	85	52	79	82	62	83	58	79	85	84	84	78	51	59	65	94	61	74	70	58	52	82	88	68	86	86	94	84	79	65	69	54	93	51	76	68	54	61	60	94	57	65	
83	55	69	51	65	93	89	75	88	61	63	90	72	99	66	96	95	89	95	80	54	52	62	55	67	82	65	71	88	60	81	63	64	74	54	71	78	73	59	52	82	84	83	88	69	69	50	74	75	87	86	74	65	67	53	79	83	88	96	88	
92	52	57	55	71	95	94	65	79	74	92	76	71	59	96	59	61	72	53	96	60	82	71	89	59	92	81	80	60	89	98	54	72	73	50	55	54	73	55	86	90	71	75	54	69	98	94	93	90	78	76	92	68	88	97	75	97	63	72	72	
67	53	66	79	85	98	87	77	90	62	98	74	92	61	99	82	52	61	90	70	64	77	56	82	77	55	54	93	59	51	56	74	64	74	60	70	62	70	66	76	83	73	67	61	79	77	59	80	72	58	86	65	72	92	73	55	77	80	68	84	
60	71	63	76	99	73	55	94	76	81	54	73	81	53	95	53	89	98	59	77	73	58	56	60	62	84	91	73	58	90	95	99	92	51	86	66	96	59	57	80	58	70	99	65	85	76	75	63	54	60	97	60	62	86	66	58	55	75	87	70	
74	86	94	68	56	82	60	69	58	83	89	84	84	99	64	51	90	94	90	89	82	94	72	92	54	76	58	75	73	99	86	93	88	57	81	61	99	59	65	84	66	99	75	92	90	58	62	89	80	99	75	75	58	86	87	85	92	88	86	79	
77	90	98	57	76	83	54	62	86	96	60	79	53	95	96	89	91	87	58	95	95	72	56	77	60	67	55	78	79	59	79	81	86	78	97	61	70	96	98	71	99	80	50	92	85	81	72	87	86	80	52	77	52	97	78	98	79	57	63	86	
82	75	82	88	62	51	69	98	58	95	91	73	79	59	75	88	52	84	50	90	77	86	50	52	64	61	76	60	52	72	54	81	64	53	74	87	66	99	54	75	97	95	99	76	61	81	75	90	66	76	71	94	91	78	56	88	64	74	74	67	
91	67	74	97	54	62	79	83	89	58	71	76	54	68	56	91	67	99	65	81	56	92	91	99	75	65	58	70	94	85	97	68	92	50	50	96	95	66	93	55	87	52	85	51	91	50	54	81	68	56	94	51	98	81	81	69	67	71	76	93	
93	85	97	75	54	81	76	68	79	71	67	98	75	59	61	56	66	90	52	96	76	96	58	86	96	81	77	56	51	84	89	93	53	88	57	80	85	90	51	86	90	61	78	75	51	83	73	95	62	74	57	52	77	76	73	79	96	60	88	82	
69	79	79	59	60	62	66	67	80	76	97	89	67	72	87	99	52	78	61	60	91	81	80	91	83	84	67	51	73	61	74	50	63	79	87	55	93	64	51	74	57	91	82	70	55	64	70	86	82	50	56	54	81	81	59	53	50	88	93	85	
58	84	84	69	64	81	82	58	55	72	64	74	89	95	83	50	53	57	92	85	51	65	81	51	87	83	69	55	78	67	54	75	70	81	53	76	53	80	74	89	66	74	66	72	61	98	86	52	55	59	78	88	78	99	99	52	79	65	74	59	
81	88	57	86	65	68	56	88	88	73	75	83	55	77	96	83	86	55	95	64	96	60	81	99	97	73	76	76	97	84	60	52	92	81	99	85	83	81	68	56	87	73	66	56	89	56	62	98	90	61	95	63	54	75	79	71	87	52	66	72	
53	95	59	90	71	86	64	69	87	87	69	74	63	95	55	87	74	57	95	57	69	95	87	55	93	55	67	71	82	65	56	61	92	69	65	73	88	93	79	78	56	66	54	61	54	82	62	78	72	71	56	76	54	86	88	97	97	88	58	85	
69	95	70	74	57	78	78	96	85	72	82	72	84	93	57	54	74	94	65	76	59	89	92	84	93	71	81	56	98	78	86	95	50	65	82	65	52	81	94	77	73	77	97	76	72	97	59	72	54	61	53	82	63	69	61	62	77	59	51	85	
80	69	90	99	71	60	60	55	75	85	80	87	70	81	75	81	56	58	79	66	65	71	98	68	71	72	53	87	92	97	60	89	68	75	55	58	96	88	82	68	51	74	91	85	63	73	90	51	66	59	53	51	71	70	85	91	60	92	74	98	
77	63	96	77	55	78	79	95	93	88	71	78	77	59	74	73	55	66	86	71	83	67	50	79	92	62	94	65	65	76	53	90	79	78	79	72	90	86	75	79	51	70	94	80	74	64	77	83	79	58	93	96	70	56	57	69	63	95	88	66	
81	54	98	76	69	82	52	61	98	80	61	90	55	84	88	55	70	78	74	89	55	51	54	87	79	90	94	85	91	68	92	93	99	78	90	87	98	87	68	54	53	57	62	73	82	59	74	65	52	51	88	78	60	79	88	78	88	87	91	60	
56	99	60	95	71	76	98	51	94	80	66	79	90	87	80	65	56	75	61	77	89	92	69	96	83	97	79	67	74	64	90	76	87	69	92	64	67	63	63	89	92	58	91	64	53	94	64	51	61	87	67	82	61	75	71	58	76	73	66	87	
71	96	78	66	78	51	63	78	99	67	54	60	77	63	72	52	76	56	60	54	94	73	55	66	55	50	91	69	80	71	92	53	84	94	59	89	64	93	75	78	71	50	65	63	74	68	54	80	56	92	86	88	70	80	92	74	80	76	97	99	
63	61	63	84	80	72	98	58	61	74	66	68	61	88	99	64	50	68	62	95	87	88	57	98	98	56	89	79	93	65	58	84	58	67	99	77	68	59	72	81	57	59	57	80	68	63	83	70	51	60	94	96	73	51	56	93	88	67	59	99	
92	61	64	63	67	54	88	70	83	80	84	90	52	73	56	52	75	65	64	87	75	59	89	83	75	96	59	64	51	55	65	78	64	74	70	91	80	61	57	89	82	90	66	55	87	73	82	91	57	66	52	84	68	69	65	56	74	78	59	71	
63	69	80	59	53	98	77	77	91	69	96	78	58	87	75	70	89	95	56	91	75	67	92	62	52	82	70	59	93	58	58	84	76	83	89	82	76	84	61	80	56	50	80	87	58	94	58	97	70	85	60	98	50	75	78	95	85	86	60	70	
70	71	80	87	69	55	52	61	92	96	51	88	58	92	56	62	87	82	57	90	87	73	91	85	82	99	75	73	62	78	52	71	65	70	65	76	99	90	73	92	78	91	64	50	79	84	51	88	73	56	97	71	62	70	53	83	70	96	52	87	
71	89	53	76	53	50	84	92	98	90	68	63	56	64	81	67	74	94	57	80	96	94	59	55	93	95	56	50	96	51	99	61	55	58	87	99	75	69	56	89	93	80	84	72	61	56	96	57	80	67	82	69	95	67	69	91	50	60	76	72	
59	51	83	80	56	73	79	98	55	55	54	61	66	50	64	66	86	95	67	83	74	74	91	63	62	98	77	57	74	91	67	87	63	75	53	69	62	81	60	67	93	56	60	81	87	97	94	98	72	78	61	62	92	96	88	52	68	91	56	56	
68	70	59	52	79	82	84	56	60	54	59	69	77	74	60	65	54	91	78	92	52	98	80	51	93	66	65	69	83	99	67	94	98	96	74	64	93	72	76	78	99	96	77	95	74	59	77	92	82	68	98	76	54	56	67	90	61	84	97	87	
70	91	62	98	91	96	89	88	97	95	84	90	53	79	58	66	50	71	80	53	72	85	87	87	97	79	80	89	54	67	86	74	52	59	59	76	56	77	56	59	59	92	95	55	60	52	95	58	53	73	70	93	59	74	93	63	67	60	96	86	
54	64	60	83	55	83	60	54	51	80	53	67	73	93	73	54	62	98	91	69	67	71	52	83	99	74	56	78	69	86	62	67	87	89	85	70	59	85	81	88	78	53	67	61	84	69	67	76	84	72	69	79	73	67	72	67	52	90	55	65	
69	87	59	58	86	72	84	57	63	94	81	72	98	58	98	87	74	66	79	50	53	78	51	73	90	51	97	94	86	81	96	65	91	96	90	71	60	52	95	81	53	73	71	69	58	77	99	87	67	68	89	59	71	61	66	52	61	90	95	87	
93	74	86	81	78	67	93	67	98	60	97	53	83	89	86	90	81	64	71	89	56	86	74	66	82	54	52	51	87	86	64	81	54	63	95	79	80	63	98	89	89	63	86	85	62	56	52	85	96	71	72	68	74	60	63	71	90	51	87	84	
91	84	89	51	93	72	98	50	63	99	60	65	91	60	51	77	91	75	64	85	57	93	95	77	62	92	77	93	87	83	54	93	61	74	57	77	68	88	96	92	74	91	93	84	53	92	52	55	83	86	61	95	89	64	88	74	82	94	62	88	
82	98	55	73	58	89	63	78	55	62	62	61	93	53	83	92	79	53	90	97	97	78	56	98	75	97	62	65	56	59	70	84	93	84	65	93	62	70	94	75	70	61	50	95	65	76	65	73	88	54	76	86	68	69	69	98	67	61	95	89	
86	59	56	84	96	74	79	85	92	54	60	96	94	93	92	52	76	75	81	51	82	80	64	83	87	89	57	96	58	66	62	65	85	77	64	96	81	73	80	77	78	65	85	87	90	99	52	92	76	90	96	67	64	54	57	96	82	71	96	52	
70	80	51	81	82	78	92	77	51	59	67	97	75	94	98	51	89	73	92	90	58	96	70	56	75	95	57	69	64	61	89	78	55	65	87	61	55	74	68	63	50	63	73	64	62	60	91	96	97	73	79	63	96	99	76	50	87	95	93	50	
82	55	58	56	69	63	95	69	94	71	66	55	62	66	98	90	83	74	58	55	98	93	85	50	53	89	63	98	79	52	96	90	71	65	75	99	79	87	64	57	54	89	85	50	87	96	90	95	98	85	99	64	78	54	54	90	73	55	59	90	
58	73	66	72	81	78	73	52	57	64	51	63	95	74	90	53	95	80	66	52	84	91	92	57	57	86	82	50	73	58	65	65	66	68	90	70	59	97	88	59	70	86	97	68	99	78	51	61	69	89	52	66	54	88	77	91	54	83	82	82	
57	64	85	77	71	59	88	80	90	51	83	73	60	51	54	57	79	83	79	98	66	50	87	79	66	98	96	89	72	83	81	86	67	80	73	50	62	76	65	81	92	75	89	69	86	53	72	71	66	68	75	91	76	81	53	72	97	54	76	68	
86	89	61	89	93	81	92	72	97	92	89	65	80	69	55	52	65	76	95	58	63	57	70	56	54	67	61	89	50	51	84	54	67	76	84	70	55	66	82	99	88	99	91	74	54	95	74	85	61	58	96	90	80	79	77	78	50	50	61	54	
97	66	63	84	80	75	79	68	60	61	52	79	70	80	62	67	74	59	88	72	59	95	90	86	75	73	71	86	61	54	86	93	86	51	84	79	69	67	72	52	71	66	55	51	55	60	67	51	81	99	81	92	70	95	66	56	84	78	82	85	
65	56	50	95	63	59	75	56	96	95	73	51	66	63	78	52	67	60	91	55	64	76	59	73	52	91	76	75	88	77	66	83	89	54	50	69	73	72	68	79	80	90	79	65	57	85	56	82	64	61	75	61	51	88	95	53	72	89	50	63	
51	58	83	58	84	77	66	72	81	83	54	96	52	69	95	83	56	53	62	84	92	64	69	51	76	95	51	95	69	98	81	52	80	66	90	88	50	78	79	91	63	70	89	63	66	74	61	53	80	66	63	94	73	95	63	98	62	50	63	58	
96	90	76	68	58	60	99	75	95	58	82	99	60	61	60	96	89	95	58	90	60	95	86	80	83	61	74	78	75	93	88	89	51	62	89	68	85	74	74	69	53	83	93	78	98	50	95	67	94	53	77	84	63	60	88	62	98	58	67	95	
