60  4  1
4
	0	99	1	81	2	64	3	90
	0	64	1	50	2	98	3	85
	0	52	1	99	2	83	3	66
	0	98	1	90	2	75	3	86
	0	79	1	79	2	99	3	87
	0	59	1	60	2	64	3	60
	0	85	1	51	2	78	3	84
	0	66	1	77	2	70	3	87
	0	51	1	76	2	85	3	98
	0	94	1	82	2	78	3	92
	0	74	1	51	2	97	3	71
	0	66	1	63	2	77	3	88
	0	57	1	67	2	64	3	82
	0	65	1	79	2	71	3	77
	0	87	1	83	2	99	3	95
	0	72	1	67	2	73	3	56
	0	95	1	65	2	87	3	55
	0	85	1	90	2	78	3	89
	0	63	1	80	2	96	3	61
	0	71	1	79	2	79	3	52
	0	59	1	85	2	51	3	79
	0	95	1	79	2	80	3	61
	0	80	1	77	2	97	3	85
	0	98	1	55	2	63	3	76
	0	97	1	94	2	59	3	73
	0	56	1	58	2	87	3	83
	0	91	1	63	2	55	3	63
	0	93	1	94	2	85	3	61
	0	77	1	99	2	50	3	83
	0	67	1	67	2	74	3	53
	0	54	1	59	2	53	3	74
	0	87	1	93	2	80	3	55
	0	58	1	62	2	73	3	62
	0	85	1	60	2	64	3	64
	0	86	1	99	2	64	3	86
	0	74	1	95	2	86	3	52
	0	97	1	94	2	80	3	50
	0	52	1	65	2	56	3	85
	0	53	1	91	2	54	3	85
	0	85	1	81	2	80	3	94
	0	67	1	89	2	78	3	72
	0	66	1	61	2	78	3	64
	0	63	1	62	2	72	3	94
	0	67	1	95	2	99	3	80
	0	87	1	89	2	54	3	71
	0	81	1	56	2	97	3	92
	0	96	1	97	2	93	3	69
	0	51	1	98	2	55	3	88
	0	87	1	78	2	84	3	94
	0	60	1	58	2	67	3	75
	0	63	1	91	2	72	3	86
	0	87	1	70	2	98	3	86
	0	75	1	94	2	71	3	62
	0	76	1	73	2	72	3	98
	0	68	1	95	2	88	3	84
	0	67	1	93	2	75	3	90
	0	59	1	79	2	55	3	75
	0	89	1	61	2	80	3	66
	0	90	1	91	2	93	3	83
	0	90	1	56	2	91	3	53
SSD
M0
65	51	53	55	55	69	75	71	87	63	62	51	53	78	51	61	75	68	73	52	75	52	66	64	68	62	99	64	75	75	77	87	88	99	85	99	89	56	83	66	93	74	89	91	90	52	67	70	58	53	59	57	53	59	58	89	90	94	63	94	
50	83	92	57	64	77	77	90	98	92	80	70	75	50	52	88	84	94	86	98	83	88	93	65	89	76	90	51	50	75	82	79	94	77	88	65	70	61	94	70	87	87	87	90	79	86	75	83	64	83	51	63	98	92	84	72	89	83	96	63	
77	86	70	65	54	78	96	86	92	84	83	71	68	71	92	54	53	82	51	86	66	55	58	97	97	84	59	83	89	88	63	76	66	84	84	68	75	66	82	89	81	96	59	57	58	59	83	51	72	85	63	97	61	53	96	69	77	54	52	73	
81	76	96	87	71	87	91	52	66	80	72	98	62	96	78	87	71	66	60	65	75	95	70	95	98	66	82	51	52	79	93	51	67	58	74	75	71	92	56	58	57	57	90	94	65	83	89	52	86	98	62	95	89	70	50	65	70	70	57	84	
91	90	68	69	67	56	74	68	83	69	88	51	82	77	59	85	72	54	83	80	59	73	81	77	70	99	73	93	87	72	76	86	96	68	62	84	57	75	99	89	90	63	56	61	56	95	54	65	56	55	84	83	85	83	72	99	86	99	81	53	
72	80	91	76	59	55	85	87	94	84	71	64	78	84	82	95	94	99	73	73	89	97	96	70	75	82	75	73	85	54	53	90	60	94	95	97	75	73	59	71	67	56	96	62	54	63	59	51	65	52	69	65	78	83	51	82	83	59	63	96	
56	99	93	62	79	82	68	79	58	65	99	87	99	98	96	83	52	75	99	62	75	64	55	65	89	73	80	70	98	85	73	64	54	74	62	57	53	64	66	63	51	82	62	96	60	78	69	88	95	81	90	88	79	80	84	66	71	63	64	60	
59	68	98	89	68	95	59	88	75	98	60	70	77	68	94	53	60	81	86	88	52	51	55	77	93	63	94	52	68	84	71	52	81	69	72	71	76	65	95	86	66	78	93	89	67	70	62	70	88	70	59	57	55	74	95	50	89	96	87	60	
95	93	80	68	95	70	85	60	88	83	80	84	69	80	53	54	69	74	61	76	93	76	50	74	95	84	67	77	62	54	81	59	86	58	89	94	56	59	51	79	50	57	76	54	60	94	90	66	76	80	58	93	72	59	87	67	89	74	81	85	
72	75	99	68	83	51	79	77	77	63	59	55	50	62	69	85	58	73	94	91	84	61	52	68	75	97	68	64	64	97	88	83	74	62	90	60	80	84	56	54	83	83	93	67	90	85	79	68	69	98	83	97	63	63	70	70	76	55	75	59	
94	66	50	92	83	87	98	52	68	99	75	56	60	52	50	93	83	73	51	56	77	68	78	91	53	85	97	65	77	71	80	79	86	77	79	68	68	77	67	73	94	89	80	66	99	79	78	87	85	73	88	67	64	52	88	62	96	99	81	97	
98	52	61	81	55	74	69	65	94	92	59	63	61	91	97	69	83	60	81	91	51	75	66	63	55	68	52	98	88	91	87	82	91	80	92	89	72	98	52	58	91	60	57	51	95	53	63	80	72	57	92	82	55	55	98	59	76	86	85	61	
56	92	72	96	57	77	98	91	94	52	80	63	71	96	78	73	69	72	98	53	70	89	87	84	79	52	86	83	50	92	79	62	50	87	81	73	58	52	59	77	79	75	82	75	50	76	67	61	96	55	98	55	50	83	87	81	50	73	99	56	
58	81	74	69	69	70	69	73	75	78	79	82	88	97	60	96	67	89	93	74	57	66	92	82	98	54	76	84	84	51	77	50	76	89	56	99	71	85	96	82	76	62	61	86	79	82	75	76	95	69	73	88	71	97	97	68	76	91	76	89	
64	97	65	66	75	71	90	99	85	89	91	99	64	72	99	90	90	94	60	82	54	58	63	81	56	82	94	90	65	70	82	50	75	59	53	87	77	94	90	60	96	95	95	79	52	50	76	97	98	53	53	76	87	59	62	84	98	72	91	85	
73	67	68	55	59	71	98	86	64	70	79	78	89	61	52	69	64	86	94	69	71	68	86	57	53	50	91	77	69	77	73	65	52	53	88	95	84	81	57	87	52	53	64	68	82	61	82	52	89	52	66	93	60	51	52	52	70	63	71	95	
68	85	53	75	76	53	86	83	97	81	95	98	67	57	56	82	79	53	62	74	84	79	87	50	65	51	86	71	69	53	89	85	98	82	94	72	74	96	57	95	95	58	54	77	91	83	91	88	64	93	69	68	73	84	98	54	91	83	54	64	
55	87	90	66	51	78	75	91	71	95	72	98	93	96	75	98	82	50	91	51	72	80	84	59	75	69	94	54	57	65	57	57	78	95	71	77	86	84	93	55	97	89	65	99	73	90	51	77	94	97	53	94	92	58	55	54	85	82	61	71	
65	83	87	96	69	86	80	56	94	99	69	98	97	92	67	54	84	98	81	81	59	62	57	90	97	70	57	57	61	82	90	67	81	93	61	90	82	91	88	60	61	80	74	95	97	81	56	61	75	99	59	71	98	65	94	56	69	77	98	63	
78	98	73	88	60	84	61	72	72	64	93	93	76	86	77	94	91	79	73	86	78	54	70	82	65	67	87	97	53	89	84	91	95	64	57	89	70	55	99	76	70	51	90	98	66	76	80	58	58	85	79	66	64	85	62	81	95	67	68	86	
85	84	55	69	62	68	80	51	58	93	76	70	94	59	53	76	74	84	52	55	82	59	88	81	59	80	71	51	51	67	80	84	81	95	81	86	55	50	55	61	60	61	66	61	88	84	65	63	97	57	98	95	75	69	57	98	95	72	77	72	
96	66	50	63	61	59	97	66	78	65	67	66	80	59	69	79	83	83	95	76	92	77	97	58	58	87	52	99	83	77	67	64	84	72	81	89	79	94	82	88	56	72	57	64	77	71	53	94	79	79	74	96	55	82	50	51	87	53	65	81	
51	70	82	73	58	52	56	92	79	71	62	77	57	52	78	88	53	69	93	88	98	94	57	99	91	85	93	62	90	93	66	76	56	51	83	86	78	96	57	88	66	68	69	75	91	98	98	63	98	97	77	85	93	55	84	73	85	95	71	68	
89	85	65	50	52	77	81	74	62	94	93	88	69	88	89	75	97	75	57	63	60	52	84	99	80	93	77	96	59	83	71	55	69	74	68	67	94	89	82	70	74	60	63	87	53	68	90	65	79	86	81	70	52	72	94	77	71	72	89	50	
67	97	80	50	94	56	80	72	65	78	66	52	93	59	52	86	51	65	79	89	89	84	82	53	65	78	76	76	74	52	91	99	66	80	85	61	97	95	91	89	76	94	66	72	75	83	98	57	92	93	65	60	93	94	80	64	54	63	82	84	
69	52	80	68	86	51	85	84	87	60	85	86	83	85	70	64	63	55	73	73	65	63	65	98	98	73	96	69	63	73	54	64	69	60	82	60	66	91	54	55	55	70	96	58	70	76	68	55	96	87	58	88	95	95	93	72	79	70	79	56	
55	68	52	81	98	70	81	96	56	87	79	88	63	53	95	60	99	73	53	82	58	50	82	58	55	62	70	68	96	73	65	97	85	92	80	77	67	74	82	67	95	58	74	74	67	83	69	75	57	98	95	90	50	89	99	67	93	95	64	76	
69	50	98	67	96	76	76	98	50	58	93	99	99	94	93	62	51	75	71	82	50	97	94	54	59	61	53	58	60	98	85	94	70	65	58	50	54	96	98	77	71	70	99	52	82	94	92	87	58	75	98	92	56	96	73	81	55	53	92	75	
73	77	63	68	86	65	66	94	90	89	67	52	74	71	76	83	95	65	88	89	99	78	53	80	80	73	97	65	87	89	68	74	52	86	97	99	88	98	50	59	90	81	74	77	60	80	87	58	62	85	72	88	95	88	88	60	84	88	84	78	
95	71	80	67	78	90	76	83	97	89	92	88	97	63	79	98	93	60	68	83	60	84	58	95	81	58	65	60	53	99	89	81	99	66	88	92	73	63	77	93	81	90	63	85	66	59	87	83	50	69	57	97	54	81	91	69	94	96	66	83	
50	82	78	66	95	80	93	85	71	95	55	59	58	64	72	68	81	86	92	54	64	89	61	71	89	64	94	63	67	65	70	78	52	68	86	82	98	65	80	80	77	75	87	71	80	97	88	57	82	52	73	55	65	78	50	72	78	70	83	50	
95	85	60	54	58	86	66	68	96	69	88	95	55	78	66	86	67	68	89	56	82	72	64	96	81	78	83	99	61	82	55	81	77	88	52	64	63	74	70	94	81	80	65	63	95	98	68	99	72	65	57	90	62	53	91	64	78	80	75	83	
56	71	82	71	92	91	77	94	59	55	77	84	60	56	68	99	81	73	52	64	75	89	99	68	94	95	97	67	62	60	57	94	55	78	50	51	77	75	54	98	93	87	67	83	86	60	75	92	86	70	85	53	98	73	76	53	63	76	84	60	
71	77	79	83	58	84	61	95	81	80	50	87	87	81	56	99	99	90	87	84	68	59	98	78	91	87	92	63	86	71	96	57	77	87	56	76	57	73	58	58	72	78	94	74	71	90	72	62	93	99	81	58	57	78	89	65	50	65	96	68	
67	58	62	79	70	75	98	70	54	68	98	59	63	96	50	92	53	85	86	71	87	64	74	74	94	98	87	94	78	99	55	52	82	89	61	89	56	88	91	87	91	90	69	55	64	93	93	52	75	80	79	53	70	70	98	55	93	87	55	81	
98	77	67	90	99	99	79	62	72	72	56	74	78	67	70	62	70	64	78	74	59	79	86	64	80	83	57	63	87	70	89	52	73	66	89	60	79	83	96	99	82	76	86	69	82	51	51	63	79	99	99	92	78	73	74	71	96	53	51	57	
57	60	97	92	72	55	69	68	88	60	56	59	50	66	87	62	70	82	53	76	93	83	66	94	55	59	51	68	53	87	54	69	55	56	88	83	87	51	92	90	63	93	94	57	58	75	94	92	61	90	57	71	80	99	90	53	50	59	82	69	
99	94	99	97	62	72	84	65	58	90	96	91	62	63	65	71	51	96	52	55	57	73	83	90	50	53	87	72	63	75	77	86	53	56	54	80	61	50	82	94	99	53	78	79	99	94	63	56	67	99	98	95	52	78	63	90	93	96	61	76	
58	72	80	67	63	58	79	89	73	67	90	75	59	64	62	92	97	57	80	68	59	53	84	57	80	75	97	76	99	69	90	91	95	95	79	75	86	56	69	70	94	89	73	53	90	73	68	63	96	52	85	90	67	63	76	66	61	80	69	74	
74	95	63	62	85	50	73	93	66	62	67	66	90	68	58	59	53	68	66	72	79	91	56	56	51	76	58	95	74	63	91	76	98	56	66	69	73	93	57	55	83	79	66	53	63	66	75	65	64	99	50	64	73	63	59	76	66	58	72	66	
78	71	73	95	90	52	95	90	60	79	60	52	60	96	75	91	50	70	75	88	89	94	82	80	61	85	54	77	78	65	52	71	58	83	74	97	68	80	54	66	75	79	95	54	98	74	98	79	80	66	62	55	75	56	57	80	72	92	65	62	
64	59	79	91	68	89	79	77	56	59	50	86	72	54	50	58	57	90	75	67	50	62	62	66	84	81	97	84	78	67	75	88	76	74	81	87	86	80	69	51	82	87	74	95	51	57	87	77	54	93	84	59	91	99	56	95	67	99	93	66	
60	62	66	60	85	63	69	56	60	73	66	55	51	59	91	67	99	59	81	62	53	95	63	63	91	64	53	97	50	77	77	61	86	90	79	61	99	73	90	65	57	72	84	89	67	69	63	79	62	93	84	58	56	57	73	76	68	71	76	95	
71	74	88	83	81	94	98	61	67	74	50	53	72	60	90	60	60	57	65	86	87	98	94	95	99	54	89	66	67	72	84	82	66	74	54	77	98	87	78	64	56	97	74	79	79	98	56	51	78	69	90	60	95	79	91	87	91	75	81	54	
96	90	88	50	73	93	67	91	66	83	83	97	78	98	91	84	61	84	77	63	86	90	68	75	97	59	86	74	83	90	83	63	50	90	67	94	50	74	89	64	51	57	95	54	98	77	83	75	51	91	55	99	56	99	59	64	98	83	83	62	
61	52	50	57	61	89	99	79	53	50	98	90	91	53	79	98	91	56	81	51	82	91	71	80	80	93	65	52	50	95	50	53	55	75	54	65	87	83	96	99	60	57	87	53	50	52	84	73	98	93	51	68	70	68	56	79	66	60	75	80	
72	60	78	61	75	72	77	93	75	57	52	68	56	51	60	73	82	74	73	93	98	94	54	61	72	90	84	50	59	62	51	53	61	98	95	90	86	55	74	50	88	97	61	79	51	57	81	56	69	68	78	51	74	71	58	92	66	52	80	68	
75	53	68	79	56	55	94	56	67	95	87	79	73	69	90	56	59	82	57	82	98	72	64	50	63	72	95	97	80	52	72	70	96	90	83	66	98	57	93	64	86	86	90	63	54	87	85	97	98	60	51	73	90	96	70	80	87	52	94	80	
95	68	68	99	63	65	90	76	53	56	68	96	80	95	98	52	96	80	63	61	62	99	82	94	51	56	85	87	92	71	75	68	97	75	75	72	72	53	81	79	89	80	74	82	92	79	60	52	72	61	80	92	68	96	79	79	76	75	77	54	
91	82	62	99	96	56	51	69	97	62	69	53	72	87	60	55	81	56	53	96	69	66	93	61	73	50	82	98	83	70	55	74	92	80	62	99	93	68	97	99	77	90	80	91	80	56	91	57	62	66	95	81	98	73	98	85	60	84	94	55	
88	63	57	57	75	64	53	58	79	59	60	68	94	99	85	76	83	97	88	87	69	88	65	70	79	78	68	89	87	97	65	73	51	55	73	81	99	90	76	73	50	61	88	79	83	98	57	70	97	50	98	83	69	79	57	64	60	96	75	76	
56	90	82	52	86	70	91	79	75	95	81	89	68	63	52	85	75	71	57	87	57	98	57	73	75	68	67	88	94	85	94	80	84	65	84	94	57	54	90	81	83	58	74	81	58	56	83	91	71	92	84	79	62	69	63	59	72	72	52	96	
96	60	61	63	93	87	71	73	57	67	59	65	78	68	50	65	59	68	62	92	78	78	60	56	59	66	89	52	94	92	68	59	98	54	54	96	65	99	71	81	60	82	53	70	92	66	82	97	73	79	73	78	58	78	85	91	65	70	91	88	
72	66	91	93	59	77	66	71	87	74	88	76	87	86	73	68	90	57	75	65	62	76	90	85	81	54	80	61	75	99	64	57	70	84	52	73	89	59	81	89	84	59	87	92	52	96	57	60	97	69	63	75	99	65	84	65	57	64	84	97	
73	65	71	73	78	64	79	84	52	85	79	60	61	76	83	50	78	93	72	53	66	60	62	64	92	94	77	65	99	65	75	74	62	85	65	78	54	86	82	51	92	76	91	92	56	58	71	71	89	70	77	70	81	66	59	54	87	88	57	62	
87	62	67	88	65	69	62	65	71	59	66	94	82	68	64	94	53	91	56	57	51	82	70	54	75	63	59	57	53	97	77	93	51	92	56	74	64	68	80	73	89	54	87	99	51	59	91	74	59	63	68	61	79	91	97	83	73	84	64	72	
65	94	50	86	63	99	91	58	69	88	99	94	88	65	75	82	92	82	98	97	68	84	68	68	72	55	89	88	99	73	90	81	94	78	69	86	90	70	94	63	99	80	82	62	60	59	65	91	84	91	75	89	78	50	96	96	95	68	85	96	
65	83	86	76	61	56	57	93	89	83	79	64	91	55	71	77	63	64	87	71	72	72	80	93	54	86	67	51	78	95	82	75	73	65	73	60	92	94	57	82	96	58	86	68	86	50	78	91	59	74	59	63	85	68	75	74	89	50	88	65	
62	84	84	94	90	97	75	95	82	77	52	64	99	59	58	88	97	85	75	59	89	88	55	82	72	95	86	69	95	83	93	59	61	51	61	85	63	79	72	57	58	55	60	92	67	98	52	81	84	58	71	87	55	78	79	56	55	75	68	85	
76	51	58	85	93	74	84	53	57	80	71	92	86	89	89	50	56	95	59	78	84	64	81	90	60	59	89	92	80	58	60	54	74	57	59	62	89	81	77	51	60	66	80	87	86	87	80	86	74	64	63	96	70	93	72	66	53	56	90	80	
M1
94	78	51	60	90	90	59	61	78	66	84	95	67	75	79	89	88	54	60	65	55	64	93	58	71	60	94	58	88	72	96	79	83	57	77	73	54	56	62	58	97	74	95	78	68	66	78	52	69	63	91	59	93	94	93	58	76	51	94	66	
73	65	54	55	60	58	57	75	60	89	90	74	64	60	74	67	88	57	54	82	73	65	57	79	99	53	53	72	55	51	50	87	63	92	51	63	69	97	51	87	83	73	93	50	67	51	60	91	83	83	89	65	72	64	92	80	93	86	76	95	
87	69	58	65	69	66	82	68	73	53	64	69	61	92	83	78	52	74	60	59	76	60	61	68	80	94	68	97	99	97	52	60	72	51	88	69	95	82	53	50	80	92	95	50	67	96	55	73	68	94	87	94	95	82	81	88	63	67	87	52	
58	64	95	75	81	62	96	58	58	83	57	76	82	54	56	54	65	64	67	80	55	63	72	76	78	79	76	57	52	77	85	55	52	61	73	96	58	64	74	81	52	89	81	62	51	68	74	95	81	83	92	95	85	54	76	73	70	69	65	64	
51	87	65	75	84	80	60	99	77	82	93	64	98	68	71	89	88	87	91	61	92	85	97	73	51	85	90	87	81	59	74	73	82	62	68	93	73	57	84	74	76	60	63	81	70	61	64	89	90	73	70	97	56	84	80	68	75	81	87	72	
70	66	67	64	61	56	86	90	52	94	76	68	58	56	86	79	85	59	64	59	95	69	67	93	81	66	82	62	69	78	69	82	69	67	54	66	84	96	79	75	94	61	67	73	88	82	75	64	73	63	98	77	90	75	57	54	50	84	93	66	
52	56	75	75	84	68	85	72	76	70	81	73	94	84	74	77	75	65	68	77	81	59	87	99	83	67	91	87	82	86	71	70	84	57	55	61	68	58	92	89	92	58	84	72	76	70	89	72	74	56	82	95	97	70	52	93	52	74	67	58	
99	58	89	85	76	67	99	91	59	51	64	78	81	70	97	94	64	68	96	74	79	52	80	76	55	92	58	84	51	80	81	62	77	80	84	73	87	58	51	72	84	78	56	92	74	68	53	92	79	70	68	73	63	64	99	99	94	91	80	98	
90	94	96	75	90	58	82	61	51	76	96	60	84	81	61	57	52	97	98	76	61	76	55	84	98	99	58	67	74	52	74	62	76	52	50	92	50	80	56	89	97	83	53	73	83	73	63	74	80	73	90	66	85	65	79	64	99	84	98	56	
85	80	97	67	88	68	70	97	87	61	99	64	50	88	68	94	60	87	92	96	98	54	84	51	67	98	53	62	53	58	69	50	92	76	72	86	97	54	65	59	77	69	72	78	53	84	78	68	54	94	63	69	85	76	56	83	53	68	95	88	
54	59	67	68	74	52	93	90	92	62	72	72	64	93	68	67	89	70	61	59	94	61	74	60	86	73	59	59	99	56	78	92	79	91	55	54	82	71	83	50	83	89	86	85	60	75	98	69	78	78	92	80	70	87	70	53	71	95	78	74	
96	59	73	77	51	57	55	70	56	74	74	56	71	67	79	55	78	55	87	50	86	56	93	95	88	81	55	88	88	67	58	61	51	93	57	62	73	81	81	70	61	71	83	56	81	50	92	54	71	81	62	99	73	98	60	95	51	79	85	89	
87	82	90	62	79	60	82	67	83	91	50	56	63	89	70	54	90	57	97	91	50	62	69	90	56	92	55	70	56	98	71	84	61	75	61	89	57	97	66	69	67	93	54	97	59	58	59	75	83	82	67	85	84	84	96	85	70	81	86	92	
72	73	94	73	99	83	89	96	85	81	74	95	91	57	54	54	65	83	99	82	50	98	93	89	72	66	51	74	63	69	68	84	71	67	89	99	88	51	95	75	90	90	62	74	75	96	56	54	63	84	74	68	85	67	94	91	82	60	64	61	
57	51	71	80	97	98	80	84	78	84	60	92	93	70	89	65	65	56	52	86	75	68	63	77	97	91	92	91	54	89	77	53	82	68	59	57	63	81	84	90	64	70	51	72	65	56	91	82	83	97	63	84	67	53	82	94	95	80	68	98	
96	95	84	86	57	61	81	80	85	57	97	98	59	81	73	78	74	79	97	62	94	64	94	77	50	78	84	71	64	51	54	75	87	80	57	54	71	83	81	51	74	56	91	68	50	90	81	95	53	77	87	84	57	81	83	93	51	96	69	51	
79	87	72	91	91	87	70	93	86	57	82	85	86	68	64	79	90	60	60	76	80	82	86	91	66	62	92	68	81	72	85	92	69	64	99	96	62	93	86	51	92	95	63	70	99	90	90	59	67	91	72	95	61	98	61	59	87	53	76	90	
84	96	85	71	78	68	99	86	50	98	88	78	75	59	99	59	58	87	69	70	59	89	77	51	82	73	67	91	73	89	97	60	92	53	94	59	73	91	71	57	50	74	62	72	79	96	88	93	76	77	96	79	95	74	53	56	60	55	79	52	
86	76	95	50	85	53	54	85	55	53	56	88	97	67	90	76	65	87	73	69	68	65	98	72	55	86	99	51	73	82	86	53	59	99	88	54	59	69	72	96	80	70	83	51	80	95	76	98	78	91	78	82	70	79	50	83	94	82	84	81	
71	87	88	87	73	92	50	62	72	58	57	83	83	53	52	77	61	88	50	76	79	95	86	58	86	84	62	54	70	60	79	77	88	98	51	89	64	88	60	64	56	57	77	67	51	95	59	69	62	84	79	54	96	70	67	91	78	66	55	87	
78	55	70	60	72	51	56	59	73	97	84	52	71	75	66	67	65	62	94	61	89	57	87	60	51	69	63	57	94	51	52	50	60	57	91	81	72	50	58	70	74	90	90	86	86	58	84	76	88	67	88	75	89	55	54	52	82	62	97	94	
68	81	89	83	55	52	69	54	86	98	55	76	77	64	87	64	52	61	75	84	89	57	73	94	66	52	77	87	64	77	60	92	94	61	98	51	60	88	77	84	76	92	97	50	98	64	84	72	66	76	84	68	58	59	75	89	90	65	81	91	
59	51	69	96	61	63	69	63	53	72	81	62	72	85	57	65	79	55	71	74	76	98	83	60	52	77	98	91	59	71	83	98	72	79	82	89	53	84	98	92	78	82	86	53	53	70	65	75	55	86	83	53	51	65	63	66	90	85	59	65	
70	92	98	77	97	53	79	92	53	81	51	86	51	74	73	52	59	57	97	73	62	98	90	53	52	52	71	73	75	66	57	87	86	50	94	50	56	94	51	75	58	51	87	59	83	83	93	50	82	73	77	74	73	71	83	52	71	98	61	72	
74	52	94	59	67	94	50	93	69	85	81	92	97	66	63	87	85	70	91	91	91	58	61	87	99	74	88	83	74	73	90	76	53	95	97	81	90	89	67	91	90	65	84	59	86	73	59	95	65	67	52	54	83	52	71	63	85	85	60	99	
57	78	60	65	85	53	98	84	95	86	77	65	78	51	95	89	56	85	75	79	79	68	69	56	84	66	87	64	70	54	71	55	93	72	77	66	73	87	78	78	64	96	64	87	58	71	92	61	91	58	61	85	70	60	81	52	74	53	74	89	
51	73	91	68	82	56	75	73	60	82	68	87	81	71	64	91	54	68	58	65	55	95	62	89	82	72	55	63	61	98	89	88	82	66	65	85	60	78	78	86	55	62	99	76	53	96	90	50	68	65	77	72	91	69	68	64	50	61	54	75	
85	84	75	83	71	77	99	86	92	65	62	77	57	99	93	80	87	62	62	51	56	68	58	53	70	62	52	86	54	60	74	93	99	85	87	68	59	50	60	79	78	55	98	99	88	91	99	76	89	73	85	80	63	91	62	80	94	64	91	98	
75	82	84	69	84	56	57	98	75	81	65	90	94	55	62	88	76	92	59	67	58	99	77	85	54	84	77	65	86	55	87	78	60	62	83	63	50	54	94	90	54	59	88	88	81	51	77	61	74	73	63	67	91	57	60	94	95	54	80	96	
56	75	88	81	71	90	72	91	90	90	73	55	79	82	56	89	59	67	96	66	94	77	89	88	77	59	86	83	95	60	71	58	74	79	63	95	88	84	64	59	79	80	65	51	75	69	76	91	86	59	93	86	95	60	89	88	81	80	59	85	
65	91	95	96	64	63	65	84	77	51	94	69	94	92	78	53	60	56	75	83	54	66	78	92	59	95	64	66	89	92	99	50	81	56	67	76	78	50	57	86	90	85	82	67	58	87	64	96	77	87	86	51	56	50	96	90	63	90	95	99	
81	64	62	63	64	51	64	91	73	96	56	74	62	70	80	82	98	93	79	78	98	89	63	65	77	89	87	56	53	86	86	58	92	56	88	75	70	73	92	57	57	52	61	50	69	70	53	91	95	84	66	91	70	87	82	57	96	89	95	89	
53	95	86	76	71	53	63	59	95	55	71	62	89	80	64	76	58	87	88	54	82	98	83	50	53	71	80	63	87	98	81	55	53	57	84	69	76	83	61	54	76	78	97	97	95	82	82	64	65	70	90	69	77	87	82	93	70	67	51	57	
87	78	78	84	95	85	99	86	51	67	66	57	66	62	68	55	55	70	65	66	97	69	74	72	95	75	82	92	93	91	61	80	86	83	60	52	56	56	56	91	67	63	67	72	71	87	63	51	84	88	72	55	92	85	72	54	50	88	71	74	
52	58	99	75	89	52	75	76	94	84	84	91	90	78	85	50	72	71	59	89	72	64	98	66	95	91	94	62	62	68	73	98	90	55	72	52	79	99	55	63	50	65	80	52	61	64	78	79	92	55	86	50	72	86	90	78	63	84	86	97	
72	60	93	50	68	62	91	56	71	96	68	90	50	53	73	89	86	86	71	80	89	53	62	65	77	81	86	93	97	53	68	67	64	87	67	66	79	53	75	83	96	60	99	86	63	82	97	98	70	75	55	53	89	72	78	75	58	93	57	64	
75	53	93	94	82	50	57	64	53	56	60	56	56	80	73	86	64	66	77	64	72	56	76	93	68	61	96	78	72	70	63	79	51	75	82	78	68	60	93	51	94	89	58	50	65	56	84	88	50	62	59	63	83	76	53	98	75	76	90	97	
96	78	67	59	90	65	63	70	72	98	62	80	95	64	93	95	59	92	90	79	87	85	57	84	83	73	93	58	60	99	68	95	74	78	85	59	55	74	81	68	95	76	63	59	82	64	80	83	96	54	62	84	61	50	92	54	79	96	82	70	
90	77	58	64	95	57	60	67	64	54	96	91	58	98	87	96	52	68	64	92	52	73	60	96	91	73	92	83	90	75	95	94	84	99	71	88	58	94	68	75	96	99	52	78	54	77	86	63	56	73	53	65	94	62	85	89	94	90	85	58	
77	94	75	81	79	81	86	91	51	65	95	90	97	83	56	50	91	73	92	93	54	65	98	69	51	79	54	85	67	59	66	64	80	76	84	98	79	90	82	95	90	66	65	71	76	51	87	95	75	60	63	87	73	95	98	90	52	85	88	94	
61	99	83	54	93	89	75	96	65	69	97	61	53	90	87	50	59	79	64	51	78	80	62	63	63	98	59	76	54	78	81	64	96	95	53	70	83	93	92	50	57	76	89	81	97	88	86	71	90	53	63	99	93	60	74	99	55	66	81	88	
90	68	81	95	53	71	66	76	70	98	98	67	96	74	93	58	94	89	93	71	99	97	84	52	94	76	50	61	90	51	86	72	92	64	77	86	87	86	84	97	87	88	58	78	82	55	65	61	95	88	56	65	85	62	77	50	77	68	53	79	
89	68	72	97	61	73	94	80	60	68	77	92	98	96	64	81	50	70	50	78	76	99	61	65	87	90	86	83	93	64	81	83	57	68	95	91	91	67	93	50	74	98	77	63	74	93	52	72	91	56	51	92	75	94	69	75	79	86	91	97	
84	65	62	77	50	94	74	63	98	85	61	57	61	56	50	81	80	91	84	88	82	68	85	55	89	72	85	55	97	56	95	71	70	63	60	82	58	62	99	80	87	95	90	99	51	86	65	77	99	85	52	58	53	74	93	69	53	99	88	79	
91	67	84	74	81	56	78	92	71	79	99	81	90	83	67	98	57	50	94	70	95	83	81	62	59	74	76	93	70	86	97	89	77	52	89	87	83	78	62	63	73	65	76	76	61	58	84	54	66	52	53	94	80	89	91	77	62	58	50	53	
55	85	66	85	78	67	79	99	87	89	70	97	59	97	97	65	66	86	90	98	88	62	95	56	74	71	64	85	75	82	54	93	85	62	57	84	87	58	81	75	75	70	82	89	95	65	65	68	74	88	61	93	74	64	69	94	78	86	59	92	
85	60	59	96	65	72	63	75	90	51	82	66	71	77	66	77	71	89	79	96	57	97	91	71	63	97	65	71	84	92	99	72	90	74	84	63	59	76	67	96	63	50	58	84	72	92	57	83	95	79	81	64	93	53	67	64	70	58	96	83	
59	87	57	82	82	59	98	55	52	87	89	68	93	63	81	89	97	97	77	59	67	74	74	68	96	96	96	67	81	92	80	99	62	60	71	56	50	55	67	92	99	55	94	89	88	64	80	94	85	92	93	78	87	59	68	86	61	56	75	53	
67	95	97	67	87	96	57	95	88	96	65	95	51	73	93	80	80	56	56	54	52	98	69	80	74	72	57	68	68	74	53	81	91	76	67	88	69	72	53	66	72	82	55	76	92	83	74	69	61	64	90	73	99	89	80	50	70	91	63	61	
96	62	68	81	92	62	60	96	66	57	97	83	70	62	60	56	50	56	79	54	80	89	55	62	58	97	70	89	98	76	63	63	68	66	76	98	68	70	53	92	67	95	64	62	79	90	61	88	98	66	83	62	82	80	82	94	89	74	85	91	
69	90	56	51	76	86	70	64	65	74	98	53	68	51	78	78	85	52	75	66	55	93	85	72	88	54	56	69	60	69	76	89	94	82	91	66	81	90	81	90	86	73	55	86	77	81	56	62	67	65	56	66	54	81	91	89	89	97	89	61	
74	60	84	52	73	65	58	59	95	68	71	50	67	52	97	65	72	92	95	84	59	98	65	59	74	97	78	51	66	66	80	74	51	56	94	52	82	60	56	81	59	82	72	66	63	72	60	57	97	63	70	66	96	87	87	83	92	63	99	65	
55	94	98	77	87	93	97	83	53	67	85	95	59	91	88	77	56	84	79	87	82	94	90	75	75	64	85	71	96	86	85	76	55	69	96	53	55	98	88	65	82	96	61	58	74	93	81	69	50	95	97	72	76	74	57	50	87	68	53	69	
92	83	69	74	82	78	82	93	71	93	91	66	88	53	90	78	66	94	60	61	68	81	62	72	69	92	54	80	54	86	51	80	80	98	72	61	93	52	59	66	56	91	57	67	79	50	70	99	73	66	82	99	99	50	59	57	57	89	53	51	
61	55	93	63	62	85	65	99	95	53	67	54	88	81	96	91	52	63	95	94	86	66	92	58	68	63	56	66	53	69	79	80	62	55	86	94	74	89	78	81	54	61	86	99	96	66	60	75	57	64	80	58	61	64	58	51	68	80	57	82	
58	87	81	84	61	69	81	64	60	90	90	79	92	53	66	87	59	78	60	99	85	71	52	64	55	73	60	56	88	73	50	63	97	65	56	83	50	69	54	82	79	77	80	66	80	57	58	81	60	56	64	83	71	57	69	81	55	87	63	98	
93	51	55	97	61	51	71	59	82	82	69	62	83	64	53	93	93	68	66	68	88	53	75	94	98	61	90	67	56	61	87	71	58	60	70	52	77	77	66	54	81	90	88	81	63	69	92	54	63	68	75	80	53	67	70	82	62	52	78	59	
96	51	64	93	52	92	67	85	71	96	52	69	54	96	91	55	87	77	59	79	57	59	77	90	92	51	70	52	98	97	77	99	88	64	65	92	50	87	61	80	84	91	89	94	58	56	76	78	55	81	70	55	59	73	81	94	72	90	75	92	
54	78	85	71	71	87	94	67	93	65	64	70	52	83	91	64	73	53	95	73	50	94	85	73	85	72	53	87	66	91	53	99	95	66	60	53	81	95	71	62	57	81	62	69	88	55	52	68	67	94	64	76	83	53	72	83	73	59	61	98	
66	88	93	63	77	63	95	76	80	61	70	84	83	82	61	61	87	62	56	54	59	92	74	86	77	89	98	91	78	62	67	54	65	81	67	53	71	68	76	86	81	67	99	67	81	83	73	69	65	54	72	61	66	76	70	86	67	64	57	77	
M2
77	65	66	77	96	90	75	60	89	97	54	72	56	67	92	85	55	77	63	90	74	73	62	61	89	51	64	54	94	57	89	69	86	95	64	89	56	80	72	85	91	96	54	99	55	81	83	61	61	79	62	52	89	58	93	64	89	92	74	64	
97	74	50	74	59	61	77	81	76	56	76	74	70	55	83	72	91	83	80	77	83	95	93	85	54	54	98	88	83	61	77	59	80	98	50	94	79	75	79	90	50	63	76	69	96	51	50	55	70	67	84	89	82	93	85	73	50	62	81	60	
59	86	95	96	55	85	75	71	94	83	77	51	63	86	50	64	64	97	77	74	84	54	55	86	82	90	85	98	74	64	92	66	83	89	53	59	59	65	83	60	51	94	59	53	94	62	66	92	81	72	71	83	67	76	80	55	81	78	63	98	
81	88	62	63	78	63	77	51	86	62	98	92	97	76	51	86	59	59	96	56	95	92	58	57	65	93	86	68	53	73	71	89	94	91	79	87	85	69	67	86	64	61	53	76	57	61	90	54	84	97	96	93	89	78	59	66	94	91	75	60	
94	58	79	93	86	53	85	66	73	96	80	80	81	68	79	82	96	68	93	80	82	98	67	53	98	87	66	86	59	99	74	99	69	82	80	94	82	93	53	63	50	86	99	80	67	68	51	86	71	89	62	80	57	84	72	91	88	63	66	62	
92	59	72	59	80	73	81	57	96	50	99	91	51	75	93	78	98	79	81	68	52	94	89	94	63	76	61	88	72	89	94	52	85	69	89	50	67	75	80	82	78	99	86	61	83	84	90	66	63	66	84	55	67	91	75	80	60	87	58	78	
84	83	96	99	67	73	50	85	85	62	88	84	73	83	83	89	76	78	86	98	85	79	57	98	59	82	91	60	86	62	75	91	73	64	73	73	67	58	66	92	52	71	63	86	96	68	99	95	87	96	80	55	64	68	65	73	99	98	89	56	
79	64	84	80	90	79	62	87	94	69	82	82	72	84	61	65	53	89	89	64	56	55	84	68	94	71	62	51	74	94	89	50	79	63	51	70	90	67	93	77	57	86	86	55	80	94	64	70	67	61	92	75	64	62	72	83	92	57	69	57	
62	96	53	67	72	67	88	68	72	50	58	81	95	66	56	59	55	74	91	80	70	93	53	85	78	54	86	61	75	87	83	50	59	52	89	57	98	90	71	97	80	77	92	91	84	98	79	97	79	84	62	94	58	62	64	78	75	86	86	64	
52	91	84	72	76	85	67	93	74	56	74	93	89	70	94	50	74	95	53	95	97	87	55	64	77	96	81	70	84	72	59	90	92	83	68	71	97	60	86	83	71	55	71	70	87	87	64	59	85	78	79	53	78	74	91	90	58	80	81	52	
80	67	91	86	99	79	89	75	62	78	87	55	59	56	83	90	95	51	51	59	50	60	68	78	69	63	56	95	73	59	90	80	78	95	89	96	75	76	72	66	86	79	98	69	75	73	85	86	50	65	73	72	95	99	97	54	90	82	51	86	
85	74	59	55	56	53	73	91	81	74	94	50	65	98	66	65	93	93	83	99	81	86	60	76	50	72	82	70	54	78	74	64	85	74	57	95	66	67	75	69	81	70	91	64	95	63	90	99	96	93	59	97	69	97	90	93	82	69	93	97	
59	90	63	86	84	65	88	72	54	97	57	97	65	89	54	55	51	83	96	58	76	50	59	54	70	53	96	77	64	81	69	66	72	63	73	75	89	70	76	66	65	97	93	50	79	72	91	63	61	60	56	86	68	50	57	98	84	98	65	67	
84	95	64	75	74	80	82	98	83	91	90	97	51	53	56	56	81	73	52	58	58	52	74	85	78	81	79	88	98	82	67	56	65	76	53	60	53	77	84	51	97	98	53	79	96	53	56	91	68	86	91	80	62	50	94	84	71	78	88	93	
82	65	72	89	83	73	69	80	91	50	59	66	87	66	84	88	77	89	56	96	87	84	86	92	91	94	86	68	74	50	56	84	50	50	55	84	90	54	94	86	71	59	57	95	94	93	67	99	56	92	65	68	52	98	60	92	84	75	95	98	
93	91	71	80	53	69	92	55	68	86	70	72	81	60	65	83	84	67	87	75	71	50	83	92	72	84	80	85	81	90	72	63	94	89	61	63	54	84	76	99	59	71	50	92	79	95	73	86	70	98	56	73	61	70	66	88	82	64	91	51	
85	68	89	58	93	89	58	96	86	67	68	96	88	77	54	60	77	96	59	88	95	82	63	63	60	84	55	74	90	68	68	55	62	81	61	93	55	87	70	56	78	60	83	57	82	83	54	56	75	73	96	52	60	74	69	82	79	90	70	72	
67	50	52	94	93	57	84	87	92	56	95	60	89	86	81	51	92	87	84	75	92	73	91	91	52	71	66	99	66	88	67	71	90	99	73	57	87	83	65	60	81	86	90	92	68	76	74	91	74	57	85	94	68	89	54	66	95	76	66	88	
58	84	56	81	72	74	85	92	74	65	96	99	61	94	53	50	89	89	88	52	64	90	87	72	72	73	99	75	66	52	51	60	81	55	63	73	97	75	78	67	51	87	72	83	74	87	78	73	57	78	70	73	77	89	62	89	66	98	77	73	
87	51	91	93	60	55	58	62	55	97	94	59	92	80	82	71	58	55	94	86	89	97	78	83	77	73	72	86	71	79	59	66	56	74	99	83	95	84	95	90	66	70	64	92	96	72	75	62	84	55	57	70	65	73	58	79	66	91	98	78	
67	77	79	75	52	78	64	58	56	93	54	73	56	91	63	68	91	58	97	69	72	75	85	66	90	58	85	81	72	69	53	53	85	74	98	99	79	65	79	64	84	50	54	58	56	59	92	78	98	55	53	73	56	76	75	81	83	81	76	76	
60	71	65	85	72	83	69	50	78	96	95	77	65	55	88	58	69	79	77	66	98	79	79	95	97	72	87	78	70	84	66	85	99	98	55	77	98	59	58	60	92	65	90	95	89	76	65	97	58	99	74	82	75	60	93	53	65	79	83	92	
78	81	86	73	76	79	50	71	79	65	96	99	57	58	65	58	91	77	83	68	86	72	91	61	54	59	96	60	92	72	68	90	53	73	84	99	83	70	82	96	85	92	63	99	58	94	72	62	75	98	92	51	95	51	91	72	74	63	81	70	
58	89	75	56	99	86	96	55	52	94	87	97	54	87	97	63	72	84	75	91	96	80	98	75	63	98	74	66	99	57	70	64	85	73	96	68	58	80	77	82	62	59	70	93	91	74	85	59	94	65	72	63	64	91	96	82	70	56	71	89	
70	95	77	67	79	59	54	90	63	64	93	66	85	61	52	79	57	65	88	89	76	74	61	82	60	59	71	65	70	72	63	76	76	84	59	99	67	73	72	85	90	93	50	85	98	70	52	75	84	62	97	96	96	73	64	80	88	99	77	70	
62	79	51	72	93	53	84	99	98	62	69	50	96	81	84	96	94	95	72	83	82	60	75	73	62	60	62	82	60	97	71	65	87	51	85	82	76	82	61	97	65	81	58	69	57	70	91	54	61	52	86	89	54	93	70	84	70	85	65	72	
59	55	96	94	80	69	68	91	56	69	72	92	92	59	68	58	80	80	53	77	93	65	66	55	93	76	76	86	81	90	73	98	54	79	71	61	72	64	81	95	96	53	50	65	75	82	88	63	76	87	95	83	96	81	96	85	92	75	84	94	
99	60	88	61	97	92	75	60	68	86	84	78	51	56	76	55	90	81	94	67	73	82	58	70	72	83	73	94	53	74	90	73	70	67	89	96	79	54	71	61	75	90	96	50	61	93	80	84	97	76	75	86	59	51	59	71	62	69	64	77	
85	68	61	69	55	63	73	77	61	74	69	99	97	98	61	85	91	59	62	76	96	99	94	76	81	79	70	66	79	89	78	61	54	70	71	75	68	60	97	82	69	96	56	84	78	82	52	64	58	82	95	59	72	78	99	93	82	72	71	56	
70	55	74	73	83	81	82	55	86	90	76	86	58	69	88	58	55	76	69	92	61	69	78	59	71	94	51	56	75	85	88	73	60	54	77	83	90	70	61	51	68	69	56	98	81	65	51	80	65	96	80	57	70	54	84	89	61	94	82	54	
58	84	77	64	75	63	65	51	82	72	57	74	54	61	78	72	81	68	57	80	60	62	93	58	53	89	89	82	51	60	63	67	96	56	89	81	85	80	91	97	59	67	67	52	73	90	69	54	74	79	94	92	80	71	70	74	54	96	77	59	
53	50	70	94	83	62	52	88	98	58	64	93	93	97	51	90	66	78	98	69	60	61	95	78	94	85	56	69	97	64	59	83	84	57	82	86	94	79	74	51	53	63	91	58	66	73	62	89	73	62	96	96	89	61	50	66	69	62	58	67	
95	55	79	53	92	72	73	96	85	82	78	77	77	67	96	93	53	83	76	95	90	97	58	85	90	84	75	93	66	87	86	75	70	95	59	70	80	78	82	92	88	68	63	80	61	88	82	76	88	62	68	92	93	90	54	91	65	59	67	50	
89	82	50	91	87	84	64	73	76	72	54	84	98	74	98	75	63	57	66	97	98	84	76	69	98	76	66	98	66	86	86	73	98	59	82	68	62	71	99	66	74	69	55	71	82	78	89	59	59	96	76	90	95	58	74	74	73	73	73	64	
92	80	99	90	64	75	96	74	93	84	53	99	66	60	57	80	53	64	91	55	90	54	75	88	58	84	95	59	76	57	80	53	94	92	65	59	96	88	74	89	83	70	58	76	96	68	83	83	80	95	65	96	96	58	75	97	69	50	79	63	
65	95	99	67	54	54	72	71	51	55	81	64	53	92	72	59	86	59	74	94	86	90	74	54	77	66	85	83	50	75	93	84	94	50	75	93	72	65	82	57	60	86	59	98	57	50	53	82	60	84	82	97	89	50	94	50	54	97	50	70	
85	81	70	53	86	69	51	63	57	50	57	93	81	80	54	75	82	67	76	56	76	51	82	61	89	97	65	86	84	71	90	73	79	58	70	51	91	67	89	88	54	89	70	51	79	81	74	99	66	56	74	67	95	77	79	94	56	72	72	67	
94	92	68	78	58	59	83	75	84	92	61	82	68	55	94	67	76	50	69	87	71	69	52	94	61	76	77	52	68	52	68	61	76	72	87	92	92	59	63	98	87	69	70	78	81	64	82	68	78	55	90	69	77	84	82	88	86	96	88	96	
70	71	82	69	79	99	61	51	77	58	59	58	56	68	61	50	84	78	86	89	98	92	68	63	57	51	62	99	95	79	67	91	81	56	83	79	60	90	60	81	72	51	75	51	67	56	82	68	77	71	97	87	80	76	91	81	51	80	63	99	
81	90	76	96	65	64	67	62	54	68	56	82	62	58	74	51	85	65	50	89	52	77	99	58	70	77	71	61	77	79	77	69	80	82	96	94	89	80	72	86	55	62	96	92	69	81	64	97	94	80	62	51	88	76	83	65	79	86	59	79	
55	80	60	52	68	72	54	51	65	55	79	83	83	74	61	99	93	67	70	86	80	86	63	96	77	84	99	58	52	73	66	89	70	57	67	59	56	62	54	59	65	86	90	95	95	80	96	80	68	99	78	54	65	84	58	90	75	91	88	59	
67	75	76	52	56	50	59	79	99	59	64	63	85	91	59	76	76	90	70	99	77	86	81	67	68	95	86	55	97	60	83	60	74	91	57	54	62	97	64	86	78	50	95	57	97	92	83	84	70	58	63	50	60	73	79	76	59	96	88	51	
80	83	99	91	97	78	52	93	96	78	64	85	64	82	56	60	76	99	75	99	54	62	86	68	93	53	50	97	82	90	71	59	91	98	73	70	88	98	87	58	78	58	57	91	67	57	60	61	94	58	84	58	94	73	75	99	78	51	70	85	
69	92	87	86	61	92	86	69	68	71	55	73	77	69	62	90	65	57	68	70	50	85	53	95	86	64	66	78	59	99	93	97	66	97	89	75	70	78	63	50	69	87	98	64	66	59	75	57	85	67	70	91	89	80	96	56	94	65	93	64	
76	86	59	95	74	52	78	95	83	67	76	96	96	52	50	81	78	87	54	63	62	69	60	61	54	87	85	65	50	93	91	66	95	84	86	81	82	60	92	52	51	89	99	72	84	65	81	96	89	71	55	59	52	61	81	52	77	51	81	79	
69	56	69	70	61	87	94	59	90	82	53	94	86	60	75	52	62	86	72	72	53	94	62	87	57	57	79	72	63	52	67	83	61	65	82	78	85	56	73	88	97	78	61	60	58	97	67	79	96	63	56	54	71	87	65	73	63	52	55	99	
72	98	80	70	82	76	80	90	66	83	91	51	57	59	65	87	72	92	69	55	52	98	82	50	65	63	67	68	51	79	89	63	63	67	96	80	57	68	53	98	57	84	76	59	93	90	96	57	57	96	97	58	66	92	95	63	69	92	94	56	
59	62	87	80	63	73	54	76	69	69	70	77	81	51	88	93	84	78	65	80	57	59	60	92	57	55	76	63	74	68	56	83	58	57	93	91	91	88	95	66	60	99	56	68	68	94	98	73	54	58	83	73	97	92	94	61	88	76	80	70	
66	59	81	94	67	54	87	63	99	60	67	95	60	70	51	69	50	83	76	76	70	81	99	80	83	52	76	69	53	89	58	55	89	58	96	60	53	76	81	97	62	60	61	72	77	76	86	91	61	51	56	63	66	61	73	96	84	82	88	63	
78	94	78	77	61	87	92	74	68	60	54	91	89	96	65	97	65	66	77	84	74	86	50	93	83	92	84	81	61	63	85	64	64	80	71	75	89	79	64	99	96	96	83	89	93	99	85	60	96	69	88	52	96	97	76	98	98	82	95	95	
75	95	70	84	57	93	98	94	82	89	79	53	85	83	93	81	63	79	98	79	55	74	64	71	60	87	88	56	91	90	67	59	98	88	80	83	54	62	51	96	60	83	85	64	64	52	57	93	86	74	84	63	57	69	62	88	62	82	75	92	
53	84	58	75	75	66	63	61	63	59	50	94	66	52	64	65	99	68	63	63	67	83	80	82	84	91	72	79	87	97	83	81	93	75	97	95	96	88	83	58	80	84	67	55	63	53	65	56	65	58	60	71	87	85	96	69	89	57	79	75	
92	55	56	62	96	77	89	83	88	80	51	66	95	63	67	91	93	64	73	93	55	52	81	94	94	51	50	71	63	97	56	54	98	56	53	69	73	69	90	58	73	97	62	57	56	77	79	51	79	94	97	67	68	77	99	89	69	65	93	53	
50	51	78	53	76	51	66	97	96	96	97	67	50	63	74	88	78	99	52	75	82	72	80	71	93	74	80	64	56	59	83	73	78	59	56	50	66	77	74	75	79	51	69	82	81	79	91	71	56	51	61	54	82	61	72	84	50	58	81	85	
83	59	73	81	79	84	76	70	94	65	58	62	82	65	79	98	85	90	92	94	88	79	82	59	83	87	60	57	79	67	78	93	64	70	83	55	97	80	67	54	90	67	81	89	91	87	54	58	64	61	63	67	90	90	88	71	76	80	88	67	
71	85	97	80	87	52	75	96	94	52	87	64	62	50	87	78	88	51	99	87	93	53	94	84	72	75	64	96	83	57	99	63	79	75	78	74	62	73	81	95	82	52	58	68	69	99	87	86	83	57	54	87	65	73	65	65	56	75	84	95	
58	88	51	59	74	67	55	83	69	53	68	98	50	53	55	72	92	52	86	95	52	63	99	76	70	65	66	96	52	92	53	61	51	56	56	72	63	67	68	62	52	50	69	74	82	82	57	84	93	90	87	65	52	62	72	67	59	96	79	66	
98	68	85	78	97	74	94	83	55	68	60	78	58	81	94	87	50	73	85	57	67	85	78	94	76	76	85	77	80	93	92	56	52	52	94	72	96	91	84	84	64	99	61	86	54	87	82	94	66	54	80	56	78	65	61	95	52	94	88	52	
97	69	65	94	75	85	61	99	88	72	51	91	80	92	92	86	52	61	61	88	83	63	60	63	89	58	79	72	54	94	72	79	98	71	50	53	75	58	69	94	70	62	70	68	53	80	83	58	77	76	52	69	99	53	80	57	65	80	58	98	
60	53	65	96	87	61	80	55	90	75	83	74	64	82	86	71	58	50	87	71	80	99	69	73	91	52	85	95	68	69	84	76	54	81	72	60	72	69	95	56	79	76	66	90	83	72	66	67	95	55	93	54	59	87	61	79	91	86	77	78	
M3
84	70	78	77	76	97	82	63	56	63	62	68	81	97	69	96	66	63	51	55	71	57	53	61	56	59	58	85	79	61	70	52	53	54	57	57	75	96	99	72	92	90	82	62	87	51	82	84	81	74	78	92	78	92	50	62	80	91	71	77	
54	55	82	50	74	84	71	88	91	81	67	65	83	61	83	51	63	83	95	65	52	58	63	80	66	51	83	97	64	64	68	98	53	80	76	71	59	58	95	71	90	65	96	57	67	52	55	98	71	79	54	53	59	91	58	80	57	89	85	63	
85	57	64	99	74	78	56	63	78	99	87	82	68	86	76	88	72	70	50	88	71	60	89	80	83	92	66	76	64	59	91	81	52	61	81	52	83	85	65	76	77	96	84	97	82	72	80	52	59	52	68	95	56	89	96	64	91	61	89	83	
97	84	91	71	94	55	90	74	89	93	91	85	73	93	50	52	74	61	73	60	63	55	55	76	71	99	82	95	95	53	54	66	83	86	72	69	75	64	77	88	79	55	60	68	60	60	66	51	80	68	50	81	96	63	95	72	53	76	91	57	
65	70	91	91	66	87	68	92	91	82	67	83	98	86	57	55	77	61	61	71	56	65	75	51	81	70	66	60	67	89	53	72	72	80	68	66	62	57	90	50	74	81	94	77	51	74	64	68	68	95	93	78	56	96	55	91	73	84	68	90	
73	61	56	93	71	75	68	53	81	59	76	72	81	73	89	91	63	87	54	72	89	74	64	75	62	70	81	62	78	89	56	78	96	56	84	86	56	66	62	50	81	83	87	67	76	90	91	91	87	88	62	79	80	71	72	93	51	63	85	80	
50	83	68	84	94	85	62	64	65	87	73	85	63	87	74	57	74	67	97	70	73	77	87	88	59	79	66	86	70	97	57	68	98	70	69	93	70	71	84	52	98	77	61	52	68	96	52	68	62	89	74	50	55	68	91	82	77	50	85	75	
60	71	75	54	69	57	85	61	91	54	65	93	63	61	95	66	71	56	59	71	97	95	93	66	61	58	63	53	57	77	94	97	91	91	93	71	83	73	80	50	88	94	57	63	68	65	53	51	92	64	76	87	70	94	98	79	97	63	96	70	
82	79	74	79	91	96	78	79	51	65	85	91	98	73	58	56	65	89	80	98	86	87	52	51	61	51	70	71	82	88	82	92	74	91	50	73	75	88	87	58	66	86	61	96	73	51	63	61	60	75	98	69	93	74	50	85	53	70	99	93	
95	52	91	54	54	97	92	88	88	98	78	85	83	67	86	70	99	67	57	71	87	90	94	90	80	77	90	74	91	70	90	52	86	58	55	94	69	73	52	66	70	69	93	66	80	95	79	58	87	97	53	69	54	72	80	61	74	55	59	92	
54	67	73	50	94	58	64	52	67	80	63	62	61	93	99	96	89	56	79	86	58	86	88	96	64	91	95	76	86	93	88	72	64	95	50	65	63	79	61	89	56	71	85	95	63	74	55	92	75	50	84	51	74	70	59	50	78	55	91	89	
90	96	91	99	73	87	93	80	52	65	55	81	87	97	81	71	70	64	83	74	60	97	76	61	75	84	75	91	53	51	93	63	56	82	93	70	66	93	84	69	93	62	52	89	76	91	60	67	92	96	66	95	64	54	81	50	77	57	53	86	
74	87	97	81	64	73	50	87	90	89	73	74	90	56	91	90	92	85	65	57	90	90	54	64	68	93	58	67	92	76	58	90	56	88	71	73	94	65	60	53	87	61	51	56	61	64	95	89	75	65	52	67	54	66	97	99	87	58	53	53	
54	95	57	80	72	80	82	97	71	77	99	70	56	62	72	60	52	83	84	83	86	98	56	81	63	71	57	80	75	89	93	73	99	50	84	92	86	67	72	65	93	83	98	88	62	82	94	91	64	52	67	97	55	88	75	88	56	60	71	92	
97	72	54	51	82	98	69	85	64	75	62	68	94	65	54	63	66	50	76	77	52	90	60	58	74	91	82	69	97	68	91	64	61	79	66	51	65	58	76	95	58	61	84	78	80	99	57	51	57	56	88	69	74	72	52	93	82	67	90	72	
90	53	98	81	61	78	98	77	56	86	65	80	61	54	96	88	62	78	90	96	59	73	63	58	86	56	63	63	90	57	79	50	59	56	70	70	52	80	59	55	60	86	58	75	72	80	67	72	81	79	53	88	99	97	55	72	97	81	64	73	
91	62	70	68	62	96	55	72	83	64	56	54	99	84	99	86	97	52	87	84	83	68	76	62	62	95	63	56	67	94	74	88	80	64	75	93	84	77	88	89	90	82	70	50	75	95	69	70	57	99	99	81	99	67	63	63	58	60	79	73	
83	51	91	60	62	80	75	86	74	68	50	93	55	72	65	71	80	50	74	97	72	98	60	52	85	56	64	92	83	95	85	88	83	65	77	81	98	71	59	55	57	67	95	81	89	85	60	50	96	65	86	71	62	61	62	79	72	54	61	94	
97	77	93	76	50	89	98	63	71	78	51	72	53	67	92	67	58	63	52	95	59	81	58	92	51	81	94	88	56	90	86	97	52	84	88	63	95	78	87	91	64	66	93	56	91	63	86	50	59	82	81	60	73	55	83	58	81	57	70	60	
83	84	91	71	99	68	65	84	50	63	82	51	95	90	97	64	66	76	69	69	52	80	75	77	87	63	96	82	58	59	66	71	59	98	68	50	83	79	91	97	63	71	57	52	68	78	79	94	63	87	58	50	77	60	95	61	51	85	55	57	
76	86	75	69	92	70	80	89	56	55	80	73	50	65	72	58	63	77	69	61	59	89	50	67	91	90	92	74	93	74	88	62	93	79	98	91	56	92	73	88	83	60	56	82	79	85	84	55	72	61	71	74	79	54	88	69	56	87	71	91	
84	87	51	60	67	71	52	62	66	92	58	76	69	79	62	69	81	53	60	83	76	65	55	72	53	54	88	89	57	72	88	50	52	54	92	82	65	60	66	84	53	94	56	61	76	76	76	96	79	93	53	77	60	61	61	58	57	83	61	76	
87	68	92	56	66	56	93	97	85	96	96	84	51	56	88	85	82	83	58	69	71	61	78	59	59	56	77	75	72	76	54	83	80	74	50	67	58	83	91	60	67	82	91	86	81	91	54	73	90	55	53	57	78	68	79	63	99	87	62	53	
73	74	72	94	95	99	70	74	75	78	95	92	69	67	50	80	78	96	61	96	76	98	97	75	72	84	97	75	95	77	98	57	84	63	83	97	90	63	95	93	50	67	53	61	55	99	93	91	95	57	84	84	84	96	55	98	53	66	64	99	
75	64	89	70	83	67	69	69	79	73	76	78	60	76	87	73	65	96	97	51	69	71	64	99	90	80	90	56	83	80	66	63	62	99	76	62	94	75	63	70	80	59	72	95	79	57	94	71	83	54	63	62	99	53	63	60	61	59	78	58	
96	57	67	94	65	59	86	66	91	67	72	85	60	71	75	88	86	71	53	56	69	93	57	65	92	63	73	99	90	63	71	92	71	55	87	84	97	78	85	82	98	75	58	72	56	51	51	68	96	57	74	56	83	65	75	56	59	56	62	55	
79	83	60	82	61	89	91	75	78	85	80	75	63	57	85	65	82	70	78	69	60	57	95	53	61	81	54	96	80	50	76	76	73	64	79	79	68	95	51	54	96	68	95	54	52	70	62	81	50	90	67	86	93	66	79	84	90	66	78	77	
78	67	84	74	83	74	84	64	78	55	75	96	93	68	83	83	63	62	62	95	73	54	79	77	96	88	53	68	90	50	92	62	61	76	61	58	69	71	76	68	61	57	95	89	99	85	73	91	61	73	81	99	71	64	66	89	76	64	76	88	
95	95	66	73	89	67	58	51	92	60	89	72	79	50	94	81	82	89	82	56	79	59	52	61	82	93	67	51	91	76	55	81	63	90	97	53	55	97	70	78	50	68	91	63	73	88	85	98	56	76	95	80	83	88	62	66	74	78	66	75	
62	83	87	57	59	87	79	87	92	89	61	91	86	71	72	71	50	85	64	71	96	88	78	91	54	76	65	55	56	60	58	74	67	79	95	92	80	61	56	86	88	71	69	71	55	51	53	95	60	65	90	92	59	71	77	81	82	53	94	90	
94	54	57	79	75	77	86	53	57	96	57	95	78	83	59	58	52	75	67	72	81	70	50	82	58	81	73	75	56	58	65	98	80	94	91	80	53	58	76	65	73	57	96	76	78	99	61	70	86	51	84	86	53	56	61	65	68	98	65	52	
62	90	70	75	64	50	88	99	86	80	76	86	65	55	66	57	69	91	82	79	96	94	52	70	80	62	59	88	61	95	94	63	69	97	53	76	67	51	78	56	72	59	78	83	58	64	50	56	77	82	79	56	78	61	57	68	80	75	70	74	
93	63	56	88	98	60	59	85	80	77	95	71	54	88	80	65	85	81	87	98	60	52	59	81	94	51	78	90	75	89	95	55	88	80	76	65	60	86	74	56	64	57	64	82	64	88	60	60	78	85	63	83	59	67	60	60	94	98	75	65	
97	50	79	67	72	90	51	88	94	69	95	70	63	98	68	54	91	55	53	71	73	69	64	57	71	64	93	62	60	80	94	68	52	82	84	90	63	96	51	82	70	58	91	92	78	93	95	76	76	95	74	59	88	84	59	55	91	72	64	77	
91	83	63	50	95	64	86	67	70	52	80	58	62	69	55	54	97	52	80	78	74	97	93	65	58	68	57	84	80	88	60	92	68	89	52	59	57	58	97	77	56	92	61	69	72	52	81	89	83	61	54	97	88	68	97	65	95	59	67	69	
98	54	51	87	71	79	70	53	74	83	93	55	69	72	99	89	92	97	99	86	54	99	70	90	90	71	95	66	77	88	59	52	76	76	83	67	99	69	53	61	70	82	73	50	94	58	63	81	77	62	64	88	86	98	86	76	81	75	99	89	
80	98	69	94	61	73	80	77	70	63	99	66	76	90	69	74	90	53	95	84	60	91	96	89	79	82	72	92	98	95	89	63	62	96	93	92	90	97	91	65	57	80	59	60	54	61	71	93	79	78	81	80	72	99	70	91	94	94	51	85	
85	63	71	96	61	85	76	79	64	95	69	83	79	66	65	94	61	79	96	86	92	82	71	81	54	73	97	84	55	71	52	80	56	99	59	73	58	92	51	82	57	66	58	58	67	70	65	66	92	84	54	93	75	72	58	51	83	66	61	61	
98	82	82	67	91	70	63	77	76	84	56	93	60	53	92	60	61	81	77	95	67	51	67	98	70	50	77	60	54	97	53	80	61	75	53	82	75	58	50	75	92	88	94	65	78	75	82	65	74	76	83	89	81	50	81	50	71	68	91	55	
72	82	69	52	98	51	94	63	92	90	97	58	75	64	91	54	84	72	62	63	83	90	84	78	99	78	64	51	55	93	64	63	93	86	69	72	61	57	79	62	64	96	60	65	90	72	76	86	80	65	73	53	60	61	55	55	77	77	55	75	
82	68	86	78	62	73	75	96	51	83	85	88	87	51	65	56	94	75	58	82	97	89	51	52	55	75	63	93	85	64	52	69	53	75	72	95	84	52	85	87	77	85	57	75	61	69	74	74	95	60	63	84	57	66	83	99	51	82	70	56	
68	69	72	69	64	91	94	82	75	98	54	55	63	61	61	68	93	58	80	76	69	77	61	52	72	69	86	75	83	64	89	80	86	79	82	88	80	66	56	83	50	94	89	91	80	74	99	81	98	97	62	88	80	73	69	90	70	81	72	56	
77	84	83	93	88	65	60	77	78	87	96	81	99	93	58	71	65	73	81	89	83	69	98	88	88	94	75	82	64	87	71	89	54	73	58	57	50	63	86	91	50	67	77	70	55	50	56	62	60	81	51	89	99	73	61	61	74	63	60	82	
57	81	56	86	81	98	57	66	62	91	86	83	61	98	59	59	61	57	89	64	61	80	88	87	69	53	88	94	66	73	95	92	94	61	55	85	62	64	98	61	51	99	64	68	65	66	92	71	78	72	52	89	65	67	83	68	85	55	97	91	
61	79	76	73	56	81	55	87	69	56	82	76	96	76	68	85	76	81	91	53	55	96	68	58	79	54	89	72	97	67	62	72	80	54	92	58	86	93	96	80	68	59	81	95	53	58	72	87	64	83	72	72	71	67	64	88	75	55	67	60	
75	56	86	79	68	73	68	99	54	53	55	99	81	77	59	94	54	89	79	73	65	98	54	97	79	64	98	98	53	95	60	71	90	85	64	91	89	69	67	99	64	60	82	93	71	66	72	61	81	68	72	59	56	93	87	89	57	64	90	84	
55	90	91	95	76	78	91	76	65	74	66	60	67	82	97	86	81	77	93	69	72	52	51	53	69	93	56	94	96	90	74	74	86	51	93	64	63	71	54	94	98	50	75	55	58	66	80	73	52	72	70	89	74	53	82	66	62	67	71	70	
90	53	80	64	83	98	62	98	51	64	57	55	90	92	86	62	81	65	51	79	83	99	65	52	67	64	67	57	98	74	64	95	66	69	72	97	94	65	50	69	80	65	67	69	86	55	90	89	70	93	77	88	84	78	75	84	99	89	99	90	
89	52	70	83	58	80	74	67	63	98	71	90	89	59	68	75	57	94	68	73	68	95	64	60	60	87	98	75	89	92	98	56	72	57	77	83	80	76	99	95	51	76	68	59	88	98	60	85	75	83	75	54	80	62	99	50	99	86	51	87	
61	91	77	80	81	76	91	73	58	87	60	89	90	70	85	67	74	81	60	80	54	94	59	72	92	60	55	63	59	80	96	57	81	79	75	69	94	71	59	91	84	85	81	92	66	75	71	56	59	58	83	85	73	56	74	97	88	78	50	80	
82	78	50	54	76	80	88	99	75	51	73	99	50	65	94	74	78	59	92	55	80	99	86	81	78	70	99	61	65	79	94	98	83	67	72	61	67	85	58	98	70	85	58	54	65	85	95	56	68	55	55	67	60	98	61	51	62	79	51	77	
84	80	57	90	79	73	74	67	84	72	60	75	71	62	72	93	56	78	60	66	73	78	57	68	94	83	64	67	86	56	96	80	93	95	88	56	66	74	58	84	71	60	59	66	82	82	87	82	70	57	60	64	99	84	72	52	98	71	74	73	
95	59	68	95	96	91	51	83	87	56	84	75	53	57	99	52	65	96	97	77	57	83	52	88	93	51	56	74	89	58	77	98	79	70	59	56	92	69	99	59	55	65	89	67	72	85	96	92	76	88	97	54	72	76	95	60	71	54	65	89	
94	88	76	85	90	84	99	86	68	85	62	86	79	72	90	69	74	56	86	70	86	88	55	56	97	89	60	89	89	94	54	54	88	55	95	64	97	84	98	74	94	76	52	50	75	99	75	88	75	96	65	66	94	56	51	81	94	92	67	70	
70	62	83	59	94	99	80	76	63	64	81	73	90	84	90	88	66	79	73	65	52	92	89	51	56	80	90	94	98	59	89	93	59	59	94	66	92	75	56	54	78	62	95	60	73	81	68	82	57	53	50	78	55	70	81	87	61	50	95	73	
87	61	54	52	83	69	75	98	94	83	58	68	91	92	93	79	94	62	70	65	83	80	54	87	83	70	84	74	54	79	97	84	54	91	84	56	58	96	65	53	64	72	80	99	93	60	67	81	62	61	63	60	76	65	76	51	84	85	53	56	
92	68	64	88	50	76	86	74	60	86	84	56	68	57	70	52	67	75	82	59	81	73	59	68	54	63	80	57	68	63	51	59	86	52	96	82	54	95	90	69	73	66	84	50	95	84	86	82	78	70	62	87	90	76	78	78	97	61	55	71	
84	78	73	51	50	82	50	76	75	94	71	58	87	55	92	75	87	79	62	83	55	72	51	50	74	67	97	81	86	66	95	96	85	69	87	70	51	80	68	75	55	93	61	75	72	95	88	56	79	74	73	96	91	50	71	72	50	56	94	67	
73	98	77	74	82	64	69	63	80	51	86	89	98	79	80	56	88	95	62	67	77	94	69	90	70	57	69	98	77	59	56	72	55	60	94	62	87	66	58	87	54	87	90	76	81	76	60	88	72	65	72	91	81	74	58	62	73	54	91	81	
98	72	77	82	52	96	54	95	77	80	79	63	51	50	85	55	66	67	96	87	88	64	65	57	79	81	85	65	73	91	51	76	87	68	82	92	58	62	52	79	68	86	75	91	94	94	62	58	78	73	55	79	61	70	79	50	74	59	58	55	
