20  6  1
6
	0	91	1	44	2	78	3	4	4	83	5	81
	0	36	1	11	2	90	3	31	4	34	5	72
	0	29	1	19	2	77	3	57	4	8	5	37
	0	35	1	96	2	71	3	66	4	18	5	38
	0	61	1	27	2	31	3	5	4	94	5	67
	0	2	1	73	2	46	3	100	4	86	5	91
	0	76	1	61	2	8	3	37	4	49	5	28
	0	90	1	48	2	34	3	31	4	75	5	89
	0	82	1	55	2	49	3	37	4	10	5	99
	0	11	1	8	2	58	3	52	4	59	5	43
	0	79	1	90	2	78	3	31	4	91	5	26
	0	56	1	44	2	93	3	41	4	62	5	100
	0	29	1	90	2	56	3	89	4	53	5	72
	0	26	1	18	2	19	3	83	4	67	5	75
	0	16	1	14	2	41	3	3	4	4	5	52
	0	90	1	37	2	34	3	92	4	96	5	57
	0	50	1	86	2	95	3	42	4	15	5	62
	0	98	1	39	2	1	3	9	4	81	5	85
	0	30	1	6	2	40	3	37	4	74	5	29
	0	19	1	100	2	37	3	85	4	66	5	60
SSD
M0
0	73	39	51	67	44	44	4	21	48	61	7	39	7	50	54	39	34	68	62	
40	0	41	31	49	41	9	41	32	44	2	50	18	64	5	16	4	38	31	64	
67	66	0	53	60	86	67	15	71	66	44	68	37	41	43	8	36	5	28	61	
6	27	62	0	25	62	72	62	69	48	20	34	47	7	50	46	67	34	42	37	
67	14	51	42	0	52	59	5	22	48	52	34	68	7	49	21	54	2	81	73	
46	56	83	5	65	0	76	80	31	53	15	17	48	31	67	9	21	58	62	35	
53	63	51	19	65	40	0	32	37	26	50	11	9	60	40	33	25	73	75	39	
33	64	90	2	62	94	11	0	41	69	27	45	84	44	58	67	89	35	74	66	
57	71	50	16	13	68	55	3	0	76	50	48	25	58	54	24	35	20	75	62	
16	26	21	29	87	46	50	48	10	0	13	48	39	71	3	57	53	36	53	26	
48	10	9	7	2	40	55	3	66	46	0	48	51	26	51	20	7	3	11	13	
50	23	71	26	57	19	68	58	52	60	30	0	59	52	38	30	9	29	16	49	
89	78	13	59	75	80	55	34	39	63	29	49	0	22	55	50	20	47	66	80	
42	40	47	38	54	40	43	29	36	15	39	1	53	0	17	21	39	1	72	52	
19	7	20	10	70	27	52	59	23	23	23	29	20	52	0	38	34	17	39	60	
57	20	43	22	58	15	18	58	25	61	32	17	1	48	22	0	38	55	17	50	
61	47	12	58	9	55	51	56	30	34	58	37	78	10	48	49	0	37	69	57	
43	30	19	2	59	45	41	59	66	45	57	31	6	4	47	11	11	0	19	15	
10	73	61	26	11	81	72	34	25	36	9	16	65	53	50	63	57	48	0	3	
32	51	39	33	42	59	73	73	35	14	38	63	43	50	28	41	78	61	17	0	
M1
0	9	6	36	36	47	22	41	22	34	39	42	25	14	31	49	13	57	27	42	
69	0	20	50	60	27	2	36	26	33	19	34	53	84	11	58	1	41	41	68	
30	46	0	11	36	36	40	16	19	9	63	29	14	68	20	24	8	32	2	52	
55	64	46	0	71	23	13	70	53	31	45	29	51	49	38	59	61	1	60	6	
50	24	39	43	0	43	22	49	26	24	54	45	54	80	27	18	35	40	47	2	
9	26	28	23	74	0	1	62	37	13	54	34	43	67	24	28	38	31	42	64	
42	28	15	23	43	10	0	50	31	25	58	33	33	81	19	52	15	19	14	38	
74	27	48	56	45	60	37	0	24	33	57	16	44	23	44	18	39	56	62	7	
59	45	26	25	41	54	5	61	0	42	60	58	32	19	38	25	53	12	31	53	
33	29	7	30	53	19	42	41	18	0	46	13	22	51	3	50	34	15	21	60	
17	6	23	8	57	5	19	17	34	8	0	29	38	67	19	32	18	31	37	72	
47	24	21	31	67	8	37	55	32	6	54	0	12	63	17	60	2	29	22	50	
33	37	39	37	25	31	50	60	30	24	67	45	0	49	15	52	19	42	53	54	
64	8	39	16	4	46	21	55	45	47	38	48	35	0	30	49	20	60	36	16	
65	12	39	62	76	2	25	31	1	24	42	45	54	59	0	33	24	16	53	43	
50	29	1	31	47	19	42	36	18	29	59	8	34	49	3	0	3	33	22	52	
4	39	17	40	51	29	52	19	19	2	56	23	27	61	13	60	0	25	31	2	
58	53	23	39	75	47	28	52	46	41	83	57	49	74	31	19	39	0	30	10	
22	42	20	3	40	32	32	54	11	5	59	21	13	64	16	32	47	28	0	69	
83	15	42	64	67	53	26	39	52	59	45	49	74	45	37	4	27	40	55	0	
M2
0	1	31	25	70	18	45	54	57	13	40	33	6	33	33	27	23	4	61	15	
42	0	42	62	52	4	27	64	25	1	3	38	43	43	47	13	15	41	1	52	
33	29	0	60	43	35	18	60	46	48	66	29	21	84	56	35	51	39	54	36	
26	24	15	0	38	30	13	57	27	38	23	24	27	1	66	38	73	25	29	36	
20	41	10	26	0	15	30	5	36	18	32	34	7	10	20	16	56	5	38	16	
47	22	4	36	63	0	42	25	48	59	44	44	17	22	83	38	58	15	50	26	
7	3	44	34	17	9	0	36	69	22	80	3	15	58	47	18	64	13	28	24	
2	26	31	10	73	52	49	0	57	66	40	44	17	72	68	73	51	70	22	56	
55	11	62	43	52	63	61	19	0	3	17	33	52	49	12	63	79	56	39	22	
47	43	41	61	57	49	32	64	51	0	49	43	1	56	64	2	70	49	68	60	
58	8	59	67	36	25	51	51	43	57	0	62	48	67	2	22	29	46	85	57	
37	55	46	39	55	31	44	1	56	59	33	0	41	36	5	56	3	39	5	11	
3	32	28	5	22	45	36	7	42	53	38	31	0	16	59	61	13	40	13	51	
6	12	36	19	26	18	1	45	7	18	3	12	7	0	55	27	53	5	9	16	
23	19	16	24	9	17	8	45	39	31	72	19	5	50	0	26	54	3	44	14	
35	17	5	25	69	27	44	63	25	1	30	25	15	24	28	0	64	13	52	24	
24	69	43	24	80	1	85	57	30	51	35	44	43	69	65	64	0	41	23	3	
57	62	30	20	72	13	75	62	55	57	77	28	1	63	68	22	50	0	70	10	
27	66	1	25	53	64	55	44	65	31	95	66	3	75	6	57	32	50	0	61	
23	68	3	23	62	53	75	32	8	11	45	41	41	73	36	25	68	39	72	0	
M3
0	34	55	59	40	21	8	21	3	24	67	27	27	39	14	6	26	18	46	46	
18	0	45	16	55	20	28	36	25	42	12	10	19	46	29	28	9	25	52	24	
35	35	0	27	17	34	45	34	34	16	14	50	59	7	27	26	41	27	61	23	
18	54	72	0	30	25	30	43	11	37	89	49	49	34	36	28	11	40	54	25	
13	25	42	50	0	12	23	12	12	2	58	44	37	26	5	4	34	5	55	1	
20	18	49	31	2	0	21	19	5	9	50	20	44	15	12	11	41	12	48	8	
51	23	12	32	33	47	0	47	50	40	66	20	33	51	40	8	60	30	21	39	
61	37	12	7	43	24	48	0	55	45	70	78	64	55	17	18	3	47	46	25	
35	13	60	41	17	24	24	34	0	24	56	39	3	44	27	26	53	23	6	23	
22	34	51	49	4	20	32	21	21	0	27	49	46	35	14	13	43	14	64	10	
42	21	33	46	24	7	8	8	41	29	0	25	41	36	1	29	42	24	66	1	
72	46	46	45	54	3	27	14	31	26	9	0	10	30	38	49	39	9	67	41	
1	39	37	59	19	26	13	26	8	26	1	32	0	13	19	11	31	23	51	5	
20	52	8	39	58	39	15	39	27	7	24	51	25	0	32	30	35	16	70	56	
41	17	47	42	23	4	45	4	40	25	50	58	65	35	0	32	38	27	75	29	
68	19	52	30	51	64	64	9	34	8	42	36	9	31	57	0	43	49	76	57	
48	60	19	69	64	41	49	43	10	71	62	58	19	59	62	49	0	70	1	5	
68	42	28	67	50	33	9	33	49	8	69	66	37	12	26	31	21	0	64	56	
10	28	48	43	54	3	11	5	17	38	24	41	38	30	28	11	27	32	0	56	
30	6	16	18	12	29	40	29	29	19	21	47	32	4	22	21	46	22	22	0	
M4
0	92	79	43	50	3	33	40	91	78	65	43	44	60	20	21	49	38	64	58	
9	0	67	48	14	15	47	19	29	35	23	6	3	58	51	43	7	34	46	40	
72	32	0	46	17	62	51	48	43	5	11	60	5	50	38	57	67	47	47	12	
21	60	31	0	37	50	20	27	66	18	21	30	31	7	7	22	5	24	36	38	
22	73	33	19	0	86	46	35	65	46	21	67	46	30	44	57	6	8	45	11	
15	5	33	31	16	0	2	58	8	25	8	45	4	44	45	13	46	73	21	53	
59	23	22	20	9	21	0	46	19	8	21	5	35	34	45	33	43	62	74	42	
9	45	46	13	51	53	35	0	39	49	51	45	34	38	22	53	35	55	21	60	
47	84	50	13	6	20	40	47	0	7	47	50	51	26	27	4	31	55	67	64	
61	44	28	30	23	37	50	22	7	0	47	60	41	37	37	21	45	72	61	48	
50	47	31	46	55	3	38	45	82	44	0	18	25	22	25	73	54	62	59	37	
5	74	34	29	10	24	6	14	45	44	51	0	9	46	6	45	35	13	8	36	
41	18	43	32	25	11	59	34	9	5	7	2	0	45	46	23	50	30	8	21	
20	45	5	40	30	65	30	37	56	18	24	40	18	0	17	31	46	12	58	25	
41	75	55	19	26	79	9	16	77	55	41	19	20	36	0	44	25	34	55	34	
3	3	65	29	36	52	19	26	23	33	23	29	30	46	6	0	7	34	46	30	
1	80	45	26	59	65	25	14	46	36	1	52	53	36	29	36	0	12	24	18	
23	81	67	33	35	1	37	36	56	15	23	31	20	58	27	58	7	0	23	36	
24	12	56	7	27	61	14	8	69	43	24	24	25	32	1	30	8	35	0	39	
51	22	36	12	24	50	50	35	20	37	51	19	49	37	37	34	35	39	42	0	
M5
0	55	3	76	76	47	28	65	77	53	47	61	14	35	46	81	33	14	26	61	
51	0	8	17	23	35	29	17	26	17	52	66	59	48	43	23	7	78	61	58	
50	15	0	72	49	24	19	81	37	31	7	21	21	54	6	72	51	71	56	42	
22	4	51	0	11	49	5	4	85	82	29	47	37	31	42	47	73	23	60	52	
75	66	59	98	0	13	54	29	49	70	91	72	43	78	41	14	60	19	27	89	
12	61	9	56	53	0	3	48	44	55	39	18	66	7	50	12	18	22	57	87	
7	61	38	25	30	48	0	67	82	81	12	14	42	21	52	25	46	40	27	56	
5	10	31	20	69	74	63	0	63	79	39	69	69	86	70	95	76	77	92	51	
38	16	53	56	27	53	3	78	0	67	43	45	62	27	81	33	77	71	58	42	
55	67	20	47	10	68	47	50	26	0	18	48	48	52	43	78	62	23	1	48	
34	23	58	56	61	79	3	48	56	77	0	45	4	21	41	56	18	65	58	79	
41	47	72	54	29	51	6	46	70	95	24	0	54	55	9	59	29	50	26	31	
28	59	64	77	15	75	39	30	70	1	10	27	0	28	15	32	2	33	45	71	
43	71	55	60	54	31	8	16	76	90	32	50	62	0	3	61	76	70	63	33	
23	23	65	32	81	23	75	44	45	83	60	26	44	76	0	37	60	17	88	9	
52	42	33	39	47	21	82	81	37	20	77	75	61	51	21	0	61	17	22	52	
34	30	79	38	2	67	43	80	94	78	15	4	45	62	65	83	0	50	22	54	
46	6	56	64	69	53	11	1	26	85	51	53	64	60	32	64	13	0	66	71	
84	57	28	65	21	78	49	62	62	93	72	86	77	22	26	55	94	23	0	85	
65	26	43	46	56	24	34	9	24	26	5	66	35	48	16	53	42	24	70	0	
