20  6  1
6
	0	57	1	76	2	87	3	75	4	24	5	58
	0	19	1	45	2	35	3	31	4	67	5	26
	0	19	1	45	2	44	3	46	4	20	5	64
	0	82	1	32	2	58	3	8	4	59	5	95
	0	10	1	76	2	79	3	33	4	88	5	31
	0	25	1	24	2	3	3	89	4	68	5	71
	0	79	1	45	2	2	3	33	4	26	5	15
	0	58	1	66	2	99	3	99	4	94	5	38
	0	4	1	76	2	74	3	1	4	18	5	89
	0	87	1	35	2	52	3	87	4	56	5	1
	0	46	1	34	2	57	3	58	4	5	5	89
	0	33	1	33	2	99	3	24	4	69	5	58
	0	78	1	42	2	87	3	5	4	99	5	5
	0	49	1	80	2	49	3	75	4	93	5	69
	0	6	1	41	2	41	3	41	4	88	5	87
	0	42	1	38	2	75	3	11	4	48	5	29
	0	2	1	10	2	42	3	98	4	55	5	83
	0	48	1	92	2	25	3	26	4	7	5	41
	0	5	1	24	2	97	3	46	4	25	5	40
	0	22	1	88	2	58	3	85	4	9	5	84
SSD
M0
0	29	4	29	16	1	15	11	39	21	13	25	39	31	12	18	27	29	28	8	
39	0	17	36	23	8	4	35	19	39	27	27	24	43	30	36	42	37	42	10	
10	32	0	38	25	4	33	33	31	27	9	16	30	28	18	17	28	13	34	31	
29	7	15	0	8	25	21	10	24	12	25	36	8	22	3	27	29	16	19	13	
29	15	15	3	0	25	18	8	13	12	7	27	31	16	3	9	29	4	19	7	
6	16	29	27	17	0	9	32	32	22	34	32	24	36	17	34	33	31	33	2	
15	31	9	23	34	22	0	18	2	8	10	16	34	4	18	25	31	21	25	24	
35	1	6	17	38	5	4	0	9	19	17	8	28	25	38	12	22	37	12	17	
44	25	31	17	28	31	1	12	0	18	4	10	45	32	36	19	25	32	19	37	
23	13	4	25	21	24	15	26	10	0	7	12	5	20	8	28	9	35	24	28	
3	18	28	13	3	29	15	17	10	11	0	24	27	17	16	9	14	1	4	20	
43	4	26	29	44	31	23	35	35	14	22	0	37	41	36	26	13	44	28	20	
36	1	7	30	41	28	10	25	9	8	17	23	0	3	38	32	18	3	27	30	
23	6	18	18	33	33	9	13	4	6	11	13	18	0	25	26	2	10	4	35	
20	23	6	27	14	16	12	24	24	3	23	27	22	13	0	33	20	28	10	14	
23	5	27	18	5	15	20	18	15	27	22	19	5	23	18	0	31	19	21	5	
34	2	14	14	41	29	8	36	20	7	7	11	23	26	21	37	0	30	13	31	
4	26	22	8	14	6	7	21	37	23	4	35	31	5	18	31	22	0	12	14	
41	9	21	21	24	36	15	38	27	6	8	18	21	8	28	32	5	20	0	31	
38	15	9	21	46	32	19	30	14	20	12	13	36	35	34	37	11	8	22	0	
M1
0	3	44	26	24	40	15	45	2	14	14	22	44	16	3	12	41	8	41	42	
1	0	28	25	19	30	9	41	34	8	13	2	19	40	45	14	32	14	25	5	
33	4	0	4	17	4	22	34	10	40	49	1	28	35	9	45	30	2	35	22	
26	3	4	0	34	29	16	1	23	7	41	22	34	9	33	42	32	24	3	28	
13	30	27	27	0	6	7	41	35	42	6	42	32	40	11	43	28	1	25	5	
5	24	38	25	19	0	22	11	10	12	48	48	33	34	36	42	36	4	20	35	
13	28	49	19	28	27	0	19	37	15	30	10	39	38	33	31	30	40	3	20	
40	44	17	39	36	19	45	0	39	46	17	1	32	25	34	11	25	33	22	47	
28	32	31	13	12	4	20	25	0	15	12	26	47	39	20	1	27	10	15	40	
13	12	12	7	23	24	41	11	31	0	7	9	6	34	6	1	21	26	12	37	
31	32	40	20	9	2	20	17	10	27	0	17	46	4	25	48	26	30	17	16	
29	24	15	12	32	37	30	7	31	21	24	0	17	35	18	11	11	38	1	26	
31	37	29	12	36	21	1	24	47	35	4	17	0	22	6	39	11	34	42	40	
21	49	44	26	11	41	38	25	2	23	48	48	15	0	18	11	36	41	9	14	
48	2	9	3	24	38	45	19	9	42	2	40	34	15	0	23	44	46	38	49	
34	12	33	15	25	32	2	10	14	31	38	41	30	27	48	0	39	39	31	11	
34	16	19	24	15	26	26	12	29	14	47	18	13	14	17	23	0	17	45	19	
3	11	3	38	38	9	10	16	10	44	23	2	14	24	4	41	20	0	7	29	
19	17	34	22	7	41	5	25	28	25	47	30	12	29	6	17	5	32	0	1	
21	13	28	49	40	8	41	37	42	33	38	40	26	32	42	35	15	12	42	0	
M2
0	3	13	31	24	19	8	25	19	8	22	15	9	13	18	14	44	11	15	23	
18	0	9	7	20	8	4	21	9	20	18	11	11	4	38	10	7	25	11	12	
26	2	0	9	4	7	18	2	12	9	17	2	19	14	7	24	19	28	25	11	
23	14	17	0	22	15	12	29	20	27	26	19	30	17	16	18	29	31	19	7	
24	35	48	28	0	48	48	47	11	45	14	21	49	29	46	36	28	15	29	33	
16	23	32	49	16	0	27	41	2	9	21	34	12	28	46	21	28	31	30	1	
28	20	3	32	14	9	0	15	9	21	12	5	24	3	36	4	34	19	5	13	
18	28	37	11	21	2	32	0	7	14	26	23	17	10	1	13	6	23	35	6	
32	10	14	14	9	20	9	14	0	32	23	16	35	14	37	10	21	8	4	3	
45	46	33	47	3	34	28	41	5	0	31	35	10	15	14	34	21	32	12	38	
24	9	19	4	22	5	14	18	10	15	0	21	17	19	13	18	36	9	19	9	
29	18	2	34	21	16	5	22	16	28	19	0	16	10	34	11	32	8	12	1	
40	40	15	5	43	32	27	5	28	40	4	23	0	24	5	33	47	16	6	1	
22	7	32	9	23	36	31	31	6	5	21	4	30	0	45	37	40	49	2	40	
28	25	8	37	19	14	3	17	14	22	17	1	29	5	0	9	3	24	9	8	
28	20	33	11	28	14	32	13	3	22	35	32	28	37	4	0	29	41	39	18	
22	38	4	43	2	12	32	13	2	17	36	35	27	11	40	32	0	17	32	16	
33	19	30	1	26	36	25	22	36	45	11	4	19	30	43	2	29	0	32	29	
1	33	25	33	36	18	20	30	23	20	34	6	28	25	30	26	48	7	0	12	
7	27	3	29	3	47	38	16	30	36	16	32	47	14	29	15	36	3	33	0	
M3
0	11	20	30	12	17	31	25	28	8	16	26	41	3	41	3	19	22	7	9	
8	0	14	18	2	24	19	25	32	27	5	4	10	24	1	32	29	23	15	3	
3	17	0	1	20	21	20	4	15	10	15	4	28	24	31	2	34	21	25	15	
21	17	28	0	28	12	28	23	6	1	18	24	19	18	27	43	25	34	28	6	
32	22	35	13	0	10	3	32	15	3	20	34	37	12	2	39	34	30	1	21	
9	8	18	35	32	0	18	30	13	25	28	32	46	25	32	29	32	1	16	29	
17	16	29	6	22	19	0	19	20	15	20	35	10	18	2	7	8	26	17	1	
48	18	19	42	41	31	40	0	37	13	48	12	42	33	20	40	44	25	2	11	
31	30	25	47	45	5	40	16	0	16	14	18	47	11	20	46	18	27	44	17	
47	45	15	23	33	25	12	27	37	0	9	16	36	39	22	44	32	11	42	12	
17	10	17	12	15	8	26	19	2	6	0	21	17	14	23	41	21	30	18	15	
37	27	44	8	35	11	19	8	22	17	12	0	35	4	39	4	8	8	2	22	
15	28	14	3	7	9	4	31	17	12	29	31	0	29	38	19	36	37	9	3	
1	26	26	1	20	17	37	6	15	3	27	19	28	0	16	43	24	19	37	15	
1	20	28	21	46	15	8	26	9	1	24	28	36	21	0	30	28	17	29	4	
44	37	41	32	35	19	17	11	33	19	2	34	47	39	39	0	30	8	12	17	
37	30	17	30	27	11	34	22	5	22	20	11	41	11	11	39	0	33	37	13	
10	15	35	32	36	8	4	28	22	39	34	41	35	16	5	21	41	0	40	17	
15	17	1	28	15	11	9	31	17	10	22	36	20	29	38	9	36	28	0	26	
3	15	2	24	28	14	25	25	8	11	4	27	16	20	4	39	27	13	3	0	
M4
0	9	30	19	30	30	17	24	22	24	29	32	44	30	41	29	6	39	30	19	
16	0	22	11	31	24	35	37	14	24	34	16	18	15	25	16	4	5	31	4	
15	18	0	25	34	24	37	14	25	20	33	24	14	2	3	25	15	1	18	30	
1	21	31	0	33	2	38	27	16	31	30	30	15	17	39	28	29	19	40	6	
18	15	26	7	0	13	23	1	43	18	7	15	1	17	29	34	22	9	22	33	
33	35	4	29	32	0	12	31	25	3	20	28	15	26	27	28	25	25	35	39	
32	12	24	4	1	39	0	30	7	26	21	22	20	27	27	8	7	7	4	16	
31	21	21	29	10	5	24	0	40	23	12	20	17	6	24	37	12	4	3	33	
7	21	14	17	13	15	22	11	0	13	6	14	13	16	16	33	21	14	6	29	
35	8	34	9	40	23	17	18	24	0	12	20	35	22	42	24	27	22	1	38	
18	10	22	12	24	27	11	37	31	13	0	3	18	5	25	22	10	5	10	21	
45	17	27	23	23	10	3	29	36	14	37	0	44	4	20	27	36	31	33	27	
24	8	29	45	45	21	43	14	37	31	30	35	0	24	8	13	24	12	45	41	
34	30	8	32	44	10	31	27	42	12	15	21	6	0	31	31	16	20	9	37	
6	15	36	9	38	41	20	13	40	1	9	17	21	12	0	36	2	19	24	30	
30	6	9	10	6	44	21	35	19	19	19	26	16	29	23	0	8	3	34	32	
27	14	38	10	13	24	29	5	15	22	16	19	39	26	8	8	0	26	31	42	
40	10	10	39	26	43	48	25	29	12	47	16	6	32	13	26	14	0	37	22	
19	17	8	19	31	34	18	27	22	20	2	10	25	1	16	24	17	12	0	28	
9	40	22	12	18	23	41	30	1	20	25	15	16	2	26	29	39	32	25	0	
M5
0	16	5	13	14	15	9	13	30	18	12	18	3	8	14	14	39	12	23	20	
43	0	17	17	5	32	41	9	47	49	35	38	43	9	6	44	7	30	17	7	
21	33	0	6	9	32	26	6	44	35	29	6	20	36	7	16	43	39	40	31	
40	17	28	0	15	16	2	39	31	19	13	21	4	19	43	15	40	25	18	22	
15	2	20	21	0	28	37	18	18	45	9	2	35	15	28	15	35	6	18	35	
30	39	35	15	25	0	13	34	24	8	17	24	28	7	15	4	24	14	6	12	
40	16	45	13	14	15	0	38	25	18	4	6	3	19	42	14	31	24	23	21	
36	21	26	18	19	18	7	0	35	23	17	16	8	15	34	19	35	29	28	14	
14	14	31	32	13	12	9	2	0	4	20	11	22	6	28	15	12	10	9	8	
21	30	26	27	16	34	4	40	15	0	15	20	22	1	23	10	22	5	4	3	
32	1	20	13	3	15	1	25	26	18	0	22	3	10	33	14	32	2	23	13	
28	6	21	9	21	21	11	9	12	6	19	0	10	1	20	17	24	12	11	10	
32	8	37	5	6	7	1	36	22	10	4	22	0	11	34	6	31	16	15	13	
16	33	45	30	2	17	2	15	9	18	21	19	20	0	38	29	34	4	23	5	
46	44	20	26	16	12	18	24	32	32	37	27	36	27	0	31	31	6	37	14	
20	34	48	42	11	36	35	1	20	45	6	16	35	44	17	0	22	19	17	36	
13	10	4	33	22	9	10	17	21	5	21	22	28	7	29	16	0	11	10	9	
42	20	4	17	18	19	13	46	10	22	16	34	7	10	8	18	40	0	4	25	
10	7	25	19	20	21	4	16	9	24	8	25	9	19	20	20	40	30	0	12	
18	20	15	26	29	39	17	17	27	35	4	38	27	2	35	13	7	21	8	0	
