20  4  1
4
	0	71	1	65	2	82	3	6
	0	15	1	18	2	66	3	35
	0	66	1	45	2	88	3	20
	0	10	1	57	2	22	3	61
	0	70	1	65	2	38	3	92
	0	86	1	74	2	82	3	38
	0	38	1	39	2	55	3	80
	0	10	1	82	2	80	3	79
	0	81	1	91	2	93	3	69
	0	93	1	47	2	72	3	97
	0	28	1	55	2	97	3	75
	0	93	1	83	2	15	3	86
	0	10	1	18	2	39	3	43
	0	38	1	5	2	19	3	2
	0	85	1	27	2	46	3	67
	0	93	1	36	2	94	3	57
	0	89	1	50	2	2	3	5
	0	50	1	69	2	59	3	14
	0	18	1	89	2	31	3	2
	0	55	1	91	2	51	3	89
SSD
M0
0	55	74	79	31	56	67	2	76	70	20	81	62	12	17	3	55	44	40	50	
56	0	30	16	50	38	35	77	18	53	31	38	73	90	93	35	27	93	98	69	
13	79	0	100	58	25	19	55	89	91	67	99	105	35	24	87	23	39	57	16	
30	17	4	0	24	18	9	51	12	27	5	68	47	71	94	9	44	67	72	43	
16	36	54	40	0	66	59	40	5	37	32	58	11	33	58	38	36	5	25	54	
3	34	21	7	41	0	26	39	29	36	22	57	10	65	81	26	35	7	35	53	
56	87	74	60	1	24	0	108	44	75	64	42	82	80	77	79	79	20	50	86	
27	88	85	71	61	49	71	0	93	58	67	69	103	48	61	84	43	32	28	38	
54	71	58	44	78	33	63	35	0	60	59	24	98	57	33	21	54	71	27	83	
36	56	70	80	61	69	33	41	15	0	33	59	12	57	4	39	27	81	37	3	
38	16	45	31	65	8	32	18	49	40	0	35	14	69	89	8	11	60	39	10	
60	42	2	24	58	8	26	38	46	12	39	0	81	50	74	34	15	64	20	39	
14	34	72	58	79	47	40	19	52	16	11	37	0	45	90	17	15	59	15	33	
70	59	63	73	21	89	80	50	92	78	73	67	52	0	48	28	77	55	30	63	
88	60	105	91	49	68	18	84	53	92	84	95	66	38	0	45	91	76	91	109	
13	71	4	54	42	65	3	20	76	64	59	76	38	41	43	0	31	55	11	68	
65	15	60	46	69	46	52	41	42	62	19	16	61	16	42	55	0	4	79	46	
65	39	47	33	67	11	52	90	55	70	48	87	61	13	25	52	62	0	41	74	
22	42	39	25	59	53	36	76	47	62	40	47	82	12	73	44	79	26	0	78	
54	58	12	39	3	50	7	60	26	60	14	77	34	44	55	50	20	58	14	0	
M1
0	33	11	55	86	65	87	10	68	65	61	93	42	62	66	54	43	80	83	63	
26	0	39	43	56	14	90	43	89	37	21	42	2	88	16	92	27	29	62	16	
18	75	0	26	42	15	43	58	12	52	49	78	35	18	17	40	10	66	75	7	
73	84	10	0	1	64	98	78	67	49	6	23	72	73	72	50	65	28	20	62	
51	29	78	60	0	61	46	70	77	42	57	73	44	72	26	55	56	49	78	20	
83	75	62	43	95	0	75	17	97	33	31	105	88	71	77	109	94	41	54	80	
38	7	32	55	44	39	0	68	77	62	33	39	14	77	41	72	20	54	74	41	
50	6	63	58	74	35	68	0	69	61	10	66	26	50	40	60	5	42	43	12	
37	53	52	36	22	59	98	93	0	20	14	89	13	73	19	83	38	56	47	82	
31	1	58	6	58	33	67	62	85	0	40	61	21	42	35	90	32	48	1	35	
35	51	44	20	36	3	37	69	55	9	0	42	11	12	85	60	36	60	38	16	
71	77	52	61	86	93	55	34	50	34	66	0	47	103	75	32	61	10	41	86	
6	22	79	23	81	28	70	71	71	52	1	58	0	68	56	72	7	62	42	55	
36	52	70	3	19	56	20	52	38	29	31	83	12	0	68	43	37	43	55	4	
71	71	25	80	21	49	97	57	46	69	5	102	71	72	0	84	50	99	31	76	
55	51	70	69	18	74	113	79	58	74	47	104	71	102	79	0	96	98	41	85	
59	59	75	8	61	66	13	14	14	36	54	18	35	79	40	15	0	93	15	88	
87	90	24	62	57	82	52	95	11	54	24	25	78	64	11	3	79	0	34	7	
95	77	83	93	6	78	31	76	44	40	63	36	71	111	31	67	55	27	0	61	
28	34	88	57	53	66	17	82	114	40	64	94	45	109	42	55	70	75	4	0	
M2
0	45	16	19	84	101	44	88	101	39	76	46	62	92	20	93	89	72	82	29	
73	0	56	34	87	77	4	89	105	84	101	31	41	24	55	75	102	52	63	84	
43	44	0	4	18	23	29	24	22	10	42	69	48	11	45	62	11	69	38	16	
17	47	2	0	43	60	3	56	88	29	79	43	52	54	35	65	48	51	62	28	
57	48	82	81	0	8	46	9	7	29	105	90	4	50	49	8	100	46	33	23	
84	97	78	54	99	0	41	7	88	21	50	36	105	86	60	5	75	61	44	25	
19	42	30	6	65	73	0	30	48	55	47	1	39	2	25	53	76	35	4	56	
50	83	32	26	91	33	45	0	17	64	88	40	72	90	64	83	57	33	86	46	
65	66	51	64	29	75	51	12	0	26	61	9	53	59	33	11	33	43	29	38	
3	36	39	51	6	19	40	33	7	0	51	13	48	50	37	8	20	47	77	25	
54	55	41	53	59	47	42	35	27	65	0	7	52	57	31	81	22	13	10	7	
52	75	27	45	86	57	41	71	97	43	65	0	54	35	9	85	69	19	100	46	
57	38	59	86	91	59	41	15	64	104	62	47	0	97	6	14	63	65	100	68	
51	21	13	92	44	61	74	72	89	41	71	66	18	0	15	32	61	74	57	66	
73	36	58	34	43	46	59	42	45	68	10	93	75	98	0	89	63	13	53	35	
34	35	21	33	31	23	22	15	61	12	33	78	73	39	73	0	2	59	73	6	
30	31	17	29	74	111	18	11	88	80	29	74	72	35	69	71	0	56	70	3	
42	90	63	41	50	23	35	19	95	47	101	21	90	71	45	74	90	0	94	82	
84	35	64	57	60	65	37	65	13	81	83	64	83	72	62	106	52	68	0	55	
20	21	44	82	75	84	84	50	34	44	56	34	49	12	46	51	92	2	16	0	
M3
0	29	17	100	85	37	64	26	29	2	49	85	36	33	40	69	81	36	62	46	
66	0	39	88	58	11	54	67	101	74	3	41	64	55	36	24	103	95	50	64	
24	46	0	64	58	18	29	56	59	32	61	57	8	30	37	78	82	58	57	9	
14	16	13	0	89	13	37	22	49	22	14	46	41	53	60	42	70	47	33	42	
38	7	52	3	0	53	14	59	65	46	14	36	24	27	34	6	77	56	10	30	
29	36	42	39	69	0	5	50	64	37	5	27	15	17	24	48	74	47	1	15	
87	57	43	23	50	48	0	62	108	3	85	84	58	52	50	57	81	24	81	72	
21	56	44	23	90	35	45	0	56	29	24	100	63	60	33	36	99	42	74	73	
68	83	82	32	8	100	39	58	0	74	30	85	65	57	35	13	68	66	86	83	
29	51	43	39	78	57	5	50	13	0	5	27	15	26	33	57	74	24	1	41	
38	34	18	52	7	56	18	63	26	46	0	40	28	39	46	70	87	37	14	47	
30	65	50	65	77	41	31	14	65	38	11	0	41	25	32	66	93	72	27	51	
39	56	61	49	84	32	15	60	74	27	15	6	0	36	43	90	80	57	11	62	
55	67	23	65	50	61	31	45	66	63	31	53	41	0	5	92	86	73	27	24	
68	16	33	1	90	21	64	54	43	17	12	42	51	42	0	47	71	14	60	62	
89	104	45	67	97	30	26	118	20	97	43	53	33	85	92	0	94	97	69	74	
34	68	37	18	14	35	44	43	53	42	33	12	55	12	19	103	0	76	41	15	
49	71	5	66	62	43	47	26	70	51	47	60	33	14	12	19	43	0	43	34	
26	61	48	36	75	54	2	47	61	34	2	24	12	23	30	77	71	44	0	49	
42	3	27	52	54	49	18	49	64	50	18	5	28	2	9	60	87	33	14	0	
