20  6  1
6
	0	56	1	86	2	78	3	22	4	78	5	38
	0	59	1	55	2	80	3	9	4	87	5	39
	0	72	1	42	2	33	3	7	4	17	5	39
	0	53	1	77	2	52	3	12	4	57	5	55
	0	50	1	70	2	54	3	20	4	74	5	50
	0	61	1	51	2	54	3	89	4	100	5	76
	0	98	1	16	2	23	3	70	4	3	5	18
	0	35	1	19	2	39	3	76	4	95	5	30
	0	15	1	15	2	34	3	52	4	49	5	96
	0	8	1	35	2	16	3	27	4	73	5	62
	0	23	1	7	2	62	3	5	4	48	5	1
	0	83	1	97	2	47	3	18	4	92	5	33
	0	100	1	50	2	85	3	33	4	69	5	81
	0	25	1	30	2	72	3	78	4	6	5	61
	0	6	1	23	2	5	3	88	4	71	5	56
	0	77	1	68	2	78	3	24	4	8	5	45
	0	41	1	63	2	12	3	39	4	82	5	61
	0	41	1	57	2	16	3	75	4	65	5	48
	0	81	1	99	2	9	3	74	4	17	5	11
	0	76	1	71	2	44	3	43	4	82	5	26
SSD
M0
0	38	54	81	49	1	58	28	17	48	65	52	38	50	96	17	4	70	59	55	
70	0	36	40	55	39	72	43	54	31	42	24	55	16	8	49	68	22	85	72	
57	35	0	74	56	15	57	45	14	32	89	100	18	50	97	50	61	95	94	37	
26	8	55	0	77	37	77	48	67	74	62	63	68	21	50	29	32	26	34	77	
84	30	65	76	0	12	12	18	48	11	69	67	69	82	74	29	31	20	81	1	
63	62	82	117	33	0	95	88	109	75	85	64	91	79	114	93	105	103	26	72	
92	91	15	32	29	20	0	52	101	85	50	77	41	70	107	70	52	99	8	67	
91	92	23	36	17	13	79	0	88	51	16	107	60	90	88	24	89	51	59	68	
51	6	73	49	47	64	28	36	0	23	60	89	81	81	73	41	63	66	99	98	
90	50	46	57	16	53	68	5	29	0	56	65	50	111	86	10	90	62	99	67	
68	53	43	9	36	69	70	25	49	12	0	85	70	83	106	10	50	63	20	87	
119	18	46	82	59	29	120	11	77	84	62	0	96	93	85	70	71	36	20	99	
51	62	81	62	25	18	87	23	74	37	74	37	0	63	94	55	51	40	97	76	
56	42	60	48	54	18	31	2	21	51	16	82	22	0	86	49	34	37	59	31	
110	95	81	60	74	36	65	56	75	50	28	77	76	29	0	61	54	32	71	77	
35	70	73	39	60	10	79	51	49	42	7	6	30	24	46	0	64	77	28	51	
18	24	35	82	4	66	23	19	67	65	70	7	87	99	70	18	0	74	16	55	
48	22	61	72	31	37	77	20	44	7	42	80	57	21	89	25	80	0	72	77	
114	8	45	81	58	55	89	27	48	77	49	91	109	83	63	82	79	89	0	82	
7	31	60	73	53	28	53	2	10	29	53	70	62	58	98	47	22	44	75	0	
M1
0	62	44	8	83	53	74	39	79	60	50	56	25	19	51	83	26	105	28	6	
5	0	76	4	45	38	70	76	26	48	97	75	64	19	6	81	9	14	65	66	
15	45	0	17	53	24	120	96	94	85	77	95	65	119	91	77	88	19	25	83	
23	48	71	0	8	58	65	59	21	70	77	37	70	46	64	75	66	40	61	81	
85	43	87	22	0	32	92	33	54	8	74	49	69	104	57	48	41	101	58	52	
47	55	47	74	11	0	54	40	64	18	32	20	76	62	64	84	13	81	20	36	
72	24	87	44	60	63	0	91	41	94	75	14	85	53	84	67	88	75	81	38	
85	94	97	22	83	74	80	0	67	23	89	74	17	85	76	25	73	87	90	3	
16	12	74	40	4	76	29	61	0	71	101	59	60	64	28	59	70	60	25	83	
42	38	46	22	30	82	55	7	11	0	31	55	43	90	18	51	15	58	51	12	
8	16	8	53	77	49	111	12	75	54	0	89	48	84	25	56	77	69	75	2	
16	24	16	48	21	57	101	20	65	19	1	0	22	51	9	64	61	73	44	10	
18	42	94	25	50	75	75	10	31	52	79	38	0	41	27	34	79	64	47	32	
20	13	27	52	66	4	25	48	57	11	77	55	28	0	13	79	61	62	72	17	
96	45	104	16	74	117	69	90	65	93	120	56	35	83	0	113	29	81	36	112	
62	11	78	3	88	38	67	60	71	62	108	13	20	21	64	0	31	27	56	49	
39	7	86	45	27	80	52	4	8	23	71	9	40	81	25	47	0	28	48	26	
58	54	75	30	46	102	71	29	27	34	76	101	65	84	70	48	84	0	47	17	
64	4	38	26	82	41	16	95	73	65	94	3	69	39	65	12	47	73	0	1	
33	29	37	57	10	45	46	41	2	52	22	54	69	11	45	76	9	52	16	0	
M2
0	80	71	54	55	40	35	91	32	33	35	22	35	19	28	40	14	35	78	66	
29	0	67	70	55	50	11	10	51	45	67	24	2	66	66	42	64	45	30	28	
9	73	0	39	39	24	26	9	74	49	30	29	33	25	65	69	5	26	70	50	
39	70	51	0	81	78	58	71	74	60	79	59	15	61	8	20	41	26	56	89	
27	22	87	61	0	36	42	2	21	65	62	82	35	41	48	60	21	42	8	38	
36	7	63	41	42	0	22	25	12	7	51	62	30	19	23	35	1	16	17	53	
59	80	42	36	21	70	0	51	59	12	33	17	55	50	48	20	30	11	66	8	
36	25	57	32	22	1	67	0	67	46	39	68	5	59	17	26	50	49	67	2	
16	50	47	28	9	76	43	36	0	76	21	83	80	8	88	15	77	58	71	74	
32	60	40	90	93	44	71	52	110	0	31	51	65	28	85	31	50	71	68	93	
41	36	6	45	47	19	52	48	37	23	0	68	27	5	72	15	31	52	22	61	
74	67	41	5	67	6	43	51	72	58	66	0	71	19	65	77	22	43	77	6	
93	37	91	25	87	6	62	36	44	60	99	9	0	61	48	40	41	62	77	62	
25	50	4	42	76	61	55	46	88	86	34	46	27	0	20	7	42	40	69	77	
64	59	38	52	70	79	45	58	70	72	69	46	2	48	0	7	28	27	45	76	
44	36	99	73	7	50	74	39	82	45	84	50	24	52	71	0	53	48	39	80	
40	67	63	28	53	91	9	75	57	32	65	49	37	8	70	52	0	9	53	40	
51	65	38	9	68	76	24	66	32	47	80	64	52	23	45	57	3	0	51	54	
10	5	70	56	16	29	71	49	74	79	87	92	18	70	41	53	50	31	0	90	
67	52	75	56	55	41	37	1	85	19	33	57	45	13	57	46	16	37	81	0	
M3
0	87	51	54	14	48	32	46	16	56	10	27	22	37	27	60	47	21	27	3	
64	0	55	75	80	65	32	9	102	81	94	42	91	85	80	50	51	38	57	7	
42	66	0	87	78	75	45	73	80	19	56	88	43	49	56	97	42	85	36	67	
2	100	71	0	38	17	56	8	40	80	34	51	4	61	51	80	25	45	35	9	
35	79	37	79	0	14	85	12	73	41	65	13	14	3	51	46	67	41	59	55	
48	56	63	65	75	0	29	54	49	30	7	39	19	60	24	72	46	52	24	2	
26	63	59	21	54	50	0	41	54	26	24	35	36	56	21	19	58	63	7	34	
28	21	30	63	55	69	62	0	66	47	57	6	42	52	11	20	65	34	52	21	
38	81	68	24	51	53	73	42	0	71	60	74	7	74	26	77	22	59	55	1	
22	59	37	41	58	29	76	34	60	0	54	71	57	3	46	76	77	41	14	47	
49	72	51	53	67	39	17	42	77	60	0	27	7	89	12	60	55	40	12	11	
4	59	6	48	40	45	57	26	42	32	36	0	48	46	20	15	55	10	28	24	
74	88	76	78	92	64	42	2	37	80	20	52	0	77	37	85	63	65	37	36	
47	48	75	33	74	12	56	42	77	86	60	58	7	0	65	39	29	86	77	54	
51	93	55	37	87	66	105	10	19	18	83	31	53	48	0	64	74	25	59	58	
28	20	30	19	11	33	36	21	66	56	20	6	24	26	37	0	56	34	37	36	
28	60	7	14	51	43	59	34	66	33	54	46	30	63	70	16	0	69	50	35	
37	47	40	46	6	40	53	38	62	66	39	33	40	29	45	3	50	0	56	6	
23	112	39	9	59	9	77	17	61	65	55	47	25	63	72	79	24	6	0	30	
59	48	47	54	30	15	75	62	88	73	82	61	64	35	99	46	1	84	11	0	
M4
0	82	37	17	37	81	84	5	42	78	45	13	63	70	73	77	19	110	99	98	
52	0	61	31	47	21	24	35	2	42	20	22	48	10	34	60	68	10	32	54	
16	30	0	37	29	27	30	41	19	24	25	27	9	16	40	23	74	90	45	67	
77	8	96	0	82	29	32	43	24	10	24	30	59	18	42	68	76	87	82	96	
74	59	54	61	0	3	54	3	32	52	13	52	80	40	64	75	51	83	25	47	
13	46	2	33	48	0	26	37	38	20	31	24	28	12	36	42	70	35	36	58	
63	27	76	65	61	55	0	59	23	50	2	56	85	44	55	33	41	100	47	69	
52	21	19	16	65	6	36	0	24	60	12	63	45	52	41	59	63	53	81	37	
56	10	23	77	64	59	70	66	0	64	65	27	48	56	53	63	21	54	25	47	
68	41	39	65	49	55	11	69	3	0	7	56	65	44	60	47	48	88	10	32	
13	25	58	42	79	32	35	27	31	49	0	33	62	21	5	32	4	59	51	38	
81	81	48	93	87	83	86	77	84	78	90	0	74	72	23	88	22	97	47	69	
81	68	48	51	85	22	66	49	72	32	71	27	0	81	45	88	22	105	110	121	
53	28	87	15	72	5	8	19	34	61	13	6	35	0	18	44	52	92	58	80	
44	26	58	49	3	39	38	53	20	34	43	40	69	28	0	17	56	3	29	16	
45	37	38	24	73	14	17	28	43	9	22	15	44	3	27	0	60	59	14	36	
40	66	95	1	113	71	49	85	75	66	54	1	58	60	84	49	0	62	71	93	
23	54	49	75	84	26	68	79	26	49	73	44	75	54	78	70	66	0	20	42	
45	17	12	38	58	28	31	42	23	50	36	29	38	17	41	33	29	61	0	5	
73	27	40	69	86	59	62	69	60	72	12	38	9	48	65	55	64	12	20	0	
M5
0	31	28	2	16	71	24	69	18	23	21	81	43	33	41	35	48	99	71	40	
4	0	42	31	17	58	59	4	18	24	48	47	25	31	40	51	58	33	1	50	
36	9	0	52	50	55	85	30	43	34	74	48	25	33	72	37	44	32	34	1	
57	32	30	0	79	18	3	13	18	86	22	53	32	60	30	7	21	53	63	58	
25	29	43	37	0	20	62	7	68	23	19	38	73	19	19	53	60	56	51	17	
49	14	52	22	19	0	25	49	30	50	4	73	51	42	32	33	49	29	27	52	
59	16	9	51	61	75	0	55	41	68	94	75	69	58	95	29	6	77	45	37	
67	24	8	32	80	56	25	0	54	56	14	23	68	52	42	61	49	65	64	25	
59	82	94	9	3	73	67	60	0	56	72	47	61	72	19	71	84	66	37	70	
20	8	43	46	32	45	82	31	33	0	58	43	14	34	33	32	45	48	16	2	
52	9	57	17	65	76	75	52	53	68	0	70	53	37	27	75	51	81	49	47	
40	55	39	63	57	87	42	1	85	87	45	0	49	83	50	78	38	9	93	56	
52	67	51	17	68	79	68	13	69	75	57	48	0	76	27	2	11	84	52	68	
37	36	26	44	31	19	56	1	8	38	26	54	39	0	54	59	72	20	15	56	
28	70	72	29	14	63	87	34	23	29	61	52	30	83	0	24	39	2	6	75	
5	36	71	41	27	68	63	35	28	34	64	1	35	29	46	0	47	43	11	82	
20	44	37	17	26	64	10	10	69	81	43	63	95	81	71	57	0	92	73	65	
70	74	35	71	98	53	74	54	36	78	83	72	99	57	96	61	54	0	108	25	
11	71	55	19	5	46	72	17	6	12	61	35	13	70	53	39	46	21	0	72	
19	23	15	25	54	75	58	3	49	77	47	21	79	6	75	10	17	63	63	0	
