20  8  1
8
	0	10	1	94	2	54	3	47	4	58	5	70	6	13	7	51
	0	44	1	90	2	35	3	27	4	5	5	29	6	40	7	52
	0	36	1	64	2	69	3	64	4	72	5	81	6	100	7	10
	0	88	1	10	2	44	3	83	4	12	5	3	6	5	7	95
	0	45	1	65	2	26	3	80	4	29	5	85	6	66	7	42
	0	3	1	55	2	69	3	68	4	36	5	65	6	18	7	87
	0	48	1	89	2	4	3	39	4	28	5	38	6	25	7	94
	0	28	1	16	2	16	3	21	4	95	5	13	6	69	7	1
	0	55	1	33	2	93	3	48	4	70	5	22	6	20	7	62
	0	37	1	56	2	64	3	37	4	95	5	96	6	85	7	3
	0	46	1	38	2	14	3	67	4	32	5	88	6	42	7	81
	0	9	1	56	2	81	3	65	4	99	5	55	6	51	7	47
	0	39	1	37	2	38	3	4	4	35	5	100	6	50	7	22
	0	93	1	60	2	46	3	99	4	100	5	65	6	28	7	69
	0	60	1	95	2	4	3	13	4	9	5	80	6	86	7	83
	0	81	1	16	2	65	3	71	4	86	5	78	6	72	7	79
	0	7	1	55	2	40	3	80	4	64	5	50	6	100	7	86
	0	75	1	23	2	88	3	48	4	7	5	73	6	52	7	55
	0	26	1	82	2	77	3	22	4	62	5	78	6	62	7	66
	0	53	1	73	2	34	3	21	4	49	5	92	6	72	7	41
SSD
M0
0	37	2	21	17	22	9	25	34	22	46	2	2	27	44	23	14	23	30	14	
7	0	19	26	22	11	19	29	2	11	9	19	8	16	32	12	3	12	32	31	
32	18	0	10	2	15	6	26	22	24	37	3	16	20	42	16	7	16	36	7	
14	16	4	0	25	27	33	23	5	30	2	26	26	29	39	4	35	38	27	22	
28	18	39	28	0	15	19	14	4	37	25	33	3	5	11	13	20	21	23	38	
30	24	24	12	26	0	21	31	34	22	29	15	20	2	27	11	5	14	18	27	
23	17	24	28	24	22	0	6	5	17	5	9	7	11	30	14	14	12	27	13	
35	29	43	25	31	18	6	0	6	15	25	20	41	1	41	32	26	29	14	13	
10	6	22	13	18	42	29	8	0	3	29	22	22	37	1	9	34	2	32	30	
12	39	22	20	1	19	17	5	37	0	12	7	22	10	43	19	11	16	40	29	
26	4	20	23	29	18	6	10	41	27	0	14	9	5	10	18	10	13	8	13	
25	34	22	10	6	11	19	14	44	13	43	0	18	16	41	12	3	12	32	26	
43	34	29	23	45	26	9	2	2	35	37	33	0	31	43	3	18	7	14	29	
1	5	13	27	5	12	6	32	15	31	44	13	13	0	2	4	14	23	8	21	
29	3	14	27	39	12	20	7	41	21	29	28	19	17	0	13	4	8	33	28	
43	7	37	23	21	10	30	13	3	17	13	28	10	15	40	0	18	27	24	5	
18	24	12	16	30	1	9	19	36	10	33	19	8	6	31	2	0	2	22	31	
18	3	26	24	20	18	30	7	18	2	5	5	30	23	21	18	17	0	7	38	
3	36	15	23	8	14	22	30	8	23	25	15	15	19	36	15	6	15	0	27	
41	1	29	8	6	8	12	42	42	33	33	21	9	13	38	22	16	25	29	0	
M1
0	39	14	10	12	21	22	28	29	23	29	15	1	20	8	27	48	4	16	18	
20	0	38	4	22	15	24	35	19	41	32	5	23	25	44	21	47	25	31	22	
39	31	0	11	22	22	19	29	25	1	8	27	37	31	11	24	40	9	9	2	
47	30	30	0	8	1	10	36	24	27	32	6	34	11	36	7	39	11	26	8	
44	42	35	3	0	7	23	3	27	32	7	19	25	24	34	20	9	9	12	21	
2	20	45	39	37	0	26	38	22	39	42	43	33	10	44	48	49	42	24	19	
47	23	45	26	32	28	0	9	33	41	31	4	31	14	47	43	4	47	7	27	
25	44	45	42	7	3	46	0	8	31	14	49	6	41	42	40	47	42	4	41	
11	9	24	31	36	23	47	38	0	21	30	9	49	10	13	3	29	5	22	2	
14	12	18	22	9	22	42	24	30	0	27	19	9	22	29	9	31	10	28	8	
17	6	30	15	19	2	5	12	36	33	0	31	34	19	32	7	35	36	20	12	
40	37	42	27	25	21	22	2	1	35	32	0	24	26	38	37	22	15	22	2	
42	2	48	39	29	32	31	49	23	2	7	45	0	30	21	39	29	44	48	44	
27	11	8	41	1	40	8	47	2	31	39	10	37	0	10	30	19	14	28	8	
48	38	21	30	32	11	47	10	34	39	29	27	30	14	0	28	9	39	30	16	
24	7	7	12	30	23	32	46	19	39	17	13	45	17	47	0	36	29	3	4	
3	15	35	27	37	11	27	45	17	41	7	39	31	44	47	39	0	24	41	5	
26	44	4	44	42	3	23	19	2	37	2	23	26	45	24	38	43	0	25	13	
31	25	33	47	5	35	12	31	25	45	41	10	33	10	8	43	18	26	0	13	
23	19	2	19	28	23	39	5	8	16	35	6	12	38	42	21	29	29	23	0	
M2
0	9	40	19	25	5	12	47	32	32	16	40	27	46	38	18	19	6	45	6	
37	0	10	20	12	31	33	9	36	28	20	28	11	30	41	24	28	31	22	6	
24	13	0	26	18	38	25	1	19	8	19	2	29	37	46	16	32	31	12	15	
21	26	32	0	9	4	18	10	29	28	27	18	18	28	44	18	25	15	40	28	
12	18	6	16	0	39	28	35	27	43	46	1	41	36	37	32	5	8	34	2	
30	32	23	13	27	0	25	1	11	1	10	20	19	37	10	31	18	17	20	13	
1	44	27	27	9	27	0	40	19	41	37	30	11	49	22	2	3	2	29	19	
13	21	6	31	10	39	8	0	14	33	38	3	12	20	33	14	15	14	20	26	
6	41	47	3	27	21	33	38	0	46	38	37	42	6	34	39	27	33	38	38	
21	36	44	44	28	7	16	45	39	0	36	28	30	46	21	2	19	22	31	7	
10	43	47	23	33	23	29	46	2	14	0	41	23	16	31	29	19	35	23	11	
8	28	27	27	5	43	47	23	16	38	29	0	20	18	23	19	7	25	25	26	
30	9	34	11	29	29	40	32	22	20	16	44	0	3	1	26	6	22	11	2	
17	8	23	29	5	29	12	48	22	3	9	24	15	0	29	3	19	16	39	33	
25	18	47	23	24	26	36	41	17	15	11	47	5	36	0	21	27	17	6	36	
2	2	34	32	30	11	21	16	26	12	20	6	8	28	5	0	28	7	15	24	
8	22	11	4	11	14	3	44	15	4	21	6	18	9	28	9	0	9	36	26	
12	13	17	29	20	14	7	9	24	21	8	19	22	1	30	3	14	0	30	30	
4	28	32	41	12	16	10	10	12	1	28	29	25	13	36	7	13	16	0	13	
27	20	39	13	29	27	34	36	22	20	16	34	10	25	1	20	26	4	11	0	
M3
0	11	41	21	46	23	23	11	23	38	21	1	11	38	33	16	13	14	39	46	
28	0	28	31	8	23	8	9	45	21	2	19	11	7	5	31	10	44	6	17	
24	24	0	9	48	38	6	27	5	24	24	16	37	34	8	24	7	35	29	1	
35	11	17	0	10	32	45	1	19	18	16	2	43	7	26	23	24	12	29	13	
2	9	8	19	0	4	18	31	18	6	18	11	2	29	14	13	36	13	34	17	
34	10	18	14	8	0	19	15	34	30	19	16	3	30	34	16	36	7	3	32	
27	28	30	43	12	20	0	27	42	14	15	36	30	31	12	16	8	12	25	21	
13	37	34	1	41	23	28	0	39	18	9	35	30	31	25	1	34	35	7	27	
37	30	33	4	9	20	40	22	0	9	8	4	42	11	14	5	6	37	27	29	
44	33	5	30	25	44	28	27	27	0	34	11	33	27	41	26	46	26	13	38	
6	10	39	41	20	15	15	26	16	2	0	15	3	25	41	24	8	3	35	44	
39	18	4	25	13	2	37	7	8	5	1	0	36	38	17	3	39	2	24	15	
31	3	32	34	36	8	12	25	34	23	12	28	0	23	35	17	40	30	28	44	
32	34	5	48	46	18	39	26	36	37	21	15	27	0	34	41	34	29	22	8	
10	3	45	21	38	27	13	17	30	3	3	39	16	24	0	37	9	36	32	2	
32	28	22	45	1	29	4	30	34	27	23	7	48	46	32	0	11	37	21	14	
36	4	44	26	25	24	39	4	12	31	2	34	37	26	15	13	0	22	32	30	
13	1	18	32	19	15	11	10	22	14	19	31	3	11	33	24	33	0	6	4	
28	26	38	23	12	18	26	2	27	26	16	19	37	47	10	23	11	31	0	25	
3	47	32	48	26	49	45	33	7	18	22	35	42	43	37	38	30	13	9	0	
M4
0	25	6	3	11	17	38	19	29	41	19	23	24	6	19	19	23	9	21	1	
34	0	29	35	31	45	33	2	35	23	34	39	4	29	42	9	28	24	7	32	
28	2	0	36	38	18	32	9	35	30	6	43	11	5	41	11	3	8	14	30	
37	21	14	0	41	3	47	4	23	26	35	17	9	20	4	30	23	25	13	17	
8	7	41	41	0	10	39	14	2	18	17	13	4	20	40	21	35	7	7	16	
6	38	30	10	12	0	36	26	22	25	34	18	15	10	3	24	17	24	11	4	
2	4	25	11	40	7	0	11	26	12	23	15	13	29	13	18	32	24	16	40	
21	37	6	34	28	31	44	0	5	7	7	26	9	33	27	35	44	20	48	31	
22	13	17	28	12	30	6	1	0	33	3	9	22	16	11	18	12	3	11	4	
13	32	8	24	3	20	11	22	16	0	25	9	35	1	40	30	16	15	10	37	
22	38	31	5	36	20	40	12	24	22	0	5	26	22	21	17	14	38	30	12	
12	44	29	34	28	15	15	45	35	42	10	0	39	5	48	26	49	27	28	39	
44	41	2	36	36	20	14	2	10	41	27	47	0	8	32	7	45	39	38	29	
1	5	20	45	3	42	13	7	22	9	22	5	14	0	17	19	3	31	17	17	
32	26	26	39	32	39	34	23	10	13	22	6	3	7	0	17	13	12	38	34	
39	28	11	6	16	21	9	20	41	35	8	3	27	11	22	0	41	38	3	10	
22	7	11	16	19	5	45	12	14	23	32	11	16	16	7	21	0	28	2	26	
13	10	44	39	43	20	28	17	26	25	3	40	19	6	26	8	29	0	22	15	
14	18	1	7	31	22	16	13	42	41	4	36	27	39	23	16	42	41	0	29	
25	22	36	22	27	32	30	24	23	2	14	3	16	18	4	13	14	5	30	0	
M5
0	7	11	2	14	6	23	7	10	20	13	8	30	20	7	12	13	22	37	2	
29	0	19	30	37	21	44	27	13	24	18	40	20	35	46	16	4	21	1	2	
13	25	0	6	18	23	15	9	18	16	15	21	47	32	14	25	17	10	39	35	
24	16	8	0	9	24	18	10	29	16	33	48	49	40	19	26	8	39	45	26	
40	11	42	48	0	35	44	29	7	28	8	9	44	10	28	28	12	9	2	11	
36	15	29	32	13	0	17	36	30	32	38	10	17	20	41	29	5	44	44	3	
3	24	16	5	17	3	0	18	1	19	17	20	48	33	13	31	10	6	48	21	
1	45	23	48	41	1	28	0	15	12	36	43	47	28	24	3	1	44	47	18	
11	17	42	31	22	38	44	44	0	19	41	15	43	35	13	14	23	33	25	32	
9	42	40	43	47	6	8	23	3	0	2	6	7	30	4	5	9	38	26	39	
26	16	39	38	35	32	34	24	30	31	0	27	4	35	44	40	38	7	26	2	
12	34	4	15	27	16	20	2	3	27	45	0	20	12	30	2	16	49	48	3	
49	5	40	34	8	32	19	46	43	39	29	9	0	31	40	32	30	11	4	19	
6	38	4	19	31	21	14	32	6	38	6	1	43	0	15	42	30	7	43	20	
25	44	25	47	34	39	7	28	5	8	13	42	29	44	0	41	9	30	29	27	
33	36	41	33	18	33	41	19	2	43	12	39	34	33	12	0	32	28	21	26	
8	33	25	14	26	15	35	27	35	26	46	2	12	4	8	35	0	5	31	43	
21	3	5	23	1	9	44	7	24	32	36	9	37	30	24	23	21	0	33	34	
32	40	20	21	33	19	30	26	42	25	2	20	24	24	13	3	32	14	0	32	
38	30	22	11	22	38	9	24	10	30	22	2	16	19	16	40	16	48	20	0	
M6
0	16	49	9	16	31	44	19	30	23	13	34	19	47	8	28	17	23	26	33	
36	0	4	9	2	31	42	8	21	23	14	38	19	17	31	3	29	22	19	33	
23	22	0	13	21	32	13	29	34	27	1	42	23	24	30	29	16	13	30	16	
49	4	35	0	46	25	47	48	16	9	13	24	5	40	42	28	15	36	12	19	
44	31	2	37	0	18	10	24	15	23	5	38	10	20	39	31	20	30	19	16	
32	39	35	48	14	0	46	38	40	38	16	32	47	41	3	2	35	42	14	44	
17	26	13	34	11	40	0	4	18	14	26	22	21	28	9	3	46	8	47	17	
23	33	1	30	7	13	10	0	1	14	3	7	33	23	9	14	32	43	23	10	
24	12	12	14	33	37	13	42	0	28	32	23	24	6	15	35	11	28	24	27	
44	24	40	15	39	7	14	29	36	0	25	6	25	48	28	27	30	36	13	33	
34	29	34	44	44	37	20	13	13	14	0	32	20	8	4	27	13	17	10	42	
27	29	37	35	24	37	41	10	30	23	33	0	1	29	44	35	45	30	48	22	
32	17	31	8	20	38	22	32	11	16	26	11	0	27	21	32	28	17	25	25	
24	5	37	39	30	28	4	26	5	29	44	34	8	0	31	32	6	37	23	30	
31	16	47	46	44	43	28	43	37	3	30	4	25	30	0	43	34	40	43	20	
42	2	9	28	26	21	16	22	27	13	6	25	14	47	26	0	43	5	36	31	
40	33	12	35	1	33	31	46	1	9	10	29	40	27	25	41	0	17	3	2	
32	28	44	38	8	15	9	27	23	47	49	47	17	38	5	35	38	0	22	5	
45	11	6	22	47	28	39	36	37	26	40	49	32	7	37	48	28	43	0	36	
49	29	8	48	45	49	25	24	16	15	33	3	31	33	9	38	4	46	21	0	
M7
0	12	19	15	9	18	9	19	2	4	21	35	16	36	13	5	16	27	16	14	
3	0	30	6	24	34	18	10	17	30	36	4	44	27	22	18	17	13	18	23	
22	14	0	27	18	20	11	14	41	6	23	6	27	36	15	19	29	40	11	10	
13	24	15	0	19	32	24	5	2	19	36	31	11	22	17	13	10	31	1	21	
24	7	33	46	0	41	3	37	33	27	6	13	46	36	17	22	2	42	45	37	
42	32	25	17	6	0	29	34	37	24	41	37	14	10	25	41	31	34	8	34	
14	11	27	37	37	36	0	23	47	41	32	41	43	10	35	4	38	12	19	41	
7	18	35	13	13	26	31	0	30	26	43	29	33	29	11	7	14	25	7	36	
10	23	5	23	23	29	15	9	0	15	2	21	5	39	21	17	24	13	13	25	
20	5	12	18	9	11	2	12	43	0	14	28	18	30	6	20	27	38	20	7	
35	8	12	13	1	13	15	36	3	28	0	28	22	32	16	19	15	38	33	20	
29	31	32	34	35	35	28	33	32	23	4	0	6	40	32	38	33	27	2	23	
19	25	28	29	23	7	21	17	46	27	43	31	0	31	29	24	32	9	25	32	
29	16	4	8	20	22	13	23	38	8	8	20	29	0	17	31	29	15	25	16	
42	34	16	5	18	22	7	40	25	31	48	17	1	48	0	13	46	32	19	35	
28	38	31	5	25	4	34	20	39	46	28	45	29	10	28	0	9	25	28	46	
37	2	6	28	1	36	27	29	43	22	5	10	38	39	8	32	0	37	4	24	
21	19	7	30	13	8	12	16	7	11	28	7	25	5	20	24	31	0	24	21	
19	10	17	23	8	3	32	22	49	33	8	29	12	27	34	11	19	28	0	14	
7	28	27	11	8	28	16	9	14	26	43	39	21	20	21	17	21	35	17	0	
