20  8  1
8
	0	21	1	52	2	6	3	14	4	81	5	28	6	46	7	59
	0	4	1	24	2	13	3	90	4	13	5	59	6	49	7	8
	0	10	1	27	2	70	3	28	4	20	5	72	6	57	7	10
	0	73	1	8	2	26	3	63	4	94	5	62	6	59	7	2
	0	93	1	83	2	33	3	22	4	10	5	54	6	64	7	19
	0	46	1	79	2	57	3	80	4	72	5	54	6	32	7	16
	0	23	1	33	2	67	3	11	4	94	5	47	6	75	7	4
	0	4	1	45	2	8	3	50	4	10	5	55	6	51	7	92
	0	56	1	91	2	55	3	67	4	18	5	51	6	27	7	29
	0	67	1	87	2	50	3	37	4	55	5	31	6	36	7	64
	0	14	1	17	2	14	3	22	4	2	5	37	6	5	7	98
	0	56	1	7	2	47	3	58	4	18	5	42	6	67	7	56
	0	60	1	64	2	7	3	52	4	11	5	88	6	60	7	51
	0	64	1	67	2	69	3	77	4	33	5	81	6	97	7	70
	0	62	1	15	2	67	3	79	4	17	5	44	6	30	7	54
	0	27	1	33	2	16	3	93	4	32	5	21	6	78	7	87
	0	64	1	31	2	16	3	58	4	77	5	46	6	57	7	97
	0	90	1	23	2	35	3	42	4	9	5	57	6	72	7	54
	0	53	1	97	2	78	3	76	4	94	5	80	6	6	7	85
	0	76	1	48	2	35	3	85	4	95	5	52	6	76	7	83
SSD
M0
0	40	73	7	51	101	25	83	40	70	66	16	5	24	94	46	47	78	45	69	
74	0	71	90	66	71	23	81	82	116	105	75	87	48	50	70	48	44	1	25	
95	75	0	42	52	20	71	39	30	77	55	68	6	65	55	83	80	98	55	34	
74	26	2	0	14	32	1	51	20	77	1	62	18	77	52	74	26	74	1	33	
61	53	57	41	0	87	80	71	32	89	13	59	56	43	33	65	26	23	34	15	
38	9	84	38	64	0	36	10	68	105	71	75	64	61	7	53	54	32	14	4	
67	10	25	77	80	55	0	35	53	76	90	89	41	62	64	66	2	58	15	26	
85	74	86	85	50	88	41	0	76	124	57	67	77	88	69	105	40	74	12	90	
70	19	94	45	12	5	46	61	0	14	17	95	85	41	58	88	36	67	24	48	
61	48	63	32	15	93	74	29	88	0	90	55	54	51	27	7	48	39	45	16	
98	58	89	14	73	66	73	44	5	62	0	64	75	102	46	59	88	91	40	87	
98	64	79	108	58	99	31	89	77	41	81	0	75	116	70	101	29	43	35	56	
62	60	75	71	81	83	27	66	63	11	44	57	0	107	63	32	52	64	65	76	
67	58	30	72	47	60	25	79	44	32	79	80	46	0	50	22	50	37	46	25	
41	98	91	16	31	108	70	25	98	70	79	31	25	6	0	79	25	50	41	95	
35	51	84	49	22	106	65	59	77	91	118	43	20	80	28	0	42	5	12	80	
20	55	66	46	16	96	22	9	81	82	64	57	34	26	20	8	0	10	25	71	
99	85	65	80	42	87	52	32	26	96	52	87	81	86	56	41	49	0	48	89	
20	54	44	48	12	74	66	77	34	80	102	57	46	65	103	48	88	80	0	83	
90	63	44	45	60	8	48	26	55	25	87	80	46	16	57	82	28	86	42	0	
M1
0	62	47	11	46	28	2	6	56	38	54	29	15	59	51	2	41	15	12	48	
77	0	33	37	4	42	59	108	82	69	62	15	74	45	61	33	21	78	27	29	
85	72	0	49	54	41	73	56	54	16	66	50	56	9	6	32	25	23	62	75	
43	66	28	0	79	12	16	69	83	64	35	10	67	40	61	28	22	78	22	49	
81	68	30	45	0	32	69	52	16	59	88	46	52	2	2	28	50	19	58	43	
59	55	66	47	4	0	69	43	62	14	26	48	58	72	78	66	52	21	60	67	
27	37	73	59	64	75	0	61	34	45	67	55	66	81	16	42	64	33	8	18	
69	68	46	65	38	71	20	0	48	39	64	34	28	64	63	3	23	7	46	65	
56	75	41	5	89	25	5	42	0	77	48	23	48	53	54	41	26	71	35	56	
68	44	19	47	52	31	71	54	52	0	90	48	54	47	4	30	52	21	3	80	
93	25	71	86	36	30	103	68	71	81	0	53	15	83	83	45	65	100	65	28	
79	76	11	56	64	76	80	92	66	47	46	0	52	23	44	11	5	61	5	78	
18	89	32	66	62	80	35	73	71	67	67	14	0	44	23	32	26	31	26	86	
29	26	83	65	54	69	83	87	77	66	103	65	71	0	88	30	71	62	69	79	
64	51	47	28	33	44	52	35	33	42	71	29	35	59	0	11	33	2	41	80	
90	32	49	93	20	35	78	103	77	3	84	31	8	61	58	0	43	63	21	70	
48	52	1	45	63	57	69	56	30	44	10	63	42	37	34	56	0	51	59	42	
39	87	22	35	8	55	59	73	18	58	49	4	34	34	34	22	8	0	16	57	
62	77	32	64	54	25	88	28	52	41	66	14	50	44	37	32	26	54	0	73	
88	43	63	83	54	46	35	66	44	61	1	47	33	15	40	63	31	57	52	0	
M2
0	59	26	50	3	18	7	34	50	20	26	1	2	52	79	14	58	31	46	54	
83	0	18	44	40	93	79	80	97	46	65	35	55	59	14	13	96	51	6	103	
18	56	0	66	7	42	31	9	37	36	50	3	18	10	83	30	33	33	2	58	
79	9	40	0	9	52	9	70	46	36	13	25	29	1	36	3	63	15	28	81	
39	98	27	83	0	20	14	79	24	31	63	46	38	89	115	50	27	22	10	90	
32	69	25	34	41	0	1	23	51	50	64	39	32	15	46	37	38	57	48	79	
7	72	39	63	16	31	0	47	63	33	39	14	15	29	92	27	69	21	59	67	
1	61	33	57	10	25	14	0	20	19	33	8	1	40	78	13	16	38	38	53	
81	71	61	36	65	83	68	105	0	57	63	14	39	21	82	51	74	46	83	46	
45	50	19	84	54	69	58	36	49	0	74	25	30	84	42	3	52	41	35	52	
79	45	56	10	45	25	45	100	19	14	0	61	65	12	71	39	55	7	64	64	
20	52	52	26	29	41	7	60	35	30	2	0	28	28	79	39	71	23	71	21	
68	53	59	84	19	72	66	65	41	11	76	27	0	102	70	5	79	37	37	45	
65	61	9	59	4	57	36	73	49	19	35	35	1	0	40	13	64	45	45	53	
21	76	53	41	30	40	34	61	36	47	31	13	29	13	0	41	85	49	73	81	
60	56	38	65	44	79	60	51	74	17	55	6	26	81	83	0	70	22	16	74	
8	73	40	64	17	32	21	48	64	34	40	15	16	66	93	28	0	45	21	68	
37	50	69	26	41	22	50	77	78	8	45	44	45	53	77	55	13	0	50	60	
23	70	30	79	32	47	36	63	47	16	55	20	31	81	31	34	24	60	0	33	
36	24	55	71	45	2	24	27	55	43	47	43	36	65	51	48	51	68	43	0	
M3
0	55	36	57	3	79	44	99	65	25	31	38	66	62	22	58	32	37	50	60	
40	0	35	44	23	76	11	80	65	25	51	51	86	36	53	6	52	43	47	67	
41	77	0	104	58	124	88	35	3	17	73	93	54	25	77	61	56	82	41	12	
49	69	54	0	22	40	10	16	64	24	50	50	29	35	32	24	11	57	79	52	
47	57	63	40	0	65	19	102	73	33	6	59	41	37	9	33	7	13	52	35	
86	74	17	18	53	0	41	80	48	55	23	19	91	19	60	55	76	20	15	1	
70	48	33	22	1	82	0	95	43	3	29	29	64	14	32	3	30	36	75	45	
41	23	3	88	58	108	76	0	34	46	68	40	67	56	77	61	85	82	72	43	
28	65	47	51	30	66	18	5	0	32	58	58	58	43	48	32	39	65	92	29	
49	70	80	54	66	80	73	55	3	0	19	101	97	76	31	60	2	35	65	63	
108	29	39	13	97	39	86	74	70	30	0	100	104	46	15	19	69	51	24	47	
99	81	36	60	39	35	27	8	67	28	67	0	81	17	70	40	3	74	16	76	
86	64	95	67	48	54	89	50	55	69	76	15	0	77	62	74	14	2	59	5	
95	16	72	52	36	72	44	88	90	58	17	48	70	0	25	58	65	27	63	72	
86	96	93	79	17	99	58	68	84	72	45	6	80	76	0	32	46	52	80	74	
56	68	56	51	30	96	18	88	25	14	58	58	93	43	32	0	31	65	61	29	
63	41	32	33	72	31	60	39	63	41	46	100	37	16	83	5	0	91	10	24	
42	64	67	27	4	10	45	93	21	25	32	85	29	63	33	40	33	0	78	3	
91	72	57	17	25	106	13	58	67	27	53	15	30	38	46	27	54	60	0	16	
89	78	39	74	53	73	41	79	70	55	46	54	21	58	83	55	50	75	89	0	
M4
0	62	52	41	62	54	42	28	20	46	47	23	1	39	31	26	50	71	41	44	
42	0	3	36	56	38	5	46	13	31	32	8	36	16	34	32	41	26	71	62	
19	44	0	13	57	49	37	23	32	26	19	17	13	25	43	51	35	3	53	71	
41	34	14	0	58	41	38	24	54	16	9	19	47	29	45	52	25	5	48	75	
61	38	31	17	0	29	18	4	36	38	39	15	45	31	41	55	55	28	57	77	
58	39	55	18	39	0	19	5	46	58	51	60	46	51	38	33	7	77	83	4	
57	56	64	57	30	19	0	44	10	40	63	44	33	10	37	29	50	30	4	51	
79	24	40	3	24	63	4	0	50	43	36	45	31	40	61	48	52	62	71	82	
51	69	71	59	41	49	28	46	0	17	66	47	87	57	73	1	22	33	74	35	
28	33	25	30	45	31	51	59	39	0	60	36	20	58	8	2	60	36	2	36	
42	23	3	36	80	30	41	46	43	5	0	40	36	48	66	59	14	26	37	93	
28	31	11	30	45	31	41	54	51	5	6	0	44	56	8	62	22	34	45	85	
39	60	40	41	56	42	54	70	8	34	35	11	0	27	19	27	48	59	29	61	
55	13	29	48	21	7	10	35	34	40	33	34	62	0	60	28	22	52	72	13	
3	68	61	5	20	6	48	34	66	29	69	45	70	61	0	39	35	58	28	68	
18	88	68	63	73	16	36	78	14	29	63	79	67	46	60	0	54	65	86	2	
54	49	37	28	17	56	7	15	27	14	32	8	41	58	34	25	0	55	15	59	
46	44	29	53	68	54	58	51	46	28	24	5	62	15	31	65	40	0	51	61	
22	35	51	11	39	25	53	43	61	48	77	53	84	25	2	58	36	74	0	14	
19	6	22	32	5	44	24	19	32	24	17	22	55	17	30	35	33	43	56	0	
M5
0	84	77	50	106	60	10	88	79	70	32	9	39	95	87	63	27	60	31	122	
84	0	103	39	62	35	84	115	87	73	58	51	5	70	113	89	93	45	2	78	
42	41	0	6	47	81	46	70	77	14	62	49	37	16	58	15	35	93	81	76	
87	14	53	0	50	53	28	23	19	52	97	59	21	2	56	84	47	105	46	114	
40	106	79	66	0	68	18	80	92	48	58	8	38	73	79	62	45	7	82	85	
56	104	95	47	52	0	13	73	67	81	76	75	51	61	72	29	98	113	85	16	
34	53	45	17	57	3	0	66	52	21	64	60	9	43	86	11	38	73	47	73	
9	60	89	37	90	97	47	0	9	88	44	46	76	7	99	62	64	97	68	48	
58	5	52	75	30	90	73	88	0	33	27	43	69	107	72	91	24	82	66	46	
33	119	62	47	5	73	23	86	93	0	17	8	72	90	72	62	88	59	64	95	
13	95	8	40	78	31	51	77	72	66	0	48	18	71	18	78	65	18	10	89	
39	99	85	61	55	68	18	63	43	19	65	0	32	44	40	12	60	9	75	76	
26	12	72	3	3	8	9	73	53	37	27	63	0	50	31	18	78	64	15	78	
62	35	81	58	41	15	82	49	22	100	72	82	58	0	81	36	38	84	76	51	
27	48	27	1	68	89	43	86	10	32	76	22	84	52	0	75	3	15	86	74	
6	101	77	84	71	45	44	34	98	64	32	43	1	11	84	0	61	72	65	43	
80	15	82	15	49	53	3	39	64	16	37	55	59	79	64	61	0	80	55	63	
30	51	101	83	36	26	68	55	104	28	56	58	25	31	50	3	54	0	18	60	
21	42	62	66	101	52	2	100	101	70	42	26	10	92	59	60	76	8	0	11	
7	91	78	15	81	32	45	83	92	63	33	7	19	31	52	59	62	51	66	0	
M6
0	79	68	87	38	82	48	22	23	55	48	57	32	75	54	32	58	41	5	58	
16	0	7	20	64	84	52	55	18	31	77	69	25	113	62	22	40	88	67	89	
56	79	0	57	60	41	42	24	68	20	13	73	8	74	19	96	43	24	83	65	
65	82	37	0	74	109	28	32	91	65	58	94	62	88	31	35	74	19	73	40	
78	18	74	79	0	67	78	16	85	78	71	11	85	5	77	70	87	104	72	21	
35	37	48	42	45	0	44	11	33	14	15	44	29	44	21	90	45	51	15	67	
80	36	79	41	61	74	0	32	42	73	67	67	51	52	43	84	77	60	24	77	
11	6	62	75	79	26	11	0	33	66	73	64	80	14	79	58	20	39	62	67	
100	42	51	93	19	39	8	38	0	85	86	34	23	88	71	33	8	77	86	54	
53	81	37	37	4	19	35	44	12	0	66	57	53	73	59	40	47	63	27	80	
68	61	66	75	42	57	24	6	50	2	0	55	25	71	1	78	25	92	65	47	
101	79	26	108	41	34	40	48	92	44	37	0	7	57	43	97	9	59	81	65	
94	81	44	101	43	27	62	32	37	47	40	98	0	89	46	97	13	55	19	33	
66	95	79	84	13	93	11	74	70	103	96	2	76	0	56	23	78	2	57	88	
104	44	35	67	83	88	59	65	91	43	96	97	69	69	0	73	52	61	96	53	
78	13	69	82	8	75	44	32	9	54	117	70	59	13	33	0	44	110	74	90	
73	69	27	96	27	90	64	71	72	70	96	102	81	60	92	85	0	47	54	16	
14	41	48	93	27	19	21	36	66	32	25	3	18	24	31	66	55	0	48	14	
73	68	57	98	58	78	37	11	12	44	37	73	21	64	43	72	47	30	0	47	
80	49	16	66	35	114	28	91	57	65	86	110	81	104	92	115	23	35	74	0	
M7
0	63	50	22	30	80	37	9	77	81	39	90	44	8	42	77	82	67	10	4	
78	0	83	57	55	49	77	87	24	58	45	29	20	24	82	29	75	29	12	54	
73	52	0	52	19	77	78	82	84	77	46	79	63	68	45	60	22	86	18	71	
100	40	26	0	7	71	66	28	53	57	15	67	51	72	70	77	58	74	11	17	
74	14	79	79	0	45	40	66	46	57	8	41	25	46	44	51	42	48	24	53	
13	39	18	65	6	0	65	52	71	58	33	66	49	66	51	76	50	44	46	46	
88	23	60	88	8	72	0	61	55	84	21	60	3	23	1	38	57	60	43	59	
33	62	48	20	29	93	51	0	75	79	37	89	58	41	56	93	15	77	33	28	
73	46	32	4	13	44	24	34	0	10	21	38	31	51	29	66	22	80	17	23	
46	11	59	31	38	68	96	7	43	0	36	48	39	43	67	48	91	34	23	50	
65	52	61	62	37	101	25	41	32	71	0	31	32	52	2	5	12	47	72	81	
93	24	68	78	16	69	4	69	56	2	29	0	11	31	9	15	46	37	15	67	
100	40	89	61	7	71	66	91	72	50	34	36	0	49	70	56	47	42	43	5	
40	47	79	59	44	45	79	19	26	27	71	84	75	0	84	61	14	83	67	78	
88	43	5	43	28	83	16	59	10	49	21	77	23	43	0	54	37	73	33	62	
39	45	43	15	24	33	57	45	6	45	32	40	64	77	42	0	35	82	28	29	
68	36	2	64	21	85	9	54	68	11	34	65	16	36	14	43	0	73	30	16	
54	25	44	39	47	25	63	61	10	49	21	28	53	9	68	62	61	0	21	58	
82	53	81	111	20	53	32	94	85	87	47	30	36	59	32	9	59	87	0	50	
38	48	71	43	50	82	38	73	17	13	35	84	45	65	43	80	37	13	14	0	
