20  4  1
4
	0	38	1	14	2	33	3	55
	0	9	1	69	2	43	3	62
	0	89	1	24	2	20	3	56
	0	12	1	83	2	11	3	88
	0	27	1	21	2	35	3	32
	0	33	1	90	2	89	3	55
	0	94	1	100	2	71	3	26
	0	8	1	95	2	28	3	12
	0	40	1	27	2	37	3	54
	0	45	1	91	2	64	3	31
	0	34	1	86	2	71	3	53
	0	71	1	3	2	51	3	33
	0	97	1	69	2	30	3	40
	0	14	1	85	2	59	3	25
	0	81	1	39	2	66	3	73
	0	13	1	87	2	71	3	36
	0	67	1	35	2	72	3	20
	0	64	1	59	2	44	3	68
	0	95	1	41	2	24	3	33
	0	88	1	26	2	67	3	47
SSD
M0
0	19	5	35	15	21	9	29	41	43	21	27	35	27	21	14	16	40	10	20	
1	0	31	16	29	38	28	1	13	28	10	19	32	34	23	13	28	31	6	36	
14	18	0	14	19	40	32	28	24	19	21	38	2	20	11	17	42	11	8	40	
34	31	6	0	43	41	34	15	15	10	17	37	41	37	3	20	41	25	16	43	
2	32	20	2	0	11	23	29	29	24	5	10	46	11	15	30	5	23	30	13	
11	1	21	21	39	0	18	11	7	4	20	29	19	33	33	3	38	29	7	24	
39	29	6	4	35	28	0	20	31	19	29	9	41	1	19	20	19	20	32	2	
19	9	22	12	20	40	19	0	31	28	1	23	25	25	14	4	37	30	24	27	
4	21	31	13	11	33	40	31	0	35	19	42	5	48	28	26	12	27	3	41	
24	16	27	17	8	26	15	15	27	0	7	5	4	7	4	9	37	1	6	5	
35	26	39	32	15	23	13	26	12	24	0	40	28	7	33	26	18	14	5	10	
2	38	6	24	45	26	30	21	19	17	21	0	36	42	39	33	4	14	9	47	
35	25	3	41	35	28	38	21	37	26	21	37	0	41	15	23	29	40	40	36	
26	16	18	11	33	13	14	5	38	33	14	22	26	0	16	5	22	5	23	28	
16	6	33	23	30	30	37	16	28	27	2	6	13	18	0	27	19	23	12	10	
15	33	5	8	41	44	2	16	24	28	16	43	8	17	18	0	26	13	36	10	
17	26	38	20	41	6	18	26	21	27	28	19	21	27	35	38	0	19	4	25	
19	9	33	15	13	18	25	19	1	28	27	18	1	3	29	22	13	0	24	2	
1	16	43	33	26	30	4	13	15	44	20	38	44	13	5	25	11	6	0	43	
36	26	11	19	33	30	29	23	16	41	1	4	1	42	24	24	16	39	22	0	
M1
0	34	14	29	8	1	22	30	15	5	11	28	33	44	18	15	19	44	27	10	
25	0	10	12	9	17	4	19	18	12	13	32	10	32	4	10	6	19	9	5	
5	39	0	1	13	16	6	35	34	24	10	17	39	43	14	22	12	36	32	29	
24	25	18	0	43	28	6	16	19	6	29	20	43	4	11	13	26	25	9	12	
46	30	24	30	0	15	31	1	27	25	32	43	7	44	7	4	5	30	32	16	
38	6	43	44	4	0	9	5	40	2	8	42	26	16	32	2	30	38	33	41	
16	35	36	6	11	31	0	11	40	21	13	12	18	4	29	4	36	6	12	11	
15	22	12	11	18	21	9	0	10	20	28	11	33	11	46	16	28	37	33	14	
11	24	12	8	9	5	3	30	0	21	13	28	37	13	14	29	35	43	11	33	
5	24	25	16	27	20	32	21	9	0	2	1	29	8	10	6	25	29	21	4	
11	30	30	22	33	26	30	27	35	3	0	7	35	33	43	12	10	4	3	7	
1	20	21	12	23	16	31	17	30	6	26	0	25	23	33	2	21	31	19	24	
30	18	11	34	39	18	41	48	46	19	36	29	0	34	37	17	15	17	13	2	
21	29	4	12	41	27	14	6	24	1	38	17	24	0	38	22	22	38	25	36	
10	7	30	21	32	10	4	26	1	15	30	6	22	14	0	11	5	14	5	15	
23	2	11	36	23	37	25	31	19	35	9	37	28	25	38	0	44	49	48	14	
8	14	36	27	17	20	39	32	28	21	33	12	40	38	23	17	0	32	16	32	
23	38	23	14	32	38	37	45	38	42	28	48	49	7	8	33	21	0	49	26	
3	29	19	1	25	18	27	6	32	22	28	24	21	18	35	29	18	29	0	27	
5	9	25	16	11	14	35	21	27	10	30	1	14	8	37	6	24	12	23	0	
M2
0	19	43	47	13	3	27	44	7	43	4	7	12	40	23	48	1	39	36	37	
47	0	11	5	24	2	49	29	2	8	7	36	21	4	26	30	10	30	25	33	
16	41	0	23	25	36	28	24	22	37	31	5	39	31	36	17	5	47	15	28	
45	25	20	0	8	17	37	13	29	35	16	40	5	40	39	21	30	40	9	17	
23	37	29	15	0	17	2	35	2	21	23	44	13	23	22	18	43	18	8	33	
29	36	21	28	17	0	8	17	33	47	17	43	28	4	10	46	16	27	36	41	
9	15	16	28	12	32	0	23	37	19	34	18	35	47	2	35	41	29	2	40	
23	23	22	37	2	40	1	0	39	37	24	16	3	30	35	10	9	8	32	15	
24	30	14	40	29	27	22	3	0	43	15	27	34	8	45	41	39	39	34	44	
12	43	4	14	7	34	28	19	31	0	24	27	14	2	21	11	29	43	15	18	
22	34	7	22	37	12	28	7	47	32	0	16	20	34	28	42	32	32	1	29	
37	39	35	4	19	22	33	18	5	12	18	0	20	48	49	23	43	10	1	31	
38	8	37	25	3	11	2	26	31	18	10	23	0	15	27	46	8	5	39	31	
3	20	10	24	22	21	21	40	20	23	15	3	40	0	43	33	32	32	30	23	
36	24	40	31	16	27	45	26	14	21	2	27	25	2	0	36	42	41	5	24	
36	18	3	13	18	5	9	12	2	9	12	22	29	26	28	0	28	30	33	41	
6	28	38	29	33	3	1	26	31	37	7	5	18	10	38	25	0	29	43	26	
41	30	11	5	19	6	34	5	31	41	18	36	19	9	21	37	36	0	8	17	
12	20	20	2	21	30	24	11	42	17	13	12	9	23	49	34	18	12	0	14	
34	6	16	49	39	36	38	46	33	4	43	41	6	24	28	26	10	11	41	0	
M3
0	3	16	11	32	26	38	19	36	30	6	6	38	32	22	9	1	8	37	20	
9	0	38	38	49	14	43	34	14	32	24	7	40	41	8	8	3	3	34	29	
37	30	0	36	46	31	40	49	20	35	35	3	11	37	9	41	6	14	10	39	
2	16	26	0	42	6	30	44	33	28	16	34	47	40	45	34	40	49	41	43	
11	17	32	46	0	13	17	26	43	26	40	6	46	38	38	25	11	15	41	35	
20	15	25	35	10	0	27	18	5	30	20	15	5	22	12	18	1	37	6	20	
40	1	5	24	6	3	0	49	7	33	33	25	16	19	37	30	4	27	37	8	
6	29	21	10	36	26	35	0	5	41	20	33	43	39	30	35	12	34	19	21	
21	1	5	25	22	3	34	3	0	42	24	34	2	4	30	37	13	11	34	16	
46	32	4	8	32	26	5	30	33	0	15	26	24	6	26	39	16	38	43	39	
20	8	27	7	26	12	7	2	9	48	0	39	20	41	19	40	26	31	33	35	
1	8	3	7	27	19	27	49	5	20	41	0	38	1	27	34	20	27	45	3	
34	18	39	16	30	25	31	16	6	14	3	18	0	43	18	16	32	12	15	29	
17	15	14	14	1	11	5	35	4	19	18	10	36	0	1	8	34	16	33	21	
25	2	7	8	35	34	38	7	24	31	32	28	47	21	0	41	31	5	19	17	
7	18	22	10	20	15	1	20	34	13	14	14	8	25	43	0	16	1	36	6	
35	22	15	39	48	5	42	47	18	9	9	1	17	27	36	37	0	16	29	37	
7	7	18	18	37	6	19	36	5	6	36	15	36	38	28	38	18	0	22	15	
6	18	40	29	3	38	25	7	24	33	6	34	42	44	47	1	13	28	0	9	
19	30	6	7	25	24	17	3	20	8	8	41	22	45	18	47	27	25	20	0	
