20  8  1
8
	0	27	1	75	2	97	3	7	4	67	5	44	6	20	7	94
	0	5	1	77	2	13	3	10	4	46	5	55	6	39	7	11
	0	83	1	97	2	58	3	4	4	12	5	69	6	66	7	79
	0	32	1	75	2	50	3	69	4	89	5	35	6	64	7	6
	0	99	1	68	2	44	3	51	4	42	5	32	6	100	7	17
	0	19	1	91	2	46	3	14	4	25	5	13	6	76	7	81
	0	51	1	14	2	94	3	93	4	59	5	8	6	33	7	44
	0	50	1	20	2	43	3	59	4	47	5	82	6	38	7	72
	0	67	1	13	2	8	3	86	4	18	5	48	6	56	7	95
	0	88	1	84	2	6	3	27	4	93	5	36	6	99	7	60
	0	93	1	38	2	68	3	93	4	1	5	23	6	57	7	92
	0	54	1	70	2	38	3	42	4	6	5	10	6	16	7	60
	0	62	1	4	2	53	3	72	4	81	5	66	6	44	7	45
	0	88	1	80	2	2	3	22	4	5	5	21	6	73	7	22
	0	68	1	8	2	65	3	77	4	93	5	19	6	56	7	40
	0	25	1	68	2	39	3	78	4	57	5	20	6	99	7	19
	0	24	1	75	2	39	3	45	4	1	5	73	6	89	7	37
	0	55	1	91	2	86	3	100	4	43	5	28	6	87	7	44
	0	44	1	2	2	68	3	96	4	71	5	16	6	14	7	60
	0	2	1	47	2	95	3	56	4	27	5	82	6	12	7	1
SSD
M0
0	60	1	25	24	40	61	33	53	31	25	38	81	32	66	61	3	66	50	69	
93	0	67	60	104	90	78	35	4	87	94	31	65	75	56	94	59	75	11	97	
16	59	0	24	67	57	39	4	68	49	68	19	74	1	23	36	46	11	44	24	
27	3	26	0	78	54	20	43	12	6	66	4	62	27	49	33	57	80	19	21	
64	47	63	65	0	73	17	49	6	34	30	54	28	33	35	77	19	5	1	69	
38	1	31	25	28	0	68	40	10	28	21	37	38	59	7	15	10	7	10	63	
38	42	65	7	52	51	0	57	45	43	63	43	21	23	46	30	68	52	38	18	
13	46	41	65	64	30	69	0	55	58	60	29	47	66	47	9	30	56	59	57	
72	28	49	93	86	81	36	68	0	80	65	64	16	108	89	30	81	13	44	78	
74	10	67	75	69	63	56	50	19	0	27	9	44	8	71	62	24	70	26	50	
40	64	68	44	20	44	36	50	28	36	0	52	9	52	39	23	70	46	31	11	
11	14	39	63	61	57	30	33	23	58	15	0	27	19	61	28	33	83	21	33	
81	39	27	61	75	82	62	60	48	2	81	28	0	98	45	61	30	108	55	49	
39	39	67	21	66	19	66	78	48	59	59	57	57	0	30	19	48	45	48	41	
65	44	93	92	47	74	64	71	53	32	67	79	46	79	0	24	44	6	60	47	
94	64	47	80	54	46	48	62	50	36	46	64	13	83	51	0	75	72	43	23	
27	52	49	79	21	86	34	6	26	4	50	11	54	49	98	65	0	106	62	94	
4	33	32	56	34	13	30	39	42	39	26	55	55	63	39	17	34	0	34	14	
71	56	86	80	83	36	23	8	35	74	76	87	10	52	62	67	65	20	0	75	
69	51	78	75	78	31	23	37	60	23	43	39	48	97	26	10	60	57	18	0	
M1
0	70	32	54	63	51	35	39	13	54	68	54	54	36	86	67	46	77	91	54	
53	0	83	52	59	45	33	3	9	30	22	50	62	26	82	48	79	85	59	30	
50	20	0	63	10	85	110	71	59	50	88	46	94	51	109	59	93	90	88	17	
70	58	73	0	61	80	23	51	29	42	89	17	52	6	31	56	66	69	66	35	
52	19	47	55	0	42	59	35	8	61	78	7	54	31	35	43	77	12	57	37	
31	3	21	32	53	0	13	38	23	32	83	12	13	29	43	24	29	36	50	32	
33	21	36	5	68	61	0	45	18	5	76	59	15	41	52	29	67	38	47	5	
70	67	89	58	84	22	39	0	34	58	25	75	68	3	59	25	70	79	94	58	
31	73	78	34	37	47	38	14	0	40	57	28	67	10	60	59	79	90	72	57	
63	6	41	74	5	87	78	46	27	0	63	62	72	4	96	37	78	38	109	73	
7	17	65	24	29	56	15	58	47	34	0	79	44	70	37	58	78	67	65	34	
29	102	33	36	72	17	73	49	22	35	47	0	102	45	95	87	79	102	59	23	
14	43	77	53	56	47	57	33	6	58	76	47	0	29	33	10	53	19	33	44	
41	47	71	48	51	4	49	28	1	9	7	30	49	0	12	53	39	72	47	11	
47	27	71	48	69	41	29	13	39	48	53	63	29	36	0	42	47	52	27	3	
73	61	61	45	94	2	26	21	58	45	66	89	55	10	92	0	61	58	41	45	
61	56	100	56	64	46	50	4	54	69	49	70	79	27	67	49	0	44	102	63	
27	67	70	87	56	24	91	67	40	68	59	12	43	3	79	57	67	0	80	90	
75	61	42	70	51	12	51	58	31	23	82	72	76	54	58	83	18	41	0	61	
64	79	66	83	91	30	77	68	71	76	24	13	61	89	98	36	40	32	98	0	
M2
0	18	10	12	32	55	37	34	20	10	11	24	4	3	55	23	15	14	31	39	
92	0	13	8	52	45	48	3	26	50	44	40	84	64	79	59	1	56	35	48	
36	60	0	56	63	23	52	2	62	66	23	35	82	63	8	10	22	74	61	88	
57	50	10	0	55	85	45	28	50	40	21	36	81	35	76	22	56	46	87	69	
64	54	9	42	0	15	60	69	32	22	45	36	17	75	17	65	45	32	83	51	
59	35	14	49	43	0	78	51	39	63	86	77	65	82	55	20	49	92	22	77	
57	4	30	25	54	62	0	20	31	21	33	35	71	25	57	35	18	36	26	10	
50	15	39	27	47	66	7	0	31	21	26	2	64	18	56	64	22	29	16	50	
58	48	3	2	18	27	41	63	0	16	39	30	58	76	61	25	26	80	50	30	
36	26	15	14	30	39	53	42	4	0	17	8	70	54	39	37	38	65	62	23	
51	41	30	2	45	54	51	57	19	9	0	23	41	69	54	52	35	40	46	38	
40	23	29	17	37	60	37	39	25	15	16	0	46	8	60	58	37	19	71	44	
43	16	22	3	2	43	60	32	11	1	24	15	0	61	46	44	30	7	48	20	
30	13	19	7	27	50	64	29	15	5	6	19	44	0	50	48	27	9	61	34	
72	62	17	16	4	41	55	77	6	30	4	39	9	85	0	39	23	69	13	44	
57	31	24	23	39	41	36	47	13	37	33	51	79	61	18	0	45	46	71	42	
110	84	65	56	30	5	8	100	65	88	11	101	44	100	81	71	0	16	73	103	
52	16	12	29	49	50	25	14	37	27	28	16	46	20	28	70	6	0	3	56	
17	32	29	27	47	64	64	48	29	19	26	33	7	18	39	62	46	29	0	48	
82	57	71	51	70	102	32	73	67	57	19	4	75	50	1	72	71	61	78	0	
M3
0	23	45	31	60	63	37	68	84	68	50	56	34	106	73	47	47	38	27	49	
96	0	34	46	49	73	31	58	57	65	17	23	38	78	48	31	40	5	22	89	
81	62	0	29	11	65	86	72	86	83	32	66	21	60	25	33	2	75	56	81	
4	34	19	0	34	49	48	27	70	67	32	67	15	74	13	56	12	43	9	60	
35	65	23	54	0	69	79	99	44	68	59	65	10	87	52	60	29	70	44	77	
58	63	64	96	56	0	34	58	7	4	24	96	33	37	57	95	58	78	12	2	
85	67	75	98	76	13	0	52	34	31	32	93	54	26	47	74	29	19	39	18	
55	19	61	75	27	58	60	0	79	1	46	52	36	8	77	60	55	34	49	40	
52	26	70	65	83	68	39	94	0	62	53	59	74	104	53	57	76	41	7	29	
27	57	33	65	48	75	71	43	96	0	69	83	45	17	62	70	27	60	58	49	
98	18	47	73	62	99	2	10	63	70	0	48	8	40	76	36	53	33	50	45	
40	70	38	71	38	49	84	64	70	67	70	0	63	97	55	46	25	85	46	46	
79	6	37	6	52	57	47	71	21	75	33	36	0	45	64	47	21	21	38	73	
101	46	62	51	28	63	62	4	84	64	42	79	6	0	51	87	31	48	19	10	
65	37	37	60	52	106	71	73	104	52	64	66	62	47	0	16	43	21	69	79	
39	34	55	77	20	75	75	47	96	32	61	27	49	21	73	0	61	15	12	53	
98	15	59	57	69	55	42	79	76	73	32	19	63	103	73	56	0	30	15	71	
83	33	55	84	68	12	60	26	33	30	48	1	35	63	43	74	27	0	38	28	
77	7	51	22	13	49	40	75	42	67	34	5	55	50	23	48	37	22	0	58	
73	53	60	59	47	113	75	68	120	124	17	73	85	99	47	94	66	41	21	0	
M4
0	49	56	46	43	72	78	27	83	56	94	45	57	44	59	81	75	35	72	13	
49	0	50	71	80	23	45	62	67	52	72	22	53	40	36	69	55	59	61	58	
31	43	0	76	70	58	86	9	85	37	57	7	38	25	21	69	60	30	72	58	
16	23	8	0	67	52	36	29	86	4	5	3	24	21	17	18	42	50	15	45	
34	54	49	45	0	22	50	36	66	53	82	49	10	67	19	27	29	41	60	32	
45	21	2	69	54	0	3	23	19	6	62	21	52	39	4	75	74	17	13	17	
41	50	44	92	92	53	0	62	44	44	64	14	45	32	28	77	76	63	37	79	
9	21	29	20	29	2	30	0	46	12	52	24	47	42	9	53	4	44	40	7	
39	10	42	32	63	34	53	60	0	42	38	12	43	30	26	51	83	76	72	76	
11	30	16	22	31	30	4	13	74	0	31	14	17	4	11	44	6	58	9	9	
49	63	15	60	69	68	30	36	112	58	0	34	59	46	48	12	44	57	92	47	
21	30	24	92	91	55	75	42	99	24	44	0	25	12	8	57	76	66	59	64	
63	69	20	77	42	58	79	17	41	58	48	39	0	57	53	61	61	1	39	63	
4	21	7	90	74	75	85	28	104	7	76	26	8	0	40	88	74	49	72	47	
6	26	32	12	26	25	38	8	69	35	55	5	36	23	0	39	1	11	49	4	
48	60	5	74	63	65	64	26	70	30	33	24	55	42	38	0	77	47	89	26	
4	24	30	15	24	23	45	6	67	49	69	19	50	37	4	70	0	53	61	2	
48	60	47	81	34	88	62	68	91	57	31	27	58	45	13	44	65	0	67	68	
13	30	16	25	57	67	19	37	90	16	85	35	17	4	49	88	55	16	0	20	
21	12	94	56	10	67	38	18	43	48	99	73	62	86	71	41	69	93	59	0	
M5
0	81	29	54	25	32	58	32	58	6	77	50	50	73	67	6	23	32	47	45	
63	0	29	11	44	3	32	54	43	18	41	44	31	20	9	37	55	41	9	21	
34	58	0	64	31	47	57	41	3	41	49	15	53	21	48	8	91	34	3	65	
35	88	75	0	34	81	84	8	57	47	83	19	57	102	43	52	97	4	74	72	
10	76	45	57	0	67	72	19	14	42	69	7	45	83	29	60	40	77	60	62	
47	36	13	9	44	0	16	46	27	54	46	28	33	69	52	21	46	47	58	5	
43	37	73	54	55	63	0	22	59	65	22	4	9	62	85	50	99	65	54	78	
54	53	58	55	53	61	69	0	36	66	57	13	51	30	99	57	61	23	41	62	
64	40	49	45	48	23	41	68	0	32	15	12	50	21	30	43	40	58	54	18	
64	80	57	53	40	31	60	59	16	0	48	72	8	31	26	38	90	37	5	24	
31	45	28	46	10	24	53	38	56	22	0	49	44	17	66	5	82	20	50	42	
42	59	87	40	94	61	55	75	69	51	85	0	28	111	104	71	85	79	92	79	
58	61	55	70	37	48	55	65	73	49	4	67	0	44	93	32	27	47	77	3	
60	75	54	50	40	28	57	26	44	52	7	54	67	0	56	35	60	44	12	46	
53	68	45	41	47	19	48	30	59	60	21	60	3	40	0	27	78	34	12	35	
6	97	3	38	3	48	70	13	49	13	67	40	57	53	41	0	70	6	47	66	
47	67	44	20	44	18	47	54	58	54	60	59	26	52	20	21	0	29	24	36	
3	90	64	4	2	79	71	47	25	15	88	41	59	82	48	41	70	0	56	40	
43	65	40	48	19	54	51	50	65	50	40	58	39	12	67	17	91	16	0	72	
17	47	78	15	34	73	2	32	69	60	32	14	19	72	74	60	84	54	62	0	
M6
0	68	31	58	69	5	14	12	51	103	70	79	61	18	67	10	55	57	40	61	
53	0	55	55	27	44	48	12	41	17	34	5	45	55	16	43	61	34	48	69	
63	26	0	10	63	40	52	28	31	17	60	9	60	79	67	47	75	38	30	51	
54	60	23	0	35	32	32	13	39	83	57	70	11	23	55	62	81	39	70	39	
33	85	3	18	0	58	67	65	95	86	42	78	21	71	54	37	65	69	93	54	
96	19	84	1	34	0	74	55	95	53	15	63	76	88	17	16	42	32	59	80	
71	49	62	40	61	96	0	37	4	101	87	72	99	76	73	86	64	10	64	85	
3	18	19	13	19	28	37	0	60	71	48	29	57	41	56	11	78	32	19	40	
32	3	2	5	39	48	23	31	0	54	44	12	80	62	58	50	4	38	88	82	
72	36	38	21	59	63	35	38	49	0	23	19	87	14	39	27	85	48	69	76	
33	10	40	42	76	58	55	61	53	8	0	54	93	71	55	10	51	50	93	63	
38	1	60	54	60	28	27	3	64	26	37	0	73	56	56	22	50	13	60	67	
36	20	87	28	69	61	31	45	68	69	61	64	0	15	24	63	57	39	96	100	
51	5	28	65	71	46	5	56	42	45	5	43	30	0	18	72	29	48	47	12	
70	11	56	23	52	60	15	35	52	27	49	16	60	17	0	11	82	45	19	40	
70	19	47	46	50	82	52	52	72	66	4	62	61	51	15	0	92	91	52	31	
90	77	82	63	78	78	47	62	84	108	75	97	13	72	49	101	0	22	45	66	
71	86	6	50	69	63	63	30	77	15	49	74	87	85	29	66	14	0	36	57	
46	41	23	4	19	58	13	57	27	49	16	38	37	35	23	76	68	56	0	7	
27	22	4	42	72	39	23	38	29	61	72	19	18	16	4	57	49	48	49	0	
M7
0	66	39	76	70	17	21	78	71	66	14	1	10	69	70	12	87	57	56	62	
68	0	3	108	66	80	47	60	45	91	90	73	75	42	84	58	70	107	74	97	
62	48	0	29	28	72	81	46	28	46	27	27	20	40	23	48	23	52	17	15	
76	63	20	0	46	69	91	92	33	11	4	40	61	50	33	66	73	91	27	25	
107	70	24	71	0	27	91	63	70	57	10	5	29	82	65	3	103	28	59	57	
51	54	35	63	61	0	35	10	46	61	10	11	30	25	57	59	53	28	51	49	
76	56	14	39	38	20	0	50	29	7	37	30	61	50	33	58	38	32	27	25	
82	87	59	62	18	16	1	0	74	52	45	22	49	95	14	38	77	63	72	70	
52	39	41	15	22	41	8	51	0	32	13	12	37	26	9	41	54	6	3	1	
96	78	52	26	13	57	38	21	65	0	36	35	59	82	65	21	2	58	59	57	
32	25	39	40	47	44	38	50	39	2	0	43	62	6	34	59	34	5	28	26	
46	5	19	68	19	7	63	76	61	69	46	0	65	20	33	39	48	64	52	57	
40	28	1	42	43	19	74	93	16	59	40	39	0	14	22	63	32	48	30	28	
4	20	34	80	97	16	42	68	61	27	77	20	71	0	66	49	6	54	10	94	
28	70	34	8	54	82	18	92	35	25	18	54	57	58	0	34	44	47	35	33	
86	73	51	49	56	98	69	65	48	35	47	78	71	60	43	0	88	60	37	35	
85	64	58	37	75	21	48	25	67	11	34	31	90	74	62	6	0	85	56	54	
71	62	76	78	44	68	58	1	47	58	69	6	65	86	72	10	101	0	7	64	
15	79	23	95	103	75	96	23	95	61	94	62	113	37	90	28	35	57	0	82	
50	37	39	13	20	62	65	84	12	30	11	42	35	24	7	40	52	65	1	0	
