20  6  1
6
	0	8	1	93	2	16	3	95	4	94	5	97
	0	28	1	31	2	93	3	73	4	13	5	35
	0	24	1	63	2	31	3	79	4	52	5	12
	0	96	1	100	2	2	3	3	4	78	5	83
	0	41	1	49	2	40	3	15	4	51	5	25
	0	8	1	8	2	61	3	81	4	92	5	61
	0	90	1	54	2	91	3	64	4	44	5	90
	0	61	1	4	2	58	3	48	4	30	5	8
	0	68	1	12	2	82	3	24	4	70	5	78
	0	46	1	53	2	98	3	64	4	65	5	52
	0	6	1	60	2	34	3	87	4	70	5	34
	0	20	1	12	2	24	3	43	4	14	5	89
	0	94	1	22	2	74	3	76	4	11	5	53
	0	55	1	62	2	97	3	35	4	53	5	13
	0	66	1	98	2	79	3	63	4	91	5	47
	0	63	1	59	2	8	3	21	4	53	5	48
	0	78	1	4	2	39	3	77	4	20	5	18
	0	53	1	15	2	81	3	96	4	81	5	41
	0	22	1	6	2	21	3	57	4	12	5	76
	0	69	1	8	2	79	3	48	4	94	5	23
SSD
M0
0	61	54	80	17	44	50	19	90	43	76	62	73	103	58	38	4	2	36	54	
18	0	74	73	43	14	54	45	74	31	46	32	45	75	13	30	30	26	1	19	
66	69	0	87	91	72	47	4	12	55	84	10	36	36	51	36	51	52	44	27	
86	55	72	0	21	64	22	77	58	26	14	16	60	8	94	45	44	57	30	63	
51	5	72	77	0	18	58	72	78	64	50	36	49	79	46	34	36	59	34	28	
83	37	53	51	31	0	32	48	52	96	24	10	23	53	78	39	10	46	40	2	
70	34	45	48	31	48	0	32	81	47	37	52	65	24	75	38	66	36	9	40	
1	50	63	40	26	53	12	0	42	45	85	31	71	40	67	47	13	11	45	63	
15	71	33	47	37	38	26	42	0	6	70	56	8	28	58	1	27	25	59	48	
14	30	44	13	39	9	40	41	57	0	32	15	36	43	71	25	26	3	48	19	
72	35	74	73	1	49	2	57	47	86	0	9	51	23	74	38	50	37	10	43	
76	39	45	57	81	42	26	55	22	80	74	0	70	96	80	9	21	41	14	47	
70	24	56	71	64	35	65	61	25	77	57	53	0	86	35	67	53	7	38	45	
49	63	111	79	41	87	42	75	66	81	34	49	49	0	104	78	44	21	50	48	
46	42	98	42	54	65	55	73	79	10	47	37	49	25	0	46	3	53	63	38	
34	7	84	89	25	49	40	30	71	54	69	29	18	24	48	0	46	44	36	43	
45	34	99	85	10	49	27	57	65	26	19	34	66	48	10	39	0	37	10	43	
21	43	75	29	46	57	43	1	82	72	83	52	74	99	31	12	29	0	18	48	
40	3	67	76	56	17	57	25	65	62	49	23	34	78	44	7	35	5	0	11	
24	54	70	68	48	9	49	51	68	36	41	27	40	28	90	10	27	34	57	0	
M1
0	3	23	24	59	43	29	39	45	39	48	18	42	29	31	38	22	40	10	20	
18	0	36	5	55	43	31	24	11	52	33	50	55	28	64	46	24	27	46	51	
66	75	0	19	7	46	62	65	62	36	74	29	67	54	68	58	58	77	49	40	
81	78	46	0	74	58	64	84	59	74	93	18	19	58	20	90	78	42	62	72	
68	36	48	40	0	49	6	77	24	42	61	63	70	35	70	54	63	40	26	36	
64	35	40	53	8	0	27	73	51	21	82	46	13	13	79	47	59	23	64	56	
39	22	28	53	39	43	0	33	64	58	42	23	47	64	17	38	16	70	45	43	
20	76	56	48	27	56	22	0	75	85	5	62	77	33	78	62	76	40	34	44	
45	19	26	37	36	20	14	57	0	29	66	27	41	5	41	43	40	4	23	33	
17	26	47	60	75	59	15	81	52	0	87	56	20	8	73	38	79	43	67	54	
62	57	49	21	31	15	50	74	58	44	0	20	22	36	22	70	57	21	67	54	
80	97	90	18	65	98	82	56	66	90	65	0	64	70	27	87	79	82	68	78	
40	37	5	18	33	17	44	54	18	46	63	14	0	17	45	52	37	1	41	34	
8	40	53	66	21	5	40	65	64	34	48	59	26	0	47	2	54	36	75	69	
52	53	23	68	35	19	18	28	38	48	37	38	40	40	0	33	11	49	66	38	
47	23	12	28	74	60	27	77	65	53	74	67	56	43	16	0	78	44	14	24	
37	79	8	62	44	40	3	13	57	60	22	63	27	50	57	18	0	50	51	23	
26	21	30	35	17	1	28	38	60	30	47	8	22	22	41	36	21	0	31	18	
38	60	16	8	54	40	62	77	80	46	54	47	61	61	38	22	60	24	0	4	
37	83	4	31	74	85	50	74	68	34	83	92	56	85	26	10	57	69	39	0	
M2
0	67	11	61	2	64	17	39	29	81	67	59	50	76	38	9	21	59	81	2	
2	0	29	55	20	59	23	40	16	79	66	77	36	77	56	10	15	20	37	20	
36	78	0	73	54	37	69	9	34	70	72	75	8	48	68	21	33	46	93	54	
71	49	78	0	64	54	70	69	87	90	26	62	27	28	64	91	64	31	18	89	
37	25	38	67	0	64	70	24	35	49	73	17	49	77	21	15	27	32	59	55	
48	74	28	49	52	0	56	68	36	69	77	48	67	52	44	73	67	46	4	11	
61	72	88	21	79	5	0	30	99	38	49	41	33	51	64	86	76	54	41	38	
61	57	14	51	7	67	33	0	79	3	79	13	45	12	38	62	11	34	33	58	
70	63	49	12	68	68	64	73	0	73	40	22	38	42	60	69	57	45	12	58	
42	49	12	16	30	72	75	52	33	0	44	80	25	46	3	57	36	49	36	10	
74	64	81	13	27	45	72	9	72	70	0	48	42	43	79	52	57	46	20	68	
24	41	51	27	22	83	57	27	50	43	55	0	8	57	14	49	11	60	30	42	
65	3	25	53	54	57	22	65	63	36	42	35	0	24	73	43	55	86	73	66	
78	33	21	44	29	80	30	21	36	21	72	45	47	0	83	73	43	49	64	90	
8	68	35	53	26	4	41	53	53	70	38	3	35	64	0	33	38	73	16	26	
14	95	41	44	32	78	47	22	12	74	72	70	73	59	60	0	4	42	64	32	
14	52	41	1	1	57	47	63	41	90	29	58	30	31	17	39	0	34	21	8	
54	52	44	1	13	27	52	11	42	19	15	39	22	31	60	32	21	0	20	68	
49	60	76	74	67	106	31	74	48	51	60	23	55	27	61	52	42	79	0	67	
2	5	29	64	20	10	35	56	47	38	17	77	56	93	56	27	39	77	45	0	
M3
0	10	14	4	89	13	66	29	19	32	24	7	2	54	11	40	8	41	53	79	
40	0	48	38	43	63	75	69	2	66	39	29	89	37	17	36	85	75	75	73	
52	38	0	32	93	38	53	19	66	60	49	10	53	71	16	53	64	69	56	107	
17	3	7	0	82	41	72	35	78	25	53	49	80	51	4	33	67	34	95	72	
60	28	26	69	0	82	77	26	55	54	13	92	75	73	4	81	56	106	86	15	
37	23	27	17	102	0	92	55	98	24	73	14	75	71	24	53	3	50	39	92	
37	30	34	24	18	68	0	27	57	34	46	76	28	21	31	60	50	20	65	48	
51	37	20	31	66	61	58	0	18	59	55	66	97	4	38	67	32	38	80	96	
36	22	26	16	73	60	91	43	0	44	13	68	99	11	23	52	86	53	97	74	
24	15	19	9	17	53	72	47	87	0	45	43	82	8	16	33	79	46	89	47	
51	72	43	66	39	82	91	80	48	17	0	56	74	75	58	81	71	58	102	14	
47	70	83	89	76	68	43	94	82	88	87	0	118	45	89	50	14	63	3	106	
25	11	13	5	56	35	55	6	72	33	53	6	0	32	12	16	63	10	52	78	
29	15	19	9	27	53	65	47	50	37	55	27	58	0	16	45	65	46	73	57	
22	8	12	2	83	15	34	10	76	2	51	54	21	56	0	14	5	39	100	77	
96	93	91	87	59	23	18	23	47	17	16	107	47	45	66	0	103	45	88	89	
91	87	82	81	93	74	48	14	41	109	78	67	34	46	82	77	0	17	36	55	
71	57	15	51	98	62	87	89	93	21	96	47	24	63	58	65	84	0	22	70	
58	47	23	41	75	61	10	56	85	41	54	32	85	59	30	17	89	16	0	63	
13	12	16	6	72	50	57	44	44	34	62	58	12	60	13	42	76	43	104	0	
M4
0	56	8	54	70	36	49	59	67	65	16	52	37	30	25	17	56	34	1	76	
21	0	24	68	73	92	13	92	39	9	69	29	76	81	22	16	4	29	73	42	
60	26	0	53	22	47	28	16	37	48	64	22	24	34	14	55	13	3	64	22	
104	93	71	0	65	86	17	56	58	57	70	63	79	49	58	24	58	79	46	72	
64	36	47	53	0	62	17	59	45	58	50	30	17	65	37	33	36	4	66	54	
54	20	57	55	74	0	34	58	53	42	48	62	1	55	21	49	18	29	50	75	
66	32	10	54	31	51	0	76	60	54	60	45	19	63	5	61	38	47	68	69	
18	45	27	81	49	1	22	0	15	59	18	69	26	47	46	47	45	51	18	14	
3	62	40	81	62	92	78	61	0	54	76	23	103	70	65	5	30	3	44	47	
43	9	46	75	74	18	3	36	40	0	4	51	23	77	40	38	5	51	72	43	
51	17	54	1	17	75	43	77	3	39	0	59	78	48	52	42	34	52	19	14	
69	35	3	70	66	88	61	57	1	57	75	0	79	62	34	54	42	15	77	10	
42	8	45	44	62	92	22	61	43	30	90	50	0	43	9	37	8	17	38	63	
44	83	5	85	79	104	85	73	45	75	14	42	81	0	71	80	46	60	103	56	
48	21	50	57	58	51	35	74	56	43	103	51	2	53	0	50	21	30	48	75	
50	16	42	83	4	49	42	63	34	38	60	25	72	12	51	0	33	47	60	49	
44	22	34	103	49	86	48	102	15	44	64	64	71	67	15	51	0	55	102	50	
41	10	46	91	42	44	36	24	6	32	67	52	53	57	45	38	27	0	49	65	
65	54	56	76	72	44	63	46	54	52	52	39	47	17	25	83	66	21	0	63	
28	58	26	93	40	33	70	60	24	2	62	9	47	78	7	77	65	38	62	0	
M5
0	54	27	50	63	71	29	58	46	33	25	65	9	54	44	69	45	31	1	1	
49	0	50	9	62	46	79	81	64	56	48	44	63	15	13	81	32	77	52	24	
65	34	0	60	24	46	22	19	7	1	75	58	6	15	52	35	32	43	52	52	
49	8	68	0	8	2	14	77	12	34	55	44	18	58	47	60	25	12	45	67	
16	59	75	58	0	91	70	44	73	1	26	11	28	68	21	48	63	66	93	77	
68	33	77	12	71	0	44	18	91	17	59	18	16	69	57	26	41	28	13	51	
19	72	27	55	63	20	0	58	13	33	25	68	40	54	15	58	49	33	50	1	
91	7	51	51	73	79	18	0	70	20	49	51	60	57	55	20	43	16	74	25	
84	7	51	34	43	82	12	82	0	18	49	29	47	57	55	14	73	24	41	25	
64	12	53	38	23	73	21	84	70	0	46	54	32	47	60	59	10	86	42	71	
69	24	63	30	81	69	76	55	13	37	0	46	81	54	5	10	53	6	61	83	
41	27	66	27	31	18	2	12	66	40	51	0	80	46	75	6	63	8	8	45	
34	52	44	25	50	34	53	75	63	50	42	3	0	3	46	57	20	4	12	18	
75	75	47	32	34	18	59	60	64	36	85	48	65	0	72	53	4	49	24	93	
17	57	11	29	31	31	45	42	30	24	66	28	29	31	0	50	1	66	33	42	
64	20	12	22	23	70	46	43	31	25	16	59	30	39	55	0	31	56	63	50	
53	71	25	10	12	58	37	56	42	38	63	26	43	27	58	31	0	80	14	89	
55	60	98	66	85	22	87	80	49	50	2	82	61	46	41	46	55	0	68	113	
79	63	17	20	38	62	46	48	36	30	25	30	32	44	64	64	40	54	0	81	
80	48	3	53	39	47	32	34	22	9	1	46	16	30	40	45	25	41	26	0	
