20  8  1
8
	0	30	1	65	2	9	3	72	4	27	5	15	6	86	7	19
	0	72	1	70	2	70	3	49	4	25	5	92	6	99	7	5
	0	88	1	66	2	10	3	92	4	4	5	89	6	31	7	69
	0	74	1	11	2	37	3	26	4	96	5	100	6	82	7	4
	0	99	1	65	2	16	3	46	4	25	5	86	6	28	7	79
	0	12	1	27	2	83	3	78	4	45	5	17	6	51	7	65
	0	88	1	40	2	34	3	27	4	30	5	73	6	45	7	71
	0	92	1	42	2	97	3	43	4	80	5	4	6	1	7	83
	0	85	1	75	2	85	3	89	4	64	5	42	6	79	7	13
	0	55	1	55	2	34	3	16	4	99	5	71	6	62	7	49
	0	86	1	96	2	19	3	42	4	47	5	55	6	78	7	15
	0	47	1	84	2	45	3	43	4	59	5	19	6	24	7	39
	0	26	1	21	2	36	3	43	4	39	5	88	6	53	7	21
	0	85	1	9	2	87	3	16	4	44	5	83	6	53	7	12
	0	48	1	3	2	7	3	92	4	14	5	73	6	3	7	2
	0	27	1	14	2	44	3	67	4	34	5	79	6	10	7	3
	0	69	1	70	2	87	3	25	4	25	5	43	6	31	7	53
	0	42	1	34	2	49	3	59	4	72	5	43	6	70	7	13
	0	50	1	73	2	38	3	7	4	74	5	76	6	63	7	83
	0	77	1	95	2	99	3	84	4	36	5	82	6	39	7	8
SSD
M0
0	65	26	47	29	81	39	66	11	25	61	74	52	6	8	76	10	72	54	45	
44	0	53	30	70	60	80	70	61	82	31	90	10	75	77	34	24	26	50	25	
55	49	0	67	15	64	30	2	79	56	63	8	36	58	42	59	16	10	81	56	
8	29	7	0	16	31	42	62	46	63	21	64	56	44	46	74	48	6	56	51	
49	90	17	36	0	52	45	3	7	82	25	34	77	65	14	43	71	23	77	76	
29	34	71	33	68	0	8	22	3	42	97	35	55	5	67	39	69	79	13	48	
69	27	98	64	67	72	0	5	16	62	94	14	35	72	63	40	80	54	37	82	
36	5	61	36	63	49	3	0	21	54	86	91	2	51	57	17	57	57	4	9	
7	24	9	42	66	72	12	29	0	62	17	71	48	43	45	83	47	65	53	23	
43	58	12	25	11	42	62	71	57	0	17	37	9	24	65	35	70	54	66	69	
76	68	68	4	69	55	46	25	14	47	0	30	88	3	19	74	50	56	11	62	
53	13	43	63	54	18	37	28	33	1	73	0	19	28	42	25	65	25	26	67	
8	23	42	85	35	48	68	52	49	63	85	63	0	44	46	16	48	56	73	34	
13	6	7	69	19	38	5	70	44	63	97	15	57	0	51	34	53	31	41	76	
9	40	49	50	68	40	60	36	50	27	45	70	35	45	0	61	9	89	61	50	
46	21	74	50	78	5	25	9	18	21	42	52	50	14	84	0	13	13	30	15	
11	66	53	51	4	37	57	66	19	66	22	47	17	31	49	59	0	75	62	61	
3	41	48	15	38	92	38	14	30	22	55	37	60	39	41	66	36	0	87	78	
44	31	60	16	69	37	30	22	23	61	34	84	43	54	59	13	53	53	0	51	
53	62	49	61	39	56	54	30	28	21	31	44	19	54	29	24	64	64	20	0	
M1
0	17	33	27	25	46	19	6	42	16	13	40	19	35	59	51	72	50	52	42	
41	0	66	15	26	20	39	45	42	30	8	55	58	9	35	25	38	2	22	72	
1	54	0	48	54	36	67	71	70	38	65	37	85	37	63	34	9	62	33	4	
34	26	66	0	26	20	35	45	61	4	53	48	69	9	54	25	56	72	14	46	
19	34	51	65	0	5	24	24	10	24	6	33	23	73	20	3	7	8	78	1	
53	56	19	33	21	0	10	8	48	15	76	58	68	46	41	62	54	59	58	29	
3	79	27	42	41	68	0	32	21	17	48	8	18	62	57	60	62	49	67	23	
3	6	63	77	2	17	22	0	16	53	26	24	80	61	49	20	51	67	76	60	
52	28	51	7	44	17	53	47	0	22	22	20	77	27	63	36	67	39	2	64	
54	48	41	70	15	19	40	11	69	0	34	67	49	49	74	45	14	76	47	45	
62	13	55	50	1	64	19	76	67	10	0	67	44	53	71	69	56	54	27	67	
45	73	55	36	22	9	40	44	40	50	15	0	17	56	46	29	34	48	61	40	
38	48	58	84	49	29	39	56	2	29	9	52	0	65	35	22	46	10	47	2	
23	8	48	12	8	2	39	27	43	27	35	37	82	0	36	7	38	54	37	58	
44	42	68	74	22	67	1	61	4	1	83	49	59	56	0	50	10	15	81	61	
2	60	37	77	17	39	19	65	22	19	19	16	77	56	15	0	17	33	97	51	
17	44	17	7	30	38	41	36	37	22	44	40	14	27	40	11	0	45	12	36	
71	76	80	61	44	70	52	71	12	76	68	88	38	59	72	73	2	0	79	45	
53	26	35	12	49	5	33	40	25	27	32	71	2	32	58	45	11	33	0	25	
51	49	19	29	27	43	70	6	52	5	74	72	48	32	77	48	63	28	54	0	
M2
0	52	69	63	92	71	83	3	8	21	85	38	86	51	85	81	77	18	58	45	
92	0	68	82	63	41	62	64	96	89	50	49	35	73	61	47	6	41	76	21	
26	8	0	4	30	36	51	11	20	40	79	1	31	38	87	70	21	20	77	45	
21	48	30	0	16	74	37	11	10	51	72	41	71	32	79	61	47	17	84	75	
44	26	8	22	0	54	5	2	38	47	58	19	49	33	49	44	15	32	52	57	
25	3	76	70	52	0	4	37	42	42	57	6	78	8	47	15	41	34	19	45	
15	57	42	47	18	79	0	19	32	45	19	53	40	53	10	5	49	42	13	18	
57	5	29	37	51	26	45	0	59	16	61	28	32	46	50	47	42	17	6	58	
5	66	63	71	39	65	3	15	0	35	56	44	21	45	47	42	70	32	21	55	
18	54	36	50	45	82	28	21	35	0	81	40	71	28	47	26	49	45	3	47	
46	36	50	45	29	42	31	47	45	34	0	20	61	56	8	55	30	4	23	16	
76	58	40	21	16	25	37	19	35	25	44	0	59	65	60	24	47	64	62	68	
21	75	66	14	44	32	65	20	38	51	20	1	0	67	47	70	69	43	62	24	
36	48	30	7	6	67	27	24	53	7	6	23	18	0	33	51	37	22	44	41	
31	53	35	30	14	81	16	32	48	55	69	46	76	48	0	40	45	58	8	1	
76	8	59	37	43	30	38	57	34	58	43	60	23	24	61	0	74	16	58	12	
64	65	49	6	59	1	71	54	14	74	21	58	21	75	48	64	0	44	63	56	
53	19	21	35	47	8	49	24	10	1	35	32	19	63	26	61	52	0	38	34	
13	49	31	13	7	52	1	25	30	43	54	31	30	2	6	40	38	40	0	14	
53	35	17	22	15	45	18	33	47	57	44	28	58	64	47	28	46	7	62	0	
M3
0	49	63	10	31	4	32	52	68	31	32	65	59	50	24	31	33	73	40	62	
46	0	56	22	5	32	18	53	39	20	35	52	39	16	19	58	39	41	6	45	
18	20	0	42	24	34	13	44	44	19	39	43	25	21	36	1	25	26	11	43	
44	13	46	0	10	20	7	23	37	18	31	47	36	14	35	34	16	39	4	27	
8	28	69	68	0	50	31	30	14	33	48	38	52	29	50	71	43	54	19	22	
73	40	50	50	52	0	51	42	37	15	35	69	46	49	5	53	29	74	39	28	
48	17	25	28	21	34	0	55	41	22	37	60	20	18	13	35	8	14	8	37	
71	60	27	37	64	52	16	0	1	53	4	71	13	61	14	56	51	32	51	65	
46	15	56	55	19	37	18	11	0	20	35	86	39	16	37	58	30	6	6	35	
48	17	58	19	21	39	20	40	41	0	4	86	41	18	1	22	55	43	8	20	
34	14	64	28	44	32	12	63	49	7	0	82	59	26	24	45	47	53	31	19	
19	41	21	24	60	70	57	41	82	39	59	0	79	59	56	46	60	88	54	75	
41	33	31	37	11	56	45	57	52	47	22	15	0	42	56	85	1	26	33	30	
75	42	39	55	57	5	57	68	7	52	3	89	62	0	66	54	70	55	66	13	
64	65	64	40	25	9	21	47	42	56	51	41	60	41	0	70	53	62	56	11	
59	37	48	39	41	40	13	33	55	4	24	58	8	38	21	0	18	54	28	12	
41	7	5	11	2	30	33	60	26	55	50	84	30	51	30	71	0	74	41	4	
68	45	18	64	49	27	20	31	46	29	29	38	41	46	32	67	38	0	36	31	
33	2	43	42	6	24	5	40	26	7	22	83	26	3	24	45	40	28	0	32	
46	15	29	20	19	35	18	53	18	20	35	69	39	16	37	58	53	41	6	0	
M4
0	65	68	85	11	29	75	26	43	24	10	59	15	29	99	16	72	19	32	74	
23	0	32	40	7	36	48	32	47	74	39	51	29	58	27	25	4	41	42	25	
60	67	0	51	7	8	12	8	47	75	21	61	63	38	56	54	15	5	74	49	
38	67	53	0	45	28	67	65	72	54	24	5	71	21	79	6	72	62	55	16	
58	94	32	51	0	44	45	5	15	67	57	57	66	74	66	69	51	23	56	62	
12	67	31	39	42	0	47	43	20	39	31	86	44	51	87	18	3	40	63	37	
45	93	60	31	3	48	0	33	43	64	54	84	40	34	14	19	79	40	58	19	
9	13	60	61	42	17	66	0	32	60	21	43	34	58	27	3	42	19	50	63	
53	60	73	61	62	21	29	32	0	41	38	45	1	20	73	27	58	47	32	21	
40	63	59	43	37	71	58	14	69	0	21	26	80	34	66	83	58	15	15	92	
56	8	29	66	40	41	45	41	1	84	0	80	45	10	60	58	30	38	75	52	
2	63	95	37	38	42	5	13	53	1	39	0	40	58	49	45	88	42	61	37	
46	20	45	50	52	50	61	1	36	9	25	5	0	58	71	30	18	7	79	52	
35	70	9	55	20	21	2	21	8	30	34	26	72	0	46	51	28	18	24	51	
77	71	70	80	81	20	63	52	61	36	26	56	12	17	0	77	68	12	67	52	
55	66	23	69	5	35	39	35	33	38	48	87	61	65	76	0	33	32	86	50	
20	65	3	11	14	7	19	15	26	64	10	68	62	45	63	61	0	12	36	9	
54	54	20	58	31	32	36	32	20	16	45	65	21	62	55	78	39	0	15	73	
64	50	70	66	30	62	52	60	4	24	68	75	54	59	28	82	79	54	0	26	
78	59	39	4	50	39	55	51	42	66	47	79	35	71	40	20	58	48	3	0	
M5
0	25	21	43	11	38	23	5	19	6	56	1	25	47	22	11	66	75	60	17	
55	0	32	8	54	9	34	54	31	54	36	27	51	7	71	47	5	53	47	30	
62	47	0	50	9	16	30	44	27	83	43	25	28	51	35	65	38	60	26	50	
26	17	40	0	52	44	23	31	45	25	71	20	44	66	48	52	27	78	41	16	
13	53	7	12	0	59	50	33	35	34	60	29	40	35	50	39	5	69	4	45	
29	19	21	17	52	0	67	49	55	50	10	1	25	47	53	35	27	27	78	60	
61	18	86	41	33	69	0	65	61	57	87	77	14	7	82	3	23	36	47	65	
36	26	52	68	27	60	14	0	10	57	56	52	73	56	13	17	57	81	75	8	
51	34	30	42	48	8	21	60	0	51	35	10	34	56	20	60	52	29	23	49	
61	51	54	46	19	49	2	21	35	0	12	34	29	27	38	42	57	90	79	9	
1	8	20	43	23	54	28	10	8	22	0	1	25	40	27	27	12	75	13	22	
22	5	1	23	48	70	49	31	42	43	65	0	5	27	48	48	92	55	79	43	
14	32	47	8	40	53	6	25	39	35	39	27	0	29	8	6	61	66	23	6	
47	30	26	48	73	95	63	56	67	11	85	6	30	0	32	53	17	53	22	68	
53	43	25	60	44	38	26	13	27	50	27	45	27	21	0	34	74	1	52	25	
8	5	24	9	34	46	46	28	42	29	5	4	28	28	45	0	64	78	24	40	
13	53	20	16	39	41	22	33	47	34	33	29	53	39	45	14	0	82	88	45	
14	40	50	72	40	56	5	34	30	6	42	30	54	18	24	14	92	0	79	46	
64	54	36	9	55	33	42	24	26	39	50	51	56	76	41	45	43	65	0	4	
44	34	28	61	21	45	1	4	18	65	62	60	44	63	21	10	2	18	21	0	
M6
0	18	19	21	22	32	52	17	16	55	32	4	35	40	35	59	37	49	43	7	
60	0	63	72	63	64	14	47	61	33	43	76	31	10	59	71	44	73	18	76	
76	5	0	21	16	55	30	47	38	42	46	27	37	53	32	26	40	46	40	7	
15	38	32	0	35	63	32	46	18	15	58	59	22	43	64	14	18	18	39	1	
77	8	43	7	0	20	38	3	40	41	2	9	35	26	21	45	66	35	21	29	
6	71	74	69	35	0	31	66	11	20	11	72	93	58	78	72	80	51	8	12	
1	10	31	41	6	18	0	1	41	22	29	43	33	24	2	26	47	16	5	29	
73	36	88	56	21	16	34	0	39	37	41	58	31	22	17	41	62	31	25	38	
88	45	63	32	52	69	65	72	0	58	75	41	72	36	48	67	26	62	32	58	
68	48	61	47	12	20	25	43	31	0	35	49	40	40	8	11	32	10	16	35	
47	71	35	18	36	57	49	61	46	52	0	73	64	73	32	52	73	27	28	28	
61	31	69	30	41	4	51	21	7	57	57	0	7	44	37	61	76	51	22	60	
1	45	9	50	27	68	50	51	77	74	57	46	0	69	69	55	16	20	48	23	
30	52	25	39	16	10	47	47	24	1	46	15	45	0	59	68	27	10	61	59	
60	37	68	36	1	44	14	32	52	17	24	38	29	50	0	21	42	11	5	24	
54	47	40	46	11	39	8	22	22	60	41	48	35	19	40	0	11	22	34	43	
72	45	60	9	31	44	28	27	42	65	47	21	18	39	45	10	0	12	28	1	
19	60	61	10	32	40	6	23	43	59	62	69	45	40	41	11	32	0	49	50	
15	58	48	3	22	36	35	53	22	38	39	57	50	64	18	42	14	32	0	45	
61	42	52	31	51	36	59	31	39	61	73	75	63	7	47	48	69	12	55	0	
M7
0	26	40	42	41	56	26	46	34	13	23	54	30	17	66	21	22	24	41	31	
31	0	27	29	28	34	51	32	3	28	55	38	33	37	68	24	43	11	21	47	
21	31	0	34	11	65	66	15	30	1	31	20	52	56	30	43	50	47	26	41	
46	12	44	0	37	51	64	49	20	45	40	19	45	25	35	38	55	28	38	22	
30	27	15	32	0	61	41	10	6	31	45	41	10	61	9	22	3	40	27	58	
19	19	18	24	26	0	1	51	27	22	41	24	42	41	63	33	52	9	45	50	
40	37	37	38	31	52	0	18	45	70	18	18	28	43	68	32	40	51	36	16	
9	9	38	43	39	48	22	0	17	41	51	38	36	45	21	27	41	22	10	59	
16	13	40	13	44	47	48	16	0	12	57	22	17	42	52	8	27	27	8	39	
32	29	22	29	29	63	18	32	3	0	37	25	33	45	35	24	43	43	24	55	
31	28	40	38	24	19	30	39	36	61	0	33	32	10	41	23	17	42	3	9	
24	21	48	39	29	38	56	32	13	38	37	0	25	3	35	16	35	35	34	38	
55	21	51	55	28	60	10	4	29	21	39	57	0	63	67	50	42	35	1	46	
9	6	33	34	16	40	41	17	14	39	51	45	10	0	46	1	20	20	22	55	
19	16	43	40	47	50	45	34	24	46	34	59	20	55	0	11	18	30	32	58	
5	2	29	30	33	36	37	31	10	35	47	45	6	41	42	0	16	16	18	54	
22	4	36	18	10	43	29	26	12	37	62	41	23	26	57	14	0	20	10	44	
7	16	3	40	4	41	27	45	24	16	31	36	20	19	48	11	30	0	32	46	
48	23	55	7	48	43	4	18	31	40	38	30	37	27	46	40	59	39	0	33	
48	29	23	62	7	44	34	56	37	62	10	58	49	27	44	40	42	45	17	0	
