30  8  1
8
	0	59	1	37	2	37	3	37	4	52	5	37	6	79	7	66
	0	77	1	98	2	14	3	34	4	14	5	86	6	68	7	73
	0	32	1	6	2	47	3	61	4	54	5	56	6	54	7	91
	0	80	1	64	2	17	3	58	4	40	5	65	6	2	7	3
	0	86	1	71	2	40	3	21	4	43	5	68	6	9	7	24
	0	89	1	14	2	29	3	9	4	31	5	48	6	78	7	82
	0	87	1	14	2	32	3	40	4	4	5	71	6	75	7	98
	0	63	1	36	2	55	3	15	4	54	5	91	6	65	7	79
	0	30	1	43	2	71	3	26	4	56	5	15	6	36	7	16
	0	22	1	19	2	97	3	89	4	93	5	24	6	94	7	82
	0	2	1	37	2	65	3	68	4	13	5	46	6	50	7	48
	0	13	1	93	2	71	3	19	4	13	5	92	6	80	7	91
	0	53	1	90	2	96	3	27	4	58	5	45	6	68	7	23
	0	82	1	77	2	27	3	63	4	31	5	1	6	37	7	13
	0	65	1	54	2	39	3	33	4	11	5	77	6	50	7	25
	0	39	1	19	2	71	3	46	4	86	5	62	6	1	7	55
	0	20	1	85	2	80	3	77	4	96	5	34	6	85	7	83
	0	32	1	43	2	76	3	47	4	6	5	31	6	47	7	18
	0	72	1	85	2	37	3	2	4	13	5	75	6	13	7	66
	0	9	1	88	2	8	3	99	4	79	5	58	6	6	7	89
	0	9	1	44	2	79	3	3	4	2	5	76	6	38	7	80
	0	93	1	57	2	43	3	81	4	16	5	27	6	86	7	39
	0	28	1	88	2	41	3	15	4	17	5	65	6	50	7	58
	0	47	1	60	2	83	3	10	4	27	5	2	6	90	7	12
	0	1	1	20	2	48	3	11	4	89	5	76	6	45	7	55
	0	44	1	54	2	76	3	34	4	87	5	69	6	35	7	22
	0	45	1	62	2	28	3	92	4	2	5	85	6	41	7	41
	0	36	1	88	2	37	3	33	4	2	5	81	6	70	7	45
	0	88	1	4	2	35	3	84	4	55	5	57	6	98	7	96
	0	21	1	52	2	65	3	1	4	81	5	100	6	96	7	13
SSD
M0
0	38	39	45	33	40	70	45	5	20	15	56	47	6	54	51	11	33	35	49	42	28	50	43	56	25	59	53	4	65	
32	0	40	72	60	8	35	73	49	49	60	72	55	70	56	28	74	4	58	36	34	45	47	38	25	10	52	45	53	84	
6	63	0	57	22	66	15	96	65	48	47	74	26	71	44	4	67	72	53	75	32	43	37	55	23	33	50	33	51	80	
41	42	3	0	37	36	4	14	42	26	43	64	61	74	44	34	15	37	49	55	22	16	72	47	58	37	40	33	50	36	
22	36	31	25	0	67	78	1	34	42	7	8	28	13	50	39	47	38	50	28	34	20	78	19	67	69	52	19	14	38	
27	40	36	35	70	0	42	65	46	44	38	18	37	79	68	28	73	48	60	38	65	51	88	16	69	19	9	63	32	48	
66	37	72	72	37	87	0	37	37	47	48	60	48	21	49	55	15	37	30	24	75	61	56	27	70	3	63	60	55	69	
35	61	27	53	7	40	74	0	30	42	3	36	11	25	35	42	79	36	2	54	30	5	75	3	82	83	48	41	10	60	
35	46	38	27	17	87	77	58	0	48	65	21	41	9	54	25	19	41	56	41	32	19	15	41	23	41	50	43	2	51	
46	20	9	3	63	80	56	86	20	0	15	43	15	26	59	19	45	22	29	7	42	28	35	77	60	47	42	38	22	68	
30	56	22	66	72	81	69	99	25	41	0	64	30	45	47	37	74	31	52	70	25	11	70	73	77	78	43	36	5	94	
1	15	42	4	50	80	77	64	20	21	31	0	7	59	64	49	42	17	29	7	42	44	57	70	46	52	60	53	38	17	
41	18	3	53	46	36	17	35	18	28	29	41	0	21	71	38	24	46	27	5	54	42	15	18	46	38	20	65	36	66	
35	32	1	20	15	51	48	2	32	45	45	55	16	0	51	36	5	27	36	40	29	53	44	37	33	27	47	29	52	4	
44	3	36	36	44	61	83	51	39	11	12	57	44	53	0	9	36	7	62	40	36	25	46	68	40	44	10	47	19	11	
55	42	17	33	46	23	64	75	34	27	64	53	64	64	1	0	62	51	38	45	11	22	73	74	2	60	29	22	30	37	
31	7	39	50	2	52	39	71	7	48	28	33	47	46	29	20	0	2	75	53	55	41	52	12	56	2	28	59	35	34	
7	25	5	85	59	66	52	37	50	60	61	73	60	34	62	22	73	0	59	37	49	53	74	42	40	15	49	60	48	48	
69	64	49	72	76	88	72	73	64	51	61	55	54	52	34	37	57	76	0	51	43	21	100	56	34	65	8	16	62	85	
41	4	39	39	51	64	86	88	4	14	15	27	47	43	57	54	29	48	13	0	42	28	49	61	57	51	60	53	22	52	
43	22	38	32	65	47	85	86	49	7	44	33	44	55	13	3	43	51	18	36	0	51	63	75	44	65	9	2	51	63	
29	38	50	41	76	3	62	82	61	23	40	49	55	35	2	19	54	13	34	48	7	0	72	22	42	15	25	18	47	78	
46	13	8	39	51	83	34	67	4	33	34	46	37	7	54	23	48	67	13	10	32	43	0	27	23	70	30	29	36	38	
31	45	9	34	53	28	54	71	6	25	61	17	37	17	49	39	49	47	28	37	27	8	51	0	51	59	45	27	38	24	
52	39	14	46	43	64	61	72	41	24	61	50	61	61	30	2	60	48	35	53	8	19	70	92	0	57	26	19	27	69	
60	40	33	27	48	71	65	89	35	2	39	46	1	26	58	26	26	31	32	31	36	47	59	14	27	0	54	13	9	42	
16	30	57	19	39	35	71	32	35	29	46	2	1	49	52	51	22	23	44	22	39	59	69	28	61	44	0	50	34	32	
25	32	48	28	27	42	64	88	32	36	49	11	10	61	54	36	5	27	43	31	42	13	74	37	33	27	53	0	55	41	
48	54	11	48	58	69	57	33	42	38	29	65	61	55	10	31	59	62	5	41	30	42	20	44	28	63	48	18	0	53	
42	31	4	45	12	60	51	26	31	20	20	30	34	30	26	11	4	26	31	49	4	28	19	36	8	14	22	15	27	0	
M1
0	39	25	79	75	38	53	33	55	52	6	10	44	67	33	24	62	33	50	45	40	33	44	16	6	44	40	62	29	50	
35	0	66	45	19	73	10	44	45	82	71	52	100	48	33	57	73	20	23	58	40	17	50	38	17	78	37	7	82	4	
71	8	0	83	65	55	46	27	72	64	37	7	69	54	2	51	36	2	61	14	9	2	49	75	71	13	9	75	65	65	
52	48	66	0	62	49	48	26	2	47	57	58	44	35	65	41	2	38	45	57	64	3	42	43	40	31	37	57	24	7	
34	70	96	32	0	33	9	76	50	72	77	10	37	25	49	62	59	79	22	43	60	79	73	53	49	79	40	73	92	71	
12	42	63	27	23	0	5	76	46	51	37	46	36	44	2	15	54	32	23	71	13	57	93	6	55	36	36	55	77	46	
11	81	73	23	67	49	0	57	27	90	54	58	92	25	65	72	89	81	4	93	76	81	92	64	54	92	17	83	77	54	
30	20	34	55	21	26	26	0	28	25	73	46	22	63	42	53	65	42	23	54	18	41	84	21	66	53	49	35	2	25	
25	11	65	54	17	76	17	26	0	87	40	40	78	56	73	86	77	73	35	85	30	73	54	78	57	84	48	44	64	68	
35	9	20	60	59	32	31	53	33	0	41	15	27	70	28	19	42	28	28	40	31	28	42	5	62	14	35	3	7	80	
43	42	72	99	91	72	75	73	85	47	0	64	1	49	37	15	78	80	58	12	87	45	85	33	86	36	17	19	73	26	
28	36	47	43	39	2	21	59	60	8	30	0	52	50	18	31	52	38	23	43	5	55	69	1	53	41	52	30	34	62	
99	67	56	61	23	79	87	89	82	64	58	28	0	50	31	65	96	64	28	2	71	54	82	88	82	55	41	59	90	23	
59	69	58	37	18	78	34	16	15	58	98	24	6	0	66	96	100	55	2	20	70	66	2	73	96	77	65	38	54	59	
30	35	21	35	73	36	55	24	71	31	64	34	50	61	0	65	63	22	56	15	36	1	76	55	73	40	36	34	56	64	
41	8	38	89	80	79	52	71	66	28	3	51	41	63	46	0	80	46	50	52	53	46	86	52	84	2	53	44	54	61	
4	35	44	42	76	79	65	74	85	33	30	23	23	90	52	8	0	17	58	64	51	52	78	57	47	29	59	44	59	56	
69	37	58	38	59	70	69	53	71	19	10	1	48	86	24	12	28	0	66	59	41	66	51	33	26	33	23	41	45	29	
40	56	62	2	56	19	38	51	31	28	24	21	62	38	11	48	61	22	0	69	14	66	64	39	24	3	67	50	54	14	
12	46	46	4	34	47	4	67	16	45	55	59	42	43	46	73	70	41	22	0	61	12	39	41	55	10	13	55	22	72	
28	20	6	43	39	2	21	39	47	52	49	19	16	1	14	31	3	14	39	26	0	11	61	22	36	25	21	62	29	62	
39	33	19	54	50	13	32	52	13	78	62	32	63	39	27	42	61	27	2	39	34	0	61	33	82	38	34	58	68	6	
40	37	27	6	53	16	15	33	56	9	64	40	55	10	20	45	62	22	33	47	25	35	0	33	6	42	42	31	35	50	
65	5	29	77	47	73	40	62	74	71	72	42	68	34	37	56	44	37	19	7	44	10	29	0	63	48	10	35	48	30	
23	43	29	84	64	62	69	7	71	55	66	23	65	41	18	84	36	37	66	49	44	37	20	64	0	48	44	64	45	24	
38	1	5	50	24	43	13	38	10	75	21	18	12	7	13	62	47	13	31	12	20	13	60	63	42	0	20	53	76	16	
9	58	44	48	12	7	26	54	67	44	52	56	47	52	23	36	74	52	44	21	34	52	52	27	52	57	0	4	55	67	
31	57	72	46	42	5	24	42	3	64	55	53	11	13	21	34	73	51	42	77	32	76	61	10	51	24	55	0	80	65	
24	20	38	49	58	21	20	71	22	19	67	40	16	59	37	47	80	46	17	58	36	46	80	15	60	52	51	29	0	69	
37	44	73	39	83	61	12	83	53	34	66	18	80	51	77	59	84	13	30	83	84	26	7	16	80	67	43	56	60	0	
M2
0	75	21	101	76	64	96	39	87	95	60	105	30	15	71	58	72	68	79	92	19	32	79	51	43	51	78	66	70	50	
72	0	72	82	33	111	73	81	27	42	6	59	98	78	52	85	54	74	49	74	76	45	40	45	4	27	8	68	57	79	
65	72	0	74	16	51	52	36	55	66	83	46	68	42	88	68	77	27	57	74	60	76	11	23	82	59	72	9	35	54	
14	48	65	0	11	68	59	64	51	52	49	20	55	39	84	62	79	58	15	31	64	22	53	65	66	66	69	5	60	42	
14	16	72	52	0	91	8	89	35	10	36	48	81	66	33	12	81	38	47	75	13	20	70	14	26	54	38	74	79	54	
30	76	88	64	20	0	68	71	62	49	3	89	76	76	62	72	52	68	23	62	26	69	76	69	53	53	86	50	68	62	
7	71	52	47	72	91	0	61	25	24	58	73	57	44	4	46	89	71	21	54	63	61	50	34	82	80	43	49	66	60	
13	56	71	44	28	46	76	0	64	1	76	53	42	65	84	47	27	53	3	73	47	69	82	6	64	93	32	23	47	42	
46	87	13	22	50	107	60	14	0	31	20	59	58	72	54	101	54	87	48	70	91	45	71	69	19	79	8	44	72	80	
39	63	86	61	54	79	2	95	59	0	83	38	41	78	38	80	36	25	48	88	70	68	82	68	72	85	31	59	93	87	
42	20	37	11	23	40	71	36	2	48	0	30	27	8	86	28	16	30	28	3	11	22	8	44	38	44	42	33	44	8	
47	66	83	19	47	54	95	12	32	56	47	0	67	9	74	13	13	69	51	49	55	58	6	45	78	45	22	41	72	44	
28	91	55	82	91	43	3	74	23	26	48	52	0	71	39	60	80	96	56	89	65	67	33	69	79	81	78	73	87	95	
25	86	83	81	34	22	70	92	70	84	41	63	45	0	86	16	30	87	74	82	77	94	89	9	87	9	88	24	59	8	
27	39	56	35	42	59	18	55	64	67	59	30	26	45	0	60	85	49	35	22	59	41	10	13	57	54	39	57	63	74	
11	48	65	7	35	68	58	33	26	51	68	21	55	54	21	0	47	58	39	31	33	46	49	73	66	47	28	2	5	52	
34	16	76	86	45	82	71	74	50	27	10	54	77	68	36	23	0	26	58	69	65	46	16	75	32	10	12	63	70	83	
48	29	33	32	35	79	9	93	66	26	29	69	84	80	28	7	75	0	60	80	87	60	46	48	47	7	36	54	83	8	
32	16	73	4	14	40	62	23	24	37	36	41	44	60	77	66	47	13	0	49	60	43	42	56	24	57	28	24	8	2	
66	9	26	52	12	29	60	25	50	37	29	67	16	15	75	42	72	19	17	0	52	11	63	51	27	50	31	28	33	50	
34	68	85	3	31	3	27	1	52	18	35	40	19	13	63	20	70	78	35	51	0	42	71	49	85	8	43	25	80	48	
60	57	60	45	55	28	21	26	12	72	60	36	60	56	57	99	18	54	4	90	25	0	83	86	36	1	59	11	49	42	
13	73	52	90	17	80	65	88	58	43	42	25	20	51	72	69	66	22	85	106	8	45	0	30	60	7	20	99	65	32	
53	63	79	86	57	75	14	79	42	29	75	44	70	69	26	36	61	73	67	46	28	52	75	0	26	86	15	82	79	67	
56	40	80	44	54	80	62	63	5	61	1	74	63	56	5	77	30	22	3	46	24	39	49	2	0	12	30	63	5	42	
63	55	72	43	53	8	58	62	54	51	40	4	62	11	1	47	68	52	2	38	33	13	50	47	19	0	67	27	34	41	
68	70	36	73	14	80	47	45	10	6	46	56	69	65	24	66	18	92	56	79	67	9	44	68	80	53	0	63	101	44	
58	92	55	28	56	30	19	74	9	42	62	2	99	82	55	81	37	58	55	75	85	39	79	58	99	75	27	0	100	56	
16	23	40	66	26	43	38	39	3	51	43	61	30	29	74	56	7	33	31	6	17	25	9	65	41	42	24	23	0	12	
16	57	26	65	38	6	78	86	59	66	38	18	77	15	21	58	2	43	42	82	14	85	16	51	14	47	77	66	67	0	
M3
0	65	70	68	34	58	103	60	72	69	71	63	15	64	56	28	16	62	55	50	43	46	60	27	44	45	18	47	58	46	
41	0	31	57	41	67	17	49	15	51	66	19	41	19	47	56	38	37	44	59	32	2	43	38	67	40	61	62	28	65	
14	27	0	30	34	18	66	18	32	41	33	25	49	26	52	4	11	37	17	32	5	6	17	11	39	50	30	36	33	37	
45	34	46	0	71	45	75	30	51	68	28	72	48	61	68	58	46	64	25	41	66	59	60	59	49	60	55	79	60	49	
13	26	35	29	0	71	69	21	38	43	49	24	48	19	1	37	10	10	16	31	4	50	43	10	12	27	51	52	26	40	
22	19	23	22	25	0	55	7	5	14	6	59	34	7	29	35	41	10	2	8	50	14	65	42	28	39	48	67	6	26	
38	35	39	38	57	23	0	23	28	45	38	75	35	39	3	51	57	42	18	19	64	3	52	48	44	55	6	71	38	42	
10	28	10	50	32	63	33	0	60	27	29	55	22	53	23	36	19	20	48	8	36	57	47	20	6	17	26	45	20	4	
41	46	25	57	44	65	80	49	0	65	67	52	41	53	32	40	38	58	44	46	32	78	49	16	44	59	63	68	58	42	
25	37	49	41	5	73	79	33	54	0	38	36	31	37	27	45	22	29	28	17	16	5	36	22	15	30	35	54	29	13	
33	13	57	49	66	74	13	41	38	72	0	44	65	31	52	4	30	10	36	51	24	49	63	30	62	28	18	72	32	60	
15	28	33	31	3	29	71	23	43	50	35	0	20	27	9	29	12	34	18	31	6	9	12	1	29	15	48	31	43	27	
27	28	28	33	1	42	66	18	39	27	29	45	0	41	23	34	6	20	13	8	26	47	47	20	6	17	26	45	20	4	
33	30	34	19	34	66	54	18	21	11	16	54	20	0	47	46	38	28	13	29	34	2	30	31	25	20	59	49	33	37	
2	50	17	66	25	37	79	53	4	9	39	52	50	40	0	56	35	45	48	54	41	47	16	46	49	36	57	35	52	59	
37	57	45	35	41	72	29	45	39	44	40	31	15	32	2	0	1	53	40	26	46	5	24	51	46	46	68	28	60	46	
15	50	37	66	33	43	19	58	57	38	39	52	65	16	55	51	0	38	53	23	41	44	16	47	58	50	48	35	58	56	
14	3	29	30	12	51	54	22	43	15	31	25	44	16	34	38	11	0	17	17	5	39	8	11	43	5	58	27	57	41	
18	15	19	18	44	81	51	3	24	45	31	55	30	68	41	31	37	38	0	14	54	32	65	38	24	35	44	63	38	22	
26	27	35	34	31	27	31	19	35	26	28	54	21	43	22	19	18	9	14	0	35	22	46	19	5	20	25	21	19	3	
6	19	30	22	39	65	62	14	35	56	42	17	41	18	45	30	3	49	9	24	0	43	36	3	35	46	50	45	49	33	
25	26	31	30	30	11	63	15	25	1	26	42	20	27	21	34	17	18	10	6	22	0	39	6	4	19	24	43	8	2	
19	19	6	35	2	69	70	27	48	60	8	21	36	31	24	43	4	14	22	37	10	16	0	16	35	50	55	4	49	44	
15	28	39	31	40	74	71	23	44	65	46	26	50	27	54	18	12	52	18	24	6	52	23	0	44	49	37	42	58	42	
43	11	59	58	60	50	55	38	48	52	31	38	70	40	11	19	2	56	38	27	34	47	46	18	0	4	65	65	3	57	
43	40	35	43	46	12	28	28	26	14	27	73	47	2	48	49	44	31	23	29	61	35	72	45	31	0	51	70	27	29	
44	38	51	60	51	47	39	26	61	49	58	55	23	8	38	18	29	4	47	49	35	53	39	19	16	1	0	31	30	45	
41	45	11	44	40	75	85	57	43	48	55	68	12	78	6	62	45	57	52	45	57	63	32	57	32	47	63	0	46	41	
24	17	42	23	1	10	68	26	24	33	25	46	53	26	23	17	15	29	21	27	26	8	53	31	2	17	61	72	0	39	
22	23	63	56	27	62	67	48	55	22	24	50	17	52	18	31	14	15	43	3	31	59	42	15	1	16	21	40	15	0	
M4
0	46	33	56	25	27	36	24	21	55	11	25	63	35	26	49	54	4	4	11	46	49	34	16	8	12	51	38	32	26	
47	0	23	94	25	79	83	34	30	38	74	55	103	88	70	4	104	67	36	13	30	53	73	79	23	80	108	65	56	15	
18	8	0	17	39	41	50	5	24	34	25	26	37	11	40	26	85	18	7	25	1	24	35	4	26	33	73	41	20	37	
17	64	17	0	56	42	54	48	6	36	42	48	29	51	22	6	83	35	41	42	59	13	33	44	36	44	53	10	40	34	
25	10	1	72	0	55	40	49	27	44	49	8	42	42	42	28	84	42	47	25	45	24	44	54	10	16	66	23	40	39	
44	52	16	49	18	0	42	28	12	46	4	10	16	20	49	47	68	51	19	54	27	50	18	27	42	46	56	30	52	52	
54	6	28	77	45	46	0	38	50	52	32	39	65	61	12	13	95	25	46	32	49	70	55	18	32	14	67	59	30	34	
7	30	40	70	46	48	57	0	56	57	32	46	59	66	17	40	55	25	45	32	39	62	55	19	33	39	86	66	35	39	
47	56	40	70	34	41	50	31	0	16	25	36	49	51	5	28	86	18	39	25	42	56	48	2	26	27	74	46	23	24	
34	50	65	52	29	31	40	5	39	0	15	29	50	16	30	53	51	8	29	15	62	50	38	3	16	32	59	16	36	44	
39	54	45	32	1	75	49	11	56	69	0	52	67	78	65	37	57	53	39	47	59	53	12	20	37	49	50	47	43	46	
25	29	51	80	49	39	19	28	6	23	35	0	45	48	26	36	63	28	30	35	24	31	49	40	19	23	50	7	44	48	
31	14	26	68	22	46	4	23	58	37	40	47	0	55	20	21	43	33	54	40	52	6	26	26	22	22	57	14	38	27	
27	55	27	65	34	36	45	44	30	39	20	34	47	0	28	51	43	13	34	20	49	3	23	25	21	45	40	9	41	10	
31	44	24	54	23	25	34	15	33	29	9	23	58	38	0	12	72	2	23	9	26	49	32	11	10	11	58	43	7	11	
20	31	53	11	58	9	21	24	18	77	44	45	56	60	37	0	102	50	26	57	20	43	52	43	57	39	72	60	27	56	
52	11	48	75	44	46	55	42	20	56	30	44	82	62	16	29	0	23	44	30	53	45	53	35	31	38	85	61	6	38	
23	36	51	46	15	17	26	25	25	51	1	15	53	65	16	39	64	0	15	1	48	59	24	6	2	35	62	35	22	38	
37	57	50	67	50	52	61	33	4	51	36	50	59	62	40	35	87	29	0	22	29	32	52	41	37	62	64	21	26	53	
34	30	10	63	6	37	20	14	45	41	21	35	65	50	1	24	12	14	35	0	38	48	7	23	22	14	45	42	19	23	
15	55	45	84	56	47	55	2	21	56	42	23	76	79	57	52	91	35	4	39	0	21	41	47	43	48	79	38	24	42	
31	51	8	59	51	64	41	36	55	43	37	54	77	73	28	51	54	41	38	48	32	0	4	50	29	26	42	39	38	5	
10	30	35	39	31	46	20	25	35	48	17	33	56	59	36	30	33	49	36	40	30	24	0	38	8	28	21	18	17	17	
27	48	43	58	27	29	38	37	26	43	13	7	20	60	28	51	57	6	27	13	44	49	36	0	14	2	46	27	34	14	
46	47	66	112	22	34	87	5	12	58	67	66	66	69	47	65	16	60	73	8	67	74	63	69	0	48	71	28	43	69	
48	66	60	47	16	36	56	26	58	75	2	39	3	87	69	52	72	64	54	62	49	36	27	35	13	0	40	50	41	49	
6	24	25	66	61	40	14	11	30	38	47	23	46	49	27	31	49	40	13	36	7	1	21	20	46	32	0	8	33	7	
16	67	52	82	51	30	57	43	55	28	37	36	36	39	17	40	72	30	44	37	50	44	60	39	38	39	41	0	35	39	
23	45	53	75	61	40	35	10	29	38	47	31	33	1	27	21	53	40	12	47	6	29	19	49	44	49	51	8	0	4	
23	23	32	73	19	63	13	55	67	45	35	56	8	33	29	30	71	42	62	49	56	8	21	35	46	15	59	34	47	0	
M5
0	31	9	46	28	25	93	67	59	68	83	18	52	76	12	36	57	54	20	40	92	31	10	6	81	96	74	22	68	27	
4	0	36	34	16	46	30	43	82	8	8	41	31	1	28	46	5	50	25	42	17	72	39	47	44	38	28	35	55	2	
21	22	0	25	54	21	51	51	6	28	37	41	53	39	8	32	22	21	63	2	55	62	26	2	82	64	69	68	54	18	
44	84	57	0	49	48	82	34	103	10	41	35	45	34	61	100	41	52	58	34	50	29	55	87	77	1	49	61	58	53	
36	58	53	32	0	11	79	1	47	6	2	17	41	67	79	30	52	48	91	59	70	60	24	73	54	81	69	43	49	49	
59	36	105	84	24	0	77	13	44	64	11	79	21	75	46	70	45	61	99	85	31	42	87	40	79	75	52	61	51	61	
35	41	59	23	17	35	0	62	17	31	31	45	66	24	22	35	31	49	48	58	40	76	32	16	67	48	49	76	78	37	
34	85	55	8	36	23	18	0	47	8	52	75	38	53	71	2	45	50	12	36	23	8	64	70	66	29	24	53	2	51	
41	44	53	33	33	45	85	30	0	7	16	20	42	18	45	46	1	17	42	26	34	85	56	75	61	57	54	49	50	50	
10	58	23	2	75	14	86	70	69	0	64	65	11	67	57	83	74	18	67	29	78	77	57	53	69	68	39	65	24	19	
43	47	54	27	34	47	55	51	74	9	0	40	42	19	46	13	4	49	43	60	35	51	46	55	62	36	63	71	1	47	
43	50	56	35	53	47	81	69	76	9	45	0	11	38	52	84	45	13	16	62	54	76	7	68	38	36	3	60	57	52	
44	2	57	36	72	20	58	14	103	10	8	90	0	73	64	67	58	52	56	63	22	50	74	72	13	60	73	95	2	53	
40	49	34	32	14	44	94	80	96	6	6	42	41	0	26	65	6	48	23	40	15	90	37	56	42	42	43	51	53	49	
41	57	51	33	31	40	69	69	64	7	23	59	10	16	0	33	23	1	40	31	32	40	53	73	15	56	60	48	55	17	
5	59	51	44	70	18	21	71	87	52	77	60	57	71	30	0	58	40	5	82	38	35	39	34	60	38	69	12	72	9	
43	9	56	35	41	17	54	40	70	9	38	2	44	70	37	34	0	46	38	28	86	50	90	86	88	101	70	46	57	52	
59	45	31	51	33	8	37	52	32	25	25	61	60	18	8	84	25	0	42	38	34	96	51	75	61	61	62	16	60	11	
34	72	61	7	41	35	74	65	105	33	28	4	59	26	53	42	29	48	0	54	42	29	64	53	63	22	70	30	66	16	
43	6	37	5	17	47	87	68	86	9	9	9	44	2	25	68	4	51	26	0	18	45	40	59	39	45	9	46	56	4	
55	33	60	37	44	53	15	72	32	36	36	38	71	29	42	63	2	29	45	64	0	74	12	36	28	26	8	38	44	50	
31	50	53	51	33	1	68	9	69	25	25	61	3	18	45	83	25	67	42	49	34	0	56	53	48	61	62	18	10	18	
3	13	15	6	68	54	25	16	65	81	27	14	92	87	41	65	77	83	60	73	103	71	0	35	88	72	53	62	74	56	
17	23	63	73	82	17	85	78	51	73	76	72	86	84	4	28	67	46	74	67	96	85	64	0	96	88	95	76	78	19	
44	50	55	18	4	37	55	45	69	12	61	68	39	54	31	55	32	54	57	55	32	9	81	25	0	8	23	21	46	46	
51	55	21	65	66	51	94	74	77	49	58	73	28	51	38	62	58	68	54	6	67	98	4	32	13	0	45	66	3	37	
20	25	65	32	45	23	62	56	93	37	35	47	55	30	11	6	11	79	54	71	46	25	18	40	39	43	0	70	17	32	
39	55	52	31	27	43	86	29	4	5	35	39	40	37	64	38	12	36	61	45	53	61	47	58	52	29	68	0	41	21	
32	38	63	72	13	32	44	29	66	64	64	87	98	57	19	43	64	8	59	55	73	83	15	13	7	1	56	47	0	34	
38	55	24	11	76	35	26	54	75	55	68	48	48	61	44	80	12	12	5	3	45	18	16	81	60	34	70	25	55	0	
M6
0	40	67	97	43	63	78	109	67	13	74	72	64	39	1	70	67	18	27	76	67	36	52	52	5	60	60	55	68	99	
40	0	69	78	67	60	20	25	24	3	54	24	78	37	82	61	78	16	84	74	81	88	68	74	81	29	70	67	73	14	
53	33	0	76	17	23	51	46	48	20	54	74	47	21	29	44	41	14	4	16	64	30	37	73	31	13	49	66	31	38	
25	47	40	0	7	20	39	66	24	48	44	71	37	18	10	16	31	42	39	13	36	27	28	79	33	30	47	67	28	8	
27	31	65	50	0	18	41	75	33	32	28	61	21	11	6	18	15	85	41	32	38	46	58	71	58	17	58	76	30	60	
25	21	16	5	14	0	46	59	24	29	3	21	16	11	5	23	38	49	22	20	43	6	29	73	40	37	54	4	35	15	
44	8	59	17	26	32	0	29	23	64	59	25	56	37	18	35	50	61	48	25	55	25	35	18	52	49	59	66	5	15	
53	78	57	75	42	4	67	0	68	14	7	51	15	46	57	44	46	39	33	49	3	63	17	47	30	66	35	70	37	14	
24	37	36	23	32	5	38	6	0	46	69	77	62	17	35	15	32	67	30	29	35	43	53	62	57	55	16	7	27	33	
16	71	88	60	69	17	67	45	16	0	67	100	72	69	65	67	10	68	69	75	65	82	36	82	23	30	68	59	79	55	
10	70	67	89	66	50	60	6	76	76	0	74	30	39	22	37	54	14	60	51	57	65	69	69	87	45	51	75	49	85	
42	72	21	58	45	54	56	52	44	16	69	0	34	35	39	33	50	26	14	47	53	11	47	46	41	47	68	59	31	68	
31	53	46	4	13	26	7	46	4	54	50	77	0	24	16	22	37	48	45	19	42	33	9	12	39	36	36	47	34	14	
22	52	44	54	42	34	6	77	52	51	79	40	72	0	40	13	30	82	36	27	33	41	63	25	53	68	10	95	25	23	
71	55	37	87	55	12	27	78	53	52	34	59	85	64	0	62	43	29	58	33	16	37	2	46	64	74	9	22	48	61	
8	38	82	87	28	20	22	63	38	38	65	67	58	1	26	0	16	70	22	13	19	27	55	62	49	54	48	81	11	50	
52	56	79	37	46	21	29	50	31	61	45	30	67	42	49	43	0	29	66	14	63	28	18	11	8	64	39	31	29	1	
15	9	6	87	35	18	29	70	45	45	58	64	15	8	19	6	23	0	29	11	26	25	13	53	55	34	7	14	18	57	
65	47	88	77	73	61	67	73	31	3	84	101	73	24	12	56	73	41	0	54	76	39	20	56	14	20	41	64	28	61	
32	41	73	83	52	1	46	85	62	62	82	52	56	25	39	23	40	94	46	0	43	8	45	84	38	71	72	83	9	57	
37	41	40	34	1	28	51	57	43	4	34	10	31	21	16	28	11	13	51	42	0	56	64	42	68	27	67	48	40	44	
29	37	1	2	11	21	43	70	28	36	48	12	41	22	14	20	35	10	20	14	40	0	32	83	37	34	50	55	29	12	
39	42	57	60	3	30	53	43	1	22	40	48	33	23	18	30	27	4	6	35	50	49	0	60	33	29	14	44	13	9	
36	5	70	42	51	39	50	17	66	66	84	95	32	29	54	27	44	28	50	41	47	55	72	0	77	74	76	57	39	52	
32	3	91	76	17	44	42	81	59	8	25	57	14	37	32	44	41	51	15	58	64	14	30	14	0	43	33	5	52	56	
29	58	33	29	38	41	43	81	48	59	75	53	68	22	41	20	37	73	43	34	40	48	30	59	64	0	13	46	31	39	
49	25	39	60	62	19	54	28	77	49	49	67	48	22	46	72	11	63	33	75	23	7	32	5	14	53	0	47	74	29	
24	55	29	74	15	41	11	82	40	17	52	78	45	32	30	34	9	81	57	48	30	62	82	18	69	41	44	0	12	46	
30	20	32	12	16	18	44	59	17	22	41	69	46	23	24	21	24	46	30	11	41	25	42	11	47	42	7	22	0	22	
28	45	29	52	61	38	46	54	78	96	39	89	22	62	51	60	52	62	80	31	80	10	82	3	75	84	101	87	46	0	
M7
0	31	26	24	79	63	26	30	13	36	8	71	18	51	58	62	49	34	45	31	32	50	53	68	19	70	29	70	52	23	
17	0	58	42	13	28	6	17	64	35	28	30	40	1	45	27	44	86	28	7	31	42	68	45	70	10	33	83	18	65	
59	24	0	53	77	5	29	23	6	43	57	57	32	29	55	37	65	35	38	28	25	5	31	27	17	48	58	84	46	37	
33	34	46	0	52	59	77	50	80	48	73	70	90	24	61	76	47	51	47	78	55	51	80	53	59	88	2	52	25	73	
74	54	31	58	0	42	59	50	36	24	44	11	62	19	53	61	72	51	52	78	31	60	41	8	63	55	7	57	11	28	
83	51	33	47	83	0	37	42	41	11	5	70	27	52	64	43	36	49	4	11	55	59	62	54	68	43	45	58	69	11	
21	46	58	9	42	71	0	62	59	43	41	1	82	36	46	68	59	63	53	90	45	50	88	55	23	55	14	64	37	75	
22	45	45	46	62	44	50	0	27	13	78	81	53	32	76	20	44	56	59	25	46	73	81	94	44	92	51	80	43	58	
71	2	2	42	88	77	7	1	0	83	35	68	10	56	50	84	43	13	16	40	3	42	38	97	11	56	43	62	33	15	
38	53	27	57	61	8	58	49	35	0	45	43	61	46	54	62	1	42	59	20	44	76	1	9	9	56	14	6	30	5	
40	42	35	39	64	7	43	9	55	1	0	17	46	16	60	19	40	10	52	37	2	57	77	44	62	53	44	71	33	64	
21	37	14	38	56	25	74	10	75	42	42	0	71	8	38	60	10	90	85	23	70	49	73	49	21	52	40	90	25	69	
70	19	19	59	60	51	24	18	1	54	5	35	0	49	17	60	60	30	30	51	13	9	12	80	28	50	10	51	50	32	
54	72	44	70	35	32	57	67	54	21	45	56	80	0	31	39	90	83	64	70	50	28	66	67	81	56	19	69	4	85	
55	65	61	40	64	33	68	22	69	17	70	46	47	39	0	18	42	67	78	51	7	9	21	38	96	8	33	83	46	46	
71	27	69	48	103	87	77	37	103	29	56	114	115	75	112	0	29	44	98	41	90	33	88	104	110	76	53	88	16	90	
57	33	29	61	23	55	58	54	37	37	41	49	13	48	14	2	0	45	66	25	37	45	48	21	64	47	46	13	42	7	
47	21	7	11	66	46	15	61	71	53	4	63	64	38	57	71	12	0	61	9	28	65	64	67	73	25	16	43	30	41	
55	56	12	19	29	69	56	71	56	42	14	3	32	46	72	2	48	72	0	98	27	64	67	61	81	14	24	69	47	34	
95	69	21	59	10	65	63	68	51	47	55	45	27	51	63	82	5	43	14	0	63	59	62	31	70	27	37	47	34	51	
75	16	35	39	64	37	23	15	35	75	32	39	58	60	33	9	19	10	12	37	0	32	26	88	62	28	44	28	58	66	
46	58	21	36	52	55	20	57	40	58	71	42	43	36	67	88	38	68	72	3	40	0	78	57	49	4	41	66	53	30	
43	28	57	65	2	62	32	76	62	50	70	37	54	45	79	78	89	76	32	64	41	22	0	34	65	64	33	70	10	54	
54	37	11	39	81	22	42	36	19	4	24	64	45	49	33	41	52	31	42	58	23	67	21	0	46	35	44	55	9	8	
68	66	40	56	66	65	13	16	48	17	49	56	74	59	77	90	57	27	61	54	67	78	11	37	0	70	16	19	5	18	
46	35	47	10	58	55	64	58	41	32	45	16	17	10	41	62	12	64	60	91	14	49	52	66	68	0	15	65	27	72	
46	47	38	10	9	55	60	7	37	57	71	27	63	28	72	50	60	49	4	63	12	21	69	41	64	45	0	9	38	61	
27	43	55	6	32	1	56	53	89	57	37	67	92	33	36	79	56	60	56	13	64	60	72	62	68	53	11	0	34	82	
73	35	35	37	11	73	40	34	17	59	32	10	43	54	61	71	40	10	3	5	36	68	4	43	44	53	6	27	0	48	
73	35	9	41	76	73	40	34	17	62	47	96	43	28	72	80	55	25	49	52	36	69	71	95	44	68	28	34	45	0	
