30  6  1
6
	0	17	1	6	2	17	3	85	4	97	5	10
	0	6	1	49	2	80	3	78	4	77	5	90
	0	99	1	66	2	45	3	44	4	34	5	77
	0	35	1	71	2	97	3	12	4	33	5	54
	0	74	1	98	2	9	3	100	4	54	5	38
	0	64	1	41	2	92	3	58	4	68	5	82
	0	93	1	53	2	74	3	58	4	27	5	50
	0	35	1	71	2	85	3	45	4	59	5	43
	0	55	1	68	2	71	3	93	4	76	5	4
	0	76	1	23	2	97	3	70	4	41	5	80
	0	41	1	99	2	27	3	21	4	68	5	18
	0	62	1	4	2	71	3	5	4	18	5	73
	0	54	1	56	2	33	3	24	4	89	5	100
	0	8	1	52	2	21	3	56	4	44	5	34
	0	3	1	5	2	30	3	90	4	53	5	17
	0	66	1	20	2	82	3	83	4	2	5	19
	0	23	1	13	2	24	3	19	4	69	5	5
	0	12	1	5	2	97	3	13	4	53	5	94
	0	27	1	56	2	89	3	100	4	66	5	41
	0	30	1	2	2	7	3	7	4	53	5	92
	0	9	1	2	2	90	3	79	4	58	5	46
	0	47	1	65	2	94	3	61	4	28	5	27
	0	62	1	54	2	50	3	65	4	100	5	80
	0	72	1	5	2	100	3	47	4	71	5	68
	0	77	1	8	2	46	3	33	4	54	5	71
	0	26	1	66	2	38	3	28	4	12	5	94
	0	38	1	56	2	92	3	41	4	74	5	68
	0	89	1	50	2	53	3	17	4	48	5	65
	0	15	1	54	2	61	3	55	4	89	5	24
	0	94	1	88	2	4	3	32	4	59	5	88
SSD
M0
0	50	23	56	37	24	46	33	78	53	51	43	59	19	36	41	46	87	29	43	24	2	59	44	25	59	43	63	47	57	
58	0	49	64	39	45	51	58	53	11	30	19	84	72	39	52	32	34	68	45	26	77	63	55	34	7	24	63	49	8	
82	53	0	63	58	73	65	99	52	57	10	6	67	67	94	71	71	79	37	64	45	74	53	74	9	66	74	69	68	11	
85	31	43	0	20	64	24	31	3	22	27	56	28	34	12	30	10	65	4	21	63	83	48	23	38	34	19	38	61	45	
6	31	14	10	0	47	59	29	37	48	37	56	26	42	46	34	13	71	49	27	8	25	51	37	15	44	31	46	31	41	
28	61	39	34	16	0	22	24	57	52	24	59	61	60	9	27	40	66	43	22	3	6	63	30	10	55	16	47	26	36	
64	52	19	43	50	40	0	55	69	44	55	42	72	10	42	32	40	60	53	57	79	5	26	35	68	50	29	18	16	66	
55	2	10	10	19	45	16	0	47	9	26	15	66	1	11	23	8	42	45	27	8	45	46	26	37	15	14	41	30	16	
43	49	49	48	31	47	36	42	0	46	38	74	40	40	23	41	21	52	10	40	55	62	52	44	3	26	30	44	38	63	
58	48	7	88	74	16	83	75	44	0	35	73	17	57	73	66	17	54	64	10	71	51	29	2	88	43	45	50	51	45	
66	2	57	12	47	53	51	66	1	19	0	27	61	59	47	31	40	42	51	25	34	23	50	63	42	15	32	18	24	16	
77	68	66	54	27	36	24	31	68	70	38	0	56	67	29	40	51	53	63	18	14	80	31	43	26	51	36	58	37	47	
87	36	27	75	58	37	63	58	79	52	65	61	0	18	50	23	61	76	72	86	68	34	91	43	52	49	57	82	51	50	
61	34	1	49	32	85	37	43	71	26	39	38	81	0	24	14	35	69	58	85	66	80	73	17	50	45	31	56	25	48	
70	53	61	22	5	84	10	16	54	46	12	66	61	52	0	15	37	62	31	61	59	76	75	18	23	47	4	65	65	67	
56	32	20	9	28	31	56	59	47	25	52	17	11	11	43	0	52	43	48	31	15	23	43	35	69	21	50	59	38	46	
74	67	63	75	73	63	63	35	105	19	65	62	54	54	67	26	0	50	24	54	64	93	15	35	63	35	50	10	86	37	
12	70	3	60	37	53	43	54	77	58	50	57	52	48	35	19	39	0	22	51	32	31	17	56	54	52	24	55	24	13	
71	45	12	30	43	45	15	45	68	9	28	49	3	3	35	25	46	47	0	3	32	90	51	25	48	3	35	7	36	59	
38	70	29	60	35	63	43	54	64	69	50	83	24	39	35	45	52	14	48	0	31	57	43	56	61	3	14	55	24	39	
78	60	54	49	4	31	83	86	45	47	78	78	49	49	75	17	28	54	41	10	0	57	66	20	79	43	54	35	14	24	
64	46	55	7	1	87	66	72	45	48	3	6	27	72	54	31	47	40	42	5	66	0	10	53	48	38	49	61	59	60	
37	62	28	10	14	78	19	25	48	46	21	15	40	40	6	24	46	13	10	40	50	33	0	27	32	40	13	15	49	38	
26	68	17	49	19	39	57	68	60	58	42	71	24	26	49	32	16	2	33	4	6	18	5	0	68	37	12	4	29	9	
70	30	30	64	36	17	52	58	51	31	54	34	71	21	39	43	56	46	41	42	23	82	75	46	0	7	26	37	21	44	
49	55	58	31	14	34	19	25	44	55	21	75	61	49	6	24	23	52	40	22	3	68	61	27	32	0	10	30	26	36	
82	18	73	35	40	50	45	51	73	35	47	43	56	70	32	49	51	58	61	21	50	40	73	53	43	27	0	79	48	32	
27	57	18	1	52	68	54	67	39	45	63	35	4	37	48	34	44	3	37	57	47	46	32	59	52	25	39	0	39	28	
53	31	25	29	59	45	64	70	38	48	66	49	41	20	51	32	63	29	22	52	48	72	55	45	71	19	55	16	0	45	
55	16	46	69	52	40	54	63	42	22	52	36	52	78	44	55	6	31	53	31	48	31	44	64	56	29	46	4	67	0	
M1
0	60	29	2	1	33	65	50	65	45	30	43	57	81	63	58	68	81	34	39	80	42	43	23	44	51	73	52	41	7	
49	0	79	33	13	35	30	67	64	10	48	60	1	51	45	23	50	46	17	4	45	43	5	61	53	65	49	73	57	50	
8	39	0	16	15	36	32	18	73	30	44	11	22	10	16	43	70	18	22	24	4	44	24	37	58	37	27	53	3	21	
46	44	68	0	24	36	31	43	87	11	60	36	42	39	21	24	39	47	34	5	42	45	68	75	15	28	50	35	22	29	
44	41	47	41	0	29	16	39	7	41	71	32	46	61	43	54	47	54	44	35	40	71	39	19	23	58	20	43	51	51	
24	53	56	32	31	0	48	30	77	35	60	45	51	48	30	60	77	21	38	41	20	60	48	28	74	53	43	57	62	4	
11	25	46	19	18	31	0	15	41	44	2	21	29	42	29	1	28	30	45	40	30	22	57	40	46	43	36	66	9	24	
38	67	73	34	30	32	45	0	13	54	74	25	39	62	44	73	100	40	72	55	54	53	51	67	88	51	45	73	29	51	
13	39	24	21	6	42	14	48	0	30	36	62	76	50	77	43	70	66	53	24	65	38	52	32	63	13	63	18	29	26	
16	43	51	24	16	30	40	46	82	0	26	39	45	19	24	54	81	26	20	35	12	47	49	45	66	57	35	45	58	29	
22	42	33	30	17	15	26	52	4	18	0	45	20	36	30	36	35	4	36	17	18	14	25	5	66	36	40	32	45	35	
46	44	71	5	53	41	58	3	86	38	82	0	10	39	21	44	71	56	51	32	42	39	77	75	81	22	44	73	15	29	
4	31	37	12	11	23	55	11	67	35	40	7	0	22	32	31	8	42	19	29	53	42	33	13	54	33	55	42	26	17	
8	74	43	16	11	31	72	56	11	44	44	49	50	0	56	68	37	30	48	53	44	40	33	37	50	62	67	66	55	21	
20	18	55	19	27	15	32	17	76	12	56	10	16	13	0	25	52	30	25	6	16	46	64	49	55	28	39	57	29	3	
11	52	36	19	1	10	75	40	82	28	47	33	39	21	58	0	7	61	33	56	63	1	36	40	61	22	15	69	42	7	
34	72	16	42	39	48	55	48	64	66	70	65	77	1	90	18	0	71	13	60	85	39	16	44	62	20	46	73	22	45	
13	44	48	21	20	39	37	43	84	9	40	36	42	27	21	41	68	0	27	22	9	49	62	42	63	27	32	58	36	26	
58	46	84	40	56	38	89	1	61	45	33	80	17	87	83	103	81	57	0	84	71	65	2	79	106	42	42	106	65	64	
43	70	73	51	30	29	24	73	80	4	53	66	56	45	51	17	44	40	27	0	39	38	66	70	47	59	43	67	79	44	
2	33	37	10	9	30	26	32	73	26	38	25	31	28	10	40	67	12	16	21	0	38	51	31	52	43	21	47	44	15	
59	33	74	56	34	45	40	12	47	20	15	47	56	15	59	33	46	56	43	14	55	0	75	86	63	72	59	83	14	60	
2	24	37	10	9	41	33	49	5	15	38	42	14	33	27	47	59	1	23	28	15	44	0	31	52	33	38	51	9	15	
56	32	23	64	7	5	37	63	49	17	66	56	69	58	64	30	57	53	40	11	52	51	15	0	60	72	45	24	58	50	
63	66	45	49	68	77	62	70	93	55	67	94	86	30	96	47	16	75	13	49	84	40	45	73	0	49	75	12	44	74	
69	72	70	33	65	63	86	3	87	66	94	24	28	55	49	71	41	79	39	60	65	67	39	53	96	0	72	70	43	57	
34	65	56	3	41	16	58	27	62	32	21	57	27	41	42	58	27	44	17	43	30	70	19	63	26	28	0	46	62	6	
5	62	40	13	12	19	55	61	49	27	5	54	60	45	39	59	79	13	45	40	27	13	54	34	55	45	50	0	38	18	
39	64	70	47	36	14	57	64	66	21	38	62	62	3	47	15	42	21	53	31	35	36	8	42	80	53	39	71	0	19	
37	54	12	15	36	35	30	13	33	10	59	6	20	21	31	23	17	19	33	4	33	44	19	66	53	32	49	73	25	0	
M2
0	51	37	50	54	56	24	2	65	31	95	74	41	83	61	55	75	84	85	37	74	56	91	76	63	31	32	64	89	77	
43	0	62	75	73	26	9	32	4	69	68	68	50	77	11	21	57	11	12	26	84	1	51	65	52	25	22	10	9	84	
12	12	0	72	23	47	44	31	34	19	78	24	45	25	34	28	22	87	51	10	62	18	36	49	26	26	42	37	9	7	
48	22	26	0	3	4	62	34	14	70	25	33	12	61	2	26	46	36	34	8	70	24	65	47	26	24	40	18	38	46	
41	51	14	51	0	28	82	60	2	78	56	83	16	49	61	55	50	90	22	37	58	12	79	53	59	53	31	19	26	56	
70	27	43	92	38	0	42	56	40	53	57	9	63	40	31	8	97	27	69	30	77	49	23	46	41	37	33	48	46	22	
52	39	25	28	2	39	0	27	13	66	2	32	27	37	35	62	44	36	33	48	10	23	63	35	53	64	10	30	37	34	
58	38	69	72	67	39	50	0	78	5	62	23	31	62	5	48	43	57	98	30	25	48	4	69	62	46	25	57	50	71	
64	23	34	52	34	58	55	26	0	64	42	60	59	36	63	46	66	76	50	39	25	52	10	37	37	55	71	56	2	18	
76	30	41	8	41	5	29	28	52	0	96	2	43	43	70	8	68	74	72	46	80	52	26	85	44	62	35	15	28	25	
63	23	21	22	25	14	23	65	35	37	0	3	41	36	42	37	75	7	56	39	73	46	47	21	37	55	65	53	60	18	
61	29	35	36	40	51	61	10	23	63	65	0	63	42	69	17	97	1	51	45	43	61	53	48	6	6	39	68	75	24	
3	12	28	51	23	6	35	22	34	51	74	49	0	25	17	35	1	72	54	28	46	40	36	35	23	44	8	16	37	7	
46	9	25	34	20	1	41	51	29	51	75	24	25	0	49	32	59	78	51	25	16	41	33	37	23	41	57	47	55	4	
45	22	54	37	32	48	38	34	43	38	27	55	9	66	0	26	41	61	63	8	66	27	65	47	27	24	21	35	65	49	
9	38	9	28	10	47	45	28	6	57	55	78	35	36	26	0	11	82	41	56	73	31	87	72	43	57	50	1	28	61	
68	3	34	26	42	23	10	57	51	73	86	46	47	1	71	54	0	47	73	47	38	55	55	58	8	27	56	63	12	26	
38	38	54	63	49	30	69	3	58	44	58	53	40	8	1	40	72	0	80	39	45	58	53	5	19	12	52	66	30	33	
56	3	59	75	36	5	58	64	47	91	62	14	60	62	83	15	94	86	0	65	5	57	14	38	33	76	76	25	71	44	
33	7	61	84	67	54	65	19	59	66	67	52	56	61	17	11	86	70	98	0	86	12	50	32	51	9	25	20	50	51	
54	28	18	55	71	14	39	40	6	58	79	29	58	30	38	32	5	62	73	14	0	33	67	52	4	1	46	21	37	55	
65	28	59	51	56	37	35	3	63	87	68	60	56	15	57	4	1	72	29	33	52	0	32	72	33	31	15	44	37	40	
4	35	55	26	63	2	14	23	46	52	76	55	58	64	19	51	90	29	83	57	57	76	0	64	14	12	53	28	98	47	
52	7	23	10	2	39	39	49	13	49	56	44	20	20	20	23	54	66	33	23	41	23	28	0	4	39	42	30	37	2	
16	84	70	11	87	20	57	3	98	55	94	21	43	59	49	84	66	16	23	70	13	38	67	4	0	64	2	32	57	83	
55	40	14	48	51	7	72	53	12	19	40	5	19	14	69	13	53	23	73	56	39	72	28	49	4	0	52	68	68	35	
16	2	59	83	54	56	57	35	14	64	45	75	17	56	31	64	51	56	20	59	45	75	58	66	33	64	0	66	87	38	
61	38	14	12	11	15	70	8	15	78	76	66	36	36	22	30	66	78	42	52	73	32	36	39	32	23	2	0	42	33	
49	13	61	53	69	50	6	35	47	64	57	36	72	28	33	27	3	41	87	9	65	28	66	48	35	25	41	36	0	53	
47	1	17	69	12	36	33	43	23	43	67	38	37	14	41	24	71	77	43	17	51	33	25	56	15	33	49	40	47	0	
M3
0	24	54	45	53	20	1	8	47	51	41	31	70	63	52	70	31	56	25	40	60	39	45	3	54	22	54	37	14	6	
32	0	48	44	60	49	32	12	37	52	38	21	35	59	63	59	50	44	3	55	6	37	49	62	1	56	63	25	23	17	
24	28	0	21	31	9	36	12	30	48	27	25	74	32	68	40	31	16	34	59	54	43	53	33	39	60	35	6	43	53	
52	67	50	0	4	26	52	76	36	71	10	73	66	49	76	68	59	53	54	72	31	46	36	90	27	37	69	34	89	67	
44	31	36	73	0	1	51	68	44	71	18	93	47	45	88	39	54	48	62	70	27	8	13	26	71	4	36	29	61	63	
35	41	47	56	41	0	28	9	5	42	7	38	71	24	73	34	31	36	51	27	67	1	33	58	13	57	55	17	19	53	
12	73	81	59	47	65	0	69	16	48	47	78	41	79	49	34	45	45	69	33	3	33	72	70	68	56	63	26	81	44	
31	51	33	62	42	2	54	0	53	81	40	43	17	24	19	55	69	39	38	66	72	24	54	5	37	78	58	54	52	45	
27	4	64	7	23	22	13	46	0	25	29	82	34	62	62	12	34	28	52	10	34	65	46	47	25	41	4	9	64	64	
36	3	23	28	22	53	36	79	41	0	50	25	75	8	18	45	54	79	75	56	54	11	76	48	67	60	85	73	55	69	
27	56	19	34	50	35	21	48	5	40	0	78	91	85	80	66	57	51	23	41	66	15	5	78	73	46	70	32	87	87	
6	94	22	55	43	23	6	65	11	34	52	0	70	33	65	62	39	81	45	29	24	13	78	66	66	30	55	72	79	95	
7	10	51	84	1	52	35	92	34	55	34	24	0	40	67	47	38	32	56	58	53	42	60	69	55	59	51	13	68	45	
77	9	9	74	84	53	64	65	7	43	80	66	75	0	78	38	84	68	77	87	35	84	53	80	77	101	87	59	96	32	
55	27	47	61	46	71	62	24	31	43	55	65	63	43	0	78	10	17	37	93	91	47	3	11	18	15	36	57	50	54	
50	23	49	47	27	73	54	89	40	79	30	67	19	49	63	0	81	75	71	67	56	21	56	104	86	17	49	56	10	37	
46	75	48	49	39	67	52	35	38	14	45	57	58	57	28	62	0	47	71	78	85	51	61	12	8	16	48	28	21	37	
31	15	77	53	66	72	54	68	1	50	47	58	87	21	54	67	44	0	11	80	87	53	48	75	10	55	6	33	23	24	
59	21	44	21	37	59	25	15	64	51	43	48	55	71	60	76	18	58	0	82	26	54	53	9	11	53	57	49	37	14	
25	78	60	86	7	71	56	29	45	8	52	75	86	66	45	65	18	84	41	0	53	86	78	30	45	48	80	65	58	74	
22	51	39	53	19	27	47	73	37	35	25	36	55	48	9	38	29	23	14	60	0	54	6	44	15	7	39	4	36	44	
33	28	46	43	15	68	64	21	27	16	60	63	15	47	53	73	26	13	37	1	61	0	43	38	36	56	32	52	49	46	
26	43	6	58	34	43	26	61	29	40	72	15	70	49	10	82	33	15	39	25	44	11	0	62	38	22	34	56	51	40	
9	40	49	10	26	48	48	41	26	59	32	78	81	46	73	20	26	12	36	92	53	47	2	0	4	59	31	56	48	44	
52	63	44	10	26	48	11	25	30	52	4	41	44	65	53	67	67	35	48	66	53	10	30	71	0	58	54	42	71	7	
12	54	4	42	3	28	30	44	49	48	23	68	20	13	72	59	39	64	60	84	64	59	23	70	66	0	4	54	29	66	
48	70	30	78	32	45	61	75	61	3	59	50	56	49	27	43	44	80	15	39	79	50	1	40	71	8	0	61	65	96	
1	30	38	59	63	22	43	62	16	25	4	62	85	36	45	17	8	2	26	66	71	40	30	39	25	43	21	0	38	38	
34	70	69	72	16	62	3	38	54	17	44	84	59	36	54	57	27	42	6	2	35	80	70	39	54	41	61	23	0	78	
13	50	29	62	36	30	7	72	18	13	24	2	77	40	14	37	28	22	16	36	31	20	7	39	45	37	41	3	58	0	
M4
0	67	90	71	69	58	68	58	12	68	60	42	52	18	65	79	29	18	39	42	45	73	108	21	6	80	41	75	107	96	
79	0	45	8	25	73	29	69	43	13	65	46	55	71	59	60	52	47	48	76	76	86	97	59	19	63	77	87	91	56	
59	46	0	34	60	37	9	36	83	13	13	72	17	25	23	5	43	20	11	15	21	35	27	39	16	2	41	8	12	52	
61	48	31	0	32	32	11	28	36	30	47	5	40	45	18	19	11	6	7	35	35	62	56	26	36	22	41	73	55	15	
66	11	19	50	0	83	43	2	62	62	66	88	9	41	69	58	14	12	31	31	55	58	36	73	32	18	29	61	29	86	
61	48	43	78	45	0	11	41	78	71	43	18	37	8	16	82	3	5	67	60	9	74	56	41	66	54	22	70	73	54	
23	10	5	40	87	35	0	75	98	52	15	78	31	39	28	44	28	50	29	29	23	56	50	3	30	16	43	47	51	16	
5	71	36	35	55	60	79	0	63	49	83	43	56	26	62	44	8	37	16	16	60	15	38	73	8	3	48	40	82	57	
26	46	33	38	78	12	60	38	0	30	69	76	26	13	53	72	6	40	19	9	58	46	22	62	20	6	51	75	79	74	
67	54	49	76	34	42	17	62	49	0	11	39	22	66	40	47	26	24	63	63	63	90	75	47	64	50	23	67	79	46	
39	54	4	49	6	59	47	55	40	25	0	80	7	63	61	43	31	58	9	53	59	34	18	37	54	40	79	46	50	90	
69	55	62	97	9	9	30	5	72	40	42	0	49	85	67	101	33	58	80	33	80	79	99	60	72	67	92	92	92	73	
76	21	71	85	77	15	39	12	69	21	67	80	0	91	8	85	74	86	57	67	89	37	36	69	40	74	56	6	31	68	
60	47	42	50	21	67	10	45	26	83	25	88	68	0	3	53	41	45	31	31	17	22	79	40	32	18	42	84	69	34	
93	83	60	59	64	95	46	48	38	107	45	76	80	50	0	24	31	39	40	40	40	67	68	76	23	27	72	45	66	32	
79	65	34	33	53	86	77	74	88	81	67	71	54	24	16	0	36	13	14	14	14	41	42	71	15	1	46	76	40	74	
92	55	3	67	28	74	46	73	86	50	22	105	54	58	50	32	0	47	48	48	48	38	61	76	49	35	78	45	39	45	
46	22	73	42	33	94	86	89	57	89	1	80	76	67	59	41	60	0	57	27	22	49	85	84	8	44	22	38	36	60	
2	12	49	60	32	21	17	28	70	58	27	5	72	27	36	57	30	13	0	41	67	32	11	47	42	28	5	64	95	60	
51	68	21	45	74	22	48	48	69	68	30	83	56	36	78	60	71	47	26	0	51	34	49	4	12	13	58	27	59	60	
57	44	39	45	49	39	7	51	96	82	49	28	61	73	62	78	13	84	63	39	0	48	12	37	42	50	73	25	30	15	
26	77	53	59	12	17	91	68	20	33	85	81	75	50	38	25	63	40	40	9	41	0	29	66	41	27	72	54	67	85	
29	33	72	8	73	73	52	9	3	63	11	46	59	33	27	60	52	47	48	38	76	83	0	67	76	63	29	1	71	56	
84	31	8	35	68	62	51	61	85	55	52	72	56	26	6	13	6	28	16	16	1	37	57	0	7	3	48	50	31	26	
67	86	55	47	44	53	70	49	58	74	86	26	75	45	37	19	8	34	35	35	35	13	63	88	0	22	67	22	61	84	
69	67	21	20	68	73	64	81	76	68	68	58	41	11	58	60	64	22	1	1	53	28	71	58	2	0	33	63	67	68	
9	79	61	60	14	66	66	2	82	73	81	39	71	12	59	100	69	62	41	41	73	52	36	69	42	28	0	38	97	16	
75	87	26	31	71	46	69	92	72	14	59	69	70	85	22	65	75	70	71	19	66	61	42	53	75	62	22	0	72	14	
12	24	22	84	25	36	65	81	52	65	17	82	3	59	38	57	29	72	67	41	45	4	61	34	2	58	61	5	0	67	
2	90	77	76	46	4	53	63	90	92	54	44	16	67	20	46	75	41	57	25	62	67	50	48	58	44	78	30	48	0	
M5
0	9	57	23	51	91	73	62	94	34	10	68	56	10	90	59	54	105	51	18	96	50	58	77	88	78	66	77	65	13	
55	0	103	14	68	82	61	45	99	26	7	65	54	75	81	70	62	105	56	43	40	47	55	71	85	46	63	67	62	47	
18	37	0	51	45	7	44	17	74	14	38	41	18	38	77	32	9	65	35	36	47	66	29	23	51	60	68	32	23	41	
59	15	39	0	61	14	2	50	75	32	53	15	52	11	13	33	98	61	45	48	53	51	19	3	81	41	10	47	12	6	
21	22	60	34	0	32	39	5	17	15	22	38	45	41	34	29	6	28	24	42	43	62	68	8	25	67	53	29	52	10	
2	21	69	35	12	0	16	13	67	46	12	70	37	22	84	17	56	15	35	30	21	52	60	38	13	74	64	68	67	25	
41	11	65	68	52	48	0	20	89	65	52	82	24	60	39	35	96	79	70	69	1	28	57	64	47	41	71	13	51	10	
66	8	20	65	63	69	27	0	79	60	63	45	77	86	95	84	61	68	63	46	12	103	78	66	83	93	8	68	56	68	
24	1	62	48	62	11	44	69	0	14	1	54	24	44	109	22	88	7	32	21	22	41	49	90	58	66	57	66	31	9	
29	6	67	53	13	16	11	44	1	0	6	59	26	49	49	6	57	12	7	26	27	46	52	11	55	50	34	30	36	14	
30	22	97	29	43	78	51	75	74	43	0	40	58	50	96	65	87	80	31	18	91	22	30	82	60	50	38	67	37	22	
10	29	43	43	49	46	8	59	31	49	15	0	57	14	17	37	17	41	55	38	57	54	51	6	67	79	53	40	50	3	
75	49	4	63	16	47	60	39	51	53	56	64	0	95	76	56	60	19	16	64	26	44	13	58	78	52	1	29	28	64	
14	11	68	47	49	62	70	18	50	56	34	77	14	0	68	20	53	61	7	38	52	6	35	33	74	34	69	47	50	20	
51	36	9	60	31	41	55	38	45	28	50	43	23	4	0	3	70	40	45	70	71	44	17	71	57	60	19	39	69	22	
78	91	94	38	84	106	77	101	99	99	98	79	1	89	68	0	48	104	56	54	72	122	44	69	35	38	52	45	102	52	
58	38	89	75	31	89	30	48	79	84	78	27	38	78	63	18	0	90	93	31	41	98	81	77	72	57	89	18	108	79	
67	64	62	40	47	35	80	16	65	73	45	75	40	19	91	49	49	0	38	81	71	4	33	15	103	32	11	45	48	39	
30	2	68	6	7	17	47	50	2	20	7	60	30	50	42	28	51	13	0	27	19	47	55	53	64	2	55	68	33	15	
43	5	4	25	12	48	81	55	33	51	38	67	50	31	10	30	56	43	57	0	59	71	44	58	75	56	17	66	68	22	
8	27	75	21	5	11	59	48	60	52	5	35	45	28	77	39	49	71	52	36	0	45	53	51	68	64	43	60	27	15	
62	39	100	61	16	29	49	54	34	42	14	44	9	53	88	60	60	45	15	50	60	0	2	62	79	1	70	52	17	47	
11	30	31	44	33	79	34	35	88	27	31	20	42	31	105	62	58	71	52	38	83	71	0	47	88	24	39	37	2	34	
22	13	34	6	9	38	4	1	39	39	3	61	22	29	8	28	52	50	42	39	55	43	6	0	72	71	44	64	58	43	
74	59	71	5	52	73	24	27	68	21	73	44	59	26	65	39	16	10	62	18	22	48	33	28	0	3	20	39	71	65	
61	38	97	55	37	48	57	80	33	51	38	81	51	47	91	31	81	44	8	1	9	18	47	83	85	0	39	37	62	46	
31	3	56	55	22	18	46	65	3	21	8	61	25	51	94	29	66	14	39	28	28	48	56	68	65	73	0	15	38	16	
20	39	69	53	43	6	65	6	64	64	40	20	16	40	82	72	67	67	81	48	61	80	32	6	23	63	26	0	72	32	
47	63	77	21	74	81	8	14	66	1	67	12	16	67	88	87	65	77	26	12	59	53	23	35	99	13	65	11	0	68	
56	53	19	57	85	103	68	60	90	38	51	18	56	8	108	62	95	23	49	34	57	48	44	72	63	13	19	78	92	0	
