30  6  1
6
	0	54	1	20	2	7	3	98	4	12	5	9
	0	9	1	88	2	50	3	8	4	28	5	81
	0	16	1	98	2	96	3	7	4	97	5	86
	0	37	1	24	2	24	3	24	4	66	5	74
	0	3	1	80	2	43	3	12	4	99	5	10
	0	18	1	20	2	49	3	1	4	45	5	37
	0	56	1	87	2	51	3	70	4	89	5	56
	0	78	1	71	2	9	3	8	4	37	5	90
	0	82	1	17	2	52	3	40	4	47	5	21
	0	70	1	38	2	61	3	41	4	69	5	2
	0	34	1	93	2	98	3	23	4	23	5	53
	0	18	1	39	2	49	3	92	4	37	5	75
	0	60	1	80	2	55	3	45	4	53	5	30
	0	63	1	9	2	18	3	42	4	62	5	33
	0	87	1	52	2	91	3	11	4	83	5	2
	0	90	1	34	2	6	3	92	4	30	5	16
	0	7	1	71	2	81	3	14	4	35	5	80
	0	19	1	2	2	54	3	64	4	69	5	89
	0	66	1	2	2	50	3	84	4	89	5	25
	0	68	1	53	2	79	3	28	4	67	5	21
	0	89	1	93	2	39	3	8	4	1	5	79
	0	49	1	19	2	91	3	36	4	34	5	1
	0	90	1	66	2	69	3	54	4	68	5	32
	0	25	1	66	2	51	3	77	4	44	5	86
	0	38	1	18	2	19	3	76	4	89	5	22
	0	57	1	94	2	3	3	82	4	44	5	1
	0	89	1	36	2	63	3	4	4	21	5	19
	0	21	1	63	2	22	3	31	4	82	5	33
	0	6	1	46	2	24	3	15	4	94	5	19
	0	63	1	37	2	65	3	61	4	8	5	4
SSD
M0
0	19	65	37	29	21	36	27	29	21	35	49	30	1	48	35	25	43	22	34	45	40	7	45	27	64	9	60	12	30	
67	0	63	13	1	21	8	49	1	6	7	28	30	50	48	56	25	43	6	6	17	39	5	23	16	52	28	52	12	33	
89	36	0	22	10	43	20	84	20	15	52	63	52	59	66	41	47	65	15	23	37	29	14	32	49	31	61	37	34	11	
42	62	23	0	49	40	52	41	6	45	16	12	16	31	32	38	9	47	47	40	50	1	48	64	18	49	23	44	31	50	
76	80	69	9	0	30	58	71	52	2	62	56	39	46	53	52	34	52	2	43	65	35	1	19	36	48	48	48	21	42	
80	64	73	44	32	0	46	67	46	37	45	38	35	12	36	73	55	4	37	17	17	70	2	24	53	26	43	48	56	47	
37	69	36	16	45	21	0	22	25	35	58	9	30	8	33	11	10	39	42	39	47	25	41	31	25	46	24	1	12	33	
48	54	54	47	64	38	66	0	10	65	30	69	43	59	15	5	53	12	57	35	73	42	58	32	10	10	42	55	65	20	
59	41	19	31	19	52	42	42	0	24	6	13	18	52	20	51	42	46	24	49	51	45	23	41	57	50	43	70	43	45	
29	46	45	41	29	18	23	10	26	0	9	54	27	11	32	65	22	11	34	34	32	37	33	31	24	2	36	57	9	4	
62	38	55	15	3	16	2	57	7	8	0	52	25	12	43	58	20	38	8	42	22	5	7	25	22	28	21	54	7	5	
30	56	17	36	43	24	53	11	53	48	72	0	27	54	58	20	40	17	26	40	20	29	18	37	55	19	12	70	51	44	
46	54	2	40	28	35	4	54	23	33	41	25	0	8	56	10	33	38	33	41	55	12	22	43	48	49	15	55	52	29	
6	79	38	20	64	65	39	2	57	69	62	69	60	0	62	37	66	58	69	77	33	2	67	49	71	57	69	61	56	65	
59	34	56	26	44	43	42	37	42	34	21	38	29	28	0	36	34	36	49	12	60	13	30	1	30	58	48	69	34	34	
76	47	5	43	31	64	14	72	41	23	63	74	73	7	8	0	68	54	27	14	19	50	12	37	66	27	53	58	55	32	
35	52	60	60	62	67	64	54	62	45	41	25	32	78	16	63	0	52	55	60	63	8	61	58	8	62	7	28	62	64	
59	52	52	60	48	36	41	63	23	34	67	38	12	28	22	60	73	0	26	4	71	70	36	1	30	3	20	71	72	24	
39	62	63	19	72	24	46	60	49	38	61	49	33	4	45	18	22	43	0	59	59	37	44	48	18	43	36	57	15	30	
37	53	27	37	25	34	16	18	63	30	66	49	13	9	28	39	18	32	30	0	52	33	29	12	9	54	32	51	25	46	
12	39	32	10	32	34	29	32	29	13	55	3	43	64	61	41	38	38	37	5	0	1	36	54	11	19	33	44	25	11	
39	46	40	16	25	14	7	47	6	28	11	40	23	44	41	18	18	7	30	30	49	0	20	27	20	29	32	14	5	26	
47	64	62	72	70	20	71	56	46	11	40	27	44	29	28	10	5	16	3	39	29	20	0	34	20	13	19	40	34	53	
52	40	47	62	50	54	17	41	50	8	56	12	57	2	21	34	47	47	55	53	50	44	48	0	4	44	42	46	61	74	
47	6	35	28	16	36	23	13	16	21	22	37	44	32	28	60	5	58	21	21	31	2	20	38	0	49	16	40	27	48	
40	83	42	55	43	40	17	4	65	48	55	25	70	26	29	63	39	59	48	7	63	10	15	27	54	0	37	11	61	1	
60	63	11	49	37	14	18	48	47	12	51	33	23	33	41	8	18	36	35	40	49	33	34	38	20	18	0	28	5	26	
43	51	14	42	40	38	50	34	50	42	40	5	47	36	11	43	12	40	45	53	43	27	19	9	27	42	26	0	29	41	
49	53	47	45	53	3	31	44	63	17	51	39	12	33	30	77	7	25	24	38	38	22	23	27	9	47	21	42	0	15	
47	23	35	5	33	50	40	66	33	38	15	37	58	36	44	11	21	29	38	38	49	36	37	49	36	51	35	56	41	0	
M1
0	22	66	36	30	52	28	54	28	54	10	34	14	39	46	25	71	72	9	32	15	21	16	27	59	14	21	19	1	51	
57	0	32	46	13	77	51	33	41	16	52	34	37	16	69	48	4	40	68	39	25	41	32	6	17	26	20	27	23	2	
23	64	0	10	3	1	50	48	61	7	33	57	19	62	19	40	29	52	52	67	58	45	59	35	40	12	47	36	41	63	
54	30	16	0	38	24	20	23	27	45	33	23	47	36	54	6	52	18	49	58	49	68	55	1	59	7	14	42	34	29	
91	37	41	37	0	33	64	51	40	26	19	62	36	69	62	21	61	31	72	49	46	58	37	17	8	31	66	68	47	42	
90	44	4	46	24	0	29	77	51	65	12	71	55	69	79	64	8	42	31	54	57	71	74	27	19	72	58	15	29	53	
75	6	22	15	14	63	0	27	18	44	24	40	26	5	3	37	49	9	51	28	40	59	43	36	28	11	49	18	16	20	
60	15	33	12	34	57	27	0	15	60	21	37	40	19	70	17	45	6	2	25	37	44	43	10	42	43	27	9	22	5	
67	29	59	19	52	43	14	9	0	48	54	8	71	59	42	3	48	39	16	39	60	75	66	9	31	36	57	26	55	50	
50	32	41	1	26	29	27	40	42	0	41	48	38	17	15	31	57	37	34	22	31	1	48	13	39	32	2	44	23	36	
75	26	30	35	31	16	65	41	35	53	0	32	25	71	10	16	20	68	67	76	67	51	69	35	55	66	69	51	34	73	
20	44	35	40	56	28	13	35	37	1	27	0	33	12	54	4	55	46	41	34	55	40	38	17	35	44	41	1	38	4	
75	45	54	33	27	45	7	59	33	68	22	52	0	60	13	5	73	27	66	54	30	69	63	24	74	32	17	38	31	38	
65	43	47	31	35	52	29	14	16	60	40	41	12	0	75	23	35	25	49	14	41	75	62	42	14	62	40	21	41	36	
68	38	6	17	30	17	50	35	22	55	44	47	1	12	0	11	45	32	30	14	18	38	7	28	9	48	12	40	48	28	
36	6	30	25	50	6	49	54	28	29	34	50	60	77	49	0	34	19	33	56	50	62	50	50	45	36	34	25	35	23	
57	57	53	48	55	34	59	9	51	53	57	13	26	64	3	17	0	42	76	3	7	61	10	45	64	37	67	53	37	25	
64	53	25	4	52	52	38	33	7	52	13	29	49	64	66	27	72	0	40	38	29	48	35	29	55	35	42	36	14	9	
72	11	79	80	47	73	47	52	72	76	82	71	53	47	81	33	60	78	0	21	63	60	48	69	70	87	48	8	78	40	
1	42	56	41	20	32	3	72	49	2	31	29	18	53	55	3	60	52	29	0	36	41	37	48	29	13	42	39	22	50	
39	31	27	10	20	10	30	32	13	58	19	35	30	9	72	33	38	4	46	32	0	26	41	21	25	41	48	39	20	15	
30	27	26	1	6	49	45	48	51	65	21	48	23	56	51	31	65	42	14	37	11	0	39	26	19	32	36	24	3	29	
13	55	10	13	61	36	47	42	16	40	22	38	21	54	17	36	49	7	42	34	38	44	0	15	64	22	11	1	23	18	
71	31	18	31	23	39	44	24	34	13	37	56	57	68	9	47	34	25	66	43	27	50	7	0	2	55	53	63	38	16	
71	11	15	11	3	48	38	40	14	28	17	36	37	71	69	27	61	5	46	23	20	55	42	27	0	35	49	43	21	16	
25	49	51	30	41	27	33	54	28	38	55	53	46	45	72	42	31	43	54	61	58	50	50	32	20	0	42	62	46	11	
42	59	26	29	51	68	40	30	32	27	53	57	28	7	80	39	51	41	65	30	57	66	10	54	30	8	0	37	43	52	
27	8	8	34	39	23	14	41	15	65	11	40	42	86	73	35	51	54	47	70	44	14	42	41	31	32	46	0	36	62	
23	14	51	47	4	38	45	30	32	34	42	18	28	7	31	10	51	41	1	24	4	63	7	58	18	57	51	11	0	28	
18	29	47	22	26	42	12	6	62	65	36	65	44	56	49	52	70	53	29	52	32	2	2	47	40	52	57	39	24	0	
M2
0	18	52	34	6	54	49	57	44	48	15	54	16	51	19	8	17	21	40	50	22	34	46	17	36	42	50	76	46	15	
45	0	28	2	13	42	33	52	14	56	63	18	37	14	36	29	38	17	47	36	67	42	67	56	9	31	39	55	47	36	
67	58	0	70	43	2	69	87	52	54	60	69	40	39	61	59	68	41	33	3	28	9	74	10	50	75	27	50	28	62	
19	29	2	0	5	16	41	26	61	30	40	16	39	11	33	31	22	41	58	42	41	30	64	43	30	18	49	55	50	38	
36	8	42	47	0	57	58	39	13	40	20	57	10	29	13	2	11	40	34	18	24	29	40	13	29	17	1	47	4	8	
24	26	49	63	37	0	57	52	49	51	18	18	34	51	37	26	35	6	10	16	44	36	41	48	6	24	73	58	15	33	
27	34	48	67	40	28	0	51	47	37	49	17	17	81	48	37	46	46	19	36	44	6	13	51	17	23	57	58	15	40	
64	56	14	31	45	39	75	0	73	51	30	36	41	45	67	60	67	19	63	7	44	18	59	55	43	45	31	58	15	19	
46	21	20	34	59	48	35	55	0	58	51	32	34	6	28	26	35	26	38	9	37	39	57	48	39	27	12	24	51	33	
15	31	45	19	28	20	11	69	13	0	37	58	29	1	23	21	30	43	40	63	12	19	33	10	55	61	55	45	59	28	
67	30	28	53	43	41	33	13	40	47	0	56	29	3	25	21	30	41	18	29	50	40	59	45	10	61	53	9	21	28	
10	35	58	37	23	68	66	74	12	45	32	0	33	58	36	25	34	18	24	24	39	51	30	25	27	59	18	57	19	9	
67	45	46	68	62	77	72	68	55	52	56	87	0	42	30	19	28	54	51	48	8	46	47	37	53	48	68	59	16	26	
46	12	46	64	59	24	12	51	34	42	47	47	10	0	4	2	11	74	34	44	54	29	40	24	36	58	51	26	40	9	
30	25	27	1	30	41	18	7	16	55	13	41	31	36	0	35	20	3	39	23	35	26	55	17	26	14	47	64	31	26	
77	39	38	61	61	52	69	43	30	34	39	67	2	60	5	0	3	71	26	36	51	21	32	90	28	61	43	64	66	1	
28	20	24	41	9	49	45	1	4	1	40	23	38	38	41	30	0	29	49	17	54	5	6	38	21	9	41	15	25	13	
21	46	50	32	34	64	28	46	42	46	29	72	14	67	17	6	15	0	22	23	50	33	42	22	40	61	55	65	35	13	
80	54	66	69	18	66	2	77	19	71	76	51	39	24	42	31	40	63	0	44	2	58	35	66	65	76	62	29	65	33	
60	35	47	27	48	32	74	66	10	33	62	54	19	44	28	17	26	8	47	0	46	33	8	33	15	44	28	21	53	20	
51	62	25	58	16	70	69	74	60	65	64	72	48	81	5	61	24	22	17	77	0	48	85	72	83	76	60	82	39	6	
15	40	16	51	28	44	61	28	60	64	27	73	13	31	35	24	29	18	54	44	1	0	62	28	21	64	24	12	52	31	
61	57	6	24	43	9	57	59	6	46	6	37	14	27	24	47	56	62	68	37	44	56	0	36	61	66	19	45	15	3	
67	43	46	69	69	60	62	51	38	42	22	47	10	50	5	2	11	35	10	2	21	29	17	0	36	54	51	58	74	1	
51	1	45	38	14	22	76	50	37	36	42	44	9	65	12	1	10	41	33	43	48	28	39	59	0	68	50	62	19	8	
16	8	22	57	29	50	71	25	54	45	29	37	26	70	29	18	27	20	37	41	45	9	56	26	9	0	65	47	47	25	
49	26	42	78	14	35	52	58	70	78	62	70	31	68	13	50	8	11	9	31	26	17	70	2	42	30	0	79	61	19	
49	31	19	83	62	43	31	58	53	42	58	66	4	1	18	21	2	53	20	20	66	42	47	43	42	30	61	0	59	28	
58	42	54	28	55	63	72	78	34	12	38	47	2	42	32	42	36	23	61	61	5	69	22	16	22	67	68	19	0	49	
60	32	52	56	45	9	3	51	62	35	37	1	37	34	43	32	35	54	53	53	31	13	67	38	12	63	2	11	25	0	
M3
0	3	3	5	35	21	23	29	13	24	34	11	20	29	28	15	6	49	29	3	11	16	12	1	33	22	2	32	30	19	
45	0	38	20	44	45	29	48	9	46	66	46	46	37	17	4	52	45	31	39	40	48	1	61	57	40	50	47	19	8	
7	18	0	14	44	11	13	52	3	19	39	1	10	25	38	10	29	39	34	4	18	14	14	27	23	32	9	41	42	34	
34	41	20	0	6	38	40	45	30	28	42	28	31	26	38	24	50	38	33	19	15	20	2	54	49	29	6	3	39	35	
57	58	58	25	0	63	67	53	16	24	81	39	64	8	51	6	72	20	69	67	64	66	51	69	65	51	55	52	60	74	
26	37	12	33	59	0	3	59	22	7	27	20	29	13	37	29	48	27	22	23	37	2	2	15	11	51	28	60	61	53	
40	43	39	55	42	40	0	31	21	21	62	9	53	32	12	27	58	50	53	34	35	43	43	56	13	4	53	63	25	25	
30	54	29	36	66	30	34	0	12	31	42	26	43	22	2	46	43	40	43	24	25	26	33	46	36	25	28	53	53	54	
16	27	2	20	50	7	11	61	0	15	35	10	19	14	45	19	38	35	30	13	27	10	10	13	9	41	18	42	11	43	
17	28	3	24	54	21	8	28	13	0	20	11	20	35	38	8	39	22	42	6	24	24	24	26	12	35	19	20	37	14	
32	62	41	43	34	38	42	42	41	2	0	49	57	42	52	46	19	65	59	36	41	41	41	33	10	55	32	12	55	57	
21	32	7	24	54	25	27	64	17	33	14	0	24	37	33	24	43	53	20	18	14	26	28	3	33	28	12	31	45	6	
23	31	9	30	60	27	29	61	19	20	49	17	0	6	54	26	38	53	50	8	34	30	30	43	17	48	25	57	28	47	
15	13	47	41	23	39	43	46	30	47	43	55	15	0	38	25	25	28	52	17	48	42	22	40	49	41	40	68	40	29	
17	41	16	32	62	17	21	20	1	18	39	24	30	9	0	33	50	27	30	11	12	20	20	33	29	12	30	40	45	41	
29	34	43	62	52	52	5	55	10	22	35	51	60	21	24	0	55	4	54	46	36	55	32	63	42	7	53	39	49	17	
22	29	8	13	43	26	28	9	8	8	14	16	25	9	19	25	0	49	28	19	10	15	12	22	23	24	1	38	34	39	
45	40	31	17	47	27	31	32	31	31	36	39	48	32	20	48	9	0	27	42	9	30	9	26	11	3	24	32	46	5	
64	61	50	46	9	51	1	58	12	6	57	58	67	20	53	27	35	26	0	29	30	30	5	4	24	44	50	58	63	13	
43	27	34	40	70	52	54	57	38	55	30	42	49	46	26	39	41	48	21	0	3	55	8	49	42	17	50	31	40	32	
43	23	42	29	59	43	47	46	27	44	19	31	56	35	15	35	30	47	10	37	0	46	32	38	31	6	42	20	29	21	
31	42	17	38	21	4	8	21	27	12	32	25	34	18	31	34	18	32	27	28	22	0	7	20	16	32	33	50	59	51	
41	52	27	48	74	14	18	17	37	22	42	23	24	16	27	44	61	42	37	29	50	17	0	21	26	50	43	28	37	39	
41	49	27	34	23	39	43	73	37	36	36	25	44	38	54	41	63	45	49	8	31	36	18	0	51	45	22	59	31	58	
17	29	47	55	22	52	56	47	36	53	45	18	64	42	24	40	56	32	36	46	18	55	38	64	0	32	63	46	28	8	
41	42	27	12	42	45	47	27	37	17	49	24	15	56	37	44	33	30	40	34	22	23	17	57	9	0	13	39	24	51	
24	31	10	8	38	28	30	59	20	18	32	18	21	42	28	27	43	56	23	21	5	10	31	44	40	19	0	33	29	34	
49	59	38	43	16	49	53	11	31	29	43	38	18	36	21	27	16	48	58	43	40	45	42	52	15	44	31	0	64	67	
18	3	4	25	55	14	18	41	14	22	32	12	21	28	28	15	18	42	37	15	20	17	12	30	26	34	20	48	0	19	
39	46	25	30	2	43	5	26	1	25	19	33	24	22	36	2	3	34	9	5	23	32	29	39	40	37	18	18	35	0	
M4
0	32	65	3	19	46	30	55	24	73	15	2	39	64	28	39	57	54	53	30	24	33	47	47	49	45	2	40	34	39	
28	0	46	43	29	66	19	64	41	25	11	37	57	77	36	32	47	2	23	54	17	40	49	17	36	43	22	27	12	26	
61	42	0	20	36	28	63	64	50	12	19	28	22	57	57	43	57	22	78	91	81	11	57	58	49	30	27	45	60	48	
46	21	6	0	25	59	5	60	37	6	37	39	59	29	63	31	70	4	62	51	13	56	29	51	1	41	15	29	35	28	
22	36	69	37	0	38	34	75	52	2	49	36	14	46	6	46	62	30	46	38	28	7	41	63	53	56	31	43	68	43	
21	17	46	36	30	0	24	56	42	67	24	35	6	65	18	36	17	47	27	18	18	53	44	56	43	46	24	12	5	33	
52	45	40	26	68	7	0	1	45	20	54	32	58	33	66	22	62	17	50	58	70	53	50	76	23	17	53	64	42	53	
43	7	2	58	44	59	45	0	52	52	46	19	49	34	54	40	56	31	58	44	52	43	62	41	19	61	15	57	8	18	
22	27	3	37	2	30	26	27	0	42	49	3	66	7	62	38	52	50	59	63	20	39	42	16	45	4	36	41	7	35	
51	9	33	66	58	30	52	38	45	0	48	63	69	41	23	54	33	19	41	52	54	55	44	21	65	30	16	64	41	55	
19	63	39	34	50	47	59	33	8	43	0	33	46	62	52	41	57	51	63	58	55	6	15	62	49	9	23	38	18	39	
19	14	61	34	43	30	44	49	24	51	14	0	34	25	59	36	22	32	24	61	39	43	52	40	17	7	33	1	54	17	
35	55	26	46	44	37	18	60	5	53	5	30	0	46	26	22	57	34	58	77	67	21	43	42	29	37	7	2	6	19	
64	36	69	27	32	9	37	40	51	47	51	34	21	0	3	49	28	38	10	59	31	51	35	36	3	59	38	66	54	23	
34	17	27	49	20	53	52	77	16	9	56	36	34	7	0	49	50	40	57	37	62	53	50	48	35	2	48	27	5	25	
35	64	51	32	66	13	62	33	71	40	56	49	64	63	32	0	43	14	83	76	56	53	11	66	29	51	49	70	41	69	
31	70	66	46	31	8	51	27	56	32	58	35	1	77	65	3	0	17	5	10	67	32	44	47	23	17	40	35	58	24	
52	63	50	34	62	1	52	39	86	30	69	47	52	14	64	36	63	0	73	64	64	26	41	59	24	64	23	58	51	36	
68	63	57	27	74	46	42	26	52	8	50	12	83	9	65	3	61	11	0	36	62	79	44	80	32	13	57	43	50	57	
15	26	59	25	30	15	24	65	42	40	42	29	64	53	35	36	74	48	6	0	18	30	74	35	43	26	29	66	61	33	
32	7	40	47	11	60	5	46	23	48	46	25	45	59	65	17	75	29	48	57	0	42	58	37	24	27	42	62	47	14	
26	35	79	41	57	55	38	64	62	6	53	17	6	79	12	49	35	11	62	68	62	0	76	22	28	55	11	2	36	50	
65	33	80	58	67	37	61	70	71	72	43	79	27	80	37	7	79	34	83	26	55	72	0	68	16	71	79	75	56	70	
56	44	41	33	22	87	42	72	42	18	56	26	20	29	12	54	71	30	55	24	36	43	60	0	17	23	43	64	14	15	
40	50	50	29	30	9	31	36	76	38	66	15	35	72	4	63	48	19	25	34	63	32	43	1	0	10	32	53	37	4	
62	31	59	62	57	30	58	66	51	63	20	42	40	33	57	42	4	34	11	32	76	49	54	54	28	0	41	74	4	31	
14	58	62	29	44	23	15	32	42	52	41	28	49	86	51	17	34	33	30	56	50	46	45	41	28	70	0	66	19	18	
32	12	60	37	63	49	46	21	29	4	51	32	80	73	68	6	65	13	60	19	57	68	47	19	59	76	10	0	4	49	
44	26	59	46	30	36	24	36	32	16	65	27	64	69	35	36	67	33	67	1	18	61	77	56	2	36	49	65	0	33	
33	53	38	38	18	64	19	49	64	26	54	3	23	60	66	58	62	7	64	50	60	20	55	15	2	44	20	41	60	0	
M5
0	7	32	32	10	24	41	26	25	28	16	24	33	1	4	30	38	34	13	29	22	23	38	36	37	33	49	35	38	14	
14	0	32	32	33	24	23	26	48	20	29	29	33	24	9	34	48	38	18	29	45	41	43	38	55	56	58	3	43	14	
34	47	0	26	17	31	22	33	31	35	38	42	18	44	44	36	27	44	35	36	29	42	50	44	53	68	8	33	46	21	
20	16	5	0	39	23	70	21	15	4	33	33	32	28	13	21	50	2	14	19	39	25	40	38	37	39	62	26	41	13	
7	20	48	38	0	28	52	42	41	8	32	27	36	17	17	25	18	17	26	23	2	29	33	17	33	43	29	45	19	30	
15	15	32	16	34	0	65	20	49	3	28	32	35	25	12	20	9	21	21	18	38	7	11	15	21	12	59	41	46	16	
14	30	36	5	12	47	0	45	48	30	32	36	55	24	27	47	6	39	36	42	24	11	25	32	25	29	44	57	14	37	
23	19	49	37	42	43	39	0	57	7	36	36	16	31	16	24	10	25	25	22	9	28	43	35	42	62	65	45	50	33	
19	35	46	32	38	24	40	43	0	26	13	29	31	29	32	43	35	34	11	15	8	47	33	19	1	16	66	20	7	31	
14	10	44	28	33	47	64	46	48	0	27	27	40	22	7	15	44	16	16	13	33	19	34	32	33	53	56	36	41	37	
12	8	2	46	17	8	27	47	46	35	0	25	47	20	5	22	45	9	14	50	29	44	4	7	39	50	50	43	26	35	
43	34	36	20	26	39	35	45	75	44	32	0	40	53	45	46	36	53	54	42	6	11	26	50	22	47	65	67	33	57	
29	25	23	23	38	15	35	17	45	43	40	16	0	37	22	43	45	51	31	8	48	54	18	36	53	33	29	54	34	5	
5	14	18	25	8	17	37	19	11	2	30	5	7	0	11	17	36	20	20	17	20	23	36	14	19	34	47	37	10	7	
5	1	38	46	24	38	55	40	39	42	18	18	47	13	0	24	38	48	7	43	36	37	33	45	51	47	47	45	32	28	
36	32	34	54	53	46	45	15	45	43	49	34	52	12	29	0	13	47	27	49	39	51	38	39	61	36	68	5	12	36	
29	13	32	43	48	35	11	37	50	30	42	15	25	37	22	47	0	42	31	34	60	45	7	16	42	26	28	53	2	25	
22	31	43	4	5	34	13	44	52	23	47	28	51	32	32	13	2	0	14	26	17	44	39	32	48	40	37	34	16	40	
47	29	47	18	48	15	63	34	13	55	36	11	48	37	54	9	38	65	0	44	15	59	52	50	35	47	30	30	30	29	
22	38	55	44	41	38	46	14	46	29	47	30	6	27	35	42	68	37	8	0	48	35	38	22	37	19	63	63	13	37	
22	33	30	56	8	38	17	18	56	26	34	38	51	32	35	4	4	35	44	41	0	47	38	4	51	19	47	25	32	45	
40	22	24	8	58	57	59	33	74	48	20	32	43	45	33	56	32	56	42	30	42	0	14	41	13	38	78	77	64	56	
30	30	13	10	46	23	80	25	47	18	35	21	32	35	27	35	37	25	18	26	26	39	0	31	3	28	65	43	56	13	
6	22	24	43	25	22	19	41	40	13	31	27	35	1	19	30	53	7	28	28	37	34	3	0	38	3	64	50	5	29	
5	21	37	39	24	22	55	33	39	13	30	23	8	10	18	30	12	21	27	1	36	34	22	6	0	3	43	49	35	21	
2	18	43	39	21	18	52	37	36	9	27	35	31	12	15	26	49	17	24	24	33	30	18	2	44	0	60	46	49	25	
46	43	44	45	65	52	35	44	74	72	11	29	61	41	58	13	19	28	48	38	56	75	67	32	48	65	0	6	41	42	
33	29	5	23	39	16	57	18	47	56	21	44	25	41	26	43	12	53	9	21	17	55	35	47	69	59	38	0	35	6	
8	24	23	23	27	15	14	17	29	15	33	3	24	18	21	32	39	21	30	20	39	24	7	8	30	5	57	52	0	5	
42	58	14	14	29	6	78	8	46	46	31	34	15	52	55	34	40	56	40	11	39	45	25	48	59	51	48	55	45	0	
