30  8  1
8
	0	73	1	71	2	67	3	100	4	30	5	81	6	24	7	70
	0	97	1	68	2	82	3	31	4	16	5	57	6	32	7	49
	0	50	1	86	2	41	3	14	4	17	5	91	6	71	7	21
	0	54	1	30	2	83	3	34	4	79	5	33	6	2	7	96
	0	72	1	18	2	70	3	62	4	96	5	7	6	29	7	74
	0	8	1	22	2	94	3	10	4	58	5	61	6	21	7	70
	0	53	1	69	2	71	3	83	4	39	5	66	6	24	7	49
	0	50	1	92	2	11	3	44	4	97	5	74	6	43	7	64
	0	3	1	43	2	73	3	79	4	26	5	33	6	14	7	9
	0	5	1	59	2	100	3	76	4	26	5	54	6	58	7	65
	0	5	1	88	2	36	3	5	4	10	5	41	6	5	7	63
	0	2	1	64	2	20	3	1	4	39	5	72	6	15	7	47
	0	77	1	46	2	70	3	65	4	89	5	37	6	68	7	49
	0	45	1	8	2	38	3	58	4	52	5	37	6	41	7	65
	0	47	1	90	2	54	3	8	4	68	5	27	6	62	7	38
	0	75	1	98	2	47	3	24	4	81	5	35	6	54	7	50
	0	16	1	70	2	53	3	15	4	36	5	15	6	48	7	20
	0	45	1	89	2	91	3	11	4	3	5	76	6	89	7	3
	0	30	1	58	2	39	3	99	4	29	5	52	6	13	7	1
	0	86	1	31	2	74	3	56	4	30	5	37	6	12	7	83
	0	48	1	93	2	8	3	96	4	2	5	74	6	82	7	99
	0	79	1	9	2	89	3	17	4	76	5	3	6	42	7	11
	0	11	1	18	2	100	3	60	4	94	5	54	6	45	7	31
	0	16	1	90	2	27	3	67	4	25	5	14	6	65	7	55
	0	9	1	34	2	16	3	55	4	3	5	37	6	68	7	14
	0	79	1	66	2	5	3	86	4	2	5	10	6	59	7	27
	0	54	1	34	2	41	3	51	4	47	5	89	6	17	7	56
	0	99	1	94	2	78	3	56	4	40	5	70	6	7	7	77
	0	43	1	52	2	56	3	15	4	38	5	39	6	74	7	48
	0	34	1	46	2	60	3	53	4	47	5	58	6	20	7	87
SSD
M0
0	41	8	47	9	65	29	47	62	37	55	54	55	64	83	58	76	3	53	75	75	83	38	50	37	69	32	23	51	9	
85	0	32	36	35	56	69	51	49	49	43	63	32	52	69	45	63	35	49	31	58	53	15	10	35	46	55	56	52	46	
80	45	0	16	35	20	66	35	35	25	40	3	33	17	38	46	49	20	61	27	48	25	48	17	23	42	31	60	49	40	
36	2	35	0	38	79	32	40	55	30	39	71	41	48	79	31	46	15	14	8	68	57	48	50	43	60	36	13	48	68	
31	49	51	45	0	37	55	45	40	35	29	20	18	38	53	35	54	38	32	59	49	31	1	34	4	32	41	45	38	5	
56	72	71	38	72	0	51	76	50	66	60	55	49	34	10	62	64	61	36	98	60	98	32	69	27	14	72	76	58	63	
90	54	40	29	60	72	0	11	48	23	17	64	43	26	36	23	38	59	42	36	5	71	26	59	36	26	29	52	26	38	
64	42	11	21	21	60	74	0	36	11	48	52	35	56	73	35	50	59	68	49	49	86	49	34	24	14	17	69	57	77	
68	37	46	37	30	32	35	39	0	29	72	47	61	74	50	9	11	54	76	67	10	75	44	61	19	54	35	30	80	38	
65	26	12	5	53	44	58	5	20	0	61	36	50	40	57	32	34	58	73	33	33	86	33	33	8	57	1	53	70	61	
71	32	18	11	56	50	21	11	26	1	0	42	21	4	58	1	40	37	20	39	39	54	4	39	14	27	7	48	4	35	
75	40	58	51	37	15	61	51	51	41	35	0	28	44	33	41	65	37	59	51	60	73	43	12	18	37	47	55	44	35	
61	53	62	26	50	28	65	55	64	45	39	11	0	48	46	45	70	30	64	64	16	82	11	25	31	42	37	17	48	42	
75	50	57	44	46	23	71	1	61	40	45	8	25	0	41	50	18	42	44	61	58	19	53	22	28	45	46	53	54	45	
30	15	14	46	44	38	21	20	75	52	46	67	35	55	0	8	57	15	71	75	3	69	18	65	65	49	22	62	1	47	
67	61	57	36	15	36	74	50	62	40	48	19	44	57	54	0	10	58	73	67	13	74	57	33	39	58	9	45	41	18	
41	55	63	10	12	74	73	29	39	62	57	88	69	66	52	51	0	56	78	72	52	48	52	59	60	79	46	19	65	11	
17	60	68	12	36	35	3	57	20	52	63	70	51	65	53	10	34	0	67	66	33	74	35	11	42	57	58	7	3	49	
51	42	84	75	6	70	5	69	35	67	70	66	80	68	35	47	49	51	0	94	39	95	63	26	38	16	40	63	75	24	
12	33	19	9	57	8	27	12	24	2	9	43	35	14	26	15	38	51	34	0	10	22	18	37	15	30	8	57	18	49	
45	7	56	32	7	47	58	49	61	39	67	30	60	35	65	51	6	47	91	77	0	18	63	44	50	69	45	41	62	33	
75	13	30	23	26	62	33	23	38	13	7	54	2	16	43	13	52	49	32	22	51	0	8	51	26	3	19	38	16	39	
72	54	40	33	48	55	43	33	46	23	17	50	6	26	43	23	60	59	42	61	41	76	0	61	36	20	29	33	26	20	
67	63	58	51	9	30	57	51	23	41	86	73	70	72	48	19	37	9	74	57	36	101	70	0	45	52	47	56	56	64	
48	61	67	60	58	36	67	60	72	50	44	19	33	53	40	50	71	58	69	72	36	73	16	33	0	47	56	60	53	47	
62	41	25	20	1	43	42	6	26	10	32	51	21	41	37	30	40	13	57	7	39	87	4	48	23	0	16	33	41	35	
54	16	28	21	69	60	74	21	36	11	70	43	22	56	34	32	50	45	86	49	49	47	49	49	24	59	0	69	36	24	
66	16	22	15	31	23	32	15	8	5	43	6	36	50	41	20	22	40	67	43	21	45	20	15	18	45	5	0	52	20	
55	47	45	38	23	44	48	38	53	28	22	63	23	31	62	28	54	64	47	31	62	81	10	66	41	41	34	29	0	3	
18	10	28	19	66	66	38	27	41	17	12	58	24	21	61	18	55	34	37	53	54	71	7	55	30	34	23	51	21	0	
M1
0	69	26	65	1	80	9	60	62	74	7	52	108	51	48	14	67	46	6	68	6	80	53	72	80	64	3	5	71	18	
28	0	34	52	46	5	42	78	20	48	74	52	17	39	53	48	31	30	75	12	31	18	32	58	35	16	50	58	30	39	
86	51	0	39	42	55	23	76	62	21	68	67	12	36	49	51	26	48	70	8	26	13	80	13	40	52	8	54	50	34	
85	75	51	0	32	66	37	57	60	67	4	34	89	74	69	51	38	2	91	48	84	97	14	22	36	12	7	45	36	48	
70	50	48	108	0	103	35	49	43	111	94	75	96	79	106	94	48	92	99	65	74	75	57	88	89	45	90	98	65	51	
71	33	7	25	24	0	15	51	6	41	59	25	42	48	60	21	47	3	57	39	85	104	5	40	66	2	59	53	3	71	
69	23	9	78	63	64	0	102	12	37	6	5	55	73	80	21	106	50	84	59	59	104	46	63	2	75	60	52	27	25	
23	35	56	13	28	46	36	0	40	64	26	77	89	17	60	32	81	33	99	54	4	73	57	8	59	33	28	14	57	4	
42	90	44	65	33	59	58	70	0	42	65	11	10	30	25	45	53	44	76	4	54	70	45	8	72	46	28	50	3	62	
86	52	64	68	27	35	64	6	63	0	65	82	31	30	84	18	27	25	15	43	27	14	62	54	63	28	41	16	12	35	
13	59	62	87	69	86	63	47	75	109	0	70	33	58	24	5	56	74	66	60	56	43	50	64	73	74	69	57	25	10	
78	96	70	9	69	41	56	57	69	94	43	0	37	55	17	70	41	1	15	52	72	89	53	2	35	51	40	21	1	57	
73	91	59	32	53	40	63	82	30	95	66	19	0	68	60	68	5	45	20	19	5	73	67	5	98	41	69	47	9	94	
81	74	50	68	6	21	26	32	49	84	27	56	85	0	62	7	61	8	100	70	32	48	36	32	34	8	3	14	46	44	
49	57	42	77	37	69	89	14	97	96	101	81	36	66	0	35	77	82	101	28	19	105	66	72	2	82	77	65	53	18	
93	39	78	53	47	62	61	37	53	28	68	38	49	33	33	0	42	41	56	38	10	79	77	73	75	1	44	54	15	85	
1	61	72	18	48	63	68	72	75	62	52	69	4	34	73	49	0	49	16	32	1	23	62	38	72	50	25	24	59	22	
92	25	11	25	21	11	41	47	39	72	42	58	69	7	77	18	21	0	90	43	47	59	38	34	16	23	18	29	36	59	
13	36	70	1	45	68	56	4	68	95	35	53	64	39	79	11	9	33	0	61	29	16	33	53	65	43	38	49	37	37	
89	71	9	56	3	51	56	62	64	45	57	29	92	22	10	18	18	38	99	0	19	46	66	62	64	38	33	15	11	54	
69	48	70	13	26	41	31	52	62	57	47	76	63	12	35	27	18	28	22	55	0	10	56	50	54	28	23	34	6	31	
75	29	63	76	28	43	48	54	43	79	49	60	44	14	68	29	4	26	48	62	4	0	58	31	40	30	25	36	65	12	
76	43	19	51	1	62	5	68	28	72	55	2	81	43	37	50	63	59	59	16	66	93	0	17	53	11	54	30	58	48	
8	38	58	61	74	89	63	13	27	95	86	78	80	60	87	74	78	76	42	71	71	65	58	0	102	3	64	62	8	48	
73	92	72	54	27	105	72	94	88	95	88	45	19	85	44	81	70	86	65	32	23	85	92	70	0	68	78	78	17	96	
104	85	37	40	80	65	69	111	93	65	66	38	45	109	66	5	60	38	53	77	94	111	84	8	86	0	26	91	14	67	
44	64	33	64	40	78	75	77	62	77	26	25	79	49	56	64	69	25	88	34	57	56	73	61	71	65	0	54	52	7	
61	57	44	80	43	86	63	84	14	97	92	54	67	57	82	72	67	17	117	61	92	111	46	65	93	39	40	0	18	81	
43	81	20	10	45	82	3	86	42	41	44	55	55	64	27	60	30	42	85	11	61	85	54	52	74	13	21	57	0	62	
91	34	6	35	16	30	36	42	36	78	37	61	81	2	10	17	53	18	73	4	42	58	41	8	44	18	13	1	7	0	
M2
0	59	33	1	20	44	62	76	39	97	66	26	51	61	61	28	57	5	79	55	29	19	85	29	93	79	62	60	46	51	
77	0	56	7	48	77	51	32	25	59	85	89	43	7	28	77	55	78	22	59	68	25	86	78	55	91	28	48	68	65	
75	22	0	55	31	40	28	86	66	55	16	41	15	50	63	69	49	67	42	36	56	59	71	63	31	22	53	75	19	41	
65	60	5	0	59	47	62	81	63	50	29	21	61	59	26	45	69	21	81	56	53	8	25	43	26	42	48	55	65	7	
44	55	75	2	0	40	46	65	35	18	46	3	58	41	38	48	39	67	75	13	25	43	39	25	10	72	32	37	87	28	
61	61	63	5	11	0	106	50	56	44	30	48	54	31	55	101	12	65	6	54	47	72	8	70	70	40	21	18	44	39	
67	79	36	15	40	49	0	58	17	83	83	100	49	31	22	48	5	70	14	77	94	16	8	49	63	81	75	30	60	62	
44	74	13	49	83	40	82	0	35	93	70	74	69	59	3	80	12	41	24	16	25	11	76	67	70	55	6	62	61	22	
38	81	30	58	40	11	5	9	0	58	18	34	27	21	23	80	32	15	44	36	45	31	84	56	59	75	15	11	70	42	
57	15	13	6	34	45	47	66	32	0	46	27	11	37	43	49	47	1	77	30	59	62	65	49	11	25	33	31	73	52	
81	42	94	50	74	98	52	81	86	87	0	44	57	82	48	59	97	54	37	20	117	84	89	12	76	96	53	58	52	18	
80	32	67	40	74	88	42	96	57	53	32	0	61	18	15	57	92	44	52	70	99	93	39	2	66	66	16	14	71	5	
37	48	5	20	51	52	74	62	61	97	62	87	0	66	76	103	85	104	88	38	98	84	35	62	77	68	79	94	35	42	
42	37	11	71	83	40	70	71	1	14	68	44	49	0	62	32	36	33	83	45	55	38	41	33	74	74	79	60	46	69	
61	32	37	43	34	49	32	57	41	39	25	29	47	2	0	25	37	7	13	1	44	24	43	51	15	10	37	5	16	51	
56	36	25	55	33	52	32	1	47	39	52	50	55	71	15	0	24	30	36	28	37	23	76	17	19	31	18	74	2	5	
47	56	23	65	38	39	41	12	58	29	39	79	53	82	26	43	0	64	37	39	48	32	75	43	5	78	27	74	82	4	
13	5	17	29	9	11	82	60	45	55	22	38	19	76	66	84	21	0	80	78	35	54	97	60	46	64	1	67	51	63	
16	68	18	65	66	30	66	5	46	64	30	65	74	26	19	76	28	55	0	32	41	27	49	78	72	46	22	33	7	28	
33	38	21	9	10	46	11	38	41	67	11	35	73	27	36	86	43	59	71	0	31	53	48	21	52	16	55	69	57	57	
11	87	42	42	92	7	54	84	2	60	80	81	98	68	98	47	105	59	85	105	0	49	74	93	87	91	32	75	70	71	
20	29	34	8	65	16	63	10	11	69	16	39	67	33	24	55	33	62	45	34	1	0	69	61	87	20	27	57	22	43	
14	45	27	53	61	28	60	79	53	52	44	3	76	41	38	66	43	34	62	37	57	33	0	23	28	23	10	37	65	28	
56	3	55	11	45	59	13	67	55	61	10	76	32	65	9	75	84	15	23	64	91	76	72	0	37	57	19	68	69	57	
30	72	63	49	17	18	20	39	41	8	65	90	32	72	16	22	62	77	74	66	49	61	99	47	0	80	6	75	61	35	
48	17	22	28	40	44	76	87	39	46	16	14	78	52	49	75	22	40	61	9	29	32	44	36	80	0	50	48	82	36	
84	27	50	2	75	39	60	69	46	46	57	106	31	94	56	79	75	30	48	40	65	83	76	20	79	104	0	111	14	92	
26	8	57	52	97	22	69	57	17	3	12	31	53	66	66	62	53	47	17	66	7	35	22	53	102	52	9	0	63	56	
37	26	68	4	42	33	45	58	28	7	90	107	57	94	41	47	5	85	41	77	18	13	100	54	9	105	31	99	0	60	
57	20	37	1	38	45	41	51	68	35	44	15	59	37	43	49	74	79	35	78	76	73	11	37	11	88	33	49	33	0	
M3
0	16	60	62	6	68	63	51	36	34	63	58	73	67	33	74	74	72	36	89	55	54	60	43	16	72	81	15	33	30	
56	0	98	15	10	67	46	4	81	51	66	60	63	66	57	54	58	87	20	69	8	53	35	76	83	82	50	58	48	24	
72	60	0	53	79	58	91	82	26	37	67	61	71	67	39	10	44	86	103	15	83	62	63	62	63	11	72	25	61	68	
35	57	58	0	42	21	57	54	32	48	17	11	19	66	21	25	36	48	51	55	42	35	13	54	40	35	52	50	47	39	
46	19	81	19	0	44	8	34	44	38	6	34	40	59	44	19	59	50	70	36	27	12	36	55	31	10	55	34	21	39	
4	32	27	39	11	0	46	63	60	33	26	20	3	54	30	51	45	26	43	41	51	44	22	31	49	44	45	19	16	26	
70	93	34	31	26	56	0	42	36	14	18	46	35	21	56	58	71	67	95	46	43	36	15	41	62	26	32	56	77	74	
33	47	56	14	40	19	65	0	39	57	31	42	15	18	9	6	25	55	72	21	54	32	44	43	40	65	8	48	42	44	
74	48	91	26	83	62	59	61	0	46	24	52	58	57	62	48	77	68	83	75	46	40	25	67	27	29	41	62	29	4	
49	16	71	62	37	64	26	28	14	0	60	54	77	85	57	61	64	79	67	73	55	36	56	82	49	54	79	33	79	13	
47	75	70	8	54	33	35	32	33	60	0	23	29	78	33	38	48	60	86	67	20	13	25	66	39	29	56	35	54	51	
23	51	46	18	30	9	45	42	39	52	5	0	22	54	9	48	24	36	62	43	30	23	1	42	28	23	57	38	35	27	
25	53	48	60	32	11	37	10	72	34	47	41	0	72	51	60	66	47	64	14	72	65	43	4	70	11	62	40	37	47	
53	81	16	48	60	39	22	11	55	59	35	29	52	0	25	22	54	66	32	45	60	48	31	68	56	34	51	55	42	57	
49	59	74	37	43	51	64	37	22	67	24	41	37	63	0	40	33	78	56	69	37	15	43	35	23	58	40	37	50	51	
38	66	61	50	45	24	71	50	35	27	37	54	37	33	5	0	46	60	69	75	50	28	56	48	36	71	53	50	41	60	
26	44	26	21	33	12	32	31	40	19	8	2	23	15	10	43	0	39	65	46	33	26	4	3	10	26	58	41	2	30	
6	54	49	21	9	12	48	36	42	39	8	2	25	42	12	33	12	0	44	27	21	14	4	30	31	26	57	36	22	3	
34	89	65	38	79	63	12	62	63	64	25	53	52	68	43	68	58	77	0	66	15	43	55	37	69	59	67	4	47	11	
24	52	12	59	31	10	36	43	6	33	46	40	23	74	28	36	65	46	63	0	12	51	28	51	54	18	1	29	36	46	
31	70	65	37	27	28	20	23	45	14	24	18	22	53	28	26	26	54	81	61	0	1	20	44	47	42	5	23	15	40	
17	64	59	31	43	22	58	5	52	59	18	12	35	65	22	8	37	49	75	43	43	0	14	55	41	36	26	5	48	40	
26	54	31	54	19	12	68	28	71	41	41	35	18	17	45	31	60	48	20	60	66	6	0	1	64	56	12	28	38	48	
29	57	52	24	25	15	26	19	39	54	11	5	18	49	15	3	30	27	68	49	16	29	7	0	34	29	63	44	41	18	
10	28	9	48	43	22	59	29	49	40	35	29	35	15	37	32	12	58	52	32	30	7	31	30	0	34	47	29	29	57	
53	40	79	67	61	47	43	72	29	34	54	65	60	5	52	23	75	52	91	47	46	52	66	2	73	0	34	63	17	2	
50	53	73	59	43	36	43	59	44	5	46	49	49	85	14	62	55	72	28	44	54	37	51	57	45	70	0	59	62	72	
47	33	5	19	19	44	61	68	45	48	40	34	57	69	44	29	40	30	76	32	62	55	36	58	63	1	53	0	31	44	
41	89	84	35	44	47	15	44	60	2	22	37	49	23	47	26	47	24	79	56	47	22	34	23	66	35	65	44	0	22	
30	71	66	19	33	29	60	24	17	50	20	26	42	19	36	57	36	13	68	51	45	38	28	54	18	50	48	8	38	0	
M4
0	15	51	10	24	46	9	15	10	14	23	64	7	24	30	37	38	41	14	30	32	49	26	22	5	3	22	17	26	35	
24	0	49	12	6	15	14	3	14	26	28	33	12	15	42	10	7	10	8	35	1	18	31	34	17	8	34	11	9	4	
64	53	0	60	1	32	12	45	55	57	23	82	48	13	6	13	64	69	65	60	69	55	64	65	76	41	22	55	63	70	
77	47	12	0	30	61	25	64	31	56	20	40	39	42	27	42	34	64	62	57	28	52	58	74	74	35	34	38	14	31	
56	22	3	50	0	47	16	5	24	58	14	71	5	33	26	33	22	48	46	37	39	46	33	46	49	10	28	24	47	20	
42	11	20	24	13	0	14	2	20	15	28	26	24	6	33	15	18	1	35	1	13	9	26	16	35	8	42	21	21	2	
13	31	48	30	12	6	0	11	30	34	39	79	13	44	50	57	35	57	55	46	48	65	22	20	25	19	31	33	12	51	
48	59	67	13	58	56	57	0	50	67	29	14	34	40	5	48	53	49	71	8	61	57	42	75	58	51	43	65	41	58	
25	17	56	19	19	39	21	16	0	27	35	59	19	12	13	2	14	7	41	38	8	15	38	35	18	15	35	18	16	3	
29	25	24	27	42	11	13	32	27	0	33	74	51	19	38	47	23	48	49	7	40	56	10	39	22	13	39	27	40	43	
58	24	73	27	46	54	18	41	26	60	0	64	15	55	59	36	31	50	32	27	36	22	35	53	51	12	4	26	44	39	
12	35	51	10	50	3	15	15	10	14	21	0	27	24	30	30	22	38	54	47	16	46	46	22	5	23	22	14	24	5	
66	41	6	54	24	55	35	18	50	59	46	75	0	36	29	36	48	31	26	45	43	39	35	4	65	50	45	47	51	46	
21	15	36	19	17	38	30	24	19	18	14	57	28	0	39	6	22	5	29	51	17	13	47	31	14	24	28	25	25	20	
57	26	75	39	28	51	41	45	35	53	55	68	39	18	0	30	33	16	50	62	28	24	58	52	50	35	58	22	36	31	
64	44	45	47	47	22	38	53	46	49	10	37	35	32	48	0	3	35	52	16	47	2	43	43	57	32	24	46	13	50	
25	40	6	23	24	55	35	27	23	27	21	80	46	36	10	36	0	56	63	58	57	53	4	4	18	43	35	47	39	17	
38	7	56	20	9	38	22	26	16	34	36	49	20	2	55	11	14	0	31	43	9	5	39	36	31	16	39	17	17	12	
11	21	57	34	23	4	30	40	3	48	2	63	7	16	38	25	16	11	0	6	23	11	3	50	40	24	16	2	31	26	
41	21	29	34	23	52	36	7	30	48	50	63	34	16	2	10	15	11	45	0	23	19	4	50	45	30	53	31	3	26	
51	17	46	9	39	36	11	34	11	53	25	66	9	48	50	39	4	43	36	32	0	49	28	44	44	5	39	8	6	1	
54	22	58	21	18	48	23	1	3	27	37	71	21	41	20	3	16	36	20	18	10	0	40	56	47	17	51	20	18	13	
57	23	37	47	45	13	17	40	25	59	31	61	51	54	45	43	1	49	47	38	40	38	0	8	50	11	1	25	48	43	
37	30	4	40	22	53	33	49	47	30	44	79	48	24	27	34	43	56	40	63	37	59	16	0	42	44	43	18	45	40	
4	45	43	2	47	43	43	7	2	6	57	74	33	16	22	29	42	35	48	39	36	43	42	14	0	37	14	46	18	31	
44	10	68	38	32	41	4	27	12	46	18	59	38	41	51	36	33	36	34	25	27	44	21	39	37	0	32	12	35	30	
18	21	47	30	43	52	49	40	14	48	34	13	49	18	53	42	44	47	25	37	38	2	6	18	53	43	0	5	46	6	
62	31	43	44	33	61	16	22	40	47	11	73	36	26	56	15	38	21	53	24	33	1	56	59	55	33	25	0	41	17	
42	25	45	38	27	56	40	33	23	52	38	67	38	13	61	23	32	15	49	61	27	23	57	54	49	34	48	35	0	30	
47	63	32	63	8	55	57	62	20	18	32	49	8	58	55	48	60	53	68	51	54	61	24	75	58	54	19	64	62	0	
M5
0	71	4	51	41	25	23	35	8	55	18	15	53	26	20	35	4	39	26	6	27	15	16	68	17	50	58	26	42	46	
13	0	4	38	21	36	53	69	52	20	42	61	52	12	23	56	42	56	60	2	44	32	48	38	59	46	38	51	51	35	
28	51	0	50	50	55	75	63	5	66	75	72	27	65	50	15	34	78	18	80	18	54	10	51	80	70	67	56	26	53	
65	51	52	0	75	17	69	42	80	61	72	72	41	22	56	15	40	70	62	23	37	48	5	89	75	67	88	1	62	51	
69	75	35	16	0	58	25	41	55	42	55	52	66	26	26	39	24	75	46	56	63	51	54	65	78	66	10	46	62	7	
5	64	7	57	79	0	17	78	47	23	76	75	8	63	49	74	33	76	55	79	64	52	11	58	10	77	77	47	35	80	
50	91	20	36	63	40	0	50	65	63	54	73	47	7	36	55	40	54	45	66	9	30	45	76	25	58	77	46	64	61	
37	66	9	56	66	5	12	0	26	52	29	57	10	16	31	45	15	29	37	21	17	5	60	58	32	61	81	37	39	30	
74	68	24	12	63	17	41	67	0	59	44	72	12	31	46	60	30	44	20	68	29	20	50	42	47	61	51	46	54	15	
30	21	35	38	57	35	10	14	27	0	1	20	16	29	44	52	28	79	35	74	47	55	73	90	44	5	45	10	63	71	
68	24	42	38	15	48	47	63	62	40	0	74	23	48	45	42	46	57	68	70	50	38	49	87	2	75	32	68	50	29	
6	40	31	47	62	5	57	88	2	39	72	0	4	36	41	9	25	16	42	52	52	48	77	41	75	59	79	47	51	15	
71	19	21	12	69	27	38	69	2	10	41	35	0	28	43	53	27	41	18	50	29	17	50	70	35	52	58	46	10	35	
6	47	16	50	82	44	71	43	42	47	74	29	3	0	40	11	24	74	44	28	58	50	7	62	75	14	54	2	31	74	
44	55	59	47	47	43	35	42	2	46	60	28	47	14	0	32	36	35	10	3	15	55	58	26	42	13	53	23	52	50	
25	1	8	40	36	14	25	58	59	51	28	22	53	15	30	0	14	28	36	44	12	4	59	48	31	52	38	36	38	35	
58	68	16	47	49	19	33	60	30	59	36	27	61	23	1	60	0	36	7	31	24	12	67	54	39	31	51	7	23	43	
43	47	54	49	57	45	64	6	44	48	29	30	76	39	54	11	38	0	6	4	47	50	83	36	72	15	26	51	33	46	
47	64	20	24	1	15	33	49	63	50	37	37	43	4	34	47	26	40	0	64	28	16	47	3	43	22	18	43	50	15	
61	49	57	8	25	37	57	36	41	40	81	22	53	31	46	37	30	39	51	0	65	57	46	97	52	7	42	42	12	37	
36	31	50	47	24	52	12	51	64	55	37	37	43	27	40	7	45	39	67	48	0	46	71	3	56	22	10	54	80	6	
51	86	1	54	58	7	18	51	52	44	21	49	46	8	23	56	7	21	29	53	9	0	52	50	24	53	73	29	31	28	
79	69	24	65	45	42	53	70	37	2	50	48	72	43	8	67	42	56	45	38	44	32	0	61	16	48	51	58	3	39	
53	47	47	30	7	35	39	34	47	38	20	20	26	10	40	52	28	71	50	70	63	55	54	0	50	5	24	41	66	21	
85	61	26	64	44	74	65	31	24	1	53	75	69	65	49	79	75	37	75	40	18	77	102	95	0	60	30	55	48	58	
57	32	44	75	77	20	61	19	32	23	64	5	54	14	29	37	13	64	35	59	48	40	58	82	67	0	30	26	51	71	
60	47	50	37	14	34	20	34	69	62	75	53	57	17	40	26	24	75	46	70	12	51	61	59	72	68	0	46	5	28	
16	39	46	9	62	35	63	60	81	68	66	53	45	53	59	3	52	66	74	65	47	42	13	86	51	90	49	0	3	18	
73	38	6	43	20	29	40	68	62	51	43	71	68	30	33	46	29	43	51	58	22	19	74	72	46	67	9	51	0	34	
60	66	70	37	34	54	37	33	34	36	47	39	12	26	63	71	47	29	67	66	7	66	70	13	36	24	51	60	26	0	
M6
0	24	43	1	15	45	39	53	32	54	9	68	44	26	14	18	49	6	65	24	24	3	55	8	19	3	16	38	15	35	
40	0	7	4	18	25	36	16	3	41	54	50	19	19	62	41	20	9	26	21	27	17	47	32	45	11	19	33	24	11	
53	72	0	78	66	50	68	63	35	52	62	84	56	51	24	4	52	17	99	53	66	13	60	54	59	21	46	67	65	24	
61	46	40	0	12	42	54	62	29	66	61	65	41	45	56	55	46	3	76	47	21	12	64	26	39	56	13	47	18	32	
24	5	9	41	0	1	22	53	35	25	34	67	16	21	15	27	42	37	54	7	35	51	34	56	67	48	15	21	42	34	
37	16	24	52	64	0	35	41	34	28	29	62	64	46	75	12	29	43	32	20	61	56	16	56	61	59	55	8	37	59	
28	64	34	53	67	58	0	72	51	7	60	57	35	50	38	45	1	4	37	25	27	55	7	31	66	55	7	39	58	26	
54	50	63	53	49	79	9	0	84	19	59	8	22	12	31	68	34	37	65	53	35	31	40	64	14	80	40	67	61	59	
47	37	34	49	48	37	19	51	0	34	39	61	37	2	60	24	3	31	66	4	29	43	35	52	30	26	9	18	47	28	
19	3	42	27	29	58	42	51	29	0	52	5	54	45	28	47	46	32	4	47	16	41	56	36	33	34	41	39	47	12	
53	10	29	46	54	43	25	57	45	56	0	73	40	12	72	4	45	43	58	10	27	59	41	71	30	53	21	24	3	40	
33	60	50	30	26	56	33	47	61	3	65	0	51	43	8	50	58	16	65	30	12	44	58	58	29	60	23	44	38	42	
37	57	53	62	33	20	56	56	23	27	55	52	0	39	75	53	7	36	38	41	55	6	5	51	67	55	46	49	51	20	
37	21	10	57	65	54	36	37	56	7	6	70	51	0	75	15	56	50	69	21	38	23	52	69	41	44	32	35	14	51	
32	35	22	57	5	35	12	21	42	7	20	70	50	37	0	29	37	40	17	35	33	15	43	49	46	47	43	49	28	62	
29	68	29	20	34	60	62	71	51	60	59	65	58	12	67	0	25	25	53	47	43	21	25	35	7	56	30	41	7	49	
47	48	32	47	51	13	24	56	63	26	44	71	47	61	70	29	0	21	65	9	27	34	40	1	79	58	19	23	52	18	
26	58	38	51	51	41	49	9	38	28	43	41	20	54	46	30	21	0	13	34	35	1	39	45	42	43	50	22	12	24	
2	37	51	27	25	54	25	68	12	2	35	65	44	28	40	43	29	32	0	30	44	29	52	19	16	17	24	35	41	43	
31	27	18	33	32	21	3	35	44	34	23	69	32	40	65	8	23	31	64	0	49	39	19	50	58	58	34	2	31	53	
3	45	24	28	35	37	48	65	59	54	36	68	71	6	41	45	68	33	83	33	0	30	63	1	46	30	43	47	42	27	
64	22	41	33	11	41	37	8	28	53	7	35	12	24	55	16	45	28	70	22	36	0	34	61	42	7	16	36	15	35	
52	50	39	43	41	42	48	56	65	23	44	5	71	61	28	31	5	36	68	33	32	57	0	21	29	56	43	23	6	62	
50	20	37	56	63	40	38	54	5	53	36	75	56	21	33	29	22	3	60	23	28	10	38	0	49	45	28	21	29	47	
46	43	32	10	9	39	16	13	29	47	68	57	30	45	36	53	41	11	77	33	25	24	47	38	0	51	5	47	11	24	
79	11	50	47	52	37	52	59	46	49	62	31	62	62	54	57	24	52	69	37	38	13	68	51	64	0	62	51	49	54	
31	66	10	56	70	54	60	53	27	53	51	35	11	43	34	57	44	5	77	45	3	58	46	33	71	58	0	49	59	2	
22	29	9	47	49	12	20	26	35	39	14	60	49	31	60	1	14	48	65	5	46	49	10	41	49	49	40	0	22	55	
20	68	53	45	59	34	2	1	70	33	53	52	54	56	58	51	27	30	52	31	46	47	9	13	58	23	26	45	0	45	
9	44	54	34	48	32	59	31	41	44	29	40	74	46	47	38	58	39	55	44	57	36	24	11	52	36	49	58	37	0	
M7
0	46	4	32	21	19	5	30	3	45	43	22	22	51	29	71	34	61	17	27	74	37	28	26	20	2	26	30	39	32	
27	0	21	17	21	11	58	60	96	25	18	2	66	30	6	2	52	34	38	15	44	3	39	47	85	23	52	19	31	51	
48	26	0	36	48	86	25	18	83	24	18	44	71	84	49	46	54	36	52	15	54	69	3	55	49	47	10	11	23	65	
37	7	75	0	37	14	85	78	47	79	58	33	66	75	62	58	43	64	80	55	51	59	31	28	66	75	58	67	68	74	
29	18	19	19	0	41	43	48	43	20	20	21	34	27	60	3	23	36	16	55	23	5	41	25	5	8	38	29	34	29	
24	33	31	54	38	0	7	51	77	42	63	2	11	50	30	69	44	26	50	26	55	72	4	56	50	48	62	36	6	9	
83	7	77	30	67	67	0	44	77	17	56	58	58	16	46	58	29	59	84	71	26	59	63	25	7	76	100	69	36	60	
46	52	40	36	62	60	46	0	44	44	35	3	3	46	39	61	19	53	51	76	28	22	58	30	44	42	67	3	46	50	
8	59	30	39	9	7	76	42	0	47	40	46	10	52	17	68	22	56	67	66	66	25	54	55	88	45	14	62	49	21	
54	43	17	26	2	40	10	56	84	0	45	19	55	57	58	72	26	56	14	53	14	30	41	7	4	42	32	27	33	57	
12	31	5	8	17	45	43	44	68	4	0	7	35	38	7	60	6	33	2	41	58	46	29	11	14	30	36	15	33	31	
59	17	4	34	41	32	42	43	67	18	14	0	46	1	40	59	47	29	1	40	58	45	28	10	74	29	35	14	48	58	
36	66	54	15	15	15	29	54	98	43	64	3	0	51	75	9	45	27	51	65	83	66	32	23	78	14	44	37	36	51	
18	69	23	49	19	17	66	47	1	39	30	42	20	0	7	78	4	66	57	31	58	35	47	8	90	51	24	54	14	31	
71	41	15	13	59	55	53	37	59	40	44	17	22	19	0	70	64	47	12	51	69	47	39	21	80	23	46	25	59	7	
31	46	20	21	50	20	58	26	56	29	22	22	75	34	20	0	56	38	17	6	48	7	43	26	84	27	27	19	47	65	
73	74	69	65	73	56	59	23	78	75	73	18	9	12	84	67	0	61	66	67	77	58	28	75	70	27	57	30	7	11	
27	36	54	25	9	91	74	49	100	13	74	13	44	45	88	51	15	0	51	78	53	81	2	54	48	46	76	7	35	26	
63	28	2	46	60	42	40	41	106	27	41	4	64	51	43	57	51	59	0	38	56	43	26	8	72	27	33	12	46	59	
45	100	74	63	78	74	62	13	60	80	76	70	61	30	44	4	32	76	71	0	87	61	80	18	31	25	55	16	56	34	
80	4	56	70	11	15	89	49	65	78	71	29	11	77	59	55	47	67	62	4	0	56	58	71	25	74	87	49	53	54	
13	43	7	3	32	73	46	46	82	11	4	10	65	16	60	74	38	20	58	43	30	0	25	67	71	9	38	30	46	49	
14	41	21	30	14	61	50	16	87	18	60	10	49	50	62	56	20	2	18	52	20	48	0	21	15	13	43	12	40	31	
15	42	60	31	15	60	79	38	79	19	76	15	1	51	13	57	21	3	57	13	59	87	8	0	54	52	55	13	41	32	
68	77	66	52	46	84	67	51	86	54	35	46	37	40	75	62	8	38	63	83	77	52	42	67	0	55	85	48	15	39	
24	66	30	11	48	73	10	13	57	67	49	34	54	75	34	77	69	51	82	66	85	62	47	73	66	0	3	61	10	18	
27	43	21	17	16	29	24	15	17	20	18	20	36	30	43	58	22	4	58	31	44	3	9	36	29	23	0	14	42	33	
46	52	8	44	3	14	50	47	42	32	16	32	61	64	68	70	34	16	29	44	50	40	21	5	67	57	39	0	32	45	
40	19	18	32	41	39	4	57	23	40	33	39	12	21	49	70	50	49	85	20	27	18	42	49	28	38	46	50	0	50	
65	59	12	69	40	64	58	51	48	57	27	77	67	72	74	71	40	69	85	18	73	79	36	75	18	80	43	44	47	0	
