30  2  1
2
	0	71	1	6
	0	81	1	64
	0	98	1	23
	0	62	1	54
	0	1	1	34
	0	51	1	98
	0	71	1	88
	0	73	1	57
	0	54	1	56
	0	99	1	23
	0	92	1	84
	0	90	1	32
	0	67	1	8
	0	70	1	74
	0	59	1	83
	0	49	1	87
	0	85	1	90
	0	76	1	91
	0	96	1	35
	0	9	1	7
	0	32	1	48
	0	22	1	62
	0	73	1	47
	0	89	1	74
	0	27	1	17
	0	14	1	73
	0	56	1	34
	0	98	1	95
	0	20	1	21
	0	56	1	63
SSD
M0
0	51	25	49	45	76	31	19	107	99	86	3	77	8	58	103	47	41	28	34	73	50	33	5	77	62	29	52	20	74	
54	0	101	67	63	95	76	31	13	4	56	35	50	68	16	6	52	72	65	56	32	33	42	55	79	57	66	7	75	75	
38	7	0	18	62	82	44	35	48	62	12	3	5	67	11	20	27	37	28	70	90	61	56	11	64	25	43	47	31	38	
43	15	24	0	57	62	62	63	44	75	7	27	72	43	40	92	57	47	43	44	79	8	19	64	9	43	29	47	76	50	
52	5	85	20	0	31	42	28	61	73	51	84	34	4	12	82	52	89	58	39	27	51	46	57	58	36	49	6	21	75	
46	20	53	35	14	0	28	43	46	10	66	43	38	19	27	58	12	86	51	54	42	47	1	30	22	9	27	21	36	56	
7	61	24	63	74	103	0	93	79	83	24	24	97	22	66	95	102	85	106	112	75	105	45	83	102	94	58	81	96	97	
84	79	29	48	84	114	75	0	20	29	87	86	80	1	92	62	84	32	9	71	51	84	27	44	90	61	55	42	93	52	
63	10	75	31	10	40	34	39	0	63	62	93	34	15	23	75	63	47	50	50	38	62	6	47	65	26	44	17	32	73	
80	57	35	42	51	66	41	67	86	0	103	29	76	47	64	16	79	12	75	66	79	40	45	20	13	47	65	12	20	30	
66	40	44	70	59	91	34	83	85	71	0	27	29	58	58	62	75	34	58	62	5	26	83	2	52	34	52	56	72	58	
57	10	43	25	4	36	26	33	47	75	56	0	28	9	17	44	2	37	63	44	32	35	30	59	41	38	46	11	5	59	
37	60	19	21	64	55	72	78	77	29	90	12	0	69	54	7	70	61	54	57	25	22	80	52	72	53	67	65	86	64	
50	29	81	41	23	55	60	30	46	78	75	73	9	0	36	83	49	52	16	36	51	13	30	81	73	60	46	30	39	5	
75	53	66	68	47	79	37	71	41	30	82	13	14	52	0	11	74	47	12	61	52	46	36	1	47	81	71	54	16	70	
15	14	49	19	8	40	48	22	21	66	60	64	43	13	21	0	14	74	10	1	36	56	43	38	44	29	11	15	30	51	
44	15	14	44	31	3	9	47	74	64	67	23	61	36	36	74	0	43	80	38	59	4	55	54	27	61	48	27	53	12	
52	39	57	35	74	9	27	25	59	45	67	40	37	76	27	57	61	0	50	48	102	12	36	29	47	8	26	11	77	8	
82	85	84	100	79	21	69	24	77	82	47	84	91	80	18	88	11	79	0	99	75	75	73	55	85	81	14	64	48	29	
5	50	39	9	48	80	38	12	70	56	58	54	48	53	61	68	4	89	43	0	76	57	90	40	34	19	1	12	70	66	
41	3	69	37	63	66	68	58	55	86	64	86	78	31	33	90	50	40	89	37	0	1	46	70	15	49	47	58	69	21	
18	73	46	32	71	43	48	35	93	68	80	75	71	72	10	74	27	17	66	14	95	0	36	53	38	42	24	35	46	20	
81	5	28	49	28	57	59	57	90	7	59	45	63	33	41	73	36	96	23	68	56	78	0	61	79	40	57	30	50	82	
66	19	61	34	13	42	19	42	20	10	65	72	42	18	26	36	66	83	19	53	41	45	40	0	72	50	33	20	15	69	
46	27	45	42	21	26	26	27	58	44	70	44	36	7	34	56	55	45	49	42	49	6	64	28	0	7	25	28	43	48	
64	17	35	22	73	76	5	77	37	23	61	53	15	54	52	35	39	63	28	60	91	24	80	7	25	0	4	8	55	33	
67	18	14	36	37	69	9	66	52	49	1	14	41	14	50	79	68	34	47	63	65	27	84	41	87	59	0	44	59	69	
28	64	43	32	58	90	61	35	41	49	81	2	66	63	53	1	27	22	60	14	41	32	32	63	57	42	24	0	50	73	
50	17	78	32	11	43	1	35	73	85	63	78	46	16	24	94	59	48	70	46	39	10	5	66	60	48	56	18	0	34	
76	37	29	52	31	63	74	51	80	17	65	12	28	36	44	87	84	59	22	71	59	46	78	69	90	68	41	24	53	0	
M1
0	66	44	7	56	38	74	21	55	62	72	22	32	8	63	21	19	44	64	27	64	72	88	58	86	21	42	75	70	19	
87	0	13	57	50	25	33	50	83	28	41	46	46	48	59	43	26	19	49	51	38	47	24	30	87	15	57	59	71	43	
59	54	0	66	14	63	22	86	62	67	5	68	20	12	35	16	41	31	62	32	2	58	69	46	51	26	21	78	58	7	
38	47	4	0	41	14	31	65	36	49	32	66	47	39	2	43	63	58	58	56	29	34	45	72	28	4	17	58	21	25	
11	82	19	24	0	55	64	38	29	37	47	39	49	25	48	38	36	4	60	44	13	12	47	14	62	38	45	30	21	36	
67	40	75	54	22	0	57	28	85	58	59	61	88	29	45	55	12	48	59	65	59	68	5	62	60	32	26	40	3	51	
26	23	76	39	27	58	0	53	63	33	84	7	43	6	73	3	51	36	65	55	74	47	49	75	47	50	70	23	76	51	
67	23	78	37	25	56	62	0	78	65	86	24	20	4	93	63	92	32	11	32	72	39	83	60	71	48	41	41	58	50	
22	52	72	35	42	66	27	27	0	6	40	20	18	12	7	43	33	22	78	30	70	46	59	58	47	46	45	44	38	41	
75	25	87	47	35	75	13	48	32	0	35	17	11	20	95	56	4	3	75	23	41	51	30	51	77	39	38	15	20	12	
90	68	32	26	51	91	63	41	56	64	0	97	75	46	77	49	59	8	75	30	57	21	11	47	51	68	45	6	59	7	
66	29	64	16	24	70	50	17	24	55	74	0	8	5	66	7	82	20	26	20	68	48	71	48	40	36	35	24	46	18	
56	26	68	58	16	66	34	79	60	39	58	60	0	32	84	37	66	4	60	4	63	32	55	32	58	20	19	52	30	41	
38	62	52	8	23	69	63	65	80	27	29	66	46	0	64	65	25	53	81	39	55	42	33	70	86	29	54	37	25	62	
88	60	26	77	50	13	68	71	43	59	54	29	26	60	0	61	86	38	5	38	41	66	22	66	13	54	43	17	64	36	
64	24	39	51	76	66	10	81	14	56	5	35	70	61	74	0	60	81	60	58	3	59	3	19	48	16	19	44	62	52	
73	65	58	41	55	58	71	9	46	52	26	63	31	45	22	21	0	43	27	17	48	13	25	15	76	35	28	28	6	34	
63	55	67	63	20	7	13	78	59	38	40	43	55	31	60	36	60	0	53	3	67	12	31	34	47	41	18	20	41	23	
63	66	37	74	18	19	55	37	32	19	65	59	53	62	80	76	46	45	0	45	46	64	43	66	82	81	29	57	57	50	
53	45	57	53	69	55	52	68	49	28	84	68	45	21	78	26	55	54	49	0	80	58	81	24	52	31	8	41	71	63	
64	37	71	41	40	15	11	60	53	74	95	59	29	10	27	31	9	41	63	41	0	8	44	64	1	45	22	46	67	24	
50	30	10	63	5	23	49	75	23	38	38	78	28	31	11	36	65	17	59	3	35	0	20	33	62	41	18	14	60	13	
104	54	106	76	64	33	5	31	57	6	64	39	40	49	42	3	33	32	67	52	7	45	0	75	40	68	67	44	49	2	
95	85	31	3	68	61	73	86	29	37	59	55	71	57	58	70	64	63	100	61	14	70	45	0	46	61	74	9	78	20	
58	45	62	50	22	51	53	85	54	56	77	63	11	51	9	31	68	23	54	23	11	51	26	46	0	39	13	28	49	6	
46	29	50	46	18	47	45	73	68	13	51	44	4	44	30	7	40	16	42	16	55	44	66	44	27	0	1	51	42	48	
11	3	15	11	52	13	10	38	40	40	43	39	49	25	46	38	36	28	7	5	40	16	75	21	64	30	0	53	76	36	
79	70	90	85	86	88	17	9	91	36	27	73	70	3	85	103	63	8	77	80	100	19	53	56	104	56	41	0	27	5	
79	62	77	92	62	85	44	83	96	58	35	91	85	50	94	55	85	24	35	95	59	97	5	44	74	8	82	16	0	54	
75	2	79	68	30	35	42	54	77	42	82	47	73	49	61	54	39	62	17	21	53	56	52	10	78	55	36	63	26	0	
