30  4  1
4
	0	41	1	8	2	4	3	21
	0	48	1	4	2	93	3	65
	0	82	1	43	2	42	3	73
	0	25	1	22	2	93	3	71
	0	63	1	36	2	74	3	63
	0	24	1	29	2	72	3	76
	0	35	1	66	2	64	3	55
	0	46	1	3	2	81	3	80
	0	55	1	95	2	38	3	83
	0	38	1	88	2	71	3	79
	0	52	1	54	2	36	3	49
	0	95	1	93	2	73	3	35
	0	11	1	96	2	56	3	27
	0	89	1	44	2	52	3	66
	0	95	1	99	2	80	3	81
	0	29	1	90	2	45	3	38
	0	99	1	25	2	72	3	77
	0	56	1	65	2	81	3	53
	0	32	1	42	2	68	3	11
	0	67	1	14	2	84	3	62
	0	32	1	90	2	38	3	42
	0	69	1	62	2	50	3	69
	0	12	1	19	2	36	3	26
	0	65	1	52	2	12	3	44
	0	37	1	65	2	29	3	59
	0	74	1	33	2	89	3	53
	0	32	1	1	2	5	3	31
	0	78	1	2	2	2	3	76
	0	22	1	30	2	66	3	78
	0	4	1	10	2	91	3	48
SSD
M0
0	3	41	52	46	20	15	55	31	44	21	29	41	46	62	29	58	22	17	59	3	60	40	25	76	27	53	58	73	14	
30	0	59	21	40	46	36	25	43	60	28	65	2	38	28	39	11	19	9	45	19	52	48	51	25	52	63	52	25	40	
22	49	0	3	48	60	57	53	4	21	46	38	56	45	42	45	2	9	46	63	33	4	25	35	4	34	25	56	13	61	
66	57	28	0	20	38	44	25	57	46	35	19	36	48	62	17	62	36	33	35	5	72	44	7	61	6	62	75	21	74	
66	31	58	48	0	35	49	4	7	47	52	70	52	30	54	47	50	20	13	41	69	10	32	49	43	58	50	63	9	87	
53	61	41	38	40	0	16	46	46	61	56	68	23	59	49	6	43	39	3	87	40	46	52	51	40	57	9	37	29	52	
2	10	1	49	36	10	0	12	21	29	45	56	11	14	37	21	54	28	14	36	25	57	54	66	48	17	43	47	63	4	
60	10	8	30	33	27	67	0	8	58	51	67	56	78	73	57	48	59	54	74	30	1	30	47	68	61	60	15	76	82	
48	56	44	82	44	23	11	57	0	48	46	16	57	17	26	36	53	63	50	81	71	34	48	65	46	2	56	31	76	41	
63	53	36	8	1	8	48	43	19	0	41	10	29	57	51	11	14	46	29	50	26	25	44	40	34	15	41	46	54	2	
3	3	67	24	52	9	42	32	37	52	0	26	40	40	46	39	42	53	36	15	37	15	24	36	58	46	29	24	1	33	
51	60	48	13	24	20	55	55	24	13	38	0	33	63	56	28	35	46	47	40	18	19	17	34	55	27	53	48	24	14	
51	29	58	79	40	33	23	12	44	47	23	58	0	67	15	26	32	6	50	74	6	59	51	66	26	40	63	71	54	27	
80	27	33	49	17	20	52	41	7	43	45	6	18	0	25	29	10	35	26	69	21	65	71	68	23	34	53	13	61	21	
31	45	57	63	54	29	32	48	40	60	26	75	25	26	0	48	2	42	53	71	42	65	32	35	23	15	32	9	61	23	
23	54	6	91	65	58	48	37	11	72	24	77	14	48	37	0	57	31	75	60	31	49	68	16	51	22	61	72	51	52	
28	58	23	22	26	14	50	21	58	59	58	30	24	7	50	44	0	14	8	15	41	36	45	54	38	53	37	27	22	62	
43	49	42	17	47	51	6	32	62	8	43	46	9	55	4	46	52	0	55	77	26	38	55	49	22	12	83	43	60	45	
76	76	18	3	5	58	66	22	53	68	21	33	64	64	64	45	52	4	0	63	33	11	72	35	59	24	22	75	49	60	
57	19	39	6	51	26	60	15	36	39	44	2	40	4	23	26	41	31	53	0	21	62	23	38	61	33	59	54	52	20	
44	29	32	55	48	1	7	49	53	9	25	57	34	56	27	13	45	51	28	66	0	35	68	28	52	57	25	40	45	46	
35	8	44	49	34	6	40	4	20	24	39	49	6	8	32	24	29	2	14	37	23	0	68	6	43	54	27	27	59	41	
22	51	47	62	20	62	67	80	1	16	9	64	78	67	73	48	6	17	34	52	44	68	0	5	26	57	42	19	62	56	
57	21	15	28	23	38	49	44	45	38	58	54	48	36	24	5	63	25	41	29	38	47	79	0	18	41	6	59	56	32	
26	37	55	40	42	38	31	38	37	52	45	70	15	4	26	39	32	32	5	56	32	5	24	8	0	5	59	31	1	32	
56	43	33	39	43	36	19	36	3	58	16	34	45	46	52	45	48	42	6	48	20	49	30	47	64	0	57	27	7	58	
38	60	7	27	35	4	41	6	37	41	54	32	44	78	59	1	67	61	31	86	57	23	49	26	68	51	0	21	57	38	
51	11	42	37	52	27	55	12	4	22	55	25	21	66	47	36	42	35	54	56	38	58	45	41	25	1	3	0	63	21	
35	14	51	55	29	72	74	36	14	29	22	77	59	17	23	16	19	30	20	65	57	37	1	18	35	27	55	32	0	69	
71	47	30	61	28	2	42	37	13	38	57	48	23	85	45	21	64	40	29	44	40	54	46	63	60	9	35	40	55	0	
M1
0	34	42	60	65	17	2	70	18	43	50	25	50	64	57	7	47	60	15	58	50	24	51	60	43	72	40	46	51	14	
43	0	52	45	77	36	53	38	36	15	32	57	32	61	42	12	35	48	25	25	15	51	13	59	46	54	43	28	13	53	
30	5	0	54	64	45	40	37	29	20	32	40	23	49	51	21	23	57	17	34	24	21	22	17	20	15	17	37	22	29	
7	21	47	0	41	30	17	2	33	40	8	10	6	68	12	22	36	47	30	46	26	37	31	21	49	47	55	26	1	29	
30	26	36	6	0	47	40	30	29	20	36	38	34	40	40	42	64	66	21	21	16	21	43	49	20	64	17	38	29	29	
27	16	29	14	64	0	37	25	9	25	5	30	5	33	15	19	29	31	30	45	4	1	27	17	36	27	33	1	33	45	
39	18	29	54	12	58	0	60	33	29	54	14	33	58	31	19	57	9	32	47	17	56	35	81	29	42	26	50	35	3	
2	16	51	50	36	25	12	0	28	35	27	35	27	74	37	17	48	68	25	45	31	34	26	70	53	48	50	23	33	24	
11	25	60	36	45	34	21	6	0	14	1	34	36	11	46	26	57	20	34	38	40	43	35	68	22	27	49	32	42	23	
7	21	31	14	41	30	7	2	20	0	16	40	3	55	26	22	35	51	6	42	36	17	30	48	46	38	44	12	2	29	
45	59	65	20	52	45	31	40	57	4	0	51	35	7	54	20	28	41	63	32	68	10	55	28	4	12	50	49	43	57	
25	14	18	63	55	50	6	30	2	15	50	0	50	9	7	8	6	58	15	40	10	20	31	74	15	68	12	46	31	24	
31	65	23	23	48	54	41	47	14	16	53	44	0	32	57	46	66	2	54	44	50	55	76	39	51	11	56	50	46	53	
14	28	26	31	2	31	24	9	30	26	22	46	25	0	31	29	2	5	27	5	17	34	38	23	26	48	23	22	15	35	
32	16	41	34	19	55	42	27	54	35	19	33	1	33	0	32	24	5	38	45	35	56	2	74	49	52	48	48	33	22	
51	37	34	52	44	10	56	46	33	31	44	61	44	25	54	0	43	70	66	60	43	40	21	56	26	18	45	40	46	50	
50	52	12	33	26	31	60	47	51	16	47	55	19	66	23	53	0	90	72	30	64	7	22	48	51	70	48	47	56	44	
32	39	49	69	28	40	42	27	36	33	57	15	51	59	9	34	59	0	33	52	2	33	37	15	33	69	30	53	23	4	
33	31	31	64	53	58	43	60	34	25	51	28	4	7	38	47	53	3	0	34	16	7	48	64	25	51	22	51	5	17	
17	13	23	52	57	12	26	18	11	7	3	27	6	22	17	21	31	58	32	0	32	26	23	20	7	29	4	3	23	16	
14	6	57	29	48	3	23	9	37	25	29	10	37	65	47	22	40	24	18	35	0	33	18	49	21	48	53	33	23	36	
32	46	33	30	29	28	40	27	11	41	57	2	57	64	7	27	28	24	15	50	59	0	41	8	23	19	38	53	5	12	
11	25	20	13	45	34	21	6	37	33	19	32	33	58	43	12	3	65	34	24	40	35	0	56	33	31	30	29	36	21	
27	23	33	46	23	46	11	28	26	17	22	23	22	46	32	25	3	65	47	20	42	6	40	0	17	44	14	18	40	26	
9	6	1	37	10	22	19	4	35	25	34	42	34	29	15	19	37	58	32	35	25	41	15	61	0	17	53	30	12	31	
32	44	34	65	27	43	29	30	14	38	9	31	10	19	20	24	22	68	35	17	61	29	54	51	38	0	35	6	54	20	
12	8	18	57	62	37	22	43	11	2	44	22	44	31	54	24	47	53	35	37	27	33	25	71	2	66	0	40	25	11	
24	39	26	57	61	49	34	22	6	33	2	27	2	62	12	16	26	72	27	68	56	21	51	56	33	24	30	0	56	42	
36	17	29	29	53	41	46	44	40	20	32	30	26	51	46	33	43	52	46	15	24	26	34	49	36	16	33	32	0	45	
29	25	35	74	41	54	39	60	22	19	61	1	61	45	59	41	64	64	19	45	44	50	42	79	19	77	16	57	42	0	
M2
0	4	76	87	38	39	53	61	54	46	75	15	25	24	82	47	30	27	81	10	60	48	72	59	13	68	71	64	63	61	
70	0	63	27	77	59	47	39	56	24	2	38	50	63	73	11	4	28	62	17	42	50	67	85	30	32	71	66	22	1	
7	15	0	14	49	48	49	25	25	50	72	22	36	28	53	6	32	3	58	21	62	30	58	5	24	55	46	37	39	64	
14	22	45	0	8	48	54	1	61	54	28	33	9	42	2	65	43	16	25	10	44	52	14	55	20	24	2	58	51	31	
7	6	17	36	0	50	44	9	58	9	38	26	17	31	64	45	36	17	39	21	64	16	10	51	24	50	29	3	42	30	
7	6	27	52	1	0	49	9	46	3	38	26	12	31	12	45	19	10	39	21	51	16	41	62	5	58	29	3	40	30	
12	11	30	57	40	22	0	14	54	49	43	31	41	8	14	7	41	22	44	26	65	21	35	40	24	43	34	8	45	19	
14	13	21	9	28	57	47	0	45	51	45	31	43	38	54	38	43	24	44	28	72	23	33	1	25	21	36	10	35	37	
37	2	57	38	19	41	46	39	0	30	53	51	66	60	65	41	66	37	44	10	75	46	58	81	54	88	59	33	67	24	
30	25	50	75	1	37	57	7	1	0	12	49	3	54	64	37	59	17	16	44	40	39	44	83	47	54	52	26	69	53	
32	31	52	46	39	42	9	34	61	27	0	45	12	50	35	14	21	11	24	16	4	41	45	47	37	9	33	28	21	55	
41	40	61	17	49	31	73	43	66	78	61	0	65	10	54	24	4	9	73	55	80	50	45	27	47	30	63	37	36	64	
67	5	31	31	59	81	58	69	77	21	47	50	0	47	52	50	49	27	29	10	9	15	63	52	76	92	69	66	41	63	
23	31	72	45	65	21	63	8	38	73	18	42	37	0	89	28	3	41	48	37	21	54	1	36	40	41	65	48	38	43	
12	20	20	12	12	55	50	1	56	33	5	31	2	40	0	50	46	42	55	26	3	45	8	46	29	4	67	55	45	10	
53	42	7	22	44	55	83	26	2	48	61	49	47	35	34	0	36	37	70	50	50	67	23	54	8	63	82	59	43	54	
25	24	45	56	53	7	53	27	9	62	35	44	54	49	82	43	0	35	32	39	4	34	59	47	42	21	47	21	29	27	
16	15	27	40	6	59	71	18	4	53	47	35	24	40	56	39	4	0	48	27	55	25	50	74	33	21	38	12	80	24	
13	21	43	12	55	56	38	50	4	12	57	32	42	41	8	64	47	44	0	27	31	48	83	30	30	78	71	46	64	45	
17	21	63	23	15	55	44	35	30	59	35	36	31	45	28	30	51	23	38	0	73	59	21	62	34	38	9	68	58	38	
20	28	48	14	34	63	11	25	30	68	54	3	49	42	58	43	49	1	42	34	0	4	24	5	29	49	28	27	39	54	
5	4	24	7	10	16	36	7	18	42	1	24	26	29	44	43	34	15	33	12	41	0	16	57	22	33	4	1	53	28	
15	14	35	8	43	58	47	17	12	47	2	34	44	22	58	52	29	25	11	29	42	24	0	5	29	4	37	11	1	6	
38	46	83	16	35	75	34	8	53	67	55	47	36	46	41	39	32	43	41	37	59	76	41	0	12	58	29	63	22	58	
23	25	46	70	53	38	55	19	12	40	45	31	10	9	77	16	43	36	39	37	18	35	59	61	0	33	47	22	50	35	
39	47	55	68	79	62	59	52	45	38	47	58	19	20	28	3	67	4	30	53	19	19	71	62	4	0	73	55	44	59	
7	15	49	51	1	41	64	60	55	57	21	26	17	35	69	58	41	9	24	3	61	45	7	48	24	24	0	54	44	24	
2	1	22	47	30	45	59	4	60	39	33	21	31	26	59	40	31	12	34	16	64	11	36	65	19	53	24	0	66	25	
54	62	38	60	48	86	81	55	64	49	52	24	36	56	21	47	14	9	53	27	77	27	16	35	58	56	42	63	0	51	
21	20	39	54	5	61	55	23	22	58	32	40	37	40	42	12	48	21	39	23	15	30	13	26	2	41	15	17	23	0	
M3
0	58	46	49	55	61	18	62	38	47	25	63	7	33	77	60	52	61	49	32	48	40	66	36	85	43	1	3	24	7	
48	0	47	63	66	17	59	61	40	11	37	61	8	30	82	37	33	25	47	79	43	16	64	14	63	66	70	70	65	43	
37	52	0	73	31	42	58	20	69	31	38	36	45	62	28	58	38	76	22	17	24	66	11	71	23	47	35	48	56	42	
56	16	10	0	38	27	16	10	60	24	43	38	37	49	32	52	2	18	78	32	30	77	15	37	85	69	71	22	42	20	
73	41	52	64	0	31	37	1	4	14	45	25	62	1	5	36	21	58	11	47	2	24	28	11	58	40	39	37	32	4	
55	48	5	63	42	0	54	61	55	58	52	18	61	8	71	43	34	75	18	46	1	5	35	60	10	47	46	44	14	58	
34	54	65	68	3	80	0	58	3	66	55	67	26	60	4	11	63	46	61	87	56	6	78	17	66	43	28	58	28	3	
68	61	26	12	12	33	28	0	56	28	53	78	24	33	22	52	30	8	64	55	13	31	68	53	58	38	26	35	39	10	
52	36	47	50	52	15	42	23	0	60	40	20	45	2	30	70	8	52	6	26	18	70	23	66	75	14	10	32	9	34	
84	33	60	78	43	74	32	15	35	0	76	28	56	12	45	59	7	72	54	29	55	8	71	28	56	83	53	23	73	31	
41	38	66	33	31	46	54	18	47	25	0	80	43	42	45	48	61	56	72	43	52	5	59	25	61	22	10	50	11	31	
65	89	56	49	37	68	17	47	61	5	58	0	29	49	44	50	69	80	71	2	60	65	88	11	32	73	48	43	62	38	
65	45	12	79	66	27	47	58	5	13	2	29	0	38	68	26	31	62	15	51	27	56	32	2	51	44	43	36	53	8	
6	36	31	75	72	29	33	7	9	36	12	23	34	0	24	67	25	8	9	45	21	51	26	10	59	17	27	30	51	34	
27	71	82	79	17	21	31	78	25	83	73	55	55	31	0	50	17	52	41	73	50	83	33	22	23	70	49	19	51	55	
70	24	84	19	49	48	63	48	52	42	23	22	63	31	7	0	18	7	81	59	30	68	73	18	38	70	28	45	69	58	
50	4	55	32	36	5	36	3	45	67	35	70	43	40	46	48	0	78	70	42	55	34	10	10	51	50	8	44	61	58	
86	56	60	60	11	46	67	59	25	11	51	19	24	63	50	48	66	0	66	20	71	14	14	22	46	23	54	28	73	59	
53	19	30	63	53	9	25	32	36	43	23	3	40	29	42	53	5	64	0	25	1	77	6	49	61	18	17	15	61	29	
77	67	24	4	42	29	48	12	36	38	56	49	59	24	61	72	10	16	45	0	10	1	25	15	16	9	73	19	66	74	
49	39	12	20	10	26	15	52	12	62	9	23	47	49	44	29	14	41	9	6	0	63	13	17	18	14	37	35	18	49	
77	22	3	71	50	77	11	29	4	47	60	7	71	42	4	36	65	14	60	44	9	0	64	53	61	47	42	45	30	69	
52	16	41	36	56	34	47	19	40	46	16	34	8	68	10	21	26	54	46	20	58	70	0	36	52	75	74	26	76	43	
28	78	34	35	57	60	1	87	59	28	53	70	56	34	60	42	61	87	56	30	5	58	60	0	5	57	50	27	7	56	
3	66	40	23	40	61	7	39	1	4	38	53	9	37	15	32	42	59	41	54	53	48	58	33	0	49	25	27	12	31	
77	20	44	23	62	59	4	62	16	45	34	61	5	70	63	58	57	51	47	75	54	40	29	5	39	0	66	5	39	12	
11	61	37	17	25	51	13	62	6	44	33	45	4	1	72	57	20	39	31	64	16	29	44	33	53	11	0	25	56	29	
78	83	40	72	4	7	55	22	29	44	6	4	68	32	72	66	55	20	64	41	43	52	53	39	71	31	42	0	66	32	
87	33	70	84	32	29	46	34	37	74	22	65	66	22	71	86	27	35	92	49	41	74	63	15	34	8	60	12	0	73	
54	3	39	39	53	30	46	7	5	53	26	24	41	42	25	5	12	6	10	46	22	73	27	59	81	39	38	36	56	0	
