30  2  1
2
	0	32	1	74
	0	73	1	88
	0	2	1	74
	0	28	1	72
	0	34	1	99
	0	80	1	4
	0	93	1	56
	0	99	1	16
	0	100	1	35
	0	17	1	11
	0	13	1	86
	0	82	1	31
	0	85	1	80
	0	78	1	2
	0	48	1	65
	0	90	1	30
	0	41	1	35
	0	35	1	36
	0	13	1	57
	0	5	1	32
	0	56	1	36
	0	83	1	75
	0	35	1	18
	0	33	1	77
	0	40	1	39
	0	69	1	23
	0	71	1	91
	0	56	1	50
	0	26	1	60
	0	4	1	81
SSD
M0
0	28	22	26	5	7	36	26	45	45	37	3	8	20	34	2	19	19	36	34	27	40	31	15	23	28	12	25	3	30	
30	0	9	13	12	42	18	15	12	33	30	6	11	9	21	18	14	13	36	21	14	26	13	10	32	15	18	25	22	18	
26	29	0	21	1	49	26	4	30	22	19	20	36	13	27	23	26	2	27	10	3	30	16	25	21	4	29	14	24	7	
9	27	27	0	26	12	31	33	32	3	11	29	19	15	38	35	6	23	13	38	22	30	36	35	33	26	28	20	15	30	
19	20	35	2	0	40	16	14	32	15	7	13	24	15	5	16	16	1	32	3	14	34	9	27	23	2	29	9	26	9	
16	2	1	24	4	0	29	7	33	21	3	23	6	16	30	26	6	5	17	13	6	2	5	28	24	1	16	17	27	10	
29	4	30	10	29	20	0	4	33	37	19	38	25	26	40	13	10	34	22	28	14	41	31	30	29	30	29	22	12	20	
28	22	4	23	7	16	29	0	25	1	25	24	27	19	8	28	32	8	21	16	2	28	18	31	27	10	13	20	20	13	
13	35	27	8	30	23	23	27	0	2	31	26	42	27	42	29	36	31	22	33	32	29	34	2	8	9	30	26	17	22	
10	16	36	5	23	38	11	13	30	0	18	19	24	8	27	30	17	33	3	22	18	10	27	28	19	21	31	7	2	11	
26	34	26	27	2	31	23	13	42	5	0	36	4	14	22	11	30	30	20	30	31	32	14	14	11	2	18	26	15	19	
21	12	29	5	29	45	22	12	4	17	14	0	15	25	26	18	30	10	34	5	21	12	11	19	8	29	15	27	36	28	
22	5	28	31	18	19	23	7	5	18	3	10	0	1	22	13	21	7	35	6	6	29	12	7	16	18	24	9	14	2	
20	17	13	12	2	33	41	19	44	31	22	32	2	0	31	38	19	11	31	25	18	3	6	39	26	19	31	20	29	21	
31	34	32	26	20	38	28	4	14	4	11	7	28	29	0	11	38	36	24	32	4	31	11	9	35	15	22	28	9	32	
19	8	27	5	20	7	16	9	27	15	5	13	22	10	24	0	13	5	28	3	1	31	9	3	18	20	26	11	21	4	
20	24	41	16	38	38	36	20	16	15	27	36	41	21	21	30	0	6	30	26	39	23	16	33	29	17	31	22	2	15	
26	19	13	1	16	15	32	17	40	27	23	35	22	28	36	14	35	0	36	25	18	45	12	40	36	18	11	29	28	22	
16	17	20	13	23	39	12	9	21	4	12	3	8	5	12	26	1	24	0	15	2	21	21	12	7	5	26	11	20	4	
11	16	33	26	33	45	12	9	33	7	18	5	35	15	40	8	30	37	24	0	23	26	1	21	26	28	27	17	26	35	
18	1	12	7	15	38	10	16	4	7	25	10	3	11	14	1	17	16	3	2	0	27	8	9	23	15	23	24	26	20	
18	33	44	28	8	21	34	3	26	6	30	28	20	24	38	31	37	7	26	18	12	0	18	9	29	20	4	14	25	18	
12	35	38	28	10	36	10	12	18	6	25	21	26	7	12	25	19	38	5	25	3	33	0	13	8	23	32	29	25	22	
23	25	12	8	15	35	7	18	32	34	33	32	42	15	10	23	24	16	33	22	17	30	27	0	29	18	6	2	38	21	
22	19	27	12	30	3	2	6	17	18	17	12	22	11	8	23	15	30	1	16	16	7	22	11	0	19	27	12	2	5	
18	23	35	16	24	21	4	4	35	8	20	12	29	3	35	15	23	10	10	2	25	3	8	28	30	0	34	24	27	19	
32	4	20	20	23	15	29	10	6	28	17	26	13	11	25	29	10	21	45	16	19	4	22	14	19	21	0	12	5	5	
23	10	32	29	4	17	13	25	9	17	28	4	12	9	23	25	13	10	3	15	4	7	21	9	23	21	42	0	32	20	
28	20	27	15	10	10	25	6	16	24	8	22	25	7	19	2	8	31	27	12	25	27	18	19	15	23	3	6	0	1	
23	28	22	25	23	42	24	1	19	19	8	17	25	2	16	20	15	26	36	7	20	23	13	14	10	23	18	3	13	0	
M1
0	19	8	4	19	10	23	8	22	17	23	45	9	19	42	10	39	27	18	8	37	7	27	5	28	24	19	16	22	28	
6	0	18	32	24	2	26	7	18	9	24	17	20	11	29	10	24	26	10	19	37	25	19	24	17	16	26	26	14	8	
15	38	0	13	23	37	5	34	31	30	40	48	34	42	37	9	38	1	36	46	25	30	29	32	25	21	9	21	45	40	
24	5	12	0	6	28	31	28	10	19	10	25	3	16	42	25	36	31	34	18	23	33	20	5	3	8	13	35	19	25	
2	2	22	17	0	21	24	2	8	16	15	37	31	13	3	2	3	23	28	5	10	20	21	30	28	16	5	21	9	22	
9	21	24	26	19	0	20	1	12	3	18	37	27	5	28	18	32	20	4	13	37	19	13	27	32	10	20	20	8	14	
16	28	8	33	26	3	0	8	19	10	16	9	17	12	22	15	2	27	11	20	24	26	13	19	12	14	27	27	14	6	
22	9	37	33	2	9	33	0	19	16	1	42	39	18	33	1	15	31	10	26	36	2	26	40	39	23	33	15	21	20	
24	28	19	1	16	23	26	3	0	14	20	12	33	11	33	20	17	3	29	13	18	21	3	4	22	6	12	31	14	20	
10	7	26	38	28	8	32	13	21	0	30	44	14	17	21	30	34	12	16	5	23	24	15	14	34	22	32	6	8	26	
15	27	12	7	25	2	7	7	18	9	0	6	33	11	6	24	20	26	2	14	12	25	19	27	38	16	26	5	3	20	
28	30	42	11	18	21	24	21	16	12	38	0	30	9	11	17	18	24	24	24	38	5	17	37	3	14	17	5	12	18	
18	12	12	18	18	33	49	32	15	14	21	12	0	38	23	41	41	37	22	24	45	47	17	26	36	41	36	28	10	19	
22	19	35	19	28	10	13	10	5	1	27	42	20	0	33	27	32	13	18	17	35	28	6	26	25	3	34	18	1	7	
3	31	33	32	8	6	13	11	16	13	13	40	23	11	0	28	15	22	4	23	24	27	19	13	24	16	30	21	14	20	
6	29	38	2	22	26	3	4	21	14	21	21	29	14	2	0	18	16	30	30	5	22	22	28	28	19	14	26	11	2	
18	25	46	41	25	32	28	7	5	30	7	2	46	27	22	24	0	30	29	28	37	25	35	41	36	3	8	38	27	36	
16	1	13	1	15	3	22	8	11	10	25	22	24	12	13	25	1	0	11	20	40	26	20	13	39	17	17	4	15	10	
5	29	4	23	26	30	34	8	3	11	25	3	28	19	24	2	34	9	0	3	37	13	27	29	29	19	37	28	21	28	
20	26	35	4	2	7	27	1	10	14	3	30	38	16	10	5	27	21	15	0	22	12	24	18	15	21	31	23	19	14	
30	27	20	13	14	28	4	15	25	9	2	33	29	33	9	30	11	32	15	25	0	33	33	34	27	29	47	26	28	40	
24	14	1	23	32	12	17	14	9	5	29	40	24	2	33	11	26	7	4	1	6	0	9	30	13	7	35	22	5	11	
28	40	11	13	34	15	24	20	22	22	34	45	33	24	46	31	8	39	23	32	30	28	0	38	1	13	10	39	20	23	
19	37	22	38	42	19	10	24	24	20	41	30	5	17	35	17	2	32	27	28	47	39	25	0	29	16	39	27	20	26	
21	15	18	15	23	8	17	13	9	5	25	22	22	2	37	11	36	4	11	21	1	3	10	9	0	7	32	22	5	5	
3	11	39	23	18	14	9	14	9	5	28	16	24	2	34	31	23	4	17	21	39	9	10	30	10	0	14	22	5	11	
6	26	18	20	3	1	25	6	17	8	23	8	30	10	33	16	37	7	9	7	23	24	18	14	21	15	0	25	13	17	
22	5	3	38	12	20	1	6	33	1	23	6	26	29	18	19	37	24	3	17	35	24	22	26	34	33	26	0	20	2	
36	44	8	30	3	23	7	28	6	30	42	3	17	32	20	39	35	17	15	17	12	20	9	45	28	17	4	29	0	41	
11	6	28	34	26	15	4	8	20	16	7	26	9	13	5	8	39	20	23	32	5	12	21	36	14	18	39	33	12	0	
