30  4  1
4
	0	43	1	27	2	40	3	82
	0	37	1	42	2	80	3	18
	0	2	1	84	2	2	3	22
	0	49	1	16	2	35	3	72
	0	37	1	17	2	67	3	67
	0	33	1	6	2	78	3	69
	0	99	1	82	2	2	3	55
	0	69	1	51	2	89	3	25
	0	45	1	92	2	6	3	58
	0	13	1	91	2	5	3	24
	0	59	1	20	2	31	3	94
	0	53	1	72	2	59	3	2
	0	1	1	57	2	84	3	46
	0	7	1	15	2	97	3	46
	0	92	1	32	2	17	3	84
	0	46	1	30	2	79	3	98
	0	30	1	85	2	85	3	2
	0	46	1	95	2	63	3	63
	0	34	1	94	2	3	3	48
	0	78	1	90	2	65	3	22
	0	22	1	65	2	67	3	72
	0	25	1	83	2	5	3	61
	0	19	1	70	2	68	3	75
	0	31	1	78	2	34	3	90
	0	98	1	46	2	81	3	66
	0	80	1	14	2	36	3	82
	0	48	1	53	2	40	3	23
	0	8	1	25	2	22	3	14
	0	79	1	79	2	90	3	59
	0	48	1	50	2	96	3	12
SSD
M0
0	46	15	28	5	1	9	7	5	70	42	77	54	38	25	52	54	42	40	9	46	35	54	22	68	42	46	31	64	22	
55	0	38	58	42	57	58	55	54	48	62	58	32	57	9	53	53	2	5	8	39	58	18	33	66	41	65	37	49	52	
46	58	0	67	19	52	60	37	22	53	25	60	37	21	32	35	53	25	48	60	29	18	41	14	51	25	29	52	54	33	
24	48	21	0	42	64	55	60	42	35	48	64	45	44	54	58	40	48	56	22	16	37	15	7	55	5	52	44	30	42	
84	4	39	11	0	27	14	27	1	70	26	85	36	42	45	35	30	43	46	49	37	59	40	55	54	19	50	7	40	22	
61	53	52	60	12	0	60	76	50	50	33	84	59	66	24	34	65	79	11	88	41	42	20	68	91	14	65	56	30	5	
28	7	49	23	23	48	0	19	20	8	43	53	13	19	22	11	51	46	24	42	27	23	17	32	25	39	7	28	30	31	
64	54	68	38	38	26	53	0	30	23	58	32	43	60	52	74	46	15	22	66	22	38	47	67	58	45	54	45	56	38	
52	3	4	33	25	44	41	18	0	42	31	51	18	2	11	41	21	31	29	41	10	24	12	17	42	31	10	24	35	14	
28	18	64	2	30	29	17	29	22	0	57	32	50	61	59	51	32	57	29	41	21	2	32	55	68	39	53	9	25	19	
58	40	55	67	29	48	63	42	51	53	0	51	19	61	28	58	45	27	30	48	44	9	23	71	42	45	60	34	36	29	
36	43	71	63	45	15	28	35	67	55	41	0	35	19	44	3	51	16	11	58	27	64	39	38	40	47	27	50	3	31	
48	20	35	48	9	34	43	22	31	33	47	68	0	49	8	72	37	52	10	28	24	48	3	51	33	25	57	14	16	25	
58	30	45	58	19	44	32	9	41	43	28	42	9	0	18	56	25	62	20	32	1	38	13	12	43	24	1	24	26	5	
62	34	49	62	23	35	57	36	45	47	61	58	13	63	0	79	51	66	24	42	38	62	17	65	47	39	62	28	30	39	
6	37	64	21	47	43	36	43	40	6	76	48	69	70	14	0	45	75	48	58	40	19	49	38	79	30	68	23	5	38	
27	27	7	76	28	61	62	2	31	62	34	33	39	23	17	36	0	34	11	30	31	27	43	19	59	34	31	54	56	7	
55	24	17	10	38	17	44	48	41	14	44	59	56	40	51	13	16	0	6	5	48	29	59	6	54	1	48	36	7	24	
16	20	74	69	64	41	61	62	59	93	99	88	59	94	66	93	65	45	0	47	66	94	63	81	71	2	87	42	22	15	
51	41	33	25	2	18	40	51	40	10	60	55	37	35	46	44	55	60	48	0	43	25	29	43	71	43	43	32	17	42	
56	10	39	43	17	26	19	26	23	28	14	26	7	37	16	64	2	49	18	36	0	15	11	51	41	1	45	6	24	21	
74	38	37	50	3	43	41	16	41	35	49	17	51	51	60	24	28	64	53	55	22	0	5	53	47	45	26	47	68	46	
50	34	13	26	34	50	21	43	37	11	25	50	31	27	40	50	26	40	42	60	2	26	0	29	52	25	35	30	48	22	
66	52	59	39	41	29	31	30	38	25	50	64	31	15	40	25	47	48	42	54	23	40	27	0	17	10	23	34	48	4	
8	62	36	54	56	42	24	51	47	39	53	78	59	55	56	26	54	63	70	60	30	38	9	52	0	7	37	58	76	50	
3	40	55	29	23	27	13	9	23	14	59	57	19	24	28	78	41	70	30	48	32	29	23	43	31	0	5	18	27	33	
67	25	72	55	7	59	20	11	45	43	55	4	36	20	45	59	52	64	17	59	28	55	40	39	70	51	0	39	53	17	
72	14	52	75	57	12	75	12	9	60	49	78	60	44	60	79	15	44	39	59	41	72	39	44	92	59	52	0	75	7	
40	12	57	44	58	45	59	45	42	29	82	4	48	76	57	26	48	51	54	57	63	44	52	73	5	74	40	25	0	40	
51	49	48	41	54	72	56	67	65	46	54	75	44	62	53	85	61	75	55	54	37	61	16	62	78	60	25	52	61	0	
M1
0	55	81	1	29	65	37	50	50	55	24	38	59	55	78	47	54	37	47	75	4	50	45	56	2	54	60	16	64	46	
35	0	72	63	66	18	56	23	83	31	63	62	44	36	33	4	35	51	36	46	36	76	20	24	50	25	43	67	50	93	
36	72	0	64	9	61	55	53	73	14	47	57	21	35	43	27	34	65	16	60	67	78	103	79	32	39	41	62	45	74	
57	38	68	0	12	48	20	56	69	38	7	21	42	38	61	30	37	42	30	58	51	33	28	39	31	37	56	79	47	105	
52	69	48	39	0	37	29	27	47	46	53	31	33	9	52	1	8	41	73	36	44	52	78	63	50	15	27	64	19	83	
11	67	48	39	67	0	44	31	84	42	39	38	55	31	9	28	59	27	59	22	30	72	76	31	26	1	21	50	71	69	
65	13	34	62	68	48	0	74	49	21	57	92	26	2	63	59	80	76	48	60	49	10	40	79	63	55	75	43	84	37	
41	25	78	69	60	24	55	0	69	22	69	68	81	57	39	58	85	57	89	52	60	2	35	42	56	31	51	70	96	80	
28	84	53	56	8	11	3	35	0	51	56	14	34	14	26	26	31	28	19	39	47	77	93	48	43	18	38	67	44	54	
27	61	64	7	35	37	43	74	85	0	30	16	7	61	52	14	45	41	50	36	9	56	51	45	54	15	28	64	55	68	
30	45	45	38	66	21	55	58	98	32	0	65	59	35	34	24	55	54	65	49	57	13	72	12	4	28	48	73	20	96	
59	9	4	79	97	69	54	74	68	51	97	0	63	69	59	55	86	79	34	40	87	91	47	75	67	59	86	102	51	67	
48	91	32	76	82	31	30	57	90	50	47	46	0	68	46	65	69	35	64	30	38	80	74	57	43	9	36	58	1	77	
72	99	24	45	51	77	5	78	78	22	40	82	9	0	54	69	65	67	75	43	98	73	76	72	64	75	95	44	67	69	
12	26	7	40	68	51	3	18	60	67	63	66	83	84	0	72	78	48	55	50	43	43	76	77	41	29	56	26	41	76	
21	87	47	49	32	20	68	57	69	54	51	50	81	57	35	0	1	39	61	34	42	84	93	57	50	13	9	55	46	81	
14	81	59	42	32	39	29	57	82	57	55	64	31	20	54	50	0	72	34	67	45	43	69	70	43	46	41	57	68	55	
74	55	14	1	27	65	37	39	56	55	24	38	59	53	78	45	52	0	41	54	19	50	45	56	22	54	71	96	63	1	
10	46	1	38	36	45	54	62	69	18	61	60	47	37	19	54	61	32	0	44	41	83	16	26	29	23	48	53	38	83	
32	55	31	1	29	44	36	73	76	55	24	38	59	55	49	47	33	59	1	0	63	50	37	56	48	51	71	42	48	84	
47	64	60	75	33	30	40	67	66	41	46	15	45	21	36	25	16	21	24	9	0	27	85	1	28	8	35	49	11	58	
65	8	64	55	83	51	62	40	40	50	67	5	66	42	66	54	72	9	50	50	9	0	46	74	8	29	40	6	81	59	
29	50	66	57	85	12	62	8	38	60	57	56	28	49	27	46	77	1	15	40	48	4	0	49	44	19	39	68	48	87	
2	52	18	30	30	44	37	74	79	50	53	41	80	56	42	42	55	41	76	43	33	10	31	0	27	22	49	45	6	38	
89	47	85	94	38	72	70	14	48	59	105	18	74	50	46	56	63	64	106	46	46	8	48	40	0	70	76	97	27	94	
25	81	62	53	81	8	58	45	69	27	24	23	69	45	23	42	71	12	44	7	15	57	68	34	40	0	13	35	64	54	
19	56	56	38	66	2	45	39	58	31	27	29	58	34	17	36	5	8	20	29	2	60	82	39	34	8	0	57	67	70	
48	85	40	58	70	72	53	9	9	39	71	87	57	33	44	44	75	8	19	39	79	54	25	57	27	50	30	0	98	74	
25	11	43	19	29	65	17	54	10	73	42	5	3	55	4	30	54	8	21	64	56	68	5	46	54	43	69	62	0	53	
70	67	68	13	32	61	49	73	90	49	20	50	53	29	74	49	57	71	10	3	58	53	26	52	44	64	76	72	60	0	
M2
0	46	37	55	16	48	58	30	35	42	55	78	56	42	46	59	1	42	61	1	57	22	46	60	59	69	21	10	74	17	
75	0	37	69	86	53	58	23	49	42	55	54	43	23	44	73	19	38	61	27	19	15	20	58	59	20	31	24	25	76	
76	7	0	44	76	34	19	17	42	70	57	89	25	43	31	62	56	9	73	10	78	19	82	61	20	76	32	36	47	83	
10	74	79	0	66	58	91	40	84	82	23	114	66	77	59	31	34	66	88	51	91	32	57	73	50	100	71	60	77	51	
51	35	26	36	0	38	10	25	33	61	61	21	16	20	41	42	23	35	80	36	41	17	27	1	48	67	23	27	7	15	
71	9	46	52	28	0	53	26	13	3	48	10	30	54	57	34	22	57	22	15	41	52	33	21	40	47	33	22	34	37	
55	30	21	24	72	34	0	40	21	49	60	68	4	22	29	41	73	23	68	24	60	42	61	67	43	55	11	15	40	83	
22	41	38	62	78	33	41	0	64	78	83	18	43	65	64	39	63	49	35	44	16	59	1	69	9	91	54	38	48	50	
70	49	63	68	87	7	81	41	0	43	48	78	67	57	39	70	66	74	62	49	50	33	34	58	84	28	26	3	67	77	
63	1	38	71	68	18	45	18	5	0	59	40	22	49	49	54	19	49	14	36	61	44	33	13	36	39	31	14	28	29	
3	21	71	34	59	4	74	51	30	28	0	68	55	41	23	57	44	51	47	44	66	65	29	46	67	64	62	39	23	55	
93	59	66	69	101	38	43	52	25	74	79	0	47	42	70	75	97	56	64	31	81	64	43	43	66	22	56	34	27	39	
70	20	38	25	94	44	59	30	31	22	60	41	0	3	49	18	46	22	14	36	62	59	57	33	59	55	33	15	28	29	
11	9	36	52	65	26	26	26	13	3	57	48	30	0	2	45	27	45	22	44	49	52	5	21	44	47	39	22	30	37	
66	23	49	39	46	85	70	52	72	62	83	52	33	1	0	26	68	60	25	30	56	70	51	80	40	53	30	38	11	40	
10	12	7	32	66	9	28	26	51	61	66	35	16	52	40	0	51	18	8	4	13	27	69	69	19	82	26	21	8	23	
55	26	53	53	46	43	30	35	30	20	74	65	36	7	56	5	0	55	39	49	86	27	21	38	61	64	11	39	53	32	
40	41	32	29	20	14	53	48	4	53	8	42	11	48	30	1	76	0	37	34	60	43	44	68	54	38	33	13	51	11	
60	3	21	58	77	57	42	26	60	50	55	24	5	50	32	75	44	32	0	19	57	42	58	68	42	71	16	10	11	12	
14	9	27	48	67	47	48	32	35	25	34	30	11	52	38	2	23	38	3	0	27	48	60	18	12	69	6	12	17	18	
6	47	38	50	51	60	24	49	47	75	86	86	30	2	55	67	47	34	70	47	0	59	23	93	60	26	37	41	66	17	
76	37	85	80	73	77	94	3	76	67	42	88	29	42	24	53	32	70	61	71	54	0	92	38	81	81	71	74	52	76	
46	40	31	34	82	44	8	36	31	55	60	19	14	32	21	11	36	3	63	34	36	52	0	73	53	65	21	15	49	77	
16	59	55	55	70	17	76	30	4	53	26	88	48	2	49	7	57	44	66	34	60	41	24	0	14	38	36	13	4	73	
61	36	27	30	78	14	4	11	1	50	30	62	10	28	32	47	36	29	69	30	16	3	41	46	0	35	17	10	22	69	
66	41	32	21	106	43	53	38	76	66	79	24	59	71	65	77	90	43	85	44	86	53	9	48	50	0	62	57	71	53	
4	40	38	2	21	51	15	57	38	34	54	17	21	12	30	29	45	40	53	13	60	59	61	52	23	58	0	13	57	61	
45	24	38	43	62	27	56	41	28	18	23	58	45	32	14	57	41	49	37	50	25	59	26	36	59	39	1	0	42	52	
40	20	19	11	9	42	29	38	29	78	39	1	30	53	52	72	70	30	52	31	67	40	69	77	20	63	42	38	0	67	
23	56	74	22	23	30	61	10	79	69	80	73	58	16	64	88	12	85	50	40	5	35	49	78	49	13	69	63	64	0	
M3
0	61	49	48	76	34	54	83	48	9	53	69	43	58	1	59	64	70	77	37	27	20	84	22	38	25	63	46	73	82	
47	0	71	51	64	84	58	4	8	63	71	69	63	14	22	60	67	29	80	79	50	30	67	38	3	45	37	54	33	50	
86	57	0	36	17	61	49	55	42	41	51	28	75	89	85	37	60	48	39	56	77	40	44	90	66	74	22	5	32	44	
62	59	53	0	50	38	52	17	25	7	28	67	89	56	51	51	29	50	51	34	53	79	42	71	78	4	50	60	87	99	
81	16	57	27	0	96	2	38	42	74	25	49	55	36	56	44	22	17	60	68	46	46	59	6	37	36	48	40	67	75	
19	88	9	38	48	0	28	61	64	37	37	59	94	62	2	55	33	67	70	79	29	71	75	72	86	47	26	36	32	45	
83	18	62	45	61	62	0	40	23	57	5	14	19	24	15	48	40	21	10	29	62	20	30	36	39	10	31	57	60	59	
20	22	42	35	35	65	69	0	13	34	49	48	76	54	62	31	75	8	59	73	64	60	64	54	43	16	8	25	52	64	
33	59	56	41	53	18	74	47	0	52	31	8	55	54	1	42	50	80	19	13	1	20	24	39	57	51	58	41	68	53	
51	28	82	21	52	7	21	50	52	0	20	85	78	25	20	26	31	37	86	77	55	72	51	40	49	45	48	62	78	83	
72	54	52	22	48	67	66	34	72	66	0	39	40	50	94	67	45	64	48	8	15	51	49	34	52	22	40	36	32	18	
70	49	46	45	58	46	88	37	75	66	21	0	45	69	89	32	40	70	9	49	64	10	14	64	70	54	65	71	59	43	
51	53	67	43	41	62	59	6	44	31	25	32	0	67	32	3	38	39	18	48	62	17	48	73	66	47	33	56	39	11	
76	78	36	29	51	27	73	31	49	28	34	74	7	0	64	52	30	31	44	53	54	56	7	20	46	44	2	61	88	64	
9	73	34	54	68	2	80	78	28	35	48	61	79	70	0	5	49	57	68	28	1	73	63	90	15	1	49	56	83	62	
23	74	72	67	13	4	20	61	98	22	52	41	18	56	66	0	71	19	26	69	42	15	57	23	95	74	91	78	61	75	
87	98	58	3	19	73	73	84	66	50	2	52	80	27	94	20	0	72	54	44	22	62	68	66	51	12	24	29	56	68	
80	43	20	9	25	27	43	42	30	56	8	15	62	23	9	26	4	0	26	12	28	27	31	8	56	18	30	35	43	26	
35	20	50	54	72	40	39	42	46	9	30	15	36	52	35	43	51	21	0	58	48	27	31	7	37	65	75	77	2	60	
60	62	22	30	18	59	50	49	43	44	29	11	58	20	88	38	25	49	18	0	49	23	27	40	22	16	23	6	33	45	
61	70	63	39	9	76	55	23	45	55	20	28	75	58	32	56	34	53	39	28	0	40	44	82	72	48	29	56	22	7	
110	88	56	49	83	79	17	77	70	48	63	86	79	52	60	98	102	39	48	101	9	0	60	101	19	82	22	83	21	75	
68	3	76	36	21	64	45	25	29	79	34	65	21	5	35	12	79	26	72	32	62	51	0	25	24	66	53	60	54	61	
88	76	58	18	51	20	3	45	35	50	53	30	71	82	28	39	60	48	22	81	84	42	46	0	43	62	24	7	34	46	
50	35	54	35	75	43	19	57	45	12	31	52	92	61	56	29	67	73	38	35	11	59	37	76	0	19	80	63	83	61	
25	76	72	37	80	48	16	64	73	79	48	25	66	13	86	24	65	57	30	76	32	37	41	16	13	0	53	36	63	65	
78	55	11	4	50	34	48	77	72	3	18	61	45	52	47	53	58	64	44	89	45	47	77	67	45	72	0	38	65	77	
67	55	37	30	30	42	30	41	23	29	32	9	56	78	73	18	51	29	20	60	68	21	25	75	71	65	3	0	13	25	
60	52	55	11	54	66	54	22	54	54	28	27	72	62	91	49	33	35	38	62	31	39	43	90	73	36	28	17	0	6	
42	51	44	20	36	57	36	4	42	36	19	9	56	44	80	37	15	34	20	44	39	21	25	72	68	29	10	46	16	0	
