30  8  1
8
	0	18	1	21	2	87	3	87	4	78	5	32	6	15	7	96
	0	96	1	2	2	4	3	19	4	33	5	79	6	12	7	84
	0	23	1	54	2	44	3	76	4	26	5	93	6	70	7	37
	0	75	1	47	2	79	3	95	4	66	5	45	6	53	7	86
	0	15	1	100	2	71	3	59	4	8	5	65	6	93	7	61
	0	93	1	20	2	88	3	53	4	2	5	89	6	6	7	14
	0	95	1	2	2	92	3	12	4	74	5	62	6	7	7	59
	0	4	1	83	2	10	3	89	4	35	5	96	6	93	7	8
	0	13	1	54	2	92	3	20	4	28	5	79	6	14	7	20
	0	47	1	25	2	43	3	4	4	99	5	52	6	24	7	53
	0	38	1	48	2	39	3	76	4	1	5	29	6	13	7	22
	0	15	1	1	2	27	3	2	4	35	5	84	6	19	7	69
	0	30	1	16	2	1	3	68	4	14	5	87	6	22	7	30
	0	22	1	78	2	62	3	82	4	64	5	3	6	22	7	12
	0	1	1	71	2	62	3	79	4	51	5	37	6	93	7	83
	0	75	1	81	2	23	3	33	4	48	5	49	6	23	7	58
	0	93	1	57	2	45	3	76	4	24	5	13	6	32	7	97
	0	40	1	31	2	85	3	25	4	68	5	38	6	75	7	6
	0	40	1	87	2	29	3	8	4	46	5	44	6	20	7	49
	0	11	1	94	2	35	3	6	4	86	5	97	6	14	7	64
	0	38	1	90	2	67	3	95	4	97	5	97	6	27	7	80
	0	82	1	23	2	97	3	95	4	16	5	19	6	77	7	49
	0	17	1	51	2	5	3	27	4	93	5	21	6	38	7	80
	0	9	1	99	2	46	3	75	4	95	5	96	6	23	7	77
	0	7	1	63	2	4	3	53	4	56	5	91	6	62	7	89
	0	86	1	81	2	29	3	84	4	47	5	72	6	47	7	59
	0	5	1	59	2	53	3	77	4	82	5	53	6	62	7	86
	0	9	1	44	2	84	3	16	4	56	5	79	6	1	7	91
	0	49	1	66	2	91	3	52	4	9	5	64	6	62	7	86
	0	48	1	25	2	58	3	7	4	30	5	86	6	18	7	53
SSD
M0
0	38	42	27	29	59	39	46	30	12	38	19	17	59	41	20	39	24	26	43	50	38	41	22	34	22	37	2	8	22	
16	0	48	42	20	44	33	13	19	30	19	27	29	48	34	54	8	26	31	18	47	13	21	26	19	38	7	33	19	44	
30	56	0	47	51	14	73	62	69	35	57	39	40	64	41	15	35	23	36	23	16	55	37	41	31	8	57	25	38	45	
35	10	48	0	37	41	59	48	12	20	37	44	27	41	31	36	18	40	5	3	43	6	17	41	17	34	31	27	30	24	
36	27	62	32	0	21	18	29	7	26	38	46	1	36	26	40	24	35	19	9	42	41	23	36	16	35	26	30	16	44	
34	38	64	52	34	0	25	37	38	37	36	41	24	7	57	49	34	25	21	28	42	35	16	19	14	33	38	27	42	34	
34	22	55	26	13	49	0	30	33	38	33	3	26	62	33	12	50	27	25	35	58	32	36	30	33	32	21	28	22	48	
3	26	57	25	3	39	16	0	25	13	33	31	19	37	17	41	16	9	14	1	37	25	15	9	15	32	37	23	29	27	
30	7	53	32	28	16	43	23	0	25	18	35	18	16	6	60	23	15	21	8	44	32	22	16	8	15	6	22	50	24	
36	56	65	9	29	26	38	58	51	0	44	37	19	42	45	45	33	40	31	18	50	35	24	56	9	3	41	20	53	40	
38	47	55	36	38	62	62	51	53	21	0	28	5	38	34	4	48	19	12	36	2	45	31	29	36	50	42	11	60	31	
16	4	37	39	19	40	32	12	15	20	15	0	8	44	15	54	32	9	17	17	40	14	18	12	15	14	3	10	25	30	
6	34	33	1	30	38	44	24	19	36	19	15	0	48	38	44	43	37	42	29	16	17	7	37	19	38	7	26	32	45	
15	9	69	37	15	38	12	8	9	24	39	38	31	0	28	53	28	21	26	13	34	37	27	21	27	37	28	35	41	37	
28	47	57	25	21	44	43	50	43	18	15	28	11	34	0	57	16	8	14	1	41	27	15	53	1	20	33	15	43	17	
9	32	63	22	9	43	9	2	31	19	32	37	25	42	23	0	22	15	20	7	38	31	12	15	21	17	34	25	27	33	
34	52	42	44	10	46	43	27	32	8	34	47	26	38	18	3	0	27	33	20	52	46	26	40	20	39	48	34	41	36	
26	26	58	46	37	9	28	37	42	41	58	31	37	22	58	64	16	0	21	24	37	1	38	9	38	55	49	46	52	27	
14	27	3	44	26	39	18	19	14	29	14	8	13	43	33	41	36	32	0	21	42	37	29	32	14	33	2	19	40	1	
21	39	45	13	23	34	45	42	37	6	23	34	13	36	56	59	4	34	2	0	29	21	3	41	3	20	25	17	32	37	
18	41	46	39	18	54	31	11	29	16	29	23	8	22	32	56	31	24	29	16	0	40	30	24	29	10	17	6	44	12	
32	7	57	40	29	30	45	25	1	39	32	49	28	30	20	31	1	15	14	22	11	0	33	30	18	29	20	32	58	38	
1	32	52	30	29	14	42	22	17	23	3	32	21	46	36	39	19	14	19	6	9	37	0	21	17	36	5	21	12	21	
8	32	52	49	19	51	40	40	24	38	43	13	19	37	43	46	54	37	42	39	19	7	46	0	43	42	31	28	34	9	
20	43	49	34	13	39	35	42	35	17	28	24	3	26	49	58	27	39	25	12	34	19	8	46	0	12	25	7	37	27	
23	38	51	44	23	23	36	16	26	33	53	36	39	7	37	61	35	29	32	20	57	45	34	29	34	0	45	40	42	47	
19	22	42	41	19	32	32	12	7	29	7	38	17	36	26	49	32	25	30	17	47	33	22	25	7	26	0	21	45	41	
18	27	36	37	18	54	42	35	38	1	27	8	6	56	38	51	28	32	40	40	41	37	30	32	23	37	26	0	44	11	
29	44	53	52	33	42	35	26	45	4	31	25	23	46	47	67	44	39	22	31	37	43	11	39	40	38	33	8	0	28	
32	39	59	58	36	44	49	29	22	32	16	39	34	45	41	54	49	23	47	34	40	50	14	42	24	43	12	22	3	0	
M1
0	20	9	40	62	31	2	45	41	38	26	18	43	9	36	25	7	15	17	52	13	50	25	27	22	23	72	21	26	55	
77	0	39	18	57	33	47	40	24	20	60	52	21	42	47	46	8	10	42	42	55	41	41	5	44	62	74	17	18	33	
12	4	0	24	63	39	35	32	30	26	29	21	13	36	2	38	14	16	48	42	39	33	47	1	36	39	59	23	24	39	
53	27	52	0	63	42	65	24	43	38	37	29	5	17	51	30	26	23	55	26	76	25	57	34	28	47	56	6	47	21	
77	36	33	9	0	36	40	29	49	13	34	26	10	41	57	35	4	20	52	39	51	30	54	27	33	44	45	38	38	62	
45	47	58	50	70	0	43	22	29	45	67	59	62	9	36	40	48	59	2	40	23	61	25	54	2	35	49	16	25	6	
81	53	66	36	65	27	0	41	37	34	22	14	56	5	32	21	3	45	49	55	9	46	31	60	49	19	68	17	22	53	
86	59	86	27	62	41	64	0	43	37	28	20	4	2	16	6	46	41	62	33	16	24	48	66	27	13	62	32	2	49	
77	8	11	17	14	43	56	50	0	29	57	49	31	52	38	56	18	20	52	42	65	51	24	15	20	37	51	27	28	8	
73	35	54	40	53	31	2	45	34	0	26	18	58	9	36	25	7	47	53	59	13	15	35	42	53	23	29	21	13	57	
28	67	58	18	10	51	22	48	5	58	0	38	70	29	46	11	27	41	66	79	9	70	33	5	24	43	64	41	21	67	
66	38	79	41	50	73	46	53	22	19	7	0	42	14	62	64	48	30	62	71	57	59	27	45	50	17	53	57	50	56	
69	44	67	7	42	21	44	3	59	17	23	36	0	17	58	9	26	21	42	13	55	4	47	51	7	28	42	12	30	47	
40	8	6	12	67	43	51	45	34	30	51	62	26	0	12	51	18	20	52	52	15	46	51	15	49	31	84	27	28	43	
49	25	66	8	30	12	65	54	15	47	28	79	48	41	0	72	35	37	30	69	55	68	24	32	34	67	81	26	45	38	
21	6	19	26	19	41	29	18	7	2	39	31	16	36	28	0	16	18	9	45	40	1	44	13	39	25	56	25	14	20	
98	66	69	25	36	67	51	91	4	75	66	58	76	58	39	1	0	2	34	56	18	39	77	72	64	13	61	59	51	66	
75	35	36	20	16	50	26	62	48	45	33	25	43	25	6	49	26	0	1	23	37	56	53	39	66	43	33	45	50	52	
69	64	77	2	42	22	9	52	36	45	31	25	54	15	43	32	14	56	0	66	20	4	42	60	44	28	47	28	33	36	
40	41	26	23	15	76	63	32	61	53	46	38	55	53	35	80	46	29	61	0	74	65	66	16	78	56	92	60	45	76	
81	27	68	37	53	31	2	33	37	33	22	14	14	9	11	24	7	6	38	19	0	32	35	34	8	17	53	21	26	10	
42	38	72	17	15	34	39	63	32	29	17	9	52	24	64	18	44	40	56	81	50	0	20	33	49	1	63	57	22	52	
24	52	22	40	42	31	2	45	5	21	1	18	40	9	36	25	7	49	53	59	13	50	0	54	53	23	53	21	26	50	
69	23	25	43	12	53	28	35	39	1	52	44	46	35	39	51	4	35	55	43	39	32	61	0	69	38	20	42	39	9	
66	29	70	31	39	45	48	27	38	41	41	33	8	40	22	8	39	41	29	37	59	1	44	36	0	25	51	36	45	8	
4	45	34	3	63	18	27	18	20	34	5	43	25	34	44	50	32	40	40	48	32	45	50	43	40	0	44	43	38	44	
24	19	42	39	62	54	42	36	34	15	19	11	36	26	9	61	29	31	51	63	37	52	39	26	26	29	0	18	33	54	
66	62	19	23	25	39	62	21	35	35	41	33	2	35	34	27	17	19	51	31	73	1	22	27	25	25	60	0	46	46	
81	56	69	34	3	16	1	30	26	36	25	17	11	8	27	24	6	48	38	28	12	31	34	63	34	2	62	20	0	29	
77	16	57	36	39	19	65	54	5	38	70	70	39	48	5	64	26	28	41	9	58	39	50	23	41	4	18	31	36	0	
M2
0	27	38	18	63	30	70	62	38	74	41	19	51	16	54	58	52	28	58	26	67	56	35	42	38	20	55	28	61	62	
31	0	48	68	38	12	51	54	7	43	23	27	26	54	51	57	27	47	27	10	48	31	17	11	13	40	55	10	36	32	
41	44	0	67	37	56	47	43	28	38	13	30	25	56	4	56	23	4	42	9	49	2	19	40	12	39	54	52	35	52	
35	38	39	0	44	39	48	36	49	63	19	24	8	50	33	49	33	29	6	1	32	13	13	23	19	25	51	36	33	33	
34	37	18	31	0	38	15	35	46	62	18	23	7	1	32	10	14	28	11	29	31	12	12	1	18	32	52	41	32	58	
32	9	38	27	41	0	57	47	20	56	30	6	19	5	44	22	16	40	13	23	43	24	24	22	18	16	49	7	41	45	
6	47	64	70	29	59	0	51	2	54	28	33	28	14	53	49	29	46	16	26	52	8	22	26	15	42	49	31	38	55	
35	38	43	49	7	18	37	0	39	50	19	24	19	50	29	3	20	8	2	17	43	15	13	33	6	33	48	32	29	46	
41	59	10	6	16	52	61	70	0	40	17	22	50	53	58	61	56	24	17	61	49	55	34	39	56	67	23	37	75	71	
30	33	26	68	39	24	43	31	5	0	14	19	3	45	8	44	28	24	31	25	27	5	8	16	14	28	48	47	28	54	
27	30	37	65	5	5	28	50	41	58	0	16	22	42	5	45	27	43	28	38	46	27	5	37	27	47	59	26	47	56	
32	35	52	22	17	5	52	26	46	57	16	0	26	28	38	12	27	34	33	24	37	31	10	41	13	40	16	13	36	25	
26	29	54	64	35	30	39	27	40	54	10	15	0	41	24	40	24	20	27	21	23	4	4	14	10	24	44	43	24	50	
51	54	47	73	39	55	18	46	5	15	35	24	24	0	25	59	49	34	27	46	48	29	29	39	35	45	67	45	33	27	
38	3	40	72	42	19	58	58	14	50	30	34	30	32	0	29	31	36	34	17	1	19	24	18	17	44	59	17	40	39	
36	39	17	74	51	25	21	56	13	66	7	25	28	51	3	0	36	25	37	47	52	20	14	43	36	53	68	44	53	39	
37	2	19	35	29	18	57	12	11	31	29	33	32	44	51	25	0	30	24	16	54	37	23	17	19	46	61	16	42	8	
12	36	52	34	1	37	44	34	47	26	17	22	6	26	22	47	31	0	34	14	30	11	11	5	17	8	18	50	31	57	
31	34	59	61	13	35	15	32	14	35	15	19	4	46	29	44	20	25	0	26	28	9	9	2	15	21	49	1	29	30	
38	41	3	39	34	23	27	19	47	51	22	27	22	46	20	13	5	37	31	0	6	27	16	37	9	36	15	14	32	49	
26	9	56	17	6	2	19	8	2	24	20	25	9	27	34	21	21	26	20	18	0	4	14	2	16	34	54	23	34	45	
31	48	29	29	8	59	30	58	53	19	54	58	43	20	68	71	1	62	10	28	67	0	48	41	54	28	78	23	12	54	
17	20	45	55	42	36	46	50	31	61	1	6	30	32	45	35	17	33	18	28	50	35	0	33	17	44	49	34	40	46	
8	37	28	13	2	53	11	65	45	22	22	27	37	53	62	42	29	54	33	35	61	42	16	0	24	39	9	51	47	59	
25	28	45	51	21	40	49	37	39	40	9	14	9	40	34	43	10	30	26	7	33	14	3	24	0	23	38	42	19	36	
42	61	66	72	30	2	59	13	58	73	26	47	42	73	43	26	19	31	15	40	66	38	36	19	29	0	67	33	24	69	
37	29	4	47	46	37	39	38	40	65	21	5	10	52	35	25	5	10	38	8	32	15	15	25	21	35	0	43	35	4	
20	31	45	62	11	9	27	44	11	20	17	33	23	20	48	39	44	44	32	45	45	28	22	17	34	48	66	0	48	22	
31	16	14	32	25	32	55	8	27	41	12	1	20	46	14	21	27	26	20	30	44	24	9	31	24	13	44	30	0	52	
29	48	59	81	49	44	35	58	28	73	49	52	42	65	45	19	1	63	9	27	66	13	47	40	53	16	77	39	67	0	
M3
0	24	30	23	34	6	6	28	30	20	24	3	27	29	19	24	8	21	37	14	20	14	46	28	19	41	4	24	22	28	
58	0	34	35	8	34	59	81	48	48	32	64	65	26	13	67	15	44	82	55	15	50	50	70	1	57	26	34	27	38	
79	61	0	26	57	3	60	64	67	34	63	57	49	45	54	80	62	35	61	68	62	4	70	40	65	55	43	59	76	80	
50	2	50	0	16	8	61	67	43	34	49	58	51	47	34	19	36	24	68	39	26	45	71	43	22	34	10	7	9	24	
42	29	37	78	0	40	13	35	45	27	26	35	27	33	7	28	30	26	75	16	42	34	53	60	34	36	27	9	24	31	
52	5	24	29	30	0	33	47	11	7	48	30	24	4	37	53	35	34	41	41	35	41	59	33	25	31	22	17	49	54	
17	6	24	53	20	23	0	10	58	2	52	31	19	50	1	41	5	3	54	42	30	31	28	48	9	23	30	27	31	10	
7	1	38	50	28	33	24	0	15	16	5	21	27	44	28	14	9	32	43	2	4	7	4	37	21	36	21	15	10	17	
49	35	33	15	2	42	34	56	0	21	17	31	38	56	34	54	36	9	60	42	35	42	28	2	35	42	43	46	44	23	
41	63	18	47	19	17	60	40	55	0	48	57	13	44	64	50	62	38	89	38	24	56	76	58	73	20	39	21	46	53	
3	19	32	52	5	12	28	35	17	42	0	58	25	40	41	71	45	15	17	59	12	58	61	3	39	56	34	37	12	37	
30	19	25	49	29	36	1	23	25	15	19	0	22	24	14	21	3	16	67	9	43	9	41	23	14	36	37	19	17	23	
48	38	21	38	34	32	20	42	66	11	7	40	0	59	33	33	37	26	77	21	39	27	45	65	41	35	48	30	29	36	
12	50	27	39	26	26	32	42	4	5	20	29	22	0	36	1	34	33	69	10	33	28	48	26	12	29	36	23	5	25	
45	49	46	42	31	50	35	49	45	29	30	32	46	50	0	32	37	39	31	20	57	38	32	57	21	38	39	33	28	19	
28	32	20	45	35	33	37	21	23	12	34	43	29	52	13	0	48	33	46	24	40	17	62	41	31	6	12	28	23	2	
44	48	41	18	51	10	45	40	39	28	76	75	45	57	29	34	0	58	34	70	56	1	61	37	15	37	25	50	34	18	
27	54	15	55	28	9	37	44	43	6	45	54	23	22	24	37	14	0	26	35	32	46	73	30	58	30	32	31	23	50	
32	21	7	44	31	38	3	10	9	17	46	33	34	15	16	56	20	18	0	44	45	44	43	31	24	38	45	42	46	25	
21	34	30	59	31	25	16	38	40	8	4	13	25	38	20	6	18	24	53	0	36	12	32	38	29	28	25	7	2	9	
36	33	12	63	43	2	15	37	39	29	33	12	36	38	28	35	17	28	71	23	0	23	46	37	13	38	29	11	31	27	
52	63	69	75	70	8	45	67	69	47	12	42	64	65	58	32	2	31	58	33	75	0	63	49	58	17	7	46	41	48	
52	39	16	63	35	17	23	19	29	12	34	53	29	13	36	42	25	23	12	54	40	55	0	21	44	22	55	37	62	45	
62	57	33	35	60	67	39	55	57	46	61	70	63	65	39	1	37	51	42	51	46	51	25	0	60	40	46	49	20	36	
38	21	42	43	45	37	28	50	38	22	14	25	35	51	14	17	19	43	56	36	37	33	63	30	0	31	14	46	33	12	
30	34	36	8	37	35	46	21	46	14	40	59	31	1	15	44	55	16	44	42	42	25	27	43	54	0	24	10	25	4	
20	42	39	38	39	36	27	13	17	19	15	24	1	20	31	17	29	28	24	5	11	1	31	39	20	39	0	16	13	20	
43	56	27	55	42	35	38	60	20	30	26	35	47	48	42	28	40	1	52	16	19	34	54	42	37	11	2	0	24	31	
8	17	39	68	40	34	12	25	49	17	13	22	15	47	20	15	27	27	47	3	45	8	41	47	33	37	34	16	0	18	
19	23	25	54	26	24	48	47	54	3	55	51	20	51	4	33	56	45	37	45	31	14	61	32	43	12	13	28	14	0	
M4
0	56	69	66	22	64	70	45	68	66	59	43	60	56	13	25	66	3	15	9	22	63	47	44	66	63	32	70	74	85	
30	0	4	19	18	20	17	47	28	5	12	14	32	14	47	45	65	11	41	28	50	22	43	42	28	40	47	47	30	41	
11	65	0	43	27	53	26	59	16	40	50	26	53	58	33	15	54	42	43	29	20	20	52	17	46	10	27	67	5	31	
50	23	13	0	50	8	39	35	29	15	39	41	20	39	4	35	60	49	58	14	12	33	44	16	16	10	35	1	18	7	
45	30	53	62	0	48	66	24	38	36	44	15	30	26	61	52	52	40	37	55	63	45	17	32	39	33	75	45	58	64	
40	26	3	46	40	0	29	25	19	31	29	31	10	63	45	25	53	50	58	32	41	23	65	20	6	32	25	25	8	34	
19	48	54	43	54	49	0	43	7	38	43	14	24	39	78	24	45	77	51	18	2	39	38	65	47	56	16	39	59	7	
14	46	52	36	61	47	7	0	40	6	50	20	51	24	60	65	51	23	79	79	4	66	42	65	36	1	74	42	57	5	
6	69	51	8	33	46	44	20	0	44	77	25	58	44	67	19	10	75	16	11	33	10	40	36	12	21	48	57	56	60	
20	55	11	43	50	70	46	25	53	0	39	41	20	81	51	20	63	40	68	53	3	35	28	54	53	47	64	30	42	65	
59	48	33	30	10	37	48	38	38	38	0	1	48	44	34	44	70	58	28	48	60	30	35	39	45	51	38	63	27	53	
35	48	54	12	37	84	44	2	51	2	85	0	75	41	82	18	83	37	38	64	41	51	20	50	31	38	30	79	40	40	
45	41	39	24	16	36	26	44	44	44	5	7	0	47	40	8	29	64	34	19	21	1	41	27	44	57	39	1	33	38	
45	66	39	43	41	61	51	37	11	61	30	32	11	0	13	33	34	79	13	28	19	20	22	46	51	60	37	26	58	63	
63	38	75	14	37	73	49	57	53	25	42	44	23	53	0	45	25	41	52	56	31	38	55	30	71	53	76	6	70	21	
57	26	63	78	66	59	52	64	63	64	55	57	71	48	60	0	58	70	84	78	24	74	65	81	30	61	86	56	69	28	
14	43	43	23	5	38	12	37	4	10	57	28	43	39	56	51	0	41	48	35	39	17	6	16	44	4	42	58	41	36	
18	53	60	59	46	55	31	14	48	49	59	36	57	58	42	34	47	0	14	54	53	36	71	62	1	3	63	40	57	54	
43	21	9	15	34	4	35	30	25	5	23	25	4	44	51	8	5	24	0	31	13	19	35	15	5	33	3	19	14	40	
13	76	7	41	49	59	17	3	7	44	60	19	59	6	41	6	45	14	9	0	42	18	74	27	47	39	14	1	15	41	
52	19	56	57	43	58	43	12	42	11	38	40	19	5	34	41	14	25	8	52	0	34	44	54	26	42	54	34	43	52	
42	47	59	7	53	81	20	73	27	73	80	36	91	64	77	69	65	54	71	2	76	0	78	10	63	62	22	31	52	77	
45	35	17	36	1	57	32	33	22	41	36	24	39	35	44	28	7	49	46	21	44	26	0	14	48	12	64	16	11	6	
64	32	62	22	53	57	40	42	30	58	44	46	42	77	27	36	31	26	7	2	41	34	40	0	31	10	28	57	19	45	
51	1	14	25	51	9	38	28	30	39	40	42	21	1	56	36	51	37	61	20	4	2	43	28	0	1	36	36	19	45	
41	32	21	44	24	16	39	43	31	13	13	8	28	58	28	20	3	68	42	50	59	41	33	38	24	0	43	43	26	26	
44	39	16	22	5	11	42	31	32	44	42	28	23	38	58	38	40	4	50	45	54	36	30	23	2	45	0	38	21	6	
8	57	54	61	70	49	50	8	25	22	61	20	56	60	71	53	51	66	67	5	47	39	54	45	57	1	76	0	36	28	
36	56	44	29	25	39	12	50	2	66	36	38	39	49	71	8	40	69	46	15	24	6	50	3	42	15	44	53	0	17	
39	11	48	41	35	62	48	6	5	33	24	26	72	2	59	52	43	40	49	44	28	42	7	59	38	42	58	16	47	0	
M5
0	51	42	58	43	45	64	52	26	31	33	30	12	51	71	26	26	40	31	47	18	70	7	63	41	48	59	34	36	40	
17	0	42	18	3	94	40	46	52	39	78	26	28	71	16	74	29	55	56	85	5	49	45	65	23	17	29	17	15	43	
67	48	0	70	60	48	55	65	5	53	22	42	54	64	85	79	53	42	53	13	3	35	29	70	33	52	14	14	36	67	
57	40	13	0	62	32	70	89	63	57	95	48	40	34	19	11	57	58	11	39	79	16	50	24	66	19	31	82	54	19	
41	78	22	58	0	84	22	49	20	16	62	53	25	73	66	12	42	68	24	34	14	1	33	20	61	9	57	79	32	3	
42	38	56	63	45	0	37	11	10	13	71	54	33	19	15	45	15	41	9	16	26	46	31	32	34	68	16	48	2	12	
12	1	20	27	46	29	0	66	56	32	71	2	52	9	2	37	34	57	32	20	62	50	8	37	53	21	12	57	29	48	
37	84	6	36	16	38	21	0	79	45	46	3	34	73	49	21	49	14	61	77	4	19	37	65	68	74	14	49	15	61	
53	50	59	10	16	60	46	36	0	34	56	13	26	68	36	45	8	2	35	39	66	18	24	45	27	27	74	63	53	22	
37	11	7	46	21	16	28	76	8	0	6	41	5	54	76	69	2	28	29	29	78	25	18	39	21	20	45	39	47	16	
16	38	49	49	64	86	4	79	4	44	0	48	3	57	45	65	34	39	23	7	61	8	50	69	3	40	10	25	79	48	
4	73	34	62	44	59	49	15	49	54	16	0	32	74	84	28	14	40	41	18	38	33	30	51	33	5	37	37	59	28	
35	51	50	64	46	50	32	30	22	1	30	51	0	12	73	17	16	32	43	10	69	27	28	1	35	70	56	38	44	12	
20	36	48	64	34	75	77	54	78	37	64	36	57	0	66	25	39	45	37	20	69	38	13	25	58	78	41	45	40	53	
41	57	52	68	12	71	72	33	47	41	39	17	49	18	0	46	43	34	7	36	76	25	17	22	21	24	62	58	43	57	
4	41	19	12	38	57	59	76	53	19	69	31	36	71	72	0	53	76	24	67	28	26	27	65	72	4	60	33	56	32	
32	65	38	35	17	65	25	61	42	27	57	26	5	47	61	56	0	13	14	43	80	71	3	24	6	50	58	54	32	1	
58	39	50	23	57	77	65	87	47	39	36	38	45	37	71	5	27	0	39	30	29	73	15	13	35	31	75	66	44	41	
9	75	3	32	10	86	89	60	41	61	70	71	49	82	96	23	56	8	0	27	59	25	48	59	75	32	60	54	77	48	
10	52	11	27	63	74	31	20	38	12	30	49	26	70	15	38	33	5	37	0	15	11	26	26	52	32	38	25	55	47	
55	78	44	50	40	24	31	77	65	50	35	47	28	39	7	5	10	36	30	36	0	5	26	47	2	58	29	77	52	24	
67	58	66	70	52	79	60	65	52	62	86	61	5	53	52	38	22	48	49	75	83	0	38	51	41	85	37	89	67	36	
46	41	14	30	35	41	43	79	46	3	42	2	23	23	43	50	5	31	3	19	69	64	0	42	24	68	54	30	8	19	
63	79	42	55	48	64	18	82	71	59	89	17	16	40	29	55	19	45	46	53	71	42	35	0	38	46	84	37	18	33	
52	33	51	63	49	52	69	80	76	16	49	64	3	39	48	43	54	43	79	62	53	35	55	59	0	36	11	75	82	10	
50	74	47	53	31	17	13	24	11	12	22	19	23	56	64	3	5	31	22	49	7	59	12	6	4	0	58	63	41	19	
29	45	27	52	30	57	41	16	32	44	51	43	3	6	75	12	4	30	31	29	37	47	20	31	10	65	0	41	49	7	
5	15	47	69	37	16	74	59	47	28	49	41	49	2	61	30	36	50	42	25	55	43	18	22	41	83	46	0	45	8	
26	69	33	20	63	31	13	19	48	71	86	13	39	47	77	75	80	66	76	70	76	70	63	35	71	84	23	24	0	20	
48	64	15	74	55	65	9	82	88	29	71	64	40	25	13	53	67	73	57	48	45	66	41	53	52	36	69	39	68	0	
M6
0	12	36	69	31	25	45	42	25	45	11	31	48	30	59	21	48	32	22	51	51	19	40	70	66	16	15	40	32	32	
47	0	41	47	36	48	21	48	63	21	49	7	24	27	42	19	51	8	51	32	51	28	33	46	42	49	36	33	8	56	
9	36	0	47	22	31	47	34	4	44	17	44	59	29	21	45	27	36	31	29	1	42	5	46	33	6	39	24	37	38	
33	44	23	0	30	12	3	29	49	16	36	8	48	11	47	17	59	4	32	38	33	45	37	46	24	31	20	27	35	24	
44	51	31	43	0	23	10	40	56	23	43	26	49	18	52	46	70	47	40	46	40	53	50	44	31	38	27	35	51	55	
15	42	5	66	12	0	63	11	52	29	40	26	48	55	29	17	41	21	14	20	46	27	21	59	53	44	44	9	31	33	
46	34	14	40	46	40	0	37	39	6	26	47	70	1	37	57	67	52	23	45	23	42	52	36	14	21	10	54	35	38	
31	36	29	42	23	18	54	0	18	28	4	40	33	3	52	2	9	32	19	31	5	31	19	16	4	49	22	20	30	25	
45	51	44	61	9	33	32	16	0	26	38	26	51	23	20	55	18	18	13	17	41	24	32	56	50	41	41	6	19	30	
16	43	16	15	47	35	49	36	41	0	27	55	69	2	7	47	53	34	37	19	54	42	44	6	52	47	46	50	21	36	
22	19	12	45	7	1	39	18	1	31	0	33	49	6	35	24	28	24	2	27	53	14	16	60	47	51	46	16	13	8	
21	48	15	21	10	34	44	38	50	27	39	0	21	17	58	10	32	16	38	18	36	25	33	39	48	42	42	7	53	31	
54	29	22	34	8	48	1	2	41	14	34	35	0	9	20	42	5	5	20	37	9	50	60	44	22	29	18	40	43	43	
38	35	17	17	23	17	29	14	17	42	3	37	60	0	51	40	44	29	15	22	33	30	29	32	49	52	34	32	29	24	
50	6	44	45	14	33	39	42	49	31	43	24	42	45	0	13	30	23	42	22	48	29	37	14	17	12	40	11	26	35	
45	59	40	44	38	44	31	32	63	5	49	15	8	31	36	0	22	16	50	48	39	47	67	28	52	24	48	41	50	60	
18	31	35	41	30	45	57	29	21	29	31	1	36	6	55	5	0	2	43	38	56	45	46	51	40	34	48	27	51	6	
38	38	19	60	8	17	27	26	43	25	37	47	4	35	46	19	31	0	31	11	35	23	30	55	33	40	40	5	51	29	
41	38	22	64	26	20	50	33	20	50	6	29	27	25	54	43	47	32	0	43	58	33	25	55	66	67	65	32	32	27	
23	20	13	60	20	2	53	19	18	21	32	22	53	47	31	25	49	20	6	0	31	35	11	51	19	20	36	17	34	41	
43	49	42	19	7	31	53	28	16	18	29	51	33	4	49	54	44	16	35	15	0	22	30	18	32	39	39	4	48	28	
25	30	41	17	31	30	21	46	42	28	35	47	65	10	35	53	70	50	47	54	26	0	14	17	6	49	7	45	50	5	
25	38	25	33	8	25	4	40	25	17	11	30	16	12	48	48	30	22	26	13	34	38	0	47	25	32	21	20	37	32	
28	40	30	67	27	47	20	7	38	33	33	56	43	28	47	18	30	14	8	35	50	42	42	0	41	31	37	24	59	15	
23	28	9	53	28	19	46	36	21	14	49	39	54	40	21	42	53	37	23	3	48	43	28	44	0	37	53	25	48	3	
36	33	26	58	17	15	53	32	11	19	1	39	31	20	45	38	38	38	16	9	26	9	30	49	42	0	31	30	17	22	
21	15	25	36	8	14	35	31	61	24	47	5	45	41	49	34	56	35	34	40	36	7	3	54	16	52	0	29	35	1	
38	44	37	58	2	26	67	30	42	19	31	46	44	45	50	49	39	11	30	10	36	17	25	49	43	34	34	0	45	23	
23	43	37	54	32	63	41	42	57	41	49	62	18	34	45	33	45	45	24	69	29	57	55	38	51	19	40	60	0	18	
2	7	23	44	48	42	40	59	42	5	28	26	43	31	36	37	63	27	39	33	50	36	52	35	21	33	32	52	27	0	
M7
0	47	55	52	50	30	53	32	54	79	29	48	62	25	73	49	62	49	42	14	42	22	75	38	61	37	62	59	70	43	
42	0	35	6	13	41	49	11	46	7	73	40	55	17	4	42	29	41	21	29	9	56	20	30	73	4	9	65	28	25	
43	29	0	38	13	20	9	40	51	1	71	50	78	32	58	40	52	1	50	14	5	54	33	42	7	14	16	6	58	14	
49	28	46	0	42	11	43	31	50	56	61	44	79	21	59	61	17	42	41	49	52	76	43	31	16	12	43	26	61	1	
32	19	25	21	0	37	39	1	41	43	24	17	39	62	33	68	55	31	11	19	22	31	47	12	56	44	38	27	3	15	
24	3	21	30	26	0	25	6	42	50	37	64	60	48	34	36	18	17	16	24	27	51	52	8	49	30	18	27	49	20	
47	45	66	24	62	80	0	42	33	54	10	33	11	57	35	21	16	69	41	60	48	49	31	58	42	14	75	40	79	56	
23	10	16	55	12	41	30	0	34	54	54	58	46	53	41	62	46	22	2	10	13	37	38	63	54	35	37	59	76	6	
75	45	29	1	64	76	12	44	0	67	53	27	25	90	84	29	29	67	54	62	11	31	47	11	73	51	33	26	86	58	
33	30	45	64	63	23	28	43	79	0	74	20	86	60	59	21	55	39	39	18	17	21	74	45	71	50	54	64	4	41	
41	13	34	61	30	59	23	10	40	72	0	76	56	71	59	34	27	40	20	28	31	17	56	26	10	36	55	8	94	24	
27	34	8	32	29	32	21	38	11	46	17	0	31	44	70	60	60	13	7	7	9	56	56	42	12	26	28	47	23	33	
23	11	32	62	22	57	46	8	46	70	59	58	0	35	57	30	62	38	18	26	29	33	54	48	27	48	53	75	79	22	
38	29	46	15	52	12	34	32	17	66	63	11	58	0	36	61	44	26	42	28	35	56	63	1	58	39	41	36	75	46	
39	11	32	19	12	33	22	8	11	51	24	28	56	45	0	60	60	14	18	26	29	3	54	42	29	27	29	54	76	22	
59	18	54	16	54	34	24	35	35	36	3	49	71	26	32	0	39	16	45	53	44	2	15	39	35	29	31	33	37	18	
68	16	39	19	69	30	34	49	72	77	57	61	93	86	7	48	0	61	59	41	61	48	37	52	73	74	62	71	57	7	
51	30	32	31	32	13	2	33	44	34	64	43	72	25	61	63	45	0	43	51	48	47	43	35	26	7	9	54	76	47	
39	30	58	12	14	25	41	45	9	58	41	56	13	64	73	58	57	56	0	49	16	4	57	29	38	48	57	55	78	59	
41	28	34	41	30	59	12	10	39	32	25	24	4	50	59	64	50	40	18	0	23	55	56	63	44	6	5	55	89	24	
38	17	1	11	27	35	9	7	40	35	30	7	46	11	56	17	61	37	17	25	0	31	14	24	25	7	52	44	41	21	
37	46	46	20	48	35	8	28	14	39	37	34	59	11	48	63	8	49	38	29	42	0	4	24	69	62	64	59	31	20	
21	44	61	30	19	27	27	47	18	17	26	26	12	3	19	63	48	41	57	36	20	65	0	16	6	19	56	28	45	61	
23	45	22	46	44	28	17	35	59	33	13	25	8	40	74	68	54	9	3	53	56	52	44	0	17	9	2	22	13	49	
8	42	59	9	65	25	47	45	22	22	67	24	17	1	49	71	41	39	13	41	46	34	54	14	0	52	6	1	61	29	
41	27	47	44	47	28	17	48	46	3	79	40	12	17	6	72	44	9	16	24	1	15	58	5	41	0	2	65	60	23	
42	29	35	18	15	41	20	11	53	31	42	43	20	56	60	80	17	25	21	29	32	56	57	52	5	14	0	24	11	25	
26	37	23	33	44	25	5	34	35	46	47	55	75	37	73	33	21	6	44	34	55	11	10	4	38	19	21	0	76	48	
18	2	15	35	21	41	61	61	37	53	51	40	28	17	65	81	66	53	29	57	30	12	65	30	59	66	55	1	0	60	
44	5	41	33	46	6	44	26	12	49	45	59	35	41	54	56	38	36	31	13	43	54	52	28	63	49	38	29	57	0	
