30  8  1
8
	0	61	1	27	2	44	3	42	4	37	5	43	6	11	7	59
	0	55	1	48	2	27	3	32	4	1	5	8	6	32	7	17
	0	64	1	39	2	85	3	44	4	78	5	70	6	49	7	48
	0	65	1	47	2	33	3	11	4	39	5	89	6	46	7	41
	0	88	1	11	2	18	3	7	4	59	5	67	6	95	7	14
	0	99	1	82	2	3	3	71	4	40	5	75	6	56	7	11
	0	16	1	97	2	33	3	36	4	66	5	28	6	63	7	16
	0	51	1	9	2	85	3	66	4	90	5	14	6	83	7	66
	0	93	1	70	2	94	3	5	4	52	5	88	6	62	7	73
	0	12	1	74	2	65	3	19	4	27	5	13	6	50	7	52
	0	98	1	57	2	60	3	59	4	8	5	63	6	9	7	56
	0	36	1	51	2	77	3	17	4	11	5	83	6	1	7	15
	0	7	1	92	2	99	3	100	4	27	5	97	6	54	7	85
	0	17	1	90	2	30	3	4	4	89	5	84	6	17	7	96
	0	68	1	51	2	12	3	90	4	80	5	100	6	91	7	17
	0	49	1	58	2	23	3	77	4	69	5	66	6	38	7	20
	0	66	1	4	2	51	3	34	4	78	5	99	6	83	7	48
	0	100	1	85	2	62	3	79	4	84	5	15	6	81	7	97
	0	94	1	51	2	34	3	84	4	44	5	75	6	80	7	99
	0	78	1	5	2	84	3	90	4	63	5	96	6	55	7	11
	0	18	1	71	2	68	3	24	4	81	5	13	6	33	7	13
	0	1	1	3	2	70	3	25	4	1	5	98	6	86	7	13
	0	49	1	65	2	65	3	72	4	42	5	40	6	19	7	52
	0	67	1	56	2	67	3	24	4	25	5	74	6	30	7	21
	0	14	1	99	2	61	3	65	4	95	5	72	6	56	7	84
	0	19	1	79	2	7	3	49	4	65	5	88	6	96	7	4
	0	17	1	45	2	37	3	61	4	98	5	58	6	22	7	81
	0	19	1	64	2	24	3	75	4	21	5	60	6	63	7	86
	0	16	1	31	2	36	3	27	4	62	5	23	6	75	7	13
	0	12	1	33	2	73	3	86	4	32	5	5	6	96	7	30
SSD
M0
0	26	25	39	18	11	6	9	15	39	20	20	18	8	32	22	20	25	14	16	29	4	14	28	3	29	18	7	41	33	
16	0	34	26	29	29	11	24	3	30	11	17	9	4	42	22	18	14	29	12	12	20	19	19	19	20	24	10	19	7	
8	20	0	32	8	3	18	7	13	23	18	11	2	6	11	20	23	15	12	14	28	2	15	12	35	13	16	22	7	40	
31	37	14	0	8	3	4	26	32	22	16	24	23	25	13	36	31	8	22	18	2	21	36	33	29	19	27	21	16	34	
43	34	22	28	0	34	2	24	29	3	18	22	16	23	19	37	28	30	16	29	23	19	19	26	24	27	33	44	25	8	
10	28	1	29	35	0	17	16	17	3	18	26	16	20	14	5	27	33	25	1	23	16	29	2	15	27	3	16	32	14	
42	23	22	34	2	27	0	6	12	40	16	4	33	5	29	19	11	22	2	13	31	1	23	38	18	40	15	34	23	14	
4	34	2	9	4	30	27	0	25	30	15	24	17	6	27	3	32	36	7	25	34	28	20	12	35	5	37	11	6	4	
40	48	33	10	3	46	14	23	0	47	42	31	36	34	27	1	19	25	32	43	17	31	32	43	35	17	25	42	43	38	
28	19	31	42	20	21	2	17	18	0	3	11	1	16	4	25	23	31	19	14	8	12	14	11	9	12	26	31	24	32	
10	26	24	10	4	29	24	30	37	10	0	29	18	25	26	28	25	22	24	36	19	26	25	3	9	24	21	17	5	37	
19	23	2	30	28	13	28	22	27	26	25	0	6	21	36	29	28	36	4	29	13	17	19	16	30	14	6	25	21	20	
20	11	25	36	15	13	22	9	14	14	20	5	0	8	26	22	15	25	14	16	34	4	6	3	31	4	18	37	16	42	
26	43	13	37	30	14	12	3	4	36	32	28	27	0	41	30	9	26	27	38	34	29	17	16	12	30	14	33	29	17	
33	37	17	37	38	36	25	34	19	11	26	23	24	24	0	48	36	14	22	30	31	35	33	14	32	33	40	11	14	17	
37	23	2	28	36	14	36	21	4	28	35	27	31	8	39	0	34	18	10	31	35	19	24	18	16	42	16	33	15	42	
42	22	30	14	26	30	15	5	35	28	25	21	24	28	29	21	0	27	27	18	29	32	3	25	29	7	5	24	39	35	
27	34	16	39	22	20	25	23	37	17	32	34	22	30	21	3	18	0	36	16	1	26	35	13	28	20	26	8	19	31	
32	34	33	6	36	26	21	19	30	7	22	18	20	9	23	4	6	33	0	23	26	20	13	30	28	31	13	32	3	11	
6	24	23	12	18	28	20	7	10	26	18	18	32	6	21	20	23	23	12	0	12	2	8	39	34	6	10	29	47	8	
25	17	20	20	3	15	22	19	24	24	27	15	3	18	16	17	25	5	24	26	0	14	16	13	9	14	7	26	26	30	
40	21	20	41	35	25	17	4	10	43	15	15	36	3	27	17	20	20	9	11	32	0	37	36	32	38	13	32	46	37	
13	10	23	38	30	5	20	40	22	39	26	25	27	20	22	13	30	28	28	32	44	37	0	24	25	18	6	25	41	35	
16	24	5	15	14	17	17	12	9	27	19	18	6	11	15	25	26	11	17	19	36	7	19	0	26	16	2	12	29	14	
14	19	24	22	23	21	12	8	14	22	17	13	1	7	31	12	23	24	1	15	36	3	14	11	0	12	5	8	24	16	
28	28	27	13	38	17	24	11	9	30	13	22	22	10	3	24	26	27	16	18	21	6	23	32	39	0	20	16	43	27	
32	24	32	15	23	20	5	22	27	27	3	18	6	6	29	14	7	24	5	14	39	17	13	16	7	17	0	2	25	25	
11	7	39	35	19	6	23	23	28	28	34	19	7	22	18	34	26	23	28	30	33	18	20	17	40	3	16	0	18	40	
32	17	14	9	33	41	22	30	31	8	23	29	21	10	24	20	36	14	23	25	12	32	7	15	29	32	37	19	0	42	
35	26	23	8	13	14	48	29	18	43	29	8	33	21	26	41	44	43	16	20	43	37	4	43	37	25	46	28	27	0	
M1
0	24	28	16	3	31	30	21	19	8	16	16	16	17	23	6	20	32	22	5	12	13	33	1	13	5	15	20	23	38	
41	0	38	45	36	9	43	35	41	34	29	13	40	10	40	40	27	9	48	45	39	46	6	14	40	23	37	11	12	11	
21	34	0	21	3	15	19	17	1	9	10	12	16	6	19	16	13	10	22	20	19	2	23	21	8	24	35	6	2	1	
8	6	43	0	30	19	33	19	4	4	20	16	43	36	25	25	39	33	39	20	17	44	14	26	19	6	25	35	31	6	
13	25	27	7	0	31	24	31	20	3	17	26	2	20	26	14	20	26	8	6	14	16	22	12	22	10	34	21	24	39	
3	34	22	20	2	0	20	42	20	1	30	9	15	11	12	27	6	18	9	19	20	25	8	14	31	13	27	11	35	11	
15	26	27	19	21	29	0	17	21	28	19	29	31	20	22	16	27	31	8	8	38	21	18	14	27	31	5	23	26	4	
21	33	25	20	2	18	13	0	22	3	24	23	15	19	27	24	14	26	11	19	13	16	19	22	22	10	24	19	16	33	
9	38	17	25	7	7	17	28	0	13	23	25	11	19	38	21	38	30	26	24	26	15	36	11	7	12	22	26	39	35	
18	2	24	5	14	15	23	31	18	0	22	30	27	7	17	18	4	14	33	14	18	23	7	12	21	31	18	9	32	23	
19	29	15	23	19	2	10	8	26	20	0	22	20	20	28	9	15	12	28	12	7	33	23	18	39	27	37	9	1	22	
13	9	3	31	38	1	27	38	19	9	18	0	7	13	21	32	8	17	20	29	22	13	9	16	9	1	17	13	16	27	
2	18	1	30	23	26	5	12	1	5	14	16	0	10	37	17	24	11	16	19	34	6	27	25	1	28	44	29	4	31	
21	7	6	25	27	23	3	29	16	6	18	20	40	0	13	15	32	30	8	14	30	10	31	9	16	35	19	29	24	24	
29	24	10	23	5	35	31	9	28	19	30	4	18	26	0	30	28	34	24	22	30	22	21	9	28	16	42	5	20	47	
19	26	36	25	27	14	25	16	19	22	16	25	14	16	36	0	23	5	22	23	3	15	14	29	4	35	3	13	29	24	
10	45	16	19	36	7	15	41	10	35	36	22	21	1	9	20	0	8	40	42	10	28	42	4	31	23	18	1	25	15	
17	41	11	22	35	14	15	27	16	17	18	20	28	8	16	27	3	0	21	35	17	10	31	11	16	21	25	8	5	9	
16	15	44	48	44	42	49	39	21	29	45	37	34	21	7	32	39	41	0	37	47	43	44	5	21	2	29	40	2	37	
2	14	18	6	8	25	29	23	9	22	6	39	21	11	15	3	14	26	24	0	28	33	41	1	39	18	23	10	13	33	
10	42	28	31	18	26	22	24	11	12	3	6	8	9	4	12	15	27	37	30	0	5	19	23	11	31	13	20	30	34	
29	34	20	33	22	32	14	44	3	4	5	7	35	1	39	30	41	49	41	22	28	0	18	22	3	36	43	37	40	28	
23	1	39	5	4	5	29	18	30	17	27	34	17	8	13	24	25	19	9	16	29	24	0	19	12	25	44	20	34	21	
13	44	25	26	8	18	13	41	14	22	27	18	21	17	8	26	12	3	18	25	13	19	22	0	25	29	17	17	41	5	
24	6	40	28	30	22	7	34	26	8	28	48	39	25	37	19	28	20	22	17	13	42	45	23	0	33	25	32	32	46	
18	25	37	28	30	4	17	45	20	1	22	19	7	18	7	25	23	7	15	17	32	14	35	23	20	0	14	4	8	17	
10	31	14	17	2	23	37	33	27	16	24	25	15	21	29	21	19	30	2	13	27	28	15	2	33	20	0	24	6	8	
21	30	17	32	14	30	2	3	7	15	36	11	3	31	11	36	26	28	6	31	7	28	31	17	34	11	36	0	20	12	
29	35	35	34	17	17	22	6	25	18	27	4	1	20	10	8	15	27	11	23	20	19	34	17	25	25	37	20	0	4	
37	15	41	36	18	22	29	7	25	11	18	29	25	23	6	28	30	42	27	31	1	19	9	37	8	22	35	35	25	0	
M2
0	19	7	23	26	14	11	11	2	34	38	16	21	19	13	5	22	19	18	18	32	25	19	30	13	6	17	29	19	9	
34	0	29	37	35	40	18	35	15	29	18	9	10	33	23	41	31	44	27	13	13	34	28	33	19	15	26	21	37	31	
32	23	0	40	26	31	33	42	5	38	43	23	34	32	26	36	40	28	42	11	13	48	5	35	10	38	19	39	24	8	
41	19	20	0	26	16	16	21	29	30	15	19	35	19	14	31	21	9	2	33	45	25	19	12	24	6	15	12	22	14	
10	37	38	12	0	24	30	12	22	20	23	31	12	9	11	48	29	40	36	46	2	20	27	28	5	24	30	39	17	28	
38	23	44	6	10	0	39	8	18	48	36	38	40	29	39	21	43	28	41	39	26	14	31	36	33	39	41	37	16	1	
18	3	37	42	42	38	0	7	45	8	25	20	11	23	34	10	34	1	16	43	23	12	14	21	8	26	34	27	32	42	
37	31	2	26	27	44	17	0	40	24	42	28	25	36	10	1	9	25	5	25	38	18	28	13	24	18	29	8	24	3	
1	15	26	6	17	4	20	15	0	31	13	21	22	10	1	10	26	8	41	14	22	3	32	21	12	30	41	23	15	8	
15	32	40	23	5	14	17	23	24	0	35	39	20	9	34	33	40	41	30	28	25	25	46	31	5	33	13	44	33	10	
8	36	3	2	5	32	35	24	21	7	0	2	25	14	25	39	15	3	17	33	12	43	42	22	28	41	30	42	39	16	
28	42	10	38	34	47	10	7	2	30	4	0	35	29	22	11	29	2	35	22	48	11	37	25	30	35	38	9	36	21	
25	18	2	29	25	44	32	25	6	1	38	11	0	23	13	11	11	21	17	28	15	17	5	36	31	5	15	32	13	12	
13	32	33	23	27	14	7	25	35	28	5	17	4	0	27	10	35	4	31	7	15	31	27	19	13	19	30	10	33	18	
15	30	23	4	5	23	7	10	18	40	20	8	9	18	0	28	20	25	29	44	20	36	30	47	6	17	28	16	2	27	
30	11	4	31	39	39	48	48	19	19	33	4	1	24	37	0	25	43	40	19	14	22	14	40	45	39	40	31	11	43	
36	23	34	26	25	17	35	28	24	23	47	28	2	40	30	17	0	39	3	40	4	8	35	4	26	22	29	24	13	21	
35	38	5	3	35	22	33	4	34	28	38	29	9	4	31	10	30	0	38	27	12	10	24	22	37	31	31	5	29	10	
37	20	21	2	23	12	6	22	17	35	20	20	8	24	15	36	5	38	0	26	24	26	20	6	33	7	18	40	29	16	
39	28	13	12	11	3	35	14	24	6	42	28	40	33	23	19	31	16	26	0	23	20	12	4	34	15	1	28	22	7	
34	11	21	31	27	24	22	27	45	5	20	20	28	15	15	30	20	22	7	11	0	11	6	18	20	7	18	15	29	28	
11	46	13	34	38	25	43	28	38	34	11	6	14	18	42	16	49	35	46	20	13	0	11	22	1	43	31	39	32	29	
31	5	36	16	15	7	26	18	25	18	19	7	14	21	19	15	22	22	28	15	35	24	0	34	8	22	33	43	7	11	
1	22	23	33	19	44	36	10	34	24	10	13	8	27	17	43	25	14	4	5	2	28	5	0	35	9	7	36	26	48	
38	19	15	27	28	25	3	1	26	2	11	23	15	16	11	46	35	37	41	43	43	19	10	21	0	39	45	32	25	29	
28	6	7	17	13	36	20	13	31	21	33	6	22	11	1	33	9	38	5	20	33	12	6	45	19	0	4	29	15	40	
10	47	12	3	30	33	18	24	24	32	29	3	9	20	13	13	11	45	19	5	17	42	31	27	31	42	0	27	16	27	
6	9	16	19	22	45	29	22	40	3	42	13	27	7	10	3	13	41	14	25	40	15	15	9	8	2	13	0	12	49	
31	23	24	16	27	14	14	25	35	32	15	23	11	28	18	23	26	14	15	37	4	29	23	18	18	10	21	37	0	8	
24	24	29	27	16	30	8	41	10	8	23	24	26	43	36	2	5	32	9	43	31	28	36	27	8	40	4	28	36	0	
M3
0	31	5	15	33	26	36	14	29	3	25	31	17	28	5	32	6	37	31	23	10	26	35	25	5	1	3	6	38	19	
31	0	3	26	44	23	28	6	38	44	20	42	38	20	29	6	10	32	19	5	22	25	16	30	11	18	15	2	9	3	
1	23	0	7	25	22	5	7	19	5	7	2	25	1	15	23	34	1	24	18	23	11	11	1	3	13	38	31	2	18	
33	5	13	0	28	29	16	30	26	20	27	5	27	8	35	6	37	20	32	2	30	5	18	3	3	1	43	19	28	35	
17	5	22	6	0	14	16	13	26	37	8	9	39	8	35	23	35	20	31	10	30	15	3	20	14	18	25	18	26	20	
8	8	11	32	22	0	45	20	32	35	33	29	44	37	11	33	48	1	36	27	41	20	32	40	7	20	16	42	3	38	
9	37	33	32	25	10	0	31	22	31	21	29	18	26	2	22	48	9	34	38	6	11	23	34	20	21	38	3	39	32	
30	22	40	16	26	45	29	0	32	43	30	3	6	35	42	33	34	39	28	5	31	26	26	30	10	25	10	2	39	18	
18	10	30	28	27	36	32	40	0	13	22	43	28	40	35	21	37	3	24	17	8	29	1	10	16	38	40	31	35	34	
11	30	38	14	32	29	16	25	21	0	3	16	32	8	14	30	40	17	9	16	30	18	18	3	23	20	30	10	16	21	
14	13	4	14	1	22	24	13	1	12	0	17	34	16	41	22	11	9	30	18	14	23	7	16	22	23	1	18	19	28	
27	15	35	19	6	27	29	26	12	30	10	0	38	21	22	19	15	20	15	23	25	28	6	27	26	27	21	31	39	13	
26	18	13	6	21	42	23	11	3	21	17	4	0	25	36	11	24	11	32	19	7	14	9	8	20	15	24	14	33	21	
23	18	26	2	20	17	4	18	14	32	22	18	35	0	23	18	34	8	39	13	18	6	6	16	11	8	33	32	41	44	
32	6	22	21	8	29	31	11	41	47	23	24	29	23	0	38	1	35	30	22	2	11	1	26	29	33	34	1	5	1	
29	18	32	8	21	23	10	24	17	7	28	8	36	2	29	0	40	14	5	19	8	12	12	11	17	14	29	15	36	34	
22	22	33	9	10	17	1	30	43	40	25	25	4	25	10	26	0	37	1	22	43	25	19	21	23	21	39	8	41	2	
16	27	5	11	15	22	38	19	45	23	30	27	41	30	33	20	3	0	16	24	34	27	11	23	4	5	38	40	43	7	
31	10	34	12	30	15	4	27	8	26	32	28	14	6	32	28	14	16	0	12	21	16	14	23	9	1	33	42	4	45	
28	20	37	21	8	22	31	28	5	23	23	1	25	23	10	17	30	13	25	0	18	21	11	20	16	33	39	33	16	5	
33	22	20	16	38	38	33	47	25	42	45	23	29	25	45	33	49	30	4	29	0	10	8	30	5	28	31	6	42	2	
8	8	22	25	33	3	27	35	24	42	25	10	37	19	35	19	40	29	42	2	26	0	22	26	3	31	35	33	41	36	
43	21	28	22	23	26	3	17	22	24	22	38	25	16	6	38	11	28	29	32	28	26	0	9	4	2	30	36	23	21	
36	27	35	11	20	36	15	40	13	12	31	27	5	30	31	26	30	1	12	21	10	27	19	0	13	23	32	40	1	36	
34	2	30	35	38	43	39	40	36	4	3	39	31	31	25	27	20	26	32	8	36	15	41	2	0	1	25	33	9	22	
13	7	36	19	12	18	15	8	2	20	6	28	9	13	17	19	37	7	30	16	15	16	8	17	11	0	44	2	2	11	
21	22	10	14	30	29	16	10	7	5	23	7	33	8	35	26	38	13	8	22	20	18	13	22	22	20	0	15	13	34	
24	2	37	27	45	14	29	26	39	13	15	33	14	21	12	29	9	33	33	28	5	23	31	35	34	7	15	0	41	14	
35	18	14	2	14	10	16	30	26	28	9	18	35	8	3	19	46	19	30	15	11	6	18	16	16	14	21	32	0	22	
4	23	39	15	42	7	38	2	38	25	13	21	40	33	15	31	35	35	32	9	31	31	3	29	29	16	15	3	8	0	
M4
0	23	29	33	10	20	25	29	35	27	8	22	36	21	19	21	7	31	32	18	6	19	19	23	2	21	16	28	5	24	
19	0	27	21	28	38	38	13	12	24	31	23	17	2	26	27	28	25	32	32	12	16	36	28	7	28	16	25	37	21	
12	14	0	17	43	15	10	25	27	38	3	29	5	16	14	16	33	40	29	46	27	31	28	14	22	31	25	18	30	26	
26	6	26	0	8	19	4	20	19	31	7	22	24	9	14	12	23	32	30	33	19	23	34	15	14	35	8	32	44	8	
37	17	2	6	0	14	11	26	16	33	2	10	3	15	13	15	24	39	28	5	16	28	4	21	7	24	12	27	8	25	
25	19	2	25	20	0	21	8	24	16	4	19	32	17	15	12	19	10	24	4	22	8	28	20	21	16	12	3	30	18	
21	6	12	8	13	23	0	20	7	9	16	19	24	9	11	29	12	5	10	17	19	1	18	13	2	3	5	8	8	11	
17	1	15	19	23	27	21	0	13	23	29	4	19	4	9	17	17	20	2	31	11	15	30	27	9	24	18	24	1	14	
31	18	41	28	11	15	20	28	0	2	3	29	12	16	14	16	15	1	9	14	8	31	10	10	21	31	31	40	39	4	
8	2	20	24	21	31	20	16	15	0	24	15	20	5	19	28	31	8	6	14	15	9	39	11	10	23	13	18	10	19	
27	7	34	17	36	4	9	18	20	32	0	18	20	5	3	5	35	30	18	40	18	24	35	11	15	20	21	30	44	15	
33	37	20	23	16	12	45	35	31	23	28	0	31	36	25	2	35	36	9	31	2	15	42	23	28	29	19	16	27	17	
37	35	46	7	38	28	8	29	32	6	29	32	0	20	14	9	48	41	33	29	37	37	41	7	27	27	29	43	40	30	
22	24	13	27	14	22	12	26	14	10	17	11	23	0	2	24	38	28	18	1	17	2	32	3	15	16	6	11	33	12	
3	5	33	27	34	22	23	19	18	20	10	20	23	8	0	23	19	31	36	38	12	22	3	29	6	27	5	9	15	3	
31	28	25	9	26	36	19	40	30	22	25	33	29	24	24	0	13	3	25	30	11	14	14	26	23	8	18	18	27	24	
39	32	30	39	10	10	21	9	35	25	26	32	27	20	3	15	0	30	35	2	6	19	27	31	5	6	5	10	3	29	
41	35	32	40	14	8	34	19	33	8	30	22	32	13	31	35	29	0	17	25	22	21	26	17	34	34	25	30	45	20	
8	17	8	16	36	17	22	31	30	7	5	24	33	18	16	18	10	3	0	9	13	31	36	18	25	33	25	28	10	17	
26	21	43	35	14	22	27	3	34	16	10	27	3	23	21	23	42	17	36	0	22	32	18	29	22	38	19	20	22	33	
48	31	14	15	24	16	15	34	15	22	40	16	20	33	7	18	37	35	12	17	0	35	31	3	10	38	25	1	28	4	
19	21	10	30	11	21	31	35	15	7	14	18	32	24	9	27	35	25	15	15	31	0	43	11	12	13	3	8	30	9	
15	11	28	33	9	33	16	25	24	25	32	10	23	14	27	23	34	19	13	33	1	17	0	29	19	31	21	26	6	21	
39	47	24	38	43	31	39	30	1	18	35	35	4	17	34	25	40	48	1	28	25	48	37	0	29	13	21	24	8	34	
1	18	4	5	35	15	10	29	26	16	3	15	13	11	14	16	19	39	20	29	28	23	21	22	0	8	27	27	2	26	
21	11	4	1	12	30	41	25	24	10	29	7	29	14	24	20	3	37	12	13	20	14	48	26	9	0	18	21	36	22	
32	36	19	1	9	23	37	44	31	28	21	45	34	19	32	22	36	31	23	29	45	31	13	5	9	31	0	36	33	20	
29	9	37	8	32	25	38	12	15	14	27	18	27	11	7	5	38	35	19	42	13	26	42	18	17	37	18	0	6	1	
31	27	22	36	23	11	36	41	27	19	26	2	32	18	21	15	16	37	22	2	15	11	5	3	24	25	15	20	0	9	
19	3	16	19	29	13	16	17	16	27	32	27	21	6	7	22	32	29	22	36	16	20	34	32	11	32	20	29	41	0	
M5
0	8	20	5	9	32	21	24	21	30	1	18	28	8	19	36	8	11	5	32	4	5	38	22	22	20	27	23	29	13	
11	0	38	6	32	16	5	8	28	16	8	2	31	5	3	46	32	32	31	41	44	21	37	15	39	11	11	31	30	29	
17	6	0	20	17	30	19	22	39	30	5	16	13	19	17	5	15	32	45	24	22	7	43	26	31	12	14	24	33	17	
8	1	24	0	15	25	14	2	25	20	10	8	6	9	12	28	25	2	11	31	13	21	32	15	19	9	16	13	22	6	
22	44	16	13	0	28	5	29	17	46	43	1	32	20	15	37	26	15	14	36	26	23	21	16	22	14	5	21	23	7	
19	32	19	16	31	0	14	26	20	44	6	5	30	17	12	15	23	13	32	21	32	11	38	13	19	11	16	6	1	4	
27	23	5	37	35	29	0	24	32	15	28	33	7	34	34	17	18	14	30	9	33	33	45	38	38	11	32	30	15	29	
11	19	33	14	13	10	11	0	9	4	35	7	9	32	30	34	43	15	19	19	34	6	44	9	19	9	2	19	31	46	
10	32	25	5	20	3	27	5	0	23	9	20	20	10	1	29	46	3	38	23	22	22	15	1	38	28	8	20	18	35	
32	16	25	30	7	1	19	16	36	0	27	25	5	23	23	17	46	3	2	32	22	20	42	31	10	35	15	2	36	33	
8	39	22	14	24	8	12	6	23	24	0	27	21	15	10	48	21	20	30	11	36	26	34	9	17	1	22	24	18	2	
18	31	29	16	33	25	14	6	29	16	19	0	29	17	12	7	20	16	11	26	15	17	12	13	7	11	22	15	20	4	
2	11	3	12	19	16	9	25	46	2	1	21	0	5	14	32	25	16	6	16	35	33	31	15	21	6	30	17	21	6	
32	24	27	23	34	22	32	33	12	14	22	20	32	0	35	23	24	30	29	15	1	23	10	29	11	33	40	26	44	28	
3	4	26	12	31	27	17	15	33	13	17	14	21	17	0	25	1	4	12	4	23	23	44	23	17	23	23	28	16	41	
2	37	14	6	33	2	29	12	35	13	37	25	17	38	25	0	20	5	22	34	24	24	10	1	1	32	28	22	28	25	
35	16	15	29	26	13	29	32	25	11	9	3	3	29	5	40	0	15	14	36	8	22	1	36	26	35	11	26	21	35	
28	40	7	26	19	12	36	11	21	29	21	19	2	33	15	36	32	0	42	14	4	4	29	13	22	30	13	39	34	27	
21	2	8	14	21	25	15	11	19	23	18	12	34	15	13	24	21	39	0	11	40	27	45	10	33	21	2	15	33	18	
13	9	19	9	8	30	22	25	34	22	25	18	30	22	11	26	6	38	24	0	17	25	35	17	13	28	28	37	19	27	
18	42	32	9	22	27	21	19	4	13	44	12	31	16	22	19	24	29	28	29	0	9	26	23	5	21	35	22	30	14	
32	13	11	27	40	28	16	13	33	31	9	23	1	5	5	6	7	39	9	15	16	0	17	31	13	28	29	46	30	40	
25	31	4	22	27	31	20	32	19	21	10	9	4	23	13	21	18	33	31	39	44	37	0	2	12	17	39	36	5	10	
5	37	29	26	28	22	13	20	34	8	48	11	18	22	41	34	36	24	20	10	40	15	15	0	12	14	17	19	18	39	
26	7	15	21	29	17	20	2	25	20	6	16	25	20	18	8	47	31	27	35	36	7	22	25	0	21	15	35	15	42	
11	13	22	23	10	23	26	29	18	27	3	23	36	26	24	24	11	19	42	16	1	10	20	14	5	0	12	15	24	28	
18	36	6	15	1	24	8	17	21	12	48	23	1	16	11	5	17	16	4	17	4	26	37	6	18	7	0	27	19	3	
27	10	17	6	41	33	23	20	34	21	5	20	32	23	21	10	10	15	2	38	34	17	16	22	38	29	29	0	44	46	
17	38	35	7	22	6	17	30	47	32	48	34	35	27	2	26	35	45	47	31	40	34	39	23	46	4	37	42	0	31	
10	43	24	7	37	16	5	17	40	35	42	21	40	8	3	43	14	46	23	24	29	22	29	4	10	2	33	26	11	0	
M6
0	1	26	19	41	25	20	5	20	18	7	10	16	23	11	23	25	8	16	23	19	8	43	4	18	18	15	15	12	11	
33	0	36	8	8	40	38	42	18	6	22	26	31	27	26	19	34	27	19	31	3	10	36	24	24	15	15	20	8	30	
24	25	0	7	26	5	3	34	31	4	16	14	3	32	9	11	17	2	41	18	6	23	44	21	23	27	35	26	16	16	
6	7	15	0	10	34	32	3	7	35	23	21	18	39	24	23	36	25	29	4	31	3	18	21	34	34	32	5	23	25	
19	20	36	24	0	13	14	10	24	29	17	15	14	14	18	45	30	16	23	33	25	25	2	22	2	21	8	4	6	4	
10	22	29	17	1	0	24	26	10	24	10	8	14	26	2	38	23	9	32	29	18	7	29	15	7	6	36	36	10	7	
46	25	33	37	4	12	0	31	2	11	33	40	17	9	40	34	39	35	27	23	8	12	20	14	21	7	13	40	40	10	
8	2	20	12	42	23	19	0	2	21	5	3	9	5	6	34	18	3	24	5	22	16	4	3	4	16	34	5	5	7	
18	16	20	17	22	10	13	8	0	30	14	39	26	30	30	35	34	36	5	33	41	10	29	4	25	2	36	11	40	40	
32	28	11	31	23	17	16	33	8	0	24	22	5	40	25	9	29	7	28	22	19	6	38	27	35	15	15	27	24	9	
21	28	10	25	39	9	30	29	6	7	0	39	14	7	38	31	35	40	17	10	29	15	34	12	2	2	26	33	36	23	
9	21	20	8	47	19	15	19	16	17	1	0	5	17	2	37	14	28	27	20	18	12	32	6	12	12	35	27	1	3	
35	35	25	37	15	24	32	7	21	22	6	32	0	22	14	41	28	34	4	4	20	6	12	27	17	17	41	24	6	21	
41	4	24	35	24	7	6	5	46	36	37	35	4	0	14	47	18	40	2	18	5	37	15	20	29	17	41	46	27	6	
37	9	5	7	41	10	16	34	22	23	7	37	30	23	0	18	24	29	25	16	31	31	17	28	18	18	42	13	4	23	
40	12	34	27	28	26	26	3	26	13	18	31	14	3	34	0	37	2	2	2	10	42	32	18	29	29	5	23	8	5	
47	48	47	30	9	24	40	42	36	49	37	44	17	44	32	28	0	17	12	48	24	21	33	38	29	34	18	2	23	38	
42	9	28	16	34	24	10	22	49	42	40	38	29	8	33	23	5	0	27	30	16	11	18	40	30	11	17	20	10	26	
27	39	23	23	22	41	37	41	34	28	23	21	13	39	24	25	32	15	0	28	10	24	1	8	34	15	20	15	21	24	
16	9	21	24	5	25	22	23	14	33	17	15	21	1	17	1	20	22	20	0	23	10	33	22	23	13	39	17	17	5	
31	28	7	33	2	15	30	16	16	17	1	32	24	7	15	34	16	46	26	20	0	25	12	22	12	12	36	35	24	2	
8	20	16	31	9	39	1	21	39	10	24	22	2	17	25	34	15	27	2	42	38	0	46	16	35	22	34	32	24	26	
7	19	22	10	39	21	17	21	14	8	3	1	7	19	4	39	16	26	13	22	4	4	0	8	14	14	33	19	3	5	
7	19	43	23	24	37	38	10	21	23	25	28	12	16	25	1	7	26	28	14	37	26	23	0	36	36	24	25	30	17	
28	32	4	39	9	35	13	23	40	12	25	33	32	11	36	29	42	12	30	28	12	10	31	40	0	36	29	37	23	2	
14	13	6	5	10	6	6	30	13	8	14	12	18	25	7	43	27	33	40	1	31	22	10	19	12	0	17	5	14	16	
32	11	7	2	36	17	42	46	39	32	24	26	32	30	29	39	27	40	13	34	29	29	6	33	23	15	0	38	28	30	
17	6	28	11	23	3	22	16	14	7	9	7	13	25	10	11	22	36	13	28	9	16	17	14	20	20	14	0	6	9	
33	23	37	21	22	33	12	11	31	3	25	23	24	9	20	26	38	1	15	13	16	33	23	11	36	15	23	12	0	10	
23	1	8	22	29	33	13	15	1	31	15	13	16	31	16	41	28	2	41	9	28	14	46	20	25	25	22	25	11	0	
M7
0	1	23	25	27	25	27	17	37	33	10	13	30	2	33	27	28	16	6	20	13	32	27	9	24	25	40	14	21	29	
28	0	5	22	23	7	19	6	19	29	6	3	12	31	31	16	26	3	14	32	9	23	23	20	6	23	41	41	14	19	
27	11	0	21	8	17	30	2	29	21	10	2	1	24	24	15	18	3	26	8	1	18	15	19	27	16	10	24	25	7	
38	36	1	0	21	27	33	12	19	22	41	14	8	34	25	25	7	3	15	28	11	4	25	7	37	26	12	40	35	30	
22	34	6	33	0	18	16	21	15	27	36	1	18	14	9	42	28	34	26	30	39	21	34	7	37	34	27	19	8	17	
37	5	12	4	14	0	41	1	1	35	23	25	34	13	13	13	22	25	15	29	12	28	10	12	19	5	28	23	23	34	
23	23	34	11	35	36	0	22	19	40	25	38	4	15	39	27	38	35	34	29	38	18	34	34	17	47	38	46	18	2	
15	35	6	26	23	19	33	0	2	24	39	20	1	27	7	5	9	27	2	11	26	30	24	15	31	19	11	15	8	8	
24	17	20	16	10	1	7	6	0	18	24	17	21	9	9	9	18	21	10	5	8	23	6	8	15	1	27	19	22	10	
25	2	14	6	20	26	28	25	34	0	18	22	22	22	28	35	34	12	30	6	22	25	36	17	25	37	6	22	14	38	
47	27	24	30	36	33	17	5	40	3	0	19	37	29	32	34	6	44	31	38	26	37	21	21	13	27	25	43	38	33	
29	31	14	27	9	40	36	33	14	11	21	0	24	33	26	26	29	29	10	14	31	5	20	2	32	46	24	42	15	1	
23	33	18	5	35	45	12	31	20	17	25	23	0	16	34	34	43	22	28	34	33	43	31	14	38	26	26	40	26	21	
1	31	3	11	9	25	19	16	30	18	31	15	19	0	11	19	11	13	21	23	9	6	16	18	25	11	18	29	11	31	
27	14	2	35	34	38	37	25	11	33	22	24	22	23	0	37	29	30	39	20	36	39	30	35	37	29	17	18	37	29	
22	19	26	18	26	3	26	15	10	14	19	39	24	20	27	0	21	4	6	25	12	39	16	2	17	19	20	11	37	1	
15	20	37	34	17	19	26	3	8	27	1	21	37	4	26	12	0	23	28	27	3	25	17	24	26	18	20	8	1	18	
15	23	25	12	5	7	13	19	8	36	19	20	4	31	18	2	17	0	24	41	30	33	19	24	11	23	13	21	1	5	
9	14	16	30	34	25	35	11	5	27	11	27	31	27	5	36	20	31	0	15	22	17	27	31	9	37	37	24	12	13	
8	23	4	4	10	22	11	22	18	2	17	24	5	29	29	19	23	5	13	0	6	8	20	10	9	21	34	24	6	29	
33	19	21	18	1	3	17	7	15	11	37	16	30	10	10	1	4	25	12	14	0	21	1	8	13	2	28	20	23	22	
21	39	3	34	4	36	34	39	27	15	24	19	32	32	8	26	13	24	3	40	28	0	30	14	28	40	24	26	26	21	
8	5	10	1	31	13	6	25	25	10	15	22	6	1	35	31	14	23	22	29	17	27	0	19	28	29	36	44	2	24	
21	8	4	20	26	17	25	10	29	7	15	26	1	16	33	33	24	6	29	5	22	24	30	0	9	25	10	25	22	5	
33	37	7	29	2	34	32	20	14	21	34	17	30	29	16	44	4	18	2	14	31	25	3	8	0	43	7	22	24	28	
29	29	23	28	5	19	33	1	31	27	32	20	25	4	4	4	13	28	6	29	3	30	1	3	10	0	22	14	27	25	
22	3	20	2	27	13	23	23	25	35	20	23	1	17	1	1	28	23	8	35	25	40	23	9	26	18	0	32	8	6	
26	4	19	32	20	17	37	15	29	31	27	8	26	10	24	21	19	6	5	30	7	3	21	4	27	22	35	0	12	8	
1	15	26	28	21	28	12	29	36	33	19	7	23	29	20	31	7	20	26	27	34	19	13	24	38	30	21	38	0	14	
39	31	21	40	3	35	33	11	32	15	21	18	7	2	18	32	17	3	33	28	31	17	27	2	32	24	27	36	25	0	
