30  8  1
8
	0	67	1	99	2	92	3	73	4	82	5	4	6	56	7	70
	0	53	1	99	2	38	3	91	4	26	5	46	6	48	7	67
	0	60	1	72	2	19	3	68	4	64	5	55	6	60	7	84
	0	26	1	34	2	79	3	58	4	40	5	22	6	28	7	42
	0	8	1	44	2	31	3	47	4	59	5	72	6	99	7	17
	0	46	1	95	2	20	3	48	4	83	5	56	6	13	7	18
	0	49	1	61	2	60	3	14	4	65	5	5	6	57	7	70
	0	19	1	6	2	59	3	46	4	8	5	32	6	1	7	8
	0	100	1	42	2	22	3	11	4	58	5	4	6	22	7	68
	0	63	1	46	2	37	3	70	4	31	5	54	6	2	7	95
	0	21	1	31	2	40	3	7	4	64	5	65	6	8	7	49
	0	73	1	82	2	63	3	66	4	5	5	94	6	58	7	23
	0	85	1	35	2	63	3	97	4	26	5	70	6	67	7	62
	0	92	1	23	2	30	3	1	4	81	5	33	6	65	7	94
	0	46	1	70	2	81	3	91	4	74	5	37	6	14	7	60
	0	79	1	53	2	31	3	54	4	83	5	8	6	87	7	59
	0	10	1	5	2	48	3	13	4	93	5	56	6	43	7	92
	0	77	1	85	2	85	3	13	4	75	5	50	6	76	7	14
	0	1	1	4	2	98	3	90	4	91	5	39	6	46	7	97
	0	84	1	98	2	47	3	67	4	29	5	37	6	93	7	91
	0	33	1	71	2	67	3	46	4	71	5	60	6	31	7	99
	0	20	1	83	2	34	3	3	4	92	5	26	6	25	7	54
	0	73	1	96	2	5	3	99	4	94	5	1	6	45	7	1
	0	95	1	86	2	40	3	93	4	60	5	9	6	5	7	93
	0	17	1	94	2	4	3	55	4	54	5	95	6	84	7	79
	0	81	1	53	2	55	3	96	4	40	5	46	6	27	7	15
	0	54	1	52	2	9	3	96	4	43	5	68	6	23	7	70
	0	76	1	73	2	86	3	44	4	27	5	17	6	70	7	42
	0	36	1	72	2	40	3	79	4	20	5	87	6	23	7	77
	0	78	1	23	2	71	3	42	4	63	5	60	6	14	7	100
SSD
M0
0	23	7	6	15	28	40	30	25	24	4	3	29	7	8	29	9	28	21	25	17	16	33	20	27	35	4	25	10	17	
39	0	20	7	28	32	7	15	20	33	6	19	34	12	30	2	18	14	27	39	1	40	3	5	15	11	32	34	20	7	
2	17	0	30	24	27	25	2	13	3	1	14	24	38	28	23	23	25	36	22	18	32	29	17	3	27	33	21	32	14	
8	14	18	0	5	7	30	5	11	25	6	13	23	11	5	19	7	28	2	14	23	21	11	14	8	3	12	20	5	19	
39	28	17	36	0	5	28	10	8	42	32	27	35	7	19	6	26	19	16	10	10	8	28	1	22	40	26	30	1	6	
33	39	10	15	19	0	44	32	35	23	18	13	29	12	3	33	23	30	38	13	37	28	25	28	44	20	37	16	28	20	
15	19	38	15	13	12	0	31	13	18	15	3	35	16	26	25	8	17	23	31	26	29	27	22	29	5	22	9	10	27	
22	27	28	9	3	11	16	0	2	25	30	26	36	18	7	17	26	18	15	18	21	12	8	12	21	12	12	1	12	17	
30	14	1	19	5	18	30	11	0	25	18	13	23	18	5	19	23	28	2	14	18	2	14	14	8	32	12	3	14	13	
25	26	8	14	17	30	27	23	23	0	14	25	7	17	4	30	12	1	14	8	24	33	22	21	5	29	18	24	26	31	
28	8	21	13	26	5	23	37	20	6	0	21	7	16	40	30	36	3	37	14	20	42	38	5	15	11	37	8	10	30	
34	35	41	37	30	23	13	30	10	28	18	0	29	35	25	6	29	40	27	14	37	37	19	30	8	32	10	26	18	36	
14	10	37	30	26	14	8	17	28	33	39	29	0	6	14	40	39	32	23	35	34	28	34	19	10	13	28	29	24	40	
23	25	5	40	31	27	7	17	21	11	46	13	37	0	17	45	15	36	30	42	32	22	29	24	21	45	8	21	23	20	
47	20	44	33	22	35	22	20	38	34	9	28	19	17	0	30	40	2	19	31	36	5	2	28	25	38	7	37	31	10	
26	17	17	28	5	18	32	23	3	9	32	11	25	20	12	0	1	32	16	23	23	21	4	12	22	7	15	23	3	19	
33	17	31	17	6	19	21	14	22	23	21	16	20	21	8	20	0	22	5	17	24	16	17	15	11	35	4	14	15	16	
10	9	9	28	22	25	27	30	7	33	6	17	28	18	24	31	6	0	21	33	15	1	25	31	13	12	20	30	31	32	
27	11	27	36	2	15	27	8	18	25	15	10	20	17	2	16	20	25	0	11	20	18	11	11	5	29	9	17	11	16	
45	29	25	17	31	13	11	39	47	27	30	24	20	12	33	45	15	10	30	0	47	31	8	8	36	42	10	39	40	41	
33	17	33	30	8	9	1	14	24	1	21	16	14	23	8	7	7	31	5	6	0	24	17	17	11	11	15	23	10	7	
29	33	19	8	24	23	14	25	19	19	28	3	7	26	4	10	37	31	21	18	42	0	4	31	3	18	19	22	20	37	
30	31	39	35	17	10	4	7	22	35	43	20	25	3	1	31	38	43	34	22	35	33	0	4	4	28	5	23	26	16	
33	32	21	36	23	36	41	29	3	24	36	10	11	6	20	34	38	28	20	26	7	8	9	0	26	13	14	11	14	17	
9	20	40	26	27	35	5	5	1	27	35	14	4	41	10	29	17	22	26	38	37	12	32	36	0	7	31	2	36	39	
35	19	30	28	5	18	35	16	21	33	23	6	28	20	1	16	28	32	7	3	23	21	8	14	13	0	9	7	11	4	
28	36	12	42	29	42	2	23	30	43	20	37	25	15	1	39	40	8	26	31	19	37	18	16	32	5	0	43	37	1	
12	4	17	36	28	8	37	34	26	12	2	27	19	19	28	10	35	26	25	31	16	43	28	28	31	34	35	0	31	40	
28	42	7	16	24	37	26	37	33	28	17	12	20	12	19	38	15	5	30	26	9	28	34	33	15	39	29	3	0	1	
17	20	30	20	11	24	26	12	13	5	24	19	18	12	11	13	19	29	8	20	29	27	12	20	14	38	12	26	20	0	
M1
0	4	1	21	29	7	3	4	16	14	6	15	17	3	15	30	17	22	8	12	26	2	2	15	18	10	14	9	5	13	
7	0	24	42	27	19	29	2	2	45	31	34	21	14	18	23	25	2	23	33	24	34	12	15	7	23	46	28	27	8	
7	24	0	31	17	16	43	11	3	24	39	34	23	18	13	27	14	12	17	22	19	10	20	25	22	29	6	34	24	20	
26	6	18	0	15	31	7	18	22	32	1	21	33	10	34	14	1	16	33	9	17	3	21	20	9	19	25	24	2	4	
48	4	45	23	0	27	19	41	13	49	21	31	1	27	18	13	11	42	42	19	22	47	37	8	5	29	2	17	9	27	
9	16	12	23	17	0	32	10	26	29	24	21	1	27	8	5	6	15	1	14	15	14	17	18	14	13	47	17	8	18	
13	5	4	26	30	18	0	5	30	15	22	22	4	21	15	31	25	22	8	33	27	11	23	21	16	2	39	26	15	7	
2	19	19	34	20	11	26	0	19	40	36	28	13	24	10	30	17	29	15	25	16	26	12	23	25	15	38	20	22	3	
21	23	7	30	27	30	39	13	0	38	34	33	32	37	29	24	13	17	31	21	35	20	31	4	21	31	34	2	25	22	
10	22	21	19	28	25	32	22	35	0	11	2	15	2	7	43	32	24	10	14	25	2	8	27	13	22	10	23	17	15	
6	4	12	21	7	30	32	13	26	25	0	21	16	24	8	1	4	15	1	12	6	42	19	18	12	13	14	11	8	18	
22	13	42	31	23	16	2	33	47	31	26	0	43	28	46	40	40	13	42	45	4	16	28	3	38	27	25	10	39	35	
23	25	36	32	12	19	32	35	43	34	18	8	0	2	10	16	15	39	25	14	6	22	4	31	23	33	30	35	5	32	
10	14	15	12	3	27	7	10	24	9	27	24	29	0	11	43	30	18	4	14	32	19	22	21	8	16	37	25	11	19	
11	27	21	16	20	11	31	3	28	6	4	14	17	1	0	30	26	4	13	20	8	1	21	30	12	4	35	2	16	12	
4	10	14	24	21	24	13	17	40	43	32	24	36	26	16	0	7	31	38	10	17	9	9	14	9	24	12	29	35	26	
39	5	42	12	9	25	36	37	35	35	20	15	45	30	32	8	0	44	38	3	25	33	32	14	3	13	37	31	42	38	
28	3	19	31	28	17	27	20	22	8	31	7	16	47	15	27	14	0	8	17	11	13	9	20	22	20	41	2	2	25	
16	32	7	37	18	25	27	8	21	24	19	16	27	38	3	35	22	10	0	24	30	40	14	13	30	8	48	34	3	13	
21	6	12	7	23	2	24	13	21	27	12	14	18	20	8	40	27	15	1	0	19	12	19	18	30	13	25	25	8	18	
23	21	8	40	18	32	35	15	5	26	38	14	23	5	31	22	31	46	32	2	0	22	28	20	21	36	29	38	12	5	
6	10	11	34	31	24	9	37	17	38	5	41	12	24	44	29	21	49	37	29	25	0	22	37	23	13	9	26	17	44	
35	23	43	25	24	31	3	27	24	20	27	33	32	5	3	26	13	24	32	21	6	31	0	12	19	3	18	3	39	23	
9	26	26	38	5	18	33	1	12	39	16	35	20	9	15	34	21	2	22	25	23	33	19	0	29	22	3	9	5	10	
26	11	5	31	27	37	46	21	4	43	18	8	16	18	10	26	14	29	15	22	14	26	18	32	0	13	44	25	22	30	
33	20	17	18	4	1	7	35	7	48	5	36	46	31	19	23	16	3	37	24	37	21	29	10	24	0	43	17	41	18	
21	29	6	44	6	21	12	13	9	32	8	15	29	43	5	34	27	39	28	9	35	21	21	34	4	30	0	10	10	22	
10	23	25	40	38	23	10	34	37	3	32	35	44	21	29	14	39	27	22	19	7	20	5	33	38	34	13	0	7	19	
27	14	1	5	18	5	14	32	11	8	5	24	45	4	27	17	4	3	20	12	8	35	38	7	8	22	26	25	0	6	
3	27	35	27	21	39	44	28	24	14	46	3	31	14	28	6	21	21	24	29	30	6	42	36	29	36	17	26	18	0	
M2
0	4	41	8	34	16	41	20	26	28	29	4	22	24	26	7	36	40	40	7	26	9	15	25	39	20	33	37	15	31	
8	0	31	21	9	25	20	41	28	36	15	2	23	16	40	17	21	35	3	34	16	3	19	20	18	35	6	8	4	20	
21	11	0	20	14	2	2	4	24	33	7	21	21	18	48	24	20	3	2	13	25	36	30	18	5	35	19	20	21	33	
26	35	21	0	14	14	16	33	34	33	13	14	24	13	10	47	24	6	21	11	29	36	32	37	5	35	19	20	17	33	
38	27	45	19	0	49	39	48	30	9	18	19	17	28	10	18	46	10	27	14	3	42	19	36	35	46	25	34	6	4	
3	22	19	19	26	0	27	42	2	25	31	38	20	4	36	44	20	4	26	38	19	30	8	3	22	27	13	23	20	13	
3	23	21	9	14	18	0	31	12	15	31	2	21	21	34	24	2	12	25	3	23	30	26	27	5	13	13	14	30	26	
25	25	20	4	13	25	15	0	33	32	20	20	23	2	42	17	20	12	24	2	28	22	23	14	4	11	18	3	23	23	
28	25	16	42	29	11	3	39	0	3	28	34	33	27	17	41	41	24	2	18	36	11	39	28	40	40	26	22	10	36	
6	15	16	12	20	7	5	39	12	0	29	10	13	10	33	43	35	20	36	37	12	38	1	27	25	41	21	11	13	17	
23	20	26	15	27	9	5	27	12	19	0	18	10	24	8	13	4	29	36	37	26	14	29	32	36	9	16	8	32	26	
32	35	48	43	30	9	36	48	11	36	18	0	25	33	49	3	41	27	6	13	16	7	37	32	43	22	32	1	18	19	
24	24	19	15	12	40	14	30	21	27	32	16	0	19	20	28	22	2	23	19	21	6	10	36	3	33	17	18	16	20	
29	18	26	18	31	29	16	35	12	26	12	31	8	0	10	10	28	17	36	31	12	19	15	4	33	16	2	12	12	16	
26	3	11	19	20	32	17	34	10	1	21	22	7	16	0	21	21	12	13	34	13	6	16	29	18	18	3	13	28	5	
27	22	34	15	14	40	29	41	19	9	4	21	20	5	32	0	37	34	2	28	17	36	8	19	18	33	32	24	8	12	
37	45	18	6	9	30	38	14	40	10	21	9	36	45	35	47	0	32	30	23	11	34	42	1	29	38	29	39	28	14	
37	40	36	36	24	19	13	22	20	34	10	29	5	9	48	6	49	0	39	10	20	36	38	39	31	11	38	27	9	42	
26	15	21	20	14	42	9	13	34	26	15	14	24	21	20	43	24	4	0	21	3	31	28	23	5	35	15	10	29	29	
8	33	29	15	23	29	27	35	14	8	35	39	2	18	38	32	42	16	12	0	27	5	30	33	23	28	17	17	8	31	
22	17	4	22	16	16	18	7	14	20	5	23	2	12	22	45	18	26	25	23	0	12	3	23	7	37	17	22	15	19	
28	3	38	3	30	18	4	24	20	26	37	14	21	18	41	25	18	1	27	5	20	0	9	35	33	15	19	29	21	20	
14	9	35	24	16	30	21	43	6	12	23	32	7	4	27	37	29	33	30	31	6	39	0	21	19	45	33	34	7	11	
15	30	8	10	24	14	28	31	5	29	16	29	36	27	44	10	6	18	27	27	24	31	27	0	26	16	14	24	29	8	
17	26	12	11	5	33	7	24	25	24	28	12	15	12	44	42	15	34	16	12	20	27	23	33	0	26	10	11	35	24	
18	21	36	36	28	20	33	4	8	11	1	38	19	16	1	19	3	21	32	4	18	28	7	2	31	0	25	3	1	23	
18	7	40	7	20	30	5	26	15	21	9	21	16	10	25	43	17	21	36	32	1	8	4	19	28	49	0	1	16	5	
30	25	19	17	4	39	18	12	22	9	39	22	23	16	15	21	19	22	23	10	22	15	11	37	35	16	44	0	10	26	
28	9	23	8	16	44	18	2	36	35	21	7	26	23	38	24	26	26	27	13	31	25	34	10	7	20	21	9	0	34	
36	12	38	22	4	43	31	40	30	16	17	21	14	8	3	13	24	6	25	6	35	31	34	32	22	38	34	19	12	0	
M3
0	21	15	40	27	28	2	23	32	19	17	17	8	5	15	12	25	8	15	5	28	30	30	22	14	27	11	4	19	27	
20	0	13	5	13	8	17	37	3	20	3	25	14	37	30	12	11	10	26	13	2	35	16	7	20	21	7	33	27	12	
3	3	0	3	7	1	30	22	20	23	19	18	30	45	11	28	2	3	27	7	21	18	32	19	15	15	22	20	19	16	
19	28	21	0	19	20	41	14	2	27	19	27	21	27	31	13	20	29	32	30	24	39	20	16	34	32	33	15	25	21	
26	34	17	13	0	24	30	26	36	10	26	37	28	42	38	9	37	22	32	27	13	16	34	30	36	22	12	17	47	8	
3	21	12	3	24	0	6	23	36	38	21	20	17	30	27	30	29	5	30	21	29	6	24	27	7	12	16	27	21	29	
7	5	22	33	20	12	0	36	16	43	29	1	13	10	7	17	34	13	20	11	13	16	34	7	19	22	16	15	34	32	
18	13	16	24	33	27	2	0	24	18	1	17	22	26	18	10	12	28	24	11	12	10	14	23	18	16	16	9	25	20	
18	31	8	33	6	7	37	25	0	28	30	18	29	26	20	10	7	16	19	23	11	43	14	12	28	38	32	19	32	17	
36	13	30	17	27	29	15	12	11	0	24	23	12	21	36	5	29	8	31	7	33	32	36	18	22	13	27	15	38	39	
10	5	34	16	32	34	35	30	16	10	0	28	21	27	34	2	4	20	16	6	4	49	6	21	10	48	8	38	17	18	
16	23	12	10	16	30	4	5	34	18	14	0	9	28	6	11	25	9	37	27	18	34	25	3	23	26	29	33	7	6	
9	21	23	44	24	32	10	39	21	30	21	20	0	33	31	19	9	5	4	31	32	17	34	29	19	23	26	9	31	23	
31	18	19	41	21	26	29	25	36	35	18	17	2	0	26	6	23	2	9	2	29	24	31	16	8	21	5	10	25	21	
31	22	14	1	1	25	33	24	14	8	22	13	20	21	0	28	30	6	11	1	17	8	26	16	20	2	27	29	15	35	
26	20	8	41	25	19	27	22	28	12	18	23	14	19	13	0	23	22	14	18	1	2	2	36	13	8	25	4	15	29	
27	19	27	33	22	30	30	20	33	8	10	18	33	30	17	15	0	3	18	23	21	32	23	23	10	36	25	30	12	1	
16	3	44	26	6	14	14	40	26	20	3	2	31	37	31	12	14	0	15	13	14	44	16	11	1	39	16	14	27	28	
8	27	31	14	33	16	8	19	27	10	30	3	14	11	6	18	34	14	0	14	21	36	43	28	12	33	5	11	37	33	
30	4	20	22	15	16	25	37	1	8	18	17	8	27	9	10	19	2	15	0	23	37	26	24	16	14	16	9	22	27	
38	17	22	42	17	30	36	35	32	30	23	24	10	9	12	16	33	9	16	12	0	16	21	26	18	2	15	20	35	10	
21	15	3	46	20	14	44	27	31	41	39	26	9	36	29	28	31	39	42	39	30	0	15	35	45	3	32	18	40	24	
16	17	22	25	29	11	30	12	28	22	5	26	20	39	46	14	16	32	27	18	16	16	0	33	22	18	13	16	29	30	
15	19	21	6	7	17	32	16	39	23	21	11	5	45	7	30	32	11	11	10	14	15	33	0	25	13	33	25	11	22	
16	5	7	8	18	18	31	27	25	37	20	19	4	1	18	7	16	4	11	4	31	1	19	18	0	7	7	12	27	13	
23	13	16	13	13	30	7	27	16	23	6	22	25	31	28	15	17	33	29	8	15	13	19	12	23	0	2	34	30	31	
26	20	8	27	19	19	47	23	36	3	44	16	13	36	20	13	31	32	45	19	19	2	20	40	24	8	0	23	20	29	
15	26	21	8	19	9	17	5	2	30	14	26	19	38	20	23	18	29	16	27	10	42	27	25	7	27	21	0	33	11	
30	18	12	39	21	23	29	3	40	33	18	17	18	25	38	11	23	2	30	8	29	6	24	3	16	12	31	27	0	33	
24	22	8	40	27	29	3	29	33	29	17	13	11	8	24	2	12	11	17	11	28	33	30	24	17	22	14	17	20	0	
M4
0	18	43	26	45	28	4	37	28	8	6	31	13	7	24	35	4	20	38	27	39	20	5	3	39	42	45	10	3	12	
8	0	14	10	27	13	17	14	34	48	32	11	36	19	24	37	35	24	19	36	1	27	25	41	44	24	38	27	30	8	
41	7	0	37	49	41	23	30	34	1	39	38	22	15	12	14	30	8	36	25	34	9	9	19	4	19	10	8	18	6	
29	25	9	0	32	44	20	18	38	19	22	14	18	40	4	35	38	22	25	40	12	26	45	18	32	27	24	30	9	1	
38	42	19	15	0	14	5	9	11	43	20	12	36	28	19	34	35	19	23	31	29	18	5	26	5	11	33	4	25	37	
6	13	36	31	47	0	14	31	39	22	33	38	36	21	8	34	5	22	20	33	26	42	1	26	33	45	35	13	13	2	
21	49	29	2	26	49	0	49	13	31	7	39	4	30	46	27	42	32	3	33	26	17	18	33	19	39	1	22	37	20	
29	36	23	18	20	22	8	0	12	37	23	2	23	19	2	17	18	2	9	14	41	5	26	37	22	13	16	6	8	27	
38	19	11	20	6	5	15	27	0	34	6	10	10	37	6	3	34	19	21	14	44	16	22	40	29	23	29	26	32	13	
23	11	9	40	47	34	38	38	49	0	16	42	8	37	31	41	26	2	40	28	38	43	30	14	22	8	46	42	49	20	
31	11	32	26	13	27	38	47	16	29	0	42	17	9	39	15	42	10	18	46	38	20	37	15	34	28	35	43	23	4	
34	47	22	26	13	46	1	38	48	48	16	0	28	22	17	21	19	8	6	45	49	39	49	31	34	8	48	11	17	20	
38	25	40	22	35	44	15	22	42	15	24	17	0	39	17	40	38	2	28	7	16	12	13	32	20	30	27	33	24	42	
35	3	19	6	27	23	22	6	26	49	20	16	20	0	15	27	32	16	21	28	30	19	16	5	36	7	9	20	10	37	
38	19	30	27	29	23	17	1	21	32	9	11	6	4	0	26	27	11	18	14	28	14	4	28	31	22	25	15	17	2	
27	39	1	13	25	8	13	29	9	11	25	7	17	19	14	0	31	20	8	12	42	17	4	17	45	20	8	23	6	31	
42	39	10	43	41	30	45	33	2	16	21	42	4	34	15	23	0	32	25	37	24	28	10	25	40	41	44	14	42	26	
24	2	32	29	25	2	12	42	30	28	25	38	49	13	28	29	21	0	28	45	19	10	45	19	29	20	43	47	16	25	
35	6	31	26	1	44	12	29	20	2	36	29	14	38	37	36	48	8	0	44	33	34	6	31	41	41	15	1	3	40	
40	19	40	5	6	13	5	23	41	43	34	29	10	31	33	18	11	2	8	0	22	14	45	31	19	2	47	37	31	25	
45	41	40	17	37	43	25	35	1	39	24	19	6	19	17	41	3	20	14	32	0	37	11	21	13	22	25	33	6	29	
20	18	23	28	32	34	20	4	5	45	21	14	24	31	2	11	9	14	17	26	33	0	35	39	22	17	28	14	5	36	
26	17	12	36	34	48	11	19	27	32	37	16	30	26	29	42	13	29	27	19	42	19	0	9	46	27	25	18	13	41	
13	14	42	29	11	14	39	48	4	21	37	34	25	16	36	38	3	35	29	38	3	34	14	0	18	43	27	1	29	28	
34	6	30	26	15	27	9	36	30	43	24	3	36	10	8	13	27	16	14	42	33	28	18	39	0	16	49	19	3	28	
20	47	40	21	25	5	25	11	31	16	21	21	20	31	21	3	37	8	1	33	49	24	23	23	41	0	32	25	27	27	
35	15	36	11	17	6	15	16	6	22	30	9	37	15	26	12	29	15	13	15	42	29	20	11	31	12	0	18	19	34	
7	18	41	2	19	33	11	34	15	37	45	26	30	13	9	45	47	7	1	20	23	32	46	11	41	15	20	0	1	14	
43	15	20	3	22	38	20	14	32	41	35	14	39	41	24	38	35	24	25	22	16	11	25	21	20	27	30	15	0	39	
34	41	23	14	13	32	8	4	24	29	12	2	4	5	14	9	26	11	13	26	41	17	17	1	14	15	28	5	20	0	
M5
0	5	11	4	28	26	22	12	1	8	6	6	42	2	38	16	33	28	7	17	23	16	22	25	21	27	10	27	22	18	
22	0	15	4	27	27	16	14	14	30	19	19	4	27	39	17	24	32	13	36	31	29	28	12	20	5	7	18	6	16	
7	16	0	10	30	23	25	11	12	19	17	5	7	13	18	13	17	31	18	28	29	27	26	30	7	4	15	36	33	25	
23	3	7	0	2	35	21	26	15	33	20	33	24	5	33	33	16	6	13	20	34	24	33	41	27	41	24	37	44	16	
27	36	15	28	0	4	24	22	32	23	17	24	22	15	25	12	8	22	25	32	23	16	20	15	27	20	16	40	21	27	
13	22	17	3	16	0	5	8	18	20	5	8	8	19	28	28	29	31	22	25	20	2	17	6	11	25	10	4	28	32	
3	12	8	7	6	27	0	19	8	10	3	13	15	9	18	18	19	23	12	15	10	8	7	15	1	20	17	11	20	25	
20	11	28	25	11	8	42	0	12	20	17	8	48	26	45	30	29	6	17	41	4	31	17	39	32	12	3	33	33	14	
4	13	19	12	36	24	26	7	0	14	1	14	46	10	41	14	29	33	2	25	20	24	17	33	29	22	5	22	26	21	
11	20	16	3	14	30	3	16	16	0	11	21	22	17	17	25	5	3	3	2	18	7	15	10	9	28	25	19	19	33	
35	3	31	43	43	37	47	23	27	19	0	13	23	6	4	40	31	25	11	13	45	47	48	39	44	19	12	46	31	19	
8	7	23	16	16	33	13	24	13	10	18	0	5	14	6	28	25	29	18	11	16	26	13	18	19	33	22	25	16	13	
15	19	16	12	23	34	19	8	14	25	19	25	0	1	33	24	34	35	20	7	18	22	22	5	11	40	4	1	10	37	
20	25	15	18	35	26	24	7	12	27	17	30	42	0	37	30	13	40	18	18	16	12	24	31	20	20	9	25	12	27	
25	28	12	3	15	19	42	11	17	33	17	33	2	30	0	35	24	11	23	26	33	22	30	31	13	28	22	43	9	33	
12	21	17	13	15	2	4	28	17	8	12	19	24	18	19	0	17	21	6	12	8	17	5	24	10	24	26	20	21	23	
18	27	4	20	18	18	19	34	23	8	27	28	17	4	31	35	0	10	17	34	15	26	12	10	13	37	32	29	28	29	
25	27	19	3	27	1	17	31	23	21	10	32	9	4	32	5	5	0	19	18	3	9	18	4	11	17	24	8	32	36	
16	25	31	23	26	32	28	19	8	18	12	26	20	2	37	22	27	25	0	37	18	13	15	16	5	16	6	34	12	28	
23	3	19	18	27	18	32	23	28	23	26	14	30	29	32	20	8	36	25	0	23	21	20	4	12	32	32	45	36	31	
14	17	21	21	32	7	22	30	19	1	24	6	15	20	8	10	34	4	24	30	0	4	23	9	21	22	6	28	10	34	
6	15	21	11	32	23	22	22	11	6	4	3	8	12	21	26	15	19	8	27	6	0	3	30	28	7	20	11	19	4	
31	19	36	7	28	19	29	32	23	2	28	23	39	34	31	41	11	15	4	47	2	13	0	42	33	24	25	45	15	43	
18	27	6	7	14	39	24	34	23	22	26	28	42	22	19	38	31	35	24	39	22	8	19	0	3	35	32	38	35	38	
19	12	17	18	17	36	27	29	24	31	28	29	32	25	30	38	10	10	30	40	33	19	30	2	0	33	20	43	6	3	
13	22	2	17	16	17	5	29	18	20	13	19	5	19	10	28	6	12	22	23	20	18	17	25	3	0	21	4	28	11	
2	11	17	10	2	5	20	14	3	14	8	12	32	8	7	20	7	34	9	5	26	22	24	31	7	29	0	29	17	24	
6	5	9	13	5	33	1	13	11	7	9	15	21	12	24	24	25	29	5	10	16	5	13	21	7	26	16	0	7	28	
10	19	24	18	29	27	32	13	2	12	7	15	13	9	37	20	35	39	8	29	26	26	23	9	21	17	11	28	0	10	
26	18	5	9	30	16	31	31	25	4	30	11	41	30	33	30	13	14	6	1	4	15	1	29	35	13	27	44	17	0	
M6
0	11	5	17	2	14	4	13	12	4	9	1	17	26	2	17	13	5	18	13	21	20	19	9	23	8	15	12	8	25	
9	0	24	5	24	6	20	11	32	2	7	13	25	21	17	18	12	1	6	11	4	22	34	15	20	6	13	10	28	23	
27	8	0	11	25	31	3	29	39	20	25	31	20	42	35	35	10	3	34	1	26	40	44	33	23	24	31	28	42	37	
27	41	26	0	10	23	23	33	6	34	17	2	34	27	19	26	31	28	34	17	15	10	33	40	37	26	17	14	19	18	
22	3	13	21	0	6	10	4	23	16	21	8	12	21	10	12	11	8	16	23	16	15	27	4	12	1	16	5	25	16	
4	23	14	29	41	0	13	12	13	17	22	16	15	2	13	13	10	18	24	26	28	23	30	5	1	21	11	12	33	23	
14	33	15	43	15	27	0	32	21	36	19	9	28	14	34	12	36	29	3	27	31	38	8	26	31	17	27	14	17	37	
18	30	17	16	30	1	23	0	22	27	27	3	13	16	5	19	6	5	11	20	37	10	22	15	15	31	25	26	20	11	
13	30	23	19	30	7	22	5	0	6	11	9	19	16	11	10	12	11	8	15	23	5	15	14	21	10	15	14	23	17	
5	27	20	11	22	9	16	7	30	0	3	9	21	20	13	19	14	4	19	7	15	18	30	11	17	2	9	6	24	19	
22	16	27	35	11	35	8	36	32	27	0	23	11	9	35	11	43	3	9	30	14	19	23	32	42	1	30	23	30	18	
3	18	23	29	1	23	22	21	1	26	31	0	24	2	11	22	1	13	7	15	27	21	4	14	17	6	4	4	16	32	
5	21	33	18	20	31	24	33	11	24	8	18	0	25	39	20	13	19	4	9	12	14	39	37	6	17	12	4	7	22	
15	22	30	21	13	19	26	17	23	8	12	9	19	0	4	29	24	14	20	17	25	26	10	21	10	12	19	16	20	7	
28	34	27	11	23	18	26	16	37	30	10	20	1	27	0	17	15	21	2	17	32	8	3	18	31	19	30	11	31	23	
11	33	28	13	27	17	15	15	24	6	9	17	19	10	21	0	22	12	11	15	23	26	7	19	17	10	17	14	32	27	
26	17	25	29	17	14	1	12	23	25	23	16	16	29	9	29	0	18	24	14	38	23	26	21	28	26	24	7	13	24	
16	12	14	9	9	20	19	18	9	9	14	20	1	31	14	11	23	0	30	18	26	27	16	22	12	13	14	7	4	3	
27	16	12	22	14	18	17	16	28	21	26	20	19	29	17	17	3	14	0	30	29	25	33	9	23	13	21	19	4	27	
30	35	19	22	24	15	15	13	25	29	28	17	21	30	6	18	20	19	22	0	32	24	21	25	15	22	37	31	7	5	
10	28	19	19	30	17	18	15	16	6	11	17	20	28	18	17	17	4	15	15	0	26	31	10	25	6	17	14	1	27	
17	39	32	9	18	21	28	19	42	10	15	2	17	32	4	6	7	16	20	11	5	0	21	23	20	14	21	18	14	31	
24	24	15	21	34	9	14	7	25	18	23	10	16	24	13	14	6	13	19	27	12	18	0	6	14	22	18	13	28	4	
13	13	4	19	31	4	3	2	14	7	12	6	5	15	3	3	9	8	14	16	24	13	20	0	18	11	7	15	23	13	
26	18	9	32	28	30	1	28	10	19	24	15	35	36	33	26	11	25	29	28	13	37	31	25	0	23	5	27	29	40	
13	12	34	37	19	7	14	32	33	37	11	17	24	16	33	17	30	22	4	25	30	36	42	25	17	0	6	25	23	20	
23	31	22	21	8	6	28	4	14	32	14	8	8	21	10	10	8	10	16	25	1	15	17	20	8	23	0	27	16	16	
16	8	5	21	4	20	27	18	3	9	14	7	12	3	24	30	25	11	30	13	24	4	40	22	4	12	11	0	35	4	
18	36	25	3	37	1	25	26	20	22	18	6	29	16	19	27	24	28	35	7	2	37	15	19	15	26	20	22	0	4	
16	27	20	3	38	12	19	18	8	23	19	15	21	27	15	19	25	24	30	12	19	29	32	11	10	27	23	31	27	0	
M7
0	18	20	1	8	28	34	6	2	24	21	18	22	26	29	13	3	5	26	33	29	2	10	23	46	20	25	19	8	19	
11	0	8	21	10	12	28	15	8	7	29	25	2	2	12	29	26	17	22	41	18	16	2	27	39	12	21	28	2	11	
18	15	0	41	17	33	32	4	9	28	15	6	20	23	28	18	27	16	24	24	26	28	9	16	22	19	9	4	17	11	
11	17	26	0	10	17	26	15	15	34	25	14	11	19	31	29	22	17	2	41	21	29	2	26	10	8	6	14	12	11	
17	26	41	31	0	18	12	14	8	38	22	19	30	43	23	28	35	26	32	25	46	38	34	33	28	25	23	48	27	17	
6	13	37	29	20	0	1	28	1	28	3	38	44	24	44	37	5	40	33	39	41	28	35	40	34	22	6	31	41	21	
25	13	28	27	20	7	0	1	4	25	19	6	4	15	15	15	8	13	21	32	3	22	35	16	14	9	31	8	14	20	
37	4	19	35	35	27	20	0	4	16	30	4	8	21	24	6	23	4	12	23	34	16	35	31	38	13	40	32	5	11	
10	17	11	3	9	24	29	14	0	6	28	26	30	20	27	8	24	16	34	18	20	37	1	9	25	11	33	24	11	10	
27	36	29	47	10	10	29	41	11	0	7	27	45	3	46	1	30	30	8	35	43	49	42	10	7	42	23	14	46	19	
30	24	17	41	20	6	9	21	4	18	0	22	17	5	11	35	25	33	7	6	20	38	34	14	17	5	30	29	30	30	
11	24	14	43	34	26	23	29	15	40	14	0	4	15	35	43	36	41	13	4	45	10	26	7	39	16	31	13	36	12	
19	17	3	40	27	8	27	19	27	18	29	2	0	9	40	12	13	31	38	29	26	35	44	29	7	11	32	38	32	25	
42	15	24	16	36	37	20	44	3	31	46	22	22	0	24	29	28	39	24	4	43	41	33	19	43	37	15	24	37	4	
4	20	20	9	28	32	28	35	16	15	33	16	37	8	0	40	30	23	33	12	41	25	34	20	38	10	19	48	16	3	
20	19	29	10	26	37	28	7	1	29	23	19	23	26	24	0	30	14	27	2	20	15	18	13	42	10	37	40	20	17	
13	28	34	36	29	3	16	16	5	15	13	1	7	31	11	22	0	28	21	21	10	34	25	6	47	5	7	37	29	4	
29	4	1	17	32	9	23	3	15	26	12	15	19	32	10	14	5	0	23	33	16	12	24	23	27	5	26	23	16	18	
16	2	3	16	15	2	10	17	21	4	23	2	1	26	38	22	3	14	0	19	2	35	7	32	16	17	11	20	17	16	
5	34	28	35	12	10	29	37	29	17	5	26	45	45	8	3	21	41	42	0	15	3	26	10	33	28	24	15	36	14	
24	19	16	22	30	6	18	7	19	31	27	3	23	3	2	21	25	6	27	22	0	6	31	10	28	22	30	39	20	13	
4	25	6	44	16	44	21	13	10	24	27	17	29	27	39	27	23	23	33	40	10	0	8	12	29	3	4	34	18	17	
8	24	23	41	7	37	27	12	24	36	26	24	28	18	38	26	29	14	32	43	18	35	0	27	36	9	33	25	9	8	
14	15	28	36	4	36	1	15	5	14	1	23	31	14	22	2	32	13	5	35	30	1	15	0	42	25	44	3	25	24	
22	27	20	8	14	17	18	15	27	16	29	17	27	13	4	16	16	27	35	40	32	24	13	38	0	23	30	25	23	22	
26	22	37	48	31	32	3	10	18	22	20	8	26	34	29	24	5	22	18	22	43	18	48	3	31	0	12	31	23	10	
28	35	35	26	3	4	23	32	23	34	15	36	44	23	40	22	27	22	46	31	10	5	19	41	5	29	0	21	29	8	
10	7	25	13	9	14	20	14	17	32	28	26	30	20	39	10	22	16	1	45	12	28	1	29	38	11	18	0	11	10	
20	30	3	15	19	2	21	18	21	30	23	18	8	6	14	23	25	17	24	8	16	9	11	39	9	21	18	22	0	14	
1	42	39	27	17	28	16	30	17	35	29	42	27	21	16	44	31	24	35	14	36	21	17	39	48	26	1	25	1	0	
