30  6  1
6
	0	1	1	99	2	23	3	33	4	32	5	4
	0	16	1	28	2	86	3	18	4	31	5	69
	0	65	1	27	2	82	3	58	4	13	5	99
	0	32	1	49	2	89	3	67	4	66	5	92
	0	35	1	61	2	84	3	60	4	56	5	68
	0	52	1	76	2	87	3	60	4	81	5	67
	0	17	1	22	2	20	3	9	4	63	5	74
	0	88	1	59	2	48	3	57	4	87	5	61
	0	20	1	45	2	49	3	97	4	94	5	84
	0	35	1	2	2	26	3	80	4	76	5	72
	0	49	1	94	2	16	3	36	4	22	5	100
	0	22	1	65	2	70	3	21	4	41	5	42
	0	30	1	56	2	38	3	17	4	19	5	52
	0	47	1	20	2	87	3	92	4	4	5	3
	0	36	1	99	2	53	3	44	4	3	5	74
	0	49	1	16	2	44	3	25	4	87	5	23
	0	65	1	60	2	43	3	48	4	88	5	27
	0	98	1	62	2	58	3	46	4	81	5	90
	0	2	1	72	2	57	3	40	4	27	5	52
	0	42	1	29	2	4	3	96	4	26	5	80
	0	65	1	70	2	27	3	53	4	32	5	56
	0	17	1	43	2	35	3	72	4	85	5	66
	0	3	1	30	2	33	3	8	4	22	5	68
	0	16	1	4	2	4	3	92	4	80	5	77
	0	13	1	24	2	52	3	62	4	21	5	23
	0	78	1	74	2	18	3	35	4	31	5	22
	0	87	1	92	2	32	3	54	4	10	5	55
	0	38	1	94	2	77	3	86	4	4	5	19
	0	7	1	81	2	34	3	58	4	17	5	3
	0	51	1	41	2	76	3	98	4	70	5	13
SSD
M0
0	20	37	22	29	24	33	35	17	17	27	13	32	12	9	16	17	3	7	26	18	3	25	12	15	7	3	21	45	2	
26	0	28	13	17	32	11	30	28	11	34	16	5	16	25	7	27	11	17	6	10	21	1	25	10	11	6	15	24	11	
12	21	0	21	28	24	31	37	8	30	29	26	42	13	15	18	10	16	20	34	29	3	25	25	28	20	16	21	34	15	
9	26	30	0	19	26	22	33	2	10	24	9	24	18	12	9	19	13	17	12	28	13	3	9	25	17	8	17	35	12	
15	20	16	15	0	33	12	21	20	12	13	5	9	1	16	8	20	12	18	3	34	19	2	16	1	23	7	16	34	18	
22	22	17	18	23	0	29	8	28	8	19	25	22	25	17	16	5	18	14	2	23	10	10	4	2	9	15	24	8	25	
31	11	26	20	23	25	0	26	15	17	6	22	15	22	21	13	14	11	20	16	37	24	7	25	6	31	12	21	39	34	
27	10	10	19	26	34	32	0	40	25	30	34	1	40	34	25	9	31	28	4	34	19	27	21	36	22	31	5	16	4	
23	8	33	19	10	37	25	26	0	16	2	21	27	2	5	12	32	16	22	15	28	26	6	30	10	17	11	17	38	26	
16	29	31	28	28	14	40	7	1	0	4	16	10	23	17	8	34	20	14	29	35	18	27	22	12	16	9	19	33	19	
18	33	38	19	9	15	5	24	36	19	0	28	37	19	18	32	15	22	26	30	12	22	29	31	28	26	22	22	23	9	
36	26	30	16	19	27	12	39	33	13	28	0	7	5	30	9	16	13	19	12	21	23	3	23	25	13	8	17	18	34	
45	14	2	13	8	43	1	41	33	11	20	3	0	20	27	5	32	29	36	10	3	34	21	31	24	38	21	35	39	41	
30	20	28	24	16	26	17	28	38	12	14	2	4	0	23	1	31	16	27	36	37	15	27	35	8	37	27	25	13	33	
2	23	18	25	18	20	10	5	20	20	30	16	6	15	0	4	20	6	10	7	21	6	13	15	18	10	6	24	42	5	
36	38	29	37	1	27	40	20	26	11	45	41	35	37	10	0	39	21	14	19	43	18	31	22	35	25	20	3	21	38	
21	19	23	25	28	17	31	46	37	20	21	4	33	4	29	18	0	21	28	11	40	25	12	34	28	12	17	26	44	24	
13	13	30	33	13	30	26	32	31	12	24	7	7	1	19	23	31	0	21	35	24	17	30	6	21	21	17	20	40	16	
20	22	28	21	20	23	24	32	12	8	32	28	43	31	25	23	24	15	0	17	28	2	24	6	28	9	4	12	47	23	
8	29	37	20	34	32	4	38	17	21	27	22	10	13	18	7	14	11	16	0	27	11	28	21	18	16	12	29	43	11	
44	29	10	38	10	9	20	32	37	1	9	29	17	39	6	17	2	48	42	43	0	19	41	37	43	33	14	27	30	8	
18	3	32	2	11	4	24	39	30	15	18	15	24	12	28	11	31	15	16	14	9	0	5	24	27	8	10	1	37	5	
35	20	24	10	13	28	16	38	27	7	39	12	18	12	25	3	23	7	13	6	30	17	0	21	19	24	2	11	29	30	
12	31	22	29	29	8	42	10	30	29	22	26	26	22	3	1	9	16	20	33	19	16	38	0	20	20	16	34	42	15	
16	7	23	3	8	31	27	7	20	16	40	23	28	23	2	5	12	18	6	17	20	10	8	14	0	17	12	20	22	19	
38	5	21	34	28	24	21	1	34	32	15	37	8	10	33	15	11	11	31	27	31	34	22	38	18	0	27	6	6	32	
20	4	11	33	18	25	31	15	31	31	19	12	21	28	27	7	25	24	28	26	20	24	21	33	30	21	0	11	7	23	
5	26	40	28	15	11	37	18	23	13	30	3	9	1	15	22	23	9	13	32	18	9	23	18	16	13	2	0	35	8	
25	22	8	33	15	11	28	44	43	30	42	35	7	19	33	2	11	29	33	29	40	21	20	27	34	21	25	34	0	28	
25	29	21	2	24	33	27	37	1	18	23	9	29	22	26	14	16	18	19	17	6	23	8	16	30	13	13	15	15	0	
M1
0	29	39	19	9	27	3	22	26	6	16	38	22	17	27	6	9	35	18	29	15	20	36	14	23	16	15	12	8	9	
11	0	24	3	8	8	24	11	30	33	8	23	43	18	26	23	27	13	40	13	22	29	8	12	15	7	23	12	35	5	
38	42	0	38	40	32	5	9	32	31	30	19	15	20	12	43	36	24	43	5	37	23	11	39	33	1	14	41	8	34	
26	30	32	0	24	16	14	25	13	9	19	15	3	20	10	24	7	35	21	8	21	34	5	17	17	19	21	31	37	12	
14	41	21	18	0	1	16	27	28	46	25	41	24	24	8	5	2	40	17	32	26	2	47	22	22	2	23	30	45	9	
42	37	39	19	35	0	27	5	49	37	9	9	32	21	9	28	6	8	38	33	33	22	39	15	24	37	10	25	11	25	
11	22	38	48	13	9	0	34	5	47	3	42	41	32	21	29	36	40	18	45	34	1	38	44	45	47	25	19	11	13	
31	8	45	8	44	40	12	0	16	26	23	19	18	20	19	36	1	10	6	12	30	11	21	34	26	36	18	17	8	27	
24	22	42	48	29	30	9	28	0	28	22	41	32	26	38	20	10	38	40	16	2	32	32	20	37	7	39	43	26	30	
40	35	31	34	26	19	7	14	28	0	32	30	14	9	24	23	21	27	10	21	31	23	43	6	22	8	10	20	27	1	
21	34	40	13	28	31	25	21	32	19	0	34	28	8	31	8	28	34	6	31	3	21	42	13	1	27	13	29	2	22	
17	4	1	19	36	10	17	24	28	8	6	0	24	19	34	7	31	23	16	15	17	33	39	16	18	18	2	9	8	11	
28	24	43	30	3	4	17	13	7	23	26	18	0	11	8	6	14	21	29	20	23	22	32	5	23	14	12	31	24	3	
45	6	12	30	26	3	18	14	8	27	29	6	12	0	9	9	21	10	25	24	2	23	14	6	25	22	8	1	23	13	
18	29	35	8	6	26	33	12	31	29	30	2	14	3	0	10	28	33	33	30	25	44	25	27	27	17	2	17	4	19	
35	26	39	29	21	10	13	6	16	28	4	20	4	7	13	0	16	21	7	19	29	18	37	1	1	14	23	9	24	12	
10	36	22	40	19	11	14	13	30	5	24	26	12	16	16	19	0	30	4	28	1	21	18	13	23	15	17	15	4	8	
1	36	7	19	15	32	12	14	9	37	37	30	34	12	7	41	16	0	2	17	34	23	45	6	12	35	34	23	3	40	
46	31	3	16	25	25	15	22	2	6	19	32	3	17	16	19	13	25	0	29	17	7	11	14	30	11	5	23	35	9	
43	14	39	16	15	8	10	15	28	6	29	4	22	13	25	9	22	28	12	0	35	24	47	7	13	16	18	28	20	9	
32	43	16	10	34	27	8	6	35	37	5	43	12	19	38	9	25	39	1	41	0	5	31	26	26	39	2	7	30	14	
17	7	4	7	25	17	8	23	15	26	33	34	7	33	21	43	13	28	12	36	29	0	2	27	14	9	10	32	20	22	
29	29	27	25	23	29	15	10	1	35	11	27	39	9	21	23	18	24	33	11	26	20	0	3	7	14	30	15	26	37	
39	28	34	24	16	22	8	4	30	28	33	20	34	2	14	31	11	17	40	14	24	13	36	0	15	30	30	23	19	30	
35	26	32	40	47	20	39	3	39	45	36	20	31	26	11	21	23	15	12	28	31	31	19	38	0	11	6	12	31	30	
22	29	46	27	40	5	32	28	39	27	18	20	11	26	4	7	21	33	30	23	48	37	37	20	24	0	25	32	5	21	
22	29	34	23	32	33	12	27	32	33	33	21	33	10	4	13	15	20	36	39	29	23	25	30	7	31	0	31	37	26	
37	19	23	45	33	27	30	23	33	36	21	37	21	18	30	1	33	25	24	32	40	22	29	18	18	22	40	0	10	29	
20	28	23	39	26	31	21	13	37	33	21	29	18	17	29	5	3	7	9	20	17	4	19	11	22	9	4	30	0	31	
45	18	3	26	27	18	24	20	41	29	40	5	10	18	17	47	27	27	23	12	11	29	33	12	4	31	9	18	27	0	
M2
0	10	20	32	25	16	23	3	29	19	3	42	31	35	31	16	39	22	31	37	41	28	9	26	24	9	14	28	9	38	
37	0	13	7	35	35	21	13	4	26	31	36	24	32	35	5	28	25	19	19	3	7	32	23	26	13	37	21	28	10	
20	22	0	20	25	20	22	20	19	21	2	30	6	22	47	26	37	21	27	27	15	27	23	13	30	31	1	18	15	25	
29	31	22	0	33	31	9	8	27	16	20	7	28	31	24	35	42	11	31	23	2	19	18	22	17	2	2	25	19	2	
27	30	19	27	0	43	29	3	13	32	29	34	21	20	31	9	28	5	24	37	3	10	26	40	38	9	4	11	29	40	
21	2	17	16	5	0	22	43	31	43	40	34	26	37	40	35	17	4	25	21	33	29	3	28	33	46	19	1	30	29	
36	7	25	8	4	2	0	26	14	27	8	18	4	10	47	14	24	4	10	10	20	10	28	1	25	32	30	6	9	13	
39	28	20	17	12	25	24	0	26	22	25	19	16	22	20	5	5	33	27	20	15	22	31	13	10	8	4	18	29	21	
9	3	22	8	13	8	21	31	0	28	13	18	8	10	12	1	1	20	9	5	9	18	23	1	25	38	28	6	14	11	
3	27	2	12	17	1	34	29	23	0	17	22	13	8	44	2	36	16	8	19	25	1	31	5	12	35	24	10	21	17	
15	29	1	13	14	2	4	2	10	3	0	42	26	29	46	20	38	3	12	21	36	9	8	25	33	42	42	9	27	31	
36	9	20	15	1	20	17	7	26	16	20	0	6	17	18	13	18	28	8	1	6	8	30	8	32	30	24	13	10	14	
30	6	5	3	10	14	31	2	35	36	17	34	0	22	14	30	21	25	31	31	44	42	27	17	23	24	13	22	40	13	
25	22	8	28	33	12	17	37	7	31	31	38	19	0	4	28	24	25	25	14	38	10	17	21	45	46	22	4	23	27	
14	32	28	25	20	30	29	40	7	26	30	35	14	27	0	11	47	38	20	31	26	45	5	18	14	8	37	23	31	28	
10	35	27	26	33	13	37	35	26	4	17	26	32	25	33	0	36	1	21	27	4	31	5	34	20	34	16	26	6	28	
7	35	18	14	16	28	30	28	32	7	10	10	32	25	33	30	0	29	27	27	12	34	34	34	17	11	34	4	33	27	
32	27	34	20	14	26	4	31	30	17	17	37	24	4	29	30	18	0	14	19	39	34	40	25	43	38	42	21	19	7	
26	19	21	26	18	28	35	29	33	28	28	24	23	25	13	11	20	11	0	27	5	35	36	19	34	1	30	16	6	31	
31	4	32	10	15	15	12	33	21	30	15	20	1	12	33	16	38	23	7	0	41	16	31	3	27	45	19	8	5	9	
32	8	18	24	31	19	21	19	27	20	1	6	24	13	17	33	20	4	29	19	0	26	25	20	44	35	36	22	28	16	
15	23	19	30	40	13	26	12	36	29	10	18	37	5	48	4	17	28	6	32	11	0	16	34	5	27	26	35	40	36	
1	6	18	6	21	5	24	22	22	17	4	13	24	18	41	17	12	4	23	23	32	29	0	9	13	19	33	14	19	21	
31	18	25	3	8	8	26	26	14	23	8	13	15	5	47	9	31	16	10	10	34	30	24	0	20	40	25	1	19	8	
1	7	8	30	23	29	31	3	1	10	11	6	6	36	45	29	8	29	13	20	14	2	23	27	0	33	29	3	10	22	
44	11	2	20	25	25	26	42	31	39	25	30	15	22	4	26	24	33	11	10	14	30	41	13	36	0	11	5	19	23	
17	13	7	1	20	7	21	19	16	14	10	15	10	2	42	25	35	29	1	5	39	2	13	12	30	32	0	17	13	18	
1	31	33	18	20	2	5	27	19	6	16	11	22	26	7	6	14	20	22	35	31	33	26	25	34	21	38	0	14	37	
26	38	23	29	25	4	37	35	40	25	34	32	36	3	31	35	31	42	15	31	41	4	32	22	2	9	5	27	0	34	
7	6	29	22	27	27	24	30	33	27	12	1	11	24	41	28	16	29	19	8	22	28	36	15	31	19	31	20	9	0	
M3
0	27	7	26	26	12	32	29	9	24	11	2	36	13	47	28	46	10	45	10	8	29	13	28	12	9	32	32	11	23	
28	0	10	10	5	14	29	12	33	26	13	21	6	17	33	22	42	49	25	45	22	23	7	5	27	1	12	13	27	28	
25	18	0	17	22	5	26	22	43	37	27	18	28	17	38	5	35	26	25	37	19	13	4	20	24	22	47	15	8	11	
27	29	7	0	19	22	43	40	39	23	15	48	30	28	15	43	6	19	28	13	2	32	39	8	35	48	12	4	44	1	
5	33	24	13	0	16	15	33	39	22	31	6	16	9	1	34	11	19	14	36	31	17	19	11	28	17	40	38	39	18	
17	19	23	3	8	0	28	24	20	22	29	20	40	38	14	21	25	40	40	10	21	20	6	9	26	4	35	25	7	25	
40	31	41	19	40	33	0	14	36	41	17	38	27	10	17	37	18	39	41	39	7	40	24	12	30	5	37	24	37	32	
30	21	13	40	31	13	12	0	9	24	38	7	4	31	36	5	3	30	22	38	23	7	35	33	7	22	28	4	11	47	
2	21	32	1	43	2	6	7	0	28	32	26	8	25	32	26	33	16	2	13	22	29	35	23	18	8	30	39	42	9	
28	21	16	7	28	16	7	25	43	0	15	21	28	26	12	22	27	16	37	46	22	23	7	28	12	2	16	21	10	18	
44	21	27	7	27	21	7	9	35	23	0	12	3	26	9	11	9	17	18	29	23	15	29	23	34	21	12	40	41	40	
40	7	35	14	3	32	42	6	22	3	38	0	31	9	39	8	37	9	48	41	11	44	29	5	1	26	30	38	17	42	
43	1	7	29	23	1	8	16	36	3	27	1	0	27	24	1	33	31	2	34	24	10	26	15	23	14	7	25	31	32	
35	16	32	17	39	35	35	43	33	34	47	20	36	0	31	18	15	37	43	48	5	39	26	34	22	35	1	35	23	8	
10	3	31	26	13	20	15	19	20	20	15	26	8	34	0	8	29	44	27	10	31	31	28	9	38	22	24	22	24	48	
30	23	2	15	8	15	25	21	40	7	32	15	37	39	46	0	45	44	20	8	24	25	9	41	5	39	44	28	5	29	
9	33	39	2	47	20	44	40	6	11	34	25	34	5	44	22	0	34	18	18	36	26	35	23	13	38	21	32	20	25	
13	16	12	15	31	8	24	20	33	35	25	11	38	21	46	11	27	0	47	41	17	18	2	10	22	14	3	21	11	46	
12	49	40	41	9	18	32	25	45	41	4	47	43	14	21	40	34	24	0	24	19	30	42	47	24	24	30	33	32	22	
22	25	28	22	41	42	38	23	24	15	27	44	30	7	17	37	12	17	23	0	48	20	33	44	15	7	46	3	20	29	
12	21	17	32	13	28	16	37	36	39	33	33	27	35	3	18	8	19	27	1	0	9	19	27	39	20	33	38	39	28	
29	24	13	36	31	14	18	34	11	31	2	7	41	22	4	16	44	22	28	27	30	0	30	33	29	32	3	44	39	28	
13	6	9	5	29	1	14	10	31	30	15	6	29	33	39	7	39	36	40	35	7	8	0	29	12	25	36	11	12	42	
21	18	31	2	11	16	27	28	37	36	9	29	18	21	39	4	17	34	9	5	6	21	30	0	16	19	42	13	23	1	
22	4	18	14	6	10	23	19	34	39	22	15	28	23	10	16	34	45	26	34	16	17	1	27	0	23	34	14	21	25	
22	33	28	32	35	20	11	27	17	1	27	11	22	11	22	6	23	16	1	12	27	35	19	32	33	0	26	38	21	40	
16	45	32	17	26	21	33	6	33	39	26	22	35	1	3	47	2	1	23	17	31	28	46	14	44	37	0	2	39	49	
22	15	18	14	36	10	11	19	35	36	16	12	26	20	37	16	38	27	30	7	16	17	1	32	8	20	20	0	21	48	
15	5	3	15	22	37	23	15	20	7	14	32	27	40	16	39	2	4	12	3	10	23	30	28	15	9	34	36	0	43	
1	32	7	37	31	35	15	14	36	31	41	12	46	26	34	25	20	35	44	32	31	27	36	36	32	14	41	23	15	0	
M4
0	28	37	18	21	8	9	6	22	12	8	23	23	2	19	5	11	13	16	17	16	35	15	28	34	21	33	14	10	7	
37	0	9	30	21	29	25	21	4	5	30	32	18	36	33	37	20	22	41	16	41	13	18	25	16	5	9	23	33	21	
18	20	0	25	22	8	3	33	10	23	17	10	24	40	27	33	40	1	19	27	22	43	18	3	17	27	10	1	11	29	
27	18	21	0	32	7	3	14	4	11	7	13	11	1	18	4	13	12	19	24	15	38	14	3	31	12	25	22	9	11	
24	9	11	22	0	26	27	23	16	18	31	16	14	25	31	30	37	18	19	26	28	11	34	27	21	38	34	7	30	14	
21	19	27	28	35	0	29	16	13	19	35	13	14	37	10	41	18	27	22	26	6	41	24	32	23	3	32	4	40	35	
10	30	19	28	25	14	0	25	21	10	14	24	6	8	25	25	4	19	9	34	4	1	21	26	36	18	26	19	3	18	
10	26	38	29	14	23	13	0	15	33	16	21	14	23	17	24	8	3	3	32	2	6	31	22	6	28	25	15	2	30	
28	10	20	11	31	25	31	35	0	29	11	23	23	24	19	39	6	1	23	18	6	11	24	8	12	15	40	20	32	21	
32	15	35	26	28	12	17	35	14	0	4	10	10	10	6	24	22	16	4	22	14	34	16	3	3	17	15	31	18	7	
9	26	49	37	36	4	32	37	10	20	0	21	21	25	17	23	1	12	15	17	25	33	5	32	22	28	7	35	15	26	
10	25	29	23	13	17	24	42	6	26	23	0	20	33	16	30	40	14	26	29	24	40	36	1	28	20	13	8	41	32	
23	5	45	3	12	5	36	34	7	30	24	21	0	44	17	11	16	34	38	27	25	29	1	1	45	28	41	44	18	6	
22	22	40	26	39	2	3	26	26	6	2	17	17	0	13	26	8	7	33	22	10	35	9	22	37	24	27	17	4	6	
39	6	41	17	23	3	16	41	12	33	37	1	1	31	0	31	34	18	18	13	5	47	21	21	44	8	46	42	27	22	
42	10	31	1	6	22	40	38	28	14	28	36	2	33	34	0	26	10	31	28	17	14	5	8	27	17	22	36	39	27	
20	25	27	2	34	1	29	1	12	19	30	13	28	24	30	6	0	27	22	8	25	27	32	38	24	41	36	4	15	34	
23	30	31	23	4	9	28	29	32	2	27	42	29	21	38	37	32	0	46	31	35	4	7	44	48	37	31	42	15	22	
20	3	15	3	35	24	11	4	12	3	24	12	16	32	18	36	27	23	0	2	1	29	1	11	23	21	30	3	20	18	
20	6	26	25	12	8	24	21	12	28	21	2	9	29	5	39	5	26	21	0	13	36	29	29	5	16	15	3	31	23	
26	24	39	26	29	3	16	24	16	15	15	19	15	9	15	32	21	7	28	31	0	17	4	28	7	16	30	30	10	9	
21	5	27	28	39	25	28	13	13	31	21	13	28	21	30	40	28	8	9	2	25	0	32	1	22	41	36	4	18	22	
32	23	27	11	40	20	21	11	3	7	1	18	18	38	14	17	24	35	35	30	12	6	0	31	22	8	30	28	16	35	
22	29	35	33	40	9	10	26	25	9	9	24	24	3	20	26	8	14	8	29	17	15	16	0	44	31	27	24	4	13	
17	25	11	16	9	8	27	28	19	20	7	3	27	45	23	49	30	5	28	15	10	17	19	17	0	16	34	10	35	5	
35	7	32	33	33	16	17	11	32	12	8	21	21	10	17	25	11	8	38	23	24	25	23	31	25	0	14	31	18	20	
35	14	34	27	27	26	27	27	9	3	15	27	5	20	35	33	32	3	36	44	27	32	25	25	38	38	0	18	28	9	
13	24	19	20	46	28	30	42	5	27	27	5	20	37	22	45	44	28	14	22	17	47	24	34	16	33	28	0	43	28	
1	11	47	43	43	32	40	5	25	16	6	27	21	33	29	5	29	17	14	43	35	18	24	41	49	40	6	34	0	25	
9	22	4	14	33	22	14	16	20	14	13	23	2	31	38	15	30	14	32	18	11	37	22	20	34	41	1	18	28	0	
M5
0	9	19	7	3	19	4	29	2	15	16	2	28	11	21	1	24	24	17	12	24	22	15	28	10	27	18	27	4	9	
17	0	20	28	7	27	24	4	5	17	33	3	27	24	2	22	23	11	23	8	45	11	17	39	31	22	8	26	25	8	
14	9	0	25	6	18	22	3	5	28	34	5	27	29	39	19	10	8	35	4	42	24	22	22	12	26	30	1	22	27	
20	20	35	0	6	32	2	6	24	11	22	4	26	13	3	1	30	7	20	7	5	27	26	37	12	19	8	16	15	15	
17	9	23	28	0	5	8	10	3	15	16	3	38	19	21	8	20	34	3	1	14	9	15	18	24	5	19	24	4	19	
27	21	38	38	20	0	31	14	33	26	7	8	24	20	33	20	28	28	21	30	31	35	27	28	31	39	14	27	16	13	
6	19	29	17	4	26	0	9	12	25	15	12	23	21	31	11	34	17	21	22	13	14	25	32	20	37	24	14	14	19	
27	8	48	28	34	43	19	0	8	37	29	9	33	20	25	26	24	46	11	29	22	46	37	40	31	13	21	19	35	40	
10	13	26	9	6	33	14	5	0	29	12	16	9	3	6	13	20	3	31	18	38	16	6	33	14	37	13	12	18	23	
8	8	17	19	15	31	16	19	14	0	23	14	37	14	8	13	24	13	29	24	27	34	5	28	6	13	14	20	16	21	
13	23	12	7	11	13	21	28	4	29	0	19	31	28	33	13	20	41	9	9	16	32	27	5	27	23	33	28	18	26	
11	11	34	22	12	16	11	27	17	17	8	0	11	16	6	10	24	19	31	27	26	26	17	28	2	18	21	18	6	21	
11	16	34	22	18	22	15	6	9	20	13	17	0	4	1	16	19	25	8	27	24	37	30	41	15	22	33	21	19	19	
4	17	27	15	11	27	8	30	10	23	6	10	30	0	28	9	26	31	25	20	32	30	23	34	8	35	26	34	12	17	
13	26	3	24	20	36	21	44	19	29	31	19	30	28	0	18	41	37	10	16	8	13	1	16	27	30	11	28	21	26	
8	21	31	7	3	31	16	27	14	27	17	14	32	8	17	0	31	19	27	3	8	3	27	27	19	3	30	6	16	18	
16	26	19	19	3	39	24	19	22	3	17	10	48	17	26	21	0	44	37	3	36	42	16	35	28	17	37	29	22	29	
45	25	40	8	21	26	13	12	23	33	28	42	20	48	24	22	22	0	22	11	14	26	13	16	31	28	22	3	33	7	
15	7	38	26	15	2	14	25	21	13	9	5	36	30	2	6	7	5	0	28	15	31	6	33	21	1	15	12	2	17	
21	26	44	32	28	29	12	44	20	18	12	27	39	36	29	5	20	12	16	0	11	27	1	11	23	26	31	24	21	20	
27	26	41	11	34	14	8	20	13	13	31	8	25	37	23	25	8	33	19	38	0	5	25	26	26	20	31	30	21	18	
1	11	4	12	8	24	1	29	7	17	18	7	20	16	21	6	16	16	15	17	23	0	17	14	13	32	6	19	6	1	
26	29	2	29	4	18	7	25	32	35	24	25	35	19	38	5	45	11	32	31	15	31	0	26	27	14	10	13	24	39	
23	15	23	34	27	9	3	6	29	21	2	22	25	19	15	6	12	21	21	7	25	7	21	0	2	32	25	24	10	6	
12	6	33	23	8	24	16	26	18	12	13	10	20	5	18	5	1	17	17	26	12	22	12	3	0	31	16	20	1	2	
12	25	35	23	19	35	20	2	8	31	31	18	15	27	3	14	26	28	2	5	37	11	31	24	2	0	5	29	20	25	
9	13	30	20	16	7	17	9	11	27	16	5	10	7	34	5	36	8	26	22	21	29	13	4	12	31	0	34	17	22	
34	28	37	8	15	36	42	14	36	25	32	31	7	38	19	24	23	37	30	23	36	15	2	2	30	6	28	0	23	22	
10	2	33	21	17	33	18	22	16	8	9	16	31	25	14	1	20	27	27	26	17	26	8	35	24	27	12	26	0	12	
25	32	31	32	8	29	20	18	31	32	32	31	6	28	9	2	2	2	2	14	33	28	10	26	37	28	30	5	33	0	
