30  8  1
8
	0	25	1	32	2	17	3	74	4	76	5	70	6	68	7	56
	0	5	1	63	2	20	3	55	4	48	5	2	6	50	7	13
	0	54	1	52	2	37	3	24	4	96	5	10	6	20	7	5
	0	27	1	21	2	58	3	57	4	74	5	42	6	83	7	8
	0	60	1	4	2	68	3	1	4	1	5	91	6	38	7	45
	0	20	1	33	2	13	3	74	4	57	5	94	6	51	7	59
	0	96	1	91	2	34	3	72	4	14	5	82	6	13	7	4
	0	26	1	11	2	99	3	81	4	99	5	87	6	80	7	31
	0	40	1	43	2	96	3	95	4	85	5	6	6	89	7	85
	0	50	1	65	2	26	3	39	4	16	5	22	6	61	7	10
	0	62	1	61	2	68	3	3	4	63	5	79	6	83	7	54
	0	23	1	48	2	22	3	81	4	9	5	16	6	68	7	91
	0	98	1	61	2	42	3	7	4	67	5	55	6	4	7	37
	0	76	1	99	2	46	3	14	4	30	5	47	6	76	7	79
	0	14	1	18	2	3	3	82	4	50	5	71	6	73	7	13
	0	4	1	90	2	11	3	7	4	51	5	96	6	78	7	78
	0	78	1	9	2	46	3	65	4	71	5	90	6	38	7	9
	0	38	1	64	2	2	3	89	4	36	5	94	6	10	7	85
	0	25	1	57	2	100	3	48	4	64	5	45	6	98	7	91
	0	11	1	85	2	93	3	38	4	4	5	61	6	62	7	85
	0	29	1	75	2	41	3	72	4	3	5	80	6	16	7	63
	0	30	1	77	2	70	3	80	4	4	5	54	6	1	7	45
	0	72	1	10	2	15	3	19	4	77	5	99	6	42	7	53
	0	43	1	70	2	43	3	79	4	80	5	7	6	89	7	6
	0	10	1	87	2	54	3	8	4	52	5	5	6	32	7	13
	0	7	1	44	2	71	3	31	4	39	5	79	6	4	7	79
	0	44	1	51	2	99	3	87	4	45	5	47	6	63	7	11
	0	58	1	72	2	78	3	61	4	23	5	95	6	53	7	36
	0	87	1	13	2	11	3	30	4	89	5	62	6	53	7	23
	0	80	1	63	2	72	3	12	4	75	5	89	6	97	7	8
SSD
M0
0	31	52	29	24	5	18	48	31	27	6	23	42	10	22	44	28	33	25	29	52	59	37	14	11	19	16	45	18	32	
27	0	38	18	36	26	54	16	56	39	2	30	28	24	8	8	33	54	30	18	31	23	24	27	29	13	21	39	21	26	
20	51	0	57	51	50	48	55	13	6	51	43	5	17	42	47	48	47	45	71	51	59	24	59	31	6	29	32	43	19	
39	33	16	0	17	26	49	54	40	10	40	14	52	29	24	46	30	66	27	56	38	60	10	26	13	25	30	51	25	38	
22	6	46	28	0	37	61	26	53	11	13	10	35	19	19	18	35	34	41	29	42	33	26	38	40	8	32	34	31	21	
37	33	43	4	45	0	35	54	43	2	40	28	47	6	13	46	33	34	29	44	27	49	22	32	16	26	33	27	28	39	
38	38	38	45	63	47	0	13	45	60	45	30	23	1	29	51	35	65	32	57	7	36	42	48	18	24	30	50	30	21	
10	28	38	50	51	26	32	0	27	39	30	18	61	45	8	41	63	35	8	51	46	28	18	27	46	46	11	70	53	36	
29	30	53	41	57	52	55	32	0	43	37	24	42	26	43	35	60	9	20	53	48	50	33	62	64	15	5	41	48	19	
24	64	22	67	47	54	65	53	26	0	25	14	39	23	66	76	9	15	43	60	12	63	30	14	60	12	65	38	37	17	
39	69	63	30	48	60	30	28	81	55	0	45	40	36	49	20	45	33	28	63	36	35	43	8	59	25	55	47	33	38	
10	55	75	32	10	40	53	57	58	7	41	0	59	45	57	60	63	50	37	44	69	44	8	49	46	54	44	57	22	67	
46	21	22	44	33	30	32	21	28	13	28	13	0	17	12	34	18	41	15	15	30	49	1	23	1	35	18	48	13	26	
15	34	11	56	1	32	54	17	55	41	13	42	20	0	14	47	26	42	42	30	46	35	19	7	30	1	47	27	18	14	
38	6	16	28	47	4	59	27	59	17	13	37	39	30	0	19	44	58	41	29	24	34	35	5	40	24	32	48	32	14	
15	55	39	6	46	36	53	4	57	43	11	44	16	12	38	0	21	42	38	39	46	11	19	54	35	1	31	27	9	14	
39	21	37	13	46	4	50	6	28	26	28	13	40	17	7	20	0	14	15	44	16	4	16	26	1	25	4	51	13	2	
48	70	80	43	61	53	15	22	38	29	63	40	21	64	50	48	43	0	51	76	49	10	58	53	83	53	59	15	15	9	
49	25	19	47	51	46	10	46	48	68	32	58	58	50	38	38	63	37	0	33	61	53	32	57	59	39	51	65	51	52	
42	10	32	33	7	19	25	8	61	41	5	14	43	39	23	23	48	60	1	0	46	38	39	42	44	28	36	54	30	41	
33	42	55	38	39	51	57	40	68	72	37	46	14	26	55	36	9	82	33	21	0	51	35	61	64	41	68	67	43	22	
8	30	63	20	21	38	51	10	63	57	37	54	31	43	43	43	10	66	19	53	9	0	18	47	44	39	47	65	32	52	
27	2	45	18	43	9	51	16	37	31	9	22	2	24	15	8	27	8	24	25	38	23	0	34	10	13	27	21	21	26	
25	32	46	55	30	38	11	31	39	4	3	24	36	28	20	45	29	63	24	12	25	30	38	0	12	22	29	3	24	35	
35	10	31	33	35	19	39	31	17	32	17	2	37	6	1	23	7	66	4	33	39	38	16	20	0	28	7	54	2	29	
7	63	31	48	56	37	46	77	63	36	38	55	20	4	50	76	47	34	43	58	38	46	11	46	43	0	48	19	50	6	
18	42	52	30	53	6	42	11	64	11	49	43	28	32	22	52	44	18	45	65	43	4	25	41	42	35	0	53	54	12	
46	14	57	28	48	4	59	24	19	13	21	15	47	30	27	27	41	58	38	37	50	42	22	13	24	32	20	0	36	42	
34	45	22	25	25	54	60	11	64	62	30	49	35	31	45	15	30	61	36	24	53	14	20	26	54	20	48	12	0	9	
21	2	45	12	43	21	29	10	20	43	9	37	10	18	15	2	27	48	2	25	38	10	25	34	36	7	28	9	14	0	
M1
0	49	23	20	54	35	23	49	14	67	28	20	37	8	43	68	48	54	6	23	14	62	54	10	69	55	33	26	50	81	
17	0	23	6	62	68	38	35	11	63	59	42	46	50	51	10	19	28	41	7	56	45	27	7	55	14	48	61	48	2	
44	53	0	6	45	54	39	18	9	46	53	7	48	33	26	54	54	40	41	10	6	5	4	33	55	44	38	2	45	8	
45	41	37	0	35	61	33	8	29	36	32	53	21	23	45	37	44	13	14	51	35	23	57	6	28	34	51	34	25	56	
74	41	23	41	0	74	9	43	66	37	56	49	37	16	75	42	76	75	74	12	13	66	79	51	58	38	36	57	53	27	
44	31	31	61	24	0	20	18	29	46	37	46	48	33	4	43	46	62	43	40	41	16	83	2	75	33	22	41	18	49	
42	10	13	15	59	63	0	33	37	17	7	3	48	48	61	73	59	49	50	42	40	41	69	34	60	59	17	21	16	47	
66	61	43	32	16	65	14	0	24	17	72	55	57	4	60	62	25	37	20	32	33	30	73	51	65	15	54	77	54	47	
8	14	60	60	35	19	34	57	0	10	26	15	72	16	56	51	69	84	11	51	13	51	65	50	35	22	47	66	36	66	
58	51	8	30	8	19	21	55	33	0	56	38	44	28	24	42	13	29	36	24	14	43	18	28	50	29	27	23	42	39	
13	54	8	25	9	67	14	49	5	43	0	62	25	29	63	34	28	4	18	23	26	33	62	41	12	4	41	62	57	40	
29	19	27	72	69	12	5	61	49	36	48	0	80	49	26	62	79	51	19	14	56	28	34	47	62	38	28	26	3	34	
42	29	21	35	52	9	44	25	24	53	35	55	0	19	2	18	18	1	21	12	39	4	9	44	58	31	21	75	47	42	
65	15	55	66	28	38	27	58	89	49	62	39	16	0	39	41	57	27	78	44	30	19	86	72	68	38	37	27	39	59	
77	9	71	60	44	19	24	17	52	45	15	40	65	32	0	69	53	40	21	59	31	1	69	44	54	11	64	60	70	58	
19	37	3	56	34	34	18	13	39	41	68	62	60	28	38	0	49	33	44	50	14	45	24	61	26	39	71	57	78	1	
46	36	44	8	42	63	55	37	50	50	38	48	49	52	26	39	0	42	14	46	59	45	69	17	31	55	20	63	20	33	
67	78	72	71	73	73	19	69	42	12	3	73	78	51	51	12	80	0	54	30	15	52	27	54	27	5	37	57	79	33	
53	19	44	62	17	23	30	57	19	58	77	70	42	37	60	63	91	51	0	33	34	33	80	58	79	59	57	10	74	48	
58	48	56	20	54	26	52	49	51	30	50	20	57	64	38	51	3	45	26	0	7	57	37	29	27	50	32	3	32	42	
26	31	39	31	65	25	63	60	71	48	6	10	45	61	49	62	14	63	6	6	0	40	58	40	54	67	43	73	15	46	
38	29	34	23	38	69	33	52	42	46	34	9	39	19	55	53	48	36	18	39	55	0	62	50	57	78	77	8	13	44	
30	41	76	63	49	40	56	49	5	58	39	63	60	56	14	43	46	57	53	29	61	33	0	33	81	41	61	81	75	75	
31	62	39	57	61	4	57	34	26	62	60	83	60	35	35	20	40	78	7	16	2	53	11	0	80	13	45	69	55	60	
41	28	6	64	27	11	38	29	17	11	34	46	66	20	1	73	48	24	34	6	25	15	40	46	0	30	37	60	62	51	
39	65	25	29	53	60	31	26	29	54	63	60	31	41	38	67	40	63	5	4	41	57	14	5	28	0	16	26	69	3	
49	50	31	16	5	26	18	45	30	46	65	1	46	25	45	31	61	50	51	21	22	6	52	43	65	47	0	9	52	19	
45	67	52	39	34	6	47	34	19	58	13	18	64	43	43	10	22	54	45	41	51	37	56	15	45	60	51	0	51	64	
13	3	11	65	61	69	44	67	43	20	32	15	82	33	32	74	63	35	51	13	40	12	67	55	67	57	78	45	0	18	
41	39	59	46	60	35	1	60	16	68	50	58	29	6	25	15	29	68	30	40	72	44	1	24	40	52	58	92	35	0	
M2
0	14	52	32	29	47	15	40	47	19	43	19	46	8	49	9	9	44	54	38	8	15	51	54	27	57	52	67	46	9	
50	0	39	8	48	24	33	6	13	49	9	58	30	52	29	28	39	21	31	15	35	19	28	31	40	50	29	47	49	52	
30	26	0	54	41	29	22	31	59	54	34	40	12	53	29	56	44	3	13	54	1	14	10	13	23	45	11	6	35	34	
62	49	21	0	46	53	36	55	64	48	12	75	13	51	52	26	44	38	25	20	43	12	45	48	36	33	46	64	18	38	
42	34	29	62	0	67	45	39	16	73	42	26	20	10	28	51	47	11	21	53	3	22	18	21	31	9	19	20	43	42	
29	46	34	58	44	0	26	22	40	12	33	42	32	32	8	55	2	23	33	33	37	34	30	33	31	29	31	26	28	54	
12	31	26	57	44	13	0	36	10	12	37	26	17	19	34	33	6	8	18	34	22	19	15	18	28	34	16	52	19	38	
36	45	41	43	16	24	47	0	60	32	49	52	39	39	15	62	30	30	40	22	44	41	37	40	47	36	5	33	35	8	
37	11	42	25	28	30	49	37	0	33	31	4	30	40	16	8	45	31	41	41	7	28	38	19	26	37	39	34	36	30	
6	37	30	55	6	18	38	39	2	0	31	4	28	28	4	26	32	19	25	29	31	28	26	29	39	25	23	22	24	32	
56	43	22	37	33	72	37	1	56	28	0	32	6	51	58	61	26	57	42	10	33	56	58	67	70	13	52	9	63	28	
24	41	68	57	17	54	44	13	17	60	5	0	35	36	75	25	48	60	70	15	49	2	67	50	30	67	66	82	75	50	
34	5	27	33	18	49	33	31	9	56	34	40	0	21	42	53	60	13	23	15	27	24	10	23	28	8	14	60	15	42	
31	53	17	16	34	29	2	1	45	23	5	53	6	0	39	14	3	44	54	3	22	55	32	30	32	19	18	48	5	32	
18	35	23	63	58	68	32	40	67	54	43	49	21	21	0	44	44	12	22	22	26	23	19	22	32	18	20	15	17	43	
55	47	32	21	9	50	34	52	62	34	26	41	33	24	54	0	49	24	34	22	38	35	31	34	7	59	32	72	56	46	
2	33	32	51	26	62	29	43	60	38	46	21	24	27	6	28	0	15	25	31	17	26	22	25	35	27	23	24	26	13	
29	21	16	49	57	54	48	26	54	60	29	35	7	54	33	55	55	0	8	56	12	9	5	8	18	45	6	51	30	29	
30	47	26	52	70	58	40	48	72	44	49	61	30	33	9	56	8	24	0	34	38	31	31	25	44	28	5	27	29	5	
32	19	30	47	24	6	41	13	52	31	24	49	21	35	11	45	17	12	2	0	26	23	19	22	32	32	20	29	31	17	
7	38	29	56	53	48	1	18	45	31	45	18	32	21	14	33	3	29	12	39	0	39	36	19	22	8	37	32	34	33	
28	27	22	14	55	53	54	32	59	64	35	41	8	7	39	35	54	4	14	56	18	0	11	14	20	51	12	57	36	35	
9	40	13	58	37	34	28	50	51	45	9	15	62	34	44	35	35	53	61	52	33	39	0	37	14	25	38	40	10	35	
34	8	21	29	40	11	50	31	39	11	20	40	12	56	32	56	26	3	13	40	17	14	10	0	23	37	11	50	35	34	
37	59	15	51	15	62	55	30	52	62	37	43	28	46	33	35	2	48	58	12	53	59	13	8	0	35	45	14	38	32	
48	6	53	34	52	50	10	30	39	40	35	39	24	63	55	54	50	38	21	41	52	45	45	29	37	0	46	50	41	4	
32	2	37	30	27	46	46	16	9	13	31	43	35	34	11	50	35	26	36	36	40	20	33	36	46	31	0	11	31	57	
55	58	53	59	47	56	9	25	51	55	22	34	44	42	38	27	36	35	45	60	49	46	42	44	13	59	34	0	49	10	
33	61	1	52	30	54	7	66	39	30	40	46	47	22	23	59	47	38	48	39	14	49	16	48	45	4	38	41	0	16	
49	18	28	46	49	61	29	44	7	17	39	36	33	39	47	66	69	59	35	37	41	20	43	69	59	31	7	54	16	0	
M3
0	30	33	23	29	33	13	38	27	26	43	29	8	37	44	18	34	32	40	21	38	44	20	24	19	38	15	15	35	13	
16	0	35	20	6	26	42	37	60	25	69	70	41	58	36	20	31	19	17	38	47	21	55	24	11	40	35	17	38	32	
4	43	0	37	27	49	63	44	40	15	72	50	21	64	57	41	11	55	38	34	49	13	76	32	32	61	9	64	53	42	
63	47	56	0	70	56	28	55	17	50	21	19	40	55	20	78	58	81	21	53	40	74	28	11	36	38	38	57	32	60	
9	15	28	13	0	56	35	30	55	18	62	65	36	51	29	13	26	27	10	31	40	54	48	59	4	33	59	41	31	25	
8	30	21	46	39	0	25	70	62	58	33	64	66	75	46	53	56	61	12	70	9	2	40	76	44	22	54	69	71	53	
45	42	30	41	35	36	0	33	54	33	28	30	51	28	16	49	53	59	7	58	43	62	6	71	31	39	37	35	57	47	
44	7	50	35	35	74	18	0	21	19	59	31	2	33	30	41	27	55	42	15	27	52	49	2	5	43	5	42	55	43	
2	10	46	15	49	14	32	15	0	15	59	39	10	25	26	60	23	65	38	23	23	51	17	1	1	48	40	38	51	39	
40	37	56	3	30	44	49	42	4	0	18	18	67	60	31	41	57	17	29	45	37	1	25	61	35	35	71	54	28	13	
56	40	69	10	46	51	28	34	52	27	0	28	75	39	10	54	51	57	57	34	16	50	4	40	29	14	50	33	62	36	
39	48	33	18	45	29	36	40	11	12	5	0	8	47	18	18	28	32	56	21	24	29	12	48	37	13	2	41	36	44	
42	48	58	27	32	66	46	25	12	17	50	22	0	36	52	43	48	57	43	6	23	43	52	42	37	34	23	36	61	35	
17	38	36	33	22	36	42	27	52	16	71	61	36	0	19	36	26	40	33	41	36	23	4	72	27	37	49	33	31	5	
42	43	48	29	42	61	56	14	22	27	57	32	3	11	0	33	51	47	53	16	18	48	29	52	32	44	33	46	40	30	
36	23	8	28	45	52	59	64	54	23	52	63	50	93	65	0	29	7	32	23	20	45	33	64	50	13	41	61	11	70	
10	76	42	66	60	46	42	57	31	61	53	66	37	41	31	69	0	14	71	50	45	64	59	75	65	28	55	80	81	55	
18	19	19	5	56	63	67	26	47	34	63	41	28	53	61	4	40	0	21	34	31	51	44	73	36	24	18	33	22	62	
50	25	45	43	40	42	35	49	46	8	65	51	27	61	39	30	36	24	0	26	39	7	37	36	14	50	57	23	48	52	
20	26	33	19	10	45	24	35	22	27	6	32	3	46	8	18	37	32	21	0	11	27	13	49	15	23	33	42	36	25	
40	10	46	20	56	49	32	36	47	15	7	38	28	48	4	64	23	67	16	28	0	51	14	50	1	24	16	38	51	39	
41	44	13	48	48	9	64	53	7	42	35	45	58	12	45	41	48	55	39	60	35	0	30	65	33	52	46	42	54	31	
45	17	51	40	40	52	37	35	29	20	60	38	68	53	31	54	28	34	43	33	19	50	0	72	6	14	50	10	53	27	
9	29	7	33	27	41	35	43	44	27	20	51	25	62	33	41	28	49	38	22	3	43	12	0	22	29	24	41	40	14	
31	3	37	26	47	61	23	27	48	6	50	63	60	39	17	59	14	62	29	19	48	42	36	79	0	54	53	29	42	30	
11	17	30	15	1	8	37	20	57	20	64	19	38	53	31	15	28	29	12	33	42	5	50	27	6	0	5	43	33	27	
45	37	17	15	41	48	38	8	59	20	7	38	62	17	20	55	52	26	24	44	26	45	14	5	39	9	0	28	62	36	
32	33	18	38	30	51	17	42	26	31	61	47	51	1	34	3	39	17	21	33	30	38	19	74	35	23	18	0	20	20	
1	37	12	24	41	48	18	48	16	29	11	42	46	53	24	55	47	32	25	5	30	24	18	38	27	9	45	20	0	50	
15	21	34	16	5	19	25	17	44	1	54	58	42	57	35	19	32	23	16	37	46	41	54	65	10	39	63	47	14	0	
M4
0	14	16	40	25	58	5	65	67	21	26	49	18	64	27	21	41	20	41	52	76	55	39	61	2	31	33	29	24	48	
23	0	23	25	57	25	35	41	42	6	46	35	62	2	44	51	8	43	43	34	73	46	15	72	35	35	42	45	27	40	
32	30	0	60	42	33	20	68	31	45	7	62	76	29	5	34	58	35	25	11	69	47	17	7	43	46	19	44	43	63	
27	16	31	0	37	17	15	26	60	19	14	3	30	28	15	29	27	30	20	6	42	18	2	50	38	34	1	39	38	41	
9	45	11	17	0	46	35	53	41	60	57	75	74	48	1	5	15	50	15	26	64	43	32	62	58	61	25	17	58	22	
51	57	8	53	42	0	37	43	44	34	48	37	64	4	29	48	2	52	11	60	59	44	16	7	26	63	3	55	18	50	
8	7	20	26	8	39	0	46	50	11	11	30	57	56	10	2	24	1	24	35	57	36	26	42	9	12	14	10	34	29	
40	56	38	30	69	24	47	0	15	28	21	10	37	60	18	14	52	62	47	38	11	59	5	43	24	41	46	56	46	10	
21	27	21	23	17	43	52	20	0	4	5	60	38	60	19	23	33	43	33	44	14	40	19	46	27	48	43	14	41	37	
1	72	1	3	48	52	61	48	49	0	51	40	67	40	22	54	26	58	33	75	51	49	21	66	27	44	74	23	25	18	
20	58	20	19	59	64	37	19	12	3	0	59	67	59	41	53	22	52	52	42	70	68	40	84	46	63	23	42	44	37	
75	37	19	75	66	5	53	14	77	60	2	0	18	66	20	63	33	55	28	65	83	40	4	44	28	22	46	57	80	29	
25	17	25	27	60	15	38	24	26	8	12	1	0	5	13	47	43	30	38	49	6	50	14	38	19	27	45	27	49	39	
17	24	4	43	25	17	3	9	10	28	14	3	30	0	27	19	11	18	11	28	68	47	16	40	26	29	31	21	51	41	
47	33	11	75	57	46	35	58	64	60	41	35	62	24	0	49	22	50	19	26	81	51	32	79	13	20	16	59	38	40	
23	31	47	39	43	34	21	67	29	35	39	65	33	34	32	0	59	2	14	12	70	48	7	6	44	35	5	45	44	39	
14	45	16	22	4	18	29	27	29	50	14	4	31	53	6	10	0	12	20	31	14	25	17	46	27	16	11	22	37	24	
17	65	31	1	19	60	55	67	15	32	42	61	42	68	21	25	25	0	35	46	68	57	45	49	45	65	45	31	26	8	
40	1	37	48	30	19	36	7	51	39	28	58	39	25	9	36	46	13	0	27	69	14	1	47	6	18	25	45	45	47	
17	15	31	45	27	18	5	57	50	30	30	49	61	18	16	19	43	20	10	0	54	32	2	61	28	31	4	29	28	48	
28	72	33	25	70	53	51	55	20	76	76	75	29	63	4	38	43	66	64	75	0	83	81	29	10	31	69	63	46	48	
38	42	38	31	59	52	39	85	84	21	10	77	27	52	50	53	63	54	36	30	76	0	36	35	52	15	21	60	62	29	
43	24	51	7	43	43	21	32	43	46	46	65	4	53	25	37	18	26	7	70	20	40	0	52	33	22	49	14	10	44	
19	33	19	21	34	30	12	37	59	2	37	56	9	24	24	28	8	27	33	19	36	24	25	0	35	38	27	1	19	18	
23	59	9	18	13	55	49	28	55	51	52	41	6	42	15	19	29	48	29	40	50	57	46	14	0	25	39	31	47	32	
15	50	17	23	5	19	34	38	45	41	46	68	54	54	7	2	21	49	13	32	22	49	27	54	10	0	31	23	57	28	
21	48	23	21	11	28	47	48	43	42	18	25	52	20	13	17	27	44	27	38	20	45	38	50	28	21	0	19	45	34	
9	26	45	38	37	6	15	13	47	28	17	56	34	23	7	31	25	12	33	37	24	3	28	42	18	22	28	0	34	36	
44	47	29	25	45	15	50	1	30	42	12	1	24	51	8	42	3	18	38	51	58	17	14	54	6	1	7	12	0	33	
26	6	26	44	26	8	4	64	33	29	14	48	21	56	3	20	42	19	42	53	68	54	44	60	27	30	20	28	52	0	
M5
0	27	39	48	26	50	25	26	25	71	25	37	18	35	69	25	42	13	63	52	27	15	42	10	74	38	36	34	33	39	
28	0	10	65	66	27	20	29	69	42	3	8	33	18	59	43	28	37	34	23	25	42	34	54	47	9	27	50	28	26	
62	50	0	45	46	7	72	21	67	86	8	60	13	70	39	23	63	17	31	44	24	22	29	52	84	61	24	30	80	6	
40	49	17	0	73	11	52	37	85	44	35	59	40	6	47	50	58	44	58	71	36	46	11	79	89	60	29	29	59	33	
31	82	32	6	0	25	51	44	57	92	50	75	50	54	81	57	3	50	41	79	66	34	59	42	84	36	61	9	99	11	
9	3	15	14	41	0	25	34	33	47	4	10	31	18	40	48	33	42	39	19	30	47	39	59	52	3	3	20	33	19	
45	15	27	50	83	44	0	36	60	42	20	25	50	35	44	58	45	53	11	33	42	59	12	45	27	26	44	62	3	43	
15	18	30	48	58	16	40	0	45	32	23	28	43	24	21	19	48	14	24	23	5	62	52	35	17	29	1	52	48	46	
42	35	44	19	17	61	57	16	0	52	40	45	45	9	80	77	59	11	56	60	41	20	11	91	84	43	64	84	59	60	
12	32	44	73	73	49	54	51	50	0	37	36	20	45	17	50	52	43	64	38	55	43	43	35	81	27	38	59	62	59	
36	26	38	79	75	55	48	11	54	9	0	36	51	46	34	71	41	41	61	21	1	47	10	66	73	37	55	78	56	54	
35	65	77	73	72	84	63	24	50	50	65	0	16	42	54	50	19	43	70	11	41	52	50	35	80	37	3	59	12	7	
51	39	22	61	1	39	53	23	49	31	40	49	0	48	70	49	69	13	63	22	40	54	61	34	16	50	43	51	52	38	
36	6	18	18	74	15	28	37	77	50	11	16	41	0	66	35	5	45	25	24	23	4	42	62	53	17	35	41	6	34	
18	42	54	26	39	67	22	17	16	18	31	3	9	26	0	12	38	9	62	22	60	42	33	1	19	53	22	25	31	26	
53	76	16	71	72	33	82	40	71	55	34	28	38	67	21	0	12	43	10	55	44	39	55	76	82	46	8	52	41	32	
12	57	57	18	3	40	21	47	35	35	7	67	28	4	74	21	0	52	9	75	42	55	14	47	77	68	61	71	57	49	
38	8	7	40	53	23	30	38	43	52	13	18	30	28	56	40	38	0	44	21	35	24	44	28	57	19	37	47	16	23	
19	52	64	41	39	20	27	38	16	44	52	36	3	31	74	29	32	33	0	35	47	42	33	47	29	63	16	17	64	12	
35	5	17	10	51	34	27	35	28	47	6	4	30	25	26	9	4	30	38	0	32	49	41	22	32	14	23	46	32	27	
66	51	63	54	20	11	73	51	29	53	24	23	55	44	62	64	58	46	7	22	0	55	46	49	81	62	42	69	38	46	
53	47	42	11	69	21	61	58	46	32	52	57	46	59	57	35	77	50	76	30	9	0	63	42	24	58	24	30	46	12	
65	41	27	3	31	44	5	17	18	56	45	14	46	25	76	60	49	35	55	30	43	28	0	65	80	25	21	60	42	37	
10	49	58	31	31	59	71	9	8	66	23	59	1	18	75	8	30	1	54	50	55	34	25	0	57	57	19	17	71	22	
30	18	30	51	51	46	32	29	28	10	23	28	21	38	49	28	48	21	54	1	45	52	45	13	0	29	23	30	31	42	
49	42	30	8	24	37	25	23	1	46	5	34	6	16	28	63	19	18	30	51	48	3	16	58	45	0	41	37	62	46	
67	60	30	44	42	47	76	41	19	54	48	63	53	24	11	57	39	36	20	45	2	45	36	57	39	38	0	70	42	46	
35	54	66	18	81	34	8	46	58	42	59	6	37	64	76	72	40	36	39	31	40	28	31	57	41	51	25	0	13	23	
64	77	29	47	81	46	88	41	58	76	7	13	45	28	76	62	12	26	70	40	63	24	58	57	98	66	32	69	0	36	
19	5	14	62	12	7	27	36	39	29	10	15	28	25	39	29	35	32	41	17	32	41	16	24	54	16	7	15	35	0	
M6
0	52	23	26	5	54	43	34	33	30	66	61	50	83	63	69	72	76	40	75	60	65	63	61	26	63	60	68	12	57	
8	0	48	46	2	66	31	50	36	33	22	28	44	13	22	58	10	59	24	7	44	31	62	49	28	15	52	49	9	43	
43	43	0	69	17	76	49	35	41	65	42	33	91	90	20	80	49	64	18	32	93	78	90	41	42	20	68	60	12	48	
70	43	49	0	65	49	84	30	47	43	38	35	15	70	7	23	26	51	24	53	70	32	32	22	6	48	35	18	56	22	
30	26	39	60	0	26	64	10	27	56	64	18	58	76	58	58	70	33	13	60	70	45	51	69	24	66	66	41	61	48	
15	51	44	55	14	0	72	11	49	44	1	41	27	50	33	33	3	26	49	31	78	40	69	38	33	28	19	58	36	34	
16	53	8	7	45	23	0	35	24	3	23	49	51	49	21	49	44	87	14	50	67	38	30	31	70	48	42	12	36	58	
30	30	1	32	38	11	56	0	28	33	61	20	18	1	14	37	65	10	31	18	40	17	33	24	46	7	32	35	15	25	
36	39	41	39	9	73	82	54	0	41	33	38	37	28	37	56	50	60	38	57	45	24	55	25	4	46	30	42	44	44	
32	32	19	41	56	66	57	25	26	0	30	22	59	44	16	38	1	53	47	21	12	68	37	15	47	9	47	13	17	32	
25	28	30	28	58	45	9	23	16	25	0	28	26	71	22	19	53	59	14	23	46	13	52	37	54	15	13	31	23	33	
42	7	37	36	59	36	77	49	8	32	51	0	47	5	26	17	45	32	48	31	7	34	64	58	74	19	42	21	3	32	
51	24	30	28	54	46	78	18	28	55	64	54	0	51	26	15	70	32	27	67	51	13	53	7	24	55	16	31	41	3	
31	31	37	35	50	53	19	25	29	35	54	21	3	0	15	22	76	39	9	20	58	20	43	14	31	8	21	21	16	10	
41	34	40	26	53	13	81	28	38	41	41	9	6	39	0	7	14	42	37	30	40	23	42	5	24	18	26	12	26	13	
19	57	53	26	66	23	32	40	61	5	61	24	29	84	59	0	67	63	33	70	78	46	50	37	21	63	7	57	6	31	
66	48	3	55	40	86	72	39	33	80	65	37	53	56	28	72	0	84	8	55	70	40	41	23	65	43	12	58	35	60	
24	70	46	56	46	4	36	7	20	13	41	12	56	85	16	41	51	0	59	72	86	55	79	57	84	82	69	61	33	55	
42	4	38	2	56	22	54	25	38	31	59	30	34	25	1	10	15	8	0	49	59	21	54	45	62	69	42	7	41	41	
52	33	24	12	18	70	67	48	44	19	32	35	31	26	31	45	57	67	32	0	56	18	25	42	11	53	39	36	56	6	
68	54	14	13	51	38	54	69	75	70	28	33	56	16	20	10	22	75	27	66	0	43	62	67	52	54	19	22	46	9	
37	14	16	14	44	62	73	29	44	71	66	69	12	66	12	31	74	48	13	68	37	0	48	23	40	56	20	17	48	19	
37	2	17	57	33	3	37	26	23	50	38	4	29	64	7	48	56	27	42	10	79	46	0	40	19	14	21	56	12	36	
23	71	41	58	78	41	47	44	17	50	4	22	87	17	17	40	58	27	37	57	97	74	90	0	51	71	33	72	70	5	
33	27	26	66	63	63	46	71	31	5	8	23	86	66	17	76	14	54	60	22	77	73	19	23	0	10	63	71	18	38	
19	19	34	59	59	54	86	57	17	63	59	9	72	82	3	83	79	40	72	8	82	59	78	81	51	0	80	75	4	24	
45	52	70	49	88	44	63	6	63	61	8	18	38	42	31	39	38	38	41	65	89	55	13	49	66	69	0	73	67	11	
6	23	22	23	25	26	23	38	53	39	27	33	21	62	21	40	68	42	22	65	30	8	30	32	49	62	29	0	42	28	
19	62	22	42	13	11	44	17	5	47	10	46	89	50	17	56	54	24	59	19	30	86	87	83	39	39	65	29	0	55	
43	32	34	36	62	54	86	26	36	63	72	3	4	59	27	23	65	40	4	32	56	21	61	15	32	20	24	33	28	0	
M7
0	31	1	24	48	8	44	1	44	35	7	20	35	33	27	23	35	43	38	23	25	36	52	12	39	44	21	13	40	13	
15	0	49	30	21	42	44	31	32	33	49	57	48	4	48	62	46	35	30	53	40	44	61	47	19	13	66	47	6	52	
1	50	0	24	44	2	38	18	60	35	1	18	29	27	45	17	33	56	32	47	36	30	60	47	33	44	15	26	34	7	
35	21	29	0	32	4	27	30	55	3	19	33	18	38	13	32	43	35	15	15	42	14	31	15	30	12	38	59	40	41	
32	43	42	43	0	24	45	59	51	46	45	29	56	15	34	28	36	50	6	19	9	38	42	19	9	52	18	60	25	18	
29	23	23	49	28	0	59	6	49	5	21	28	20	40	7	34	37	14	5	66	52	16	33	47	44	8	43	9	42	35	
18	8	12	41	42	19	0	10	35	52	18	35	46	25	42	34	35	20	49	41	45	30	61	27	8	22	32	28	24	24	
32	27	42	30	42	25	47	0	12	13	19	31	28	44	26	30	20	48	53	35	15	24	20	49	7	37	35	62	23	20	
67	69	69	60	68	53	57	22	0	61	72	33	67	71	61	24	61	49	20	5	64	21	4	55	54	42	43	7	57	33	
27	8	21	34	19	28	64	18	42	0	6	44	5	25	5	19	35	27	51	57	57	1	18	45	40	34	41	48	27	33	
39	16	35	26	40	28	37	3	14	19	0	18	34	33	19	17	41	23	49	49	48	30	47	4	41	42	27	36	34	7	
4	42	6	35	36	13	46	29	41	24	12	0	39	38	39	23	44	9	8	44	21	35	52	53	44	24	26	9	15	15	
24	49	19	22	6	26	56	42	16	33	25	15	0	14	3	41	5	18	37	36	15	44	61	43	37	19	1	6	43	31	
31	27	31	60	48	32	15	29	1	71	37	23	29	0	41	41	32	39	66	44	26	26	26	46	10	41	43	47	26	43	
9	58	3	32	8	10	46	26	54	43	9	26	37	35	0	25	17	9	40	46	44	38	64	27	41	34	23	34	42	15	
39	64	40	50	42	27	58	28	47	55	28	10	70	2	24	0	20	18	73	23	23	50	19	51	38	37	2	12	44	27	
10	35	67	78	14	50	63	49	28	44	21	44	47	33	59	39	0	39	65	33	47	55	65	53	44	8	36	50	54	77	
32	9	40	52	36	47	35	37	54	9	25	63	16	26	24	36	54	0	47	72	38	20	37	47	41	35	54	59	28	52	
20	25	38	51	24	35	35	35	38	7	23	18	22	10	22	5	1	44	0	18	9	18	35	44	40	18	4	42	36	49	
23	27	17	38	13	16	15	13	35	49	23	40	39	44	6	31	36	28	7	0	31	39	42	10	27	3	33	47	43	29	
30	8	24	51	39	31	8	22	47	10	10	39	25	25	25	39	43	6	51	53	0	21	38	22	20	31	25	40	27	36	
38	35	48	17	2	29	42	35	56	17	19	15	32	29	32	46	19	54	40	40	22	0	45	40	35	11	1	65	43	48	
18	42	12	41	25	19	35	35	21	45	18	34	10	44	4	23	34	1	49	2	9	47	0	2	23	51	20	25	39	24	
31	34	25	53	30	32	27	41	56	37	31	31	52	45	9	15	33	25	62	68	38	48	42	0	31	50	17	44	45	26	
33	21	54	64	37	41	41	55	29	48	23	25	34	38	63	30	14	32	43	56	37	16	76	53	0	30	46	54	3	20	
26	43	20	49	33	1	36	3	46	46	26	40	54	26	12	24	28	34	5	69	17	55	25	3	40	0	26	1	50	32	
26	51	36	65	30	43	45	53	44	60	37	3	63	17	39	53	7	50	73	44	10	51	60	38	25	24	0	53	31	48	
24	26	30	53	31	10	14	28	40	64	36	30	58	34	60	50	38	6	67	59	37	40	57	45	11	40	39	0	14	42	
37	27	31	57	61	21	15	29	3	68	37	31	22	44	52	41	54	6	68	60	11	47	59	37	27	4	51	28	0	43	
45	35	39	46	29	13	23	37	45	20	36	3	35	52	35	2	62	41	46	52	42	15	48	52	35	46	59	34	19	0	
