30  2  1
2
	0	66	1	70
	0	89	1	34
	0	26	1	39
	0	78	1	39
	0	94	1	10
	0	21	1	23
	0	2	1	1
	0	1	1	75
	0	96	1	24
	0	21	1	67
	0	41	1	16
	0	87	1	1
	0	6	1	76
	0	84	1	80
	0	55	1	58
	0	6	1	9
	0	6	1	73
	0	91	1	70
	0	34	1	23
	0	76	1	20
	0	21	1	77
	0	57	1	8
	0	86	1	38
	0	34	1	25
	0	52	1	76
	0	70	1	2
	0	16	1	32
	0	88	1	47
	0	47	1	2
	0	4	1	79
SSD
M0
0	13	11	16	15	20	8	10	17	12	4	14	12	16	17	19	7	21	11	21	10	25	15	4	15	16	13	20	22	16	
6	0	4	9	8	26	1	20	2	5	17	24	8	13	35	14	18	22	4	27	31	21	22	5	12	9	21	21	17	24	
23	12	0	19	14	15	26	20	15	8	2	26	3	10	31	33	23	23	13	3	7	19	14	29	31	7	23	30	8	13	
17	32	26	0	30	26	23	36	4	19	26	3	2	9	30	36	22	14	26	13	30	18	25	33	30	1	31	44	4	19	
7	2	5	10	0	26	2	20	15	6	25	2	2	9	35	15	18	25	5	30	30	18	23	21	11	10	23	26	13	23	
19	22	18	23	3	0	22	16	23	19	17	35	18	21	21	23	13	16	25	27	17	26	28	25	2	30	19	22	15	9	
3	12	1	6	5	23	0	19	11	2	29	21	5	12	32	11	15	21	1	26	28	21	19	17	9	6	22	22	14	27	
2	6	26	13	23	16	27	0	6	24	22	21	18	8	32	32	19	10	9	10	11	34	11	28	27	27	2	9	20	14	
8	16	6	11	10	26	3	9	0	7	25	26	10	17	23	16	20	10	2	20	21	22	21	22	14	11	12	1	19	17	
15	17	6	25	17	16	17	12	18	0	12	23	3	5	22	4	22	1	13	23	21	19	24	20	16	12	15	22	10	4	
9	10	7	12	11	29	4	19	8	7	0	7	11	14	5	17	18	27	7	9	31	27	6	18	15	12	22	8	8	2	
24	33	22	1	23	14	19	27	27	23	14	0	26	21	18	32	1	7	22	21	19	8	23	20	9	11	10	12	25	29	
21	38	25	24	26	18	37	36	40	20	29	17	0	1	31	42	14	32	25	34	22	10	17	25	22	26	23	46	37	42	
13	14	13	22	14	24	14	18	3	2	9	16	20	0	5	12	14	24	17	10	4	32	13	17	22	18	21	17	6	1	
10	23	23	24	27	7	20	17	24	2	15	9	1	8	0	27	15	7	2	9	29	17	24	16	23	19	20	10	33	27	
5	9	22	16	17	6	26	2	8	21	25	18	2	9	35	0	22	13	12	13	11	18	14	13	29	10	5	12	23	17	
33	35	16	4	24	7	35	32	20	30	30	19	21	28	11	46	0	12	27	14	42	18	34	13	2	14	3	39	18	22	
6	22	23	15	24	25	20	21	1	21	19	18	21	9	29	13	34	0	6	32	30	32	20	23	5	28	24	31	17	11	
5	20	19	24	16	17	16	13	10	8	27	29	13	20	37	5	33	24	0	24	22	29	25	8	27	21	16	23	25	19	
12	16	16	23	24	13	33	9	15	28	18	3	6	13	20	1	26	20	10	0	18	20	10	13	34	17	12	19	23	24	
1	8	7	11	11	17	4	4	6	8	18	23	11	13	16	17	4	10	4	15	0	7	16	23	12	12	7	14	16	10	
7	16	5	10	9	10	2	23	15	6	17	17	1	8	26	15	9	25	5	29	29	0	6	8	13	4	18	7	18	31	
5	12	9	14	1	22	6	5	12	10	28	27	4	7	19	19	11	6	9	16	17	20	0	25	17	14	8	15	20	20	
8	17	6	11	10	17	3	24	16	7	16	26	8	15	21	16	4	13	6	13	12	14	22	0	12	8	13	17	14	8	
12	16	21	23	25	4	18	9	16	22	26	31	20	18	17	12	28	20	19	20	5	33	21	17	0	26	4	19	27	24	
28	27	3	32	22	7	27	25	28	4	5	13	28	10	47	29	35	26	30	18	36	39	1	4	30	0	28	20	2	29	
21	25	19	24	5	33	16	27	29	15	31	39	23	30	18	27	33	37	19	8	24	36	35	10	27	17	0	20	12	37	
12	29	18	19	20	22	15	28	28	19	16	14	22	29	26	20	9	27	11	29	13	33	36	24	17	23	8	0	5	24	
9	13	7	12	11	23	4	6	13	3	11	27	11	5	15	15	11	10	7	17	18	27	18	23	15	12	9	12	0	21	
12	9	8	17	9	28	9	13	20	6	4	22	16	8	14	22	26	24	12	24	25	32	25	12	20	17	16	23	2	0	
M1
0	38	13	8	15	22	4	8	12	21	28	13	26	13	8	22	5	9	19	15	14	8	16	13	23	4	11	9	7	11	
23	0	10	8	31	16	21	5	28	32	15	10	23	36	8	28	14	6	26	12	7	21	13	21	35	1	9	6	23	15	
6	22	0	19	12	22	24	8	6	22	20	12	26	2	11	30	2	9	9	15	14	6	15	13	11	4	10	9	20	17	
30	31	19	0	22	27	28	26	19	28	34	41	44	18	22	41	16	16	26	28	11	28	36	6	29	45	24	17	14	18	
9	29	5	11	0	32	7	19	8	24	39	24	29	39	22	25	27	20	15	24	24	11	20	16	17	15	10	5	10	14	
13	38	11	8	10	0	11	14	7	16	31	37	16	8	15	20	27	27	14	1	21	15	24	8	24	28	12	25	2	6	
1	35	14	3	10	24	0	12	7	16	31	30	21	31	15	17	19	15	14	16	16	3	32	8	18	35	12	25	2	6	
3	12	16	5	1	26	1	0	9	18	30	15	23	33	17	19	12	17	16	18	18	5	18	10	20	25	14	16	4	8	
16	13	14	18	25	23	14	9	0	31	18	14	27	12	9	32	23	10	9	16	8	18	5	15	33	5	6	10	17	19	
21	24	16	12	21	21	27	11	29	0	10	16	29	42	14	15	25	10	6	5	17	27	19	27	30	7	15	9	24	21	
9	22	22	16	18	31	24	17	15	16	0	22	9	31	20	6	31	11	5	24	23	24	25	25	4	13	20	18	10	14	
19	24	18	6	28	27	17	13	25	21	14	0	31	28	7	17	27	14	15	20	19	16	2	10	24	9	16	14	20	4	
33	20	25	5	22	14	31	16	8	9	12	42	0	34	10	34	30	15	33	27	22	9	21	38	28	36	23	37	26	2	
2	5	29	23	15	16	24	11	21	9	1	16	9	0	18	3	44	28	22	27	33	23	10	2	3	26	20	5	27	21	
14	26	14	8	9	18	12	1	6	23	4	1	26	6	0	19	12	13	6	22	21	14	4	12	6	11	18	16	13	6	
14	37	17	16	23	29	12	25	9	29	9	12	34	36	6	0	32	27	27	15	21	16	15	21	29	22	25	27	15	17	
17	35	30	11	15	18	31	10	25	5	12	13	15	42	14	31	0	21	19	25	2	30	16	24	18	23	29	5	30	4	
15	14	13	30	34	6	26	19	32	1	5	23	6	8	22	25	33	0	19	14	25	18	17	34	9	15	19	13	27	28	
22	25	18	16	3	4	20	9	15	24	29	28	11	33	27	38	33	19	0	10	15	15	30	29	30	22	20	2	10	14	
25	34	13	14	20	2	26	18	17	3	20	29	37	31	13	29	40	9	15	0	33	20	3	33	17	32	8	11	12	16	
23	2	19	18	4	34	21	1	17	11	1	20	26	41	3	12	17	1	14	26	0	25	23	23	21	21	22	19	12	16	
27	24	8	26	28	29	34	32	14	8	27	35	17	24	4	18	13	25	32	16	5	0	29	21	26	37	15	42	20	20	
17	6	10	19	14	1	15	28	7	31	27	30	22	3	24	9	35	16	30	25	32	19	0	19	34	36	28	5	18	22	
8	35	24	17	24	12	13	1	21	26	18	29	27	7	22	13	20	29	23	20	23	10	21	0	29	39	23	24	16	20	
11	29	23	11	20	28	9	18	14	26	19	4	22	12	7	22	29	19	6	23	24	13	7	15	0	14	21	10	12	9	
20	32	7	14	28	16	18	2	25	29	22	7	20	33	5	25	16	3	23	9	8	18	10	18	32	0	6	3	20	12	
20	4	26	10	12	26	18	16	9	18	6	15	21	33	5	2	3	19	16	18	27	18	18	26	8	17	0	22	4	8	
23	8	14	25	9	39	21	34	27	6	39	28	41	33	2	29	37	36	28	17	29	16	21	30	36	31	29	0	24	28	
14	40	21	4	6	20	12	10	3	12	27	40	34	27	24	30	32	28	10	12	25	12	28	21	20	31	8	21	0	2	
19	12	16	2	25	23	17	11	14	25	17	13	29	42	8	31	25	12	29	2	17	21	16	24	28	7	14	12	20	0	
