30  8  1
8
	0	39	1	81	2	28	3	83	4	39	5	6	6	83	7	16
	0	86	1	11	2	32	3	86	4	51	5	90	6	48	7	77
	0	93	1	42	2	96	3	32	4	66	5	7	6	98	7	30
	0	36	1	71	2	50	3	75	4	92	5	43	6	10	7	75
	0	55	1	30	2	48	3	80	4	21	5	46	6	18	7	94
	0	81	1	50	2	8	3	7	4	7	5	91	6	67	7	95
	0	6	1	89	2	24	3	84	4	68	5	13	6	42	7	79
	0	74	1	8	2	68	3	3	4	25	5	88	6	85	7	1
	0	14	1	7	2	65	3	3	4	66	5	67	6	85	7	42
	0	92	1	18	2	53	3	79	4	50	5	77	6	56	7	88
	0	6	1	53	2	29	3	84	4	33	5	69	6	97	7	14
	0	2	1	8	2	63	3	41	4	33	5	27	6	21	7	76
	0	32	1	24	2	12	3	63	4	20	5	33	6	83	7	3
	0	31	1	4	2	95	3	77	4	40	5	83	6	79	7	6
	0	37	1	88	2	67	3	55	4	73	5	67	6	23	7	80
	0	34	1	78	2	61	3	52	4	18	5	3	6	16	7	28
	0	30	1	28	2	20	3	49	4	10	5	20	6	86	7	76
	0	64	1	85	2	6	3	2	4	69	5	8	6	18	7	2
	0	50	1	86	2	91	3	100	4	82	5	19	6	54	7	74
	0	41	1	14	2	30	3	26	4	13	5	22	6	89	7	85
	0	38	1	7	2	14	3	25	4	47	5	19	6	36	7	6
	0	19	1	26	2	4	3	81	4	62	5	16	6	76	7	31
	0	4	1	80	2	51	3	96	4	36	5	45	6	91	7	43
	0	54	1	2	2	88	3	78	4	85	5	53	6	79	7	78
	0	95	1	87	2	15	3	33	4	24	5	35	6	44	7	93
	0	78	1	83	2	53	3	69	4	77	5	33	6	77	7	48
	0	66	1	41	2	88	3	98	4	97	5	84	6	6	7	89
	0	60	1	17	2	95	3	50	4	32	5	32	6	43	7	37
	0	46	1	35	2	39	3	90	4	19	5	88	6	93	7	88
	0	82	1	1	2	60	3	46	4	5	5	51	6	65	7	11
SSD
M0
0	5	23	21	19	3	38	22	31	2	12	19	6	23	28	27	29	22	27	19	33	27	5	18	46	16	6	31	10	34	
13	0	2	39	9	22	24	10	27	9	8	15	24	19	14	29	8	25	17	32	26	23	18	3	38	24	30	27	41	19	
7	12	0	14	29	17	6	35	12	16	16	23	28	3	27	37	4	1	6	8	26	31	26	15	12	20	38	4	32	35	
1	25	33	0	3	9	33	29	35	30	48	23	12	17	37	30	30	18	41	22	10	10	8	24	19	16	20	38	12	23	
15	17	9	33	0	4	36	21	21	6	2	9	12	13	23	19	31	19	19	12	23	17	12	37	30	40	11	21	27	24	
8	20	41	6	22	0	37	33	37	32	30	25	7	19	35	16	10	12	46	15	35	12	36	27	11	38	46	17	5	43	
20	33	32	17	34	5	0	23	1	23	21	28	24	21	21	31	33	16	31	29	14	23	15	3	33	37	27	40	26	29	
17	13	21	31	6	4	33	0	9	20	26	11	3	15	3	11	6	17	39	15	25	31	12	37	30	14	3	13	33	3	
8	29	17	8	19	11	10	16	0	18	6	13	9	17	19	37	20	1	23	20	7	8	15	19	34	23	27	25	29	28	
27	27	21	15	36	30	30	6	19	0	29	36	16	33	11	25	5	34	20	36	8	21	22	3	28	18	34	42	37	14	
7	26	5	27	7	21	37	25	13	6	0	1	10	5	15	25	28	11	11	18	15	9	4	34	43	38	16	13	30	16	
4	29	41	32	13	35	34	40	10	11	30	0	7	2	12	26	28	8	41	41	12	32	39	38	42	43	20	28	37	16	
29	28	40	5	31	16	14	8	9	36	29	23	0	3	26	30	43	24	45	2	7	31	35	23	46	39	33	36	3	30	
24	29	19	29	13	23	31	26	7	39	27	34	27	0	13	20	39	18	36	33	28	25	19	16	23	32	11	21	8	11	
15	34	13	5	15	29	29	7	5	14	2	9	18	13	0	33	14	16	12	19	23	17	12	38	32	3	12	21	14	15	
11	17	15	27	17	31	41	27	17	16	4	5	14	1	16	0	35	15	20	27	19	19	14	44	10	42	10	14	32	23	
15	16	19	10	25	32	27	30	23	24	43	11	20	15	25	36	0	18	11	26	18	8	48	24	3	37	33	36	11	29	
13	3	26	32	33	25	28	29	35	40	31	38	22	1	33	26	32	0	15	22	5	31	8	31	42	19	14	3	35	34	
30	32	3	2	14	1	34	31	10	25	30	37	6	11	5	25	21	19	0	40	31	5	39	14	17	17	33	33	26	7	
35	7	35	17	16	7	12	29	19	11	39	29	10	10	39	47	11	7	21	0	23	41	33	21	21	38	3	22	33	29	
33	34	7	32	33	21	13	35	11	8	20	27	11	26	18	9	36	24	24	43	0	16	29	22	8	14	15	27	37	33	
25	30	12	39	41	5	18	20	18	1	28	35	41	19	10	34	1	33	42	29	38	0	31	6	31	10	33	9	2	47	
1	18	21	20	31	13	29	17	24	42	39	46	37	44	43	18	20	28	35	10	43	41	0	38	45	48	8	31	23	29	
19	39	32	23	34	26	23	5	1	8	21	25	24	29	32	1	35	16	38	25	22	23	17	0	45	38	29	9	39	43	
22	18	30	22	32	39	46	24	38	19	19	26	5	25	2	27	1	28	36	13	19	28	29	36	0	14	4	38	33	41	
15	5	13	35	15	16	12	5	19	14	2	9	12	13	9	33	25	19	19	26	23	17	12	13	7	0	9	21	20	22	
1	33	36	35	30	25	44	32	30	40	44	27	12	25	34	25	32	8	46	25	39	23	11	28	35	7	0	19	38	44	
35	13	43	4	3	16	34	34	31	32	38	45	6	7	26	48	32	24	4	5	6	12	38	16	41	12	28	0	1	5	
13	37	35	28	17	8	5	34	12	6	24	31	35	24	5	16	14	5	14	6	25	9	15	12	40	11	27	37	0	16	
16	28	5	34	30	22	11	11	18	27	28	15	10	19	4	33	20	23	31	4	24	7	11	20	23	21	23	21	13	0	
M1
0	10	1	22	18	12	1	3	2	30	19	26	27	24	17	14	4	5	28	19	15	12	11	32	27	31	9	7	28	25	
23	0	23	14	5	10	27	17	15	23	31	11	27	10	1	11	15	5	7	18	23	16	16	12	20	10	9	16	7	4	
23	10	0	14	15	5	38	18	15	26	33	14	18	12	2	6	17	22	27	18	27	16	19	20	24	6	9	16	28	4	
14	7	41	0	7	19	34	27	33	18	43	6	14	28	19	29	18	23	2	36	36	21	5	30	17	28	27	34	25	22	
16	15	33	23	0	18	30	4	13	17	26	5	11	20	17	10	17	4	16	15	3	13	20	32	24	32	18	4	24	26	
37	5	20	19	1	0	41	19	28	31	30	24	25	12	17	25	14	21	12	28	7	2	28	24	31	26	25	25	4	20	
15	9	16	5	17	18	0	5	8	9	23	25	20	3	19	16	8	10	16	21	13	14	6	2	19	2	20	5	18	15	
10	16	21	11	32	29	18	0	19	23	27	21	30	13	6	3	18	28	17	8	4	1	29	25	16	20	11	6	25	14	
37	27	26	17	9	3	16	19	0	45	15	42	22	40	33	30	30	32	40	35	31	28	36	39	30	24	17	10	23	32	
11	5	26	17	21	14	34	8	18	0	22	1	16	1	17	6	6	21	13	21	20	5	17	13	32	7	12	18	13	7	
21	4	32	22	18	12	8	8	2	9	0	21	9	19	16	1	5	16	22	1	19	4	12	8	3	13	13	13	22	19	
27	21	32	23	14	5	38	13	24	4	42	0	17	21	12	23	4	27	28	27	25	22	19	19	33	19	18	24	11	13	
23	12	16	14	3	18	36	13	13	18	6	6	0	6	24	16	11	26	18	18	25	9	9	18	29	8	9	16	25	4	
21	2	32	16	18	16	29	3	14	34	17	24	13	0	14	9	1	16	20	19	15	12	12	8	27	14	22	13	20	17	
13	14	15	26	26	18	41	30	24	5	30	18	27	24	0	4	13	26	18	28	7	28	22	18	30	22	21	10	28	16	
30	9	25	32	25	16	17	31	15	5	7	24	13	24	21	0	29	9	22	7	9	26	10	18	26	21	21	23	16	24	
26	11	29	23	11	15	28	16	5	15	26	3	21	14	22	24	0	8	16	27	23	22	17	13	31	19	18	18	20	13	
27	13	23	5	27	21	9	10	11	7	3	23	24	7	24	11	12	0	19	16	6	15	1	19	11	5	29	8	19	28	
23	16	28	19	9	1	24	17	16	16	9	19	27	10	28	1	15	18	0	23	21	21	14	10	35	5	14	15	26	9	
31	14	20	23	19	13	26	25	3	11	25	10	32	30	26	27	22	28	32	0	27	5	24	20	33	26	26	13	15	29	
35	5	39	30	21	23	37	17	14	22	16	10	22	10	17	23	15	21	6	14	0	19	18	22	31	22	25	11	14	20	
9	20	36	16	13	4	13	20	19	27	33	26	22	14	15	4	19	26	3	2	30	0	30	26	24	23	14	4	31	17	
15	1	26	12	17	22	14	17	18	29	5	17	17	15	6	23	20	13	19	20	6	19	0	12	32	13	8	17	19	7	
11	15	30	12	13	14	27	16	4	33	26	21	26	9	27	22	14	6	12	25	9	23	2	0	23	4	16	3	14	11	
9	18	2	14	28	25	2	18	15	16	33	14	29	12	17	25	17	17	27	15	24	11	17	13	0	10	9	4	29	4	
1	35	37	20	26	32	5	15	24	27	3	41	22	29	29	20	34	26	21	31	24	24	8	18	39	0	19	23	25	31	
26	1	33	11	17	15	14	29	19	23	29	23	21	22	13	23	27	17	19	30	24	3	16	13	25	8	0	5	19	16	
27	21	39	7	22	16	14	11	6	38	28	26	10	26	25	7	29	5	22	14	9	20	9	15	3	21	30	0	30	28	
21	19	4	22	21	17	8	19	14	4	24	4	9	13	19	7	10	5	1	13	19	14	12	8	33	14	26	13	0	21	
18	13	18	9	26	20	33	13	10	21	28	9	24	7	25	20	12	23	22	13	25	11	19	15	28	5	4	11	28	0	
M2
0	38	19	4	2	22	22	37	33	6	39	28	25	14	43	6	38	7	2	16	20	27	26	30	21	31	41	11	14	13	
25	0	29	26	14	42	10	49	43	22	35	36	38	28	10	13	20	33	34	40	38	48	25	4	22	39	42	1	15	31	
26	28	0	23	46	11	25	18	5	18	25	9	13	28	34	18	27	20	18	9	24	38	37	35	46	20	37	40	24	4	
13	30	24	0	21	30	10	28	41	27	12	27	47	24	28	12	34	21	5	12	1	11	28	20	31	39	29	42	12	30	
32	5	16	17	0	5	10	29	3	19	24	14	18	14	5	13	21	6	3	17	15	32	3	16	35	4	21	22	13	15	
37	20	3	4	46	0	9	16	3	29	11	41	33	11	39	30	8	38	42	22	45	40	34	20	34	1	18	22	39	21	
6	20	32	34	28	34	0	39	26	18	31	30	17	6	21	38	39	32	19	20	12	47	21	15	1	5	21	39	28	31	
11	24	8	26	10	28	26	0	26	18	25	31	34	23	33	14	44	29	11	21	17	15	37	28	35	10	23	25	6	32	
21	26	9	28	16	16	19	18	0	19	28	17	30	21	6	8	32	1	20	12	20	27	20	6	30	25	23	14	4	10	
28	27	19	34	1	22	24	8	23	0	31	28	24	20	11	14	25	7	26	18	14	33	11	13	8	31	28	37	10	13	
21	18	29	31	13	19	14	20	30	19	0	19	34	3	5	17	9	17	2	9	39	3	25	33	23	28	33	8	24	26	
20	29	12	13	19	1	18	25	11	33	20	0	6	20	4	13	17	27	31	22	10	19	34	8	14	4	27	31	29	16	
2	34	13	18	28	6	1	25	1	35	2	5	0	9	12	9	12	35	24	19	20	21	20	34	26	15	26	29	11	35	
16	27	6	19	2	14	16	38	5	24	4	25	26	0	20	22	21	22	35	31	24	36	35	15	32	23	20	20	1	19	
10	28	9	27	4	15	20	29	14	15	22	29	12	23	0	12	5	36	25	26	25	22	14	6	9	24	4	24	18	17	
16	36	17	16	26	20	23	23	23	32	24	8	10	25	30	0	34	5	4	3	31	16	18	20	32	14	38	27	10	14	
19	47	3	2	29	23	7	23	18	17	19	22	5	26	11	2	0	29	41	11	18	38	19	14	31	32	4	20	11	35	
33	25	6	21	20	9	12	24	20	36	28	15	29	14	33	1	25	0	13	5	25	20	13	34	37	18	35	39	1	3	
21	11	1	12	34	22	21	7	21	29	22	25	8	29	31	8	32	21	0	7	40	24	40	1	31	11	26	43	6	30	
34	38	32	9	41	41	40	28	39	47	8	18	39	40	38	22	19	26	34	0	47	31	26	27	31	19	5	33	25	16	
9	23	9	29	9	17	24	23	28	42	9	17	36	9	36	13	19	6	25	17	0	32	25	40	22	26	14	39	13	15	
14	35	22	37	6	25	7	13	35	12	26	12	32	10	30	16	25	10	29	21	32	0	18	26	16	34	36	27	17	19	
29	29	15	40	38	28	30	43	36	17	42	24	28	13	35	20	34	13	14	5	22	39	0	8	12	37	32	23	20	2	
6	34	39	3	16	47	19	30	14	23	22	5	31	35	28	11	18	33	33	8	16	21	27	0	15	35	35	10	33	8	
15	4	16	31	24	19	14	28	14	29	15	18	1	11	15	22	23	21	3	4	1	34	31	3	0	28	5	37	12	15	
23	37	1	3	15	13	16	22	24	21	22	21	34	19	39	25	21	19	24	14	34	5	6	14	18	0	23	36	17	28	
25	7	23	28	29	16	30	20	7	13	31	28	34	19	23	31	9	28	24	30	8	19	21	22	35	25	0	27	33	30	
42	22	22	23	11	11	28	19	22	25	14	44	28	30	3	24	3	23	20	26	22	36	32	33	29	20	15	0	30	30	
17	29	16	31	20	19	16	15	16	35	14	17	3	14	16	11	27	4	23	15	20	30	23	12	17	28	37	16	0	13	
36	35	6	14	35	27	6	35	30	10	13	27	39	2	44	36	14	33	44	19	21	39	29	10	31	19	38	8	40	0	
M3
0	14	19	4	4	18	20	32	23	18	18	9	36	32	14	13	19	8	35	18	16	3	15	24	37	18	6	2	34	30	
31	0	8	16	36	21	19	30	6	22	23	13	19	15	13	12	35	7	10	30	10	12	23	22	15	13	18	23	16	29	
25	8	0	7	32	17	14	14	3	22	25	18	16	10	17	10	19	24	34	22	26	11	20	19	14	30	15	20	28	29	
24	38	22	0	24	30	42	22	31	46	15	6	33	26	11	27	29	42	47	30	30	32	14	43	17	4	33	2	10	16	
24	23	3	28	0	14	24	9	18	38	20	13	5	13	7	28	9	23	8	17	21	26	35	21	34	25	11	23	33	24	
3	2	40	25	8	0	9	21	30	20	7	8	11	19	19	20	22	46	36	29	28	38	21	10	23	49	20	24	21	36	
17	9	14	14	20	17	0	2	11	5	31	4	13	6	2	8	2	3	35	10	2	8	28	14	22	19	23	24	7	15	
16	17	21	16	15	27	18	0	6	36	41	1	8	1	35	17	31	29	30	5	9	14	23	22	26	33	18	19	46	12	
28	27	12	7	33	18	34	34	0	37	32	33	10	6	28	14	38	22	38	42	31	5	14	13	26	24	9	14	39	38	
30	6	12	3	32	30	24	25	16	0	1	29	9	25	22	3	18	16	45	33	25	21	33	18	8	15	28	33	42	9	
10	12	23	24	20	12	22	35	18	28	0	19	19	27	19	18	11	13	33	3	22	8	8	15	23	29	24	2	39	27	
3	28	18	10	8	29	1	20	29	37	10	0	19	12	28	27	15	22	11	28	21	24	16	25	30	2	27	36	45	7	
13	14	7	28	20	5	3	33	18	31	14	20	0	21	25	9	1	19	45	20	28	7	25	22	5	35	20	26	2	41	
3	18	31	23	8	20	36	47	26	19	30	34	15	0	38	25	46	35	25	1	18	22	11	24	16	5	38	12	26	14	
34	23	26	4	11	31	28	16	11	15	40	20	24	4	0	10	27	17	11	23	26	19	28	13	11	33	2	28	40	25	
34	11	33	23	37	24	37	48	46	31	13	27	15	3	46	0	3	47	11	18	38	37	32	34	18	19	49	15	38	46	
7	22	19	35	36	27	28	40	26	11	21	32	39	34	20	18	0	16	1	36	1	21	13	28	45	24	15	2	11	27	
22	4	9	24	27	12	10	22	25	13	26	26	30	26	4	3	41	0	41	21	7	3	30	14	30	14	37	22	24	20	
17	11	37	39	13	7	23	26	35	26	21	22	25	28	9	34	19	49	0	30	8	14	35	3	37	20	34	8	35	11	
32	14	4	9	34	22	20	32	31	5	21	7	8	23	11	13	47	8	22	0	9	13	25	24	38	10	27	30	34	30	
27	23	27	22	10	33	39	32	12	45	10	36	25	8	37	29	41	31	9	33	0	13	21	13	29	39	17	29	38	1	
19	28	32	27	13	38	29	8	17	17	33	12	14	8	8	15	16	38	33	16	19	0	34	15	16	7	3	30	49	23	
25	35	22	17	13	26	42	25	7	41	39	29	13	1	14	24	18	32	11	18	37	6	0	22	28	4	16	24	19	20	
15	20	25	20	35	20	14	39	10	30	34	35	11	19	21	11	30	15	23	31	24	6	22	0	39	31	22	27	32	5	
12	10	20	28	17	2	18	15	24	13	16	17	20	15	25	24	25	19	13	23	27	24	30	3	0	25	23	27	21	30	
12	12	30	13	24	24	17	6	15	35	19	10	3	10	20	16	31	38	7	14	18	23	14	5	28	0	27	28	41	9	
26	27	31	26	25	37	23	7	16	45	23	11	18	1	43	3	34	39	5	15	19	24	33	26	18	18	0	29	19	22	
11	27	1	15	10	26	42	30	5	28	33	18	8	7	15	12	32	30	16	10	39	13	22	21	34	10	17	0	6	33	
21	18	33	24	26	11	27	25	34	38	23	23	5	29	35	29	35	42	33	8	1	36	32	15	41	44	25	36	0	27	
34	16	15	36	39	24	22	25	34	22	15	29	36	20	16	3	20	10	19	33	19	8	37	6	42	2	46	13	19	0	
M4
0	27	36	20	21	39	1	24	21	16	20	18	23	29	22	28	23	37	36	45	31	32	19	29	35	34	4	24	14	12	
18	0	23	33	17	13	33	14	16	9	15	2	31	36	36	39	36	32	20	46	1	11	17	11	18	29	34	5	27	7	
22	32	0	33	21	23	27	3	26	35	25	23	38	36	23	7	41	42	5	37	28	29	2	18	18	20	17	10	17	17	
16	29	16	0	26	38	31	1	30	11	24	37	20	8	29	28	25	26	17	6	5	20	15	21	17	1	7	33	9	21	
25	7	14	29	0	37	23	3	17	34	13	30	23	24	19	1	28	4	22	9	22	23	18	9	28	27	6	20	33	8	
26	10	10	33	33	0	25	49	32	36	31	7	12	17	21	30	16	44	14	49	45	18	18	39	10	16	14	7	17	23	
32	14	28	47	9	31	0	24	12	44	29	18	35	34	5	16	32	17	21	14	16	21	31	39	44	35	36	11	46	21	
25	16	7	5	16	32	5	0	15	35	14	11	42	30	35	18	13	31	30	33	39	13	16	22	3	26	35	18	27	6	
35	25	26	29	20	36	32	8	0	39	18	8	31	23	1	23	17	11	3	14	32	8	3	19	33	32	36	16	7	10	
25	25	34	27	15	26	36	33	19	0	18	30	9	9	37	24	29	26	19	31	38	26	18	25	2	29	19	22	17	10	
36	30	27	23	2	14	32	2	13	18	0	25	2	27	18	11	32	27	26	32	17	18	33	20	30	5	28	28	10	23	
29	11	40	16	25	27	23	36	7	8	35	0	26	37	21	32	8	15	14	44	15	3	2	25	19	1	30	21	1	27	
15	19	19	1	18	2	25	42	19	29	20	16	0	5	27	5	10	17	5	48	26	12	22	24	19	8	22	16	24	12	
4	19	12	28	1	20	35	6	3	17	11	34	7	0	7	23	35	26	28	31	38	24	14	31	22	6	18	5	8	4	
18	24	18	2	14	12	44	38	21	7	20	1	2	27	0	27	32	5	18	14	45	28	22	12	29	9	33	24	30	12	
26	20	35	14	10	18	20	23	13	22	29	11	13	38	43	0	23	35	3	40	3	11	6	21	28	12	37	26	33	21	
11	16	26	16	19	9	5	39	17	12	17	18	28	25	24	24	0	25	25	45	35	29	11	28	26	30	30	3	4	9	
2	34	22	24	18	27	3	34	43	40	41	28	5	30	24	30	35	0	12	40	46	35	5	42	13	29	34	35	27	37	
38	19	31	21	21	36	21	33	13	32	4	41	30	16	15	34	17	11	0	17	31	31	21	30	6	10	40	23	31	11	
20	10	1	34	26	19	42	12	25	17	5	33	13	19	40	38	31	41	30	0	28	1	26	48	36	8	10	15	42	16	
3	23	19	23	18	27	36	15	17	35	16	26	5	21	37	16	29	5	7	5	0	19	11	28	2	8	2	14	33	8	
33	7	21	33	17	31	23	32	16	34	15	17	33	39	27	9	12	18	25	7	30	0	14	3	30	28	23	12	26	7	
15	13	20	31	26	22	19	31	8	36	11	36	29	20	15	27	15	41	28	6	5	20	0	27	13	12	29	14	17	16	
15	26	38	14	24	22	16	12	30	25	30	3	32	33	20	37	3	38	31	36	2	39	23	0	39	17	40	1	12	22	
24	7	8	29	11	22	10	19	6	25	23	31	22	3	32	4	3	20	25	17	25	3	24	5	0	19	28	12	17	15	
38	32	19	24	13	36	32	5	10	32	26	15	18	14	17	9	17	11	30	22	28	13	31	33	33	0	18	30	31	32	
45	29	30	20	6	45	43	15	30	19	3	32	38	1	29	28	45	31	33	33	9	38	45	1	41	3	0	20	24	35	
37	17	25	18	3	33	37	21	35	1	14	1	18	41	43	13	22	28	21	11	34	25	36	11	17	32	7	0	23	26	
12	2	25	3	5	48	14	18	30	39	28	26	44	28	1	13	47	8	11	35	31	24	23	5	39	7	10	17	0	21	
40	10	35	21	5	46	32	25	4	40	3	33	38	39	24	27	45	20	19	35	35	15	5	35	18	17	24	7	34	0	
M5
0	9	17	17	12	3	2	22	12	7	10	33	24	30	34	8	19	25	7	15	18	35	38	19	2	34	5	12	24	1	
10	0	17	9	21	15	2	3	1	23	26	21	16	38	10	16	30	7	17	26	15	36	11	6	9	13	21	28	11	17	
45	12	0	7	36	30	29	20	28	4	13	48	27	31	19	24	14	18	28	19	45	22	28	2	24	33	20	42	24	19	
24	22	38	0	34	33	29	33	32	37	39	23	20	13	40	31	37	11	14	33	35	13	17	1	30	38	35	8	3	31	
29	34	31	12	0	27	16	23	23	18	17	20	24	23	12	21	33	18	19	8	8	3	29	19	10	1	10	23	3	28	
25	26	7	6	13	0	11	25	15	18	21	3	27	33	5	11	25	32	29	9	19	36	21	16	20	31	27	32	17	21	
11	19	2	4	29	7	0	15	5	10	22	28	17	23	27	1	18	13	22	11	3	21	24	11	2	38	17	22	10	8	
35	32	36	36	38	37	21	0	38	12	33	12	40	11	15	34	12	41	18	6	35	46	3	31	4	39	29	29	4	30	
27	23	9	14	2	10	10	19	0	20	6	27	15	27	31	5	22	6	11	12	24	17	2	16	19	36	21	26	20	15	
48	34	34	1	34	19	26	26	25	0	42	43	23	36	12	21	3	35	42	8	37	6	5	6	23	21	21	26	6	30	
24	20	10	24	1	29	18	29	1	5	0	5	8	31	3	31	31	35	37	3	3	39	3	19	19	31	12	26	41	31	
33	16	27	9	45	23	22	25	21	32	17	0	33	27	42	17	40	40	38	6	19	30	40	21	29	1	9	17	13	9	
17	13	23	27	32	15	25	23	13	23	30	21	0	34	2	31	41	24	11	32	14	22	7	32	20	3	17	14	2	3	
25	23	11	14	33	11	5	19	9	22	28	25	12	0	16	5	32	29	5	21	7	33	10	13	17	28	9	1	23	5	
6	13	29	4	10	15	14	25	13	19	22	42	31	39	0	20	24	22	19	27	17	44	33	19	14	21	10	24	3	13	
26	15	17	6	44	3	2	11	1	25	20	25	13	19	23	0	25	27	18	19	18	32	31	8	11	37	13	18	25	7	
27	14	18	4	34	23	3	28	21	3	34	37	21	15	25	17	0	12	22	27	17	33	38	20	18	28	19	38	26	12	
22	35	25	26	40	23	10	31	13	29	27	28	1	39	24	17	18	0	2	23	23	30	41	28	25	25	33	27	33	27	
1	16	13	19	19	10	9	28	19	14	6	7	9	30	34	15	26	32	0	2	2	9	23	22	9	15	12	15	31	8	
33	4	11	15	46	12	11	4	10	22	20	34	22	6	30	6	12	36	27	0	27	35	32	3	20	26	1	1	32	16	
2	9	4	18	20	7	10	24	14	15	18	10	26	32	30	10	25	24	15	23	0	29	2	13	10	25	13	20	32	9	
28	20	21	10	18	8	6	4	6	8	25	30	12	24	28	2	14	17	20	7	21	0	19	2	1	42	7	4	20	12	
23	27	34	23	41	22	21	9	20	10	11	11	29	29	23	16	12	23	31	1	27	19	0	26	30	21	24	23	39	26	
15	27	8	22	21	22	23	35	15	7	7	10	13	32	34	29	14	33	4	25	25	18	32	0	7	25	14	33	14	22	
24	19	21	8	30	7	6	15	5	24	24	29	17	23	27	1	29	31	22	23	3	7	4	12	0	7	17	22	25	11	
6	19	28	17	15	14	13	22	12	19	15	36	15	30	34	8	20	6	16	7	29	5	40	19	14	0	11	24	2	13	
4	19	19	27	22	13	12	19	22	17	20	20	7	26	21	18	6	25	17	25	28	13	18	28	12	15	0	14	11	7	
6	17	6	19	13	15	14	10	24	17	22	40	19	34	32	20	7	28	19	6	26	26	30	8	14	9	17	0	36	13	
28	20	1	15	27	13	4	21	11	12	21	35	10	29	23	7	22	9	19	27	20	5	10	10	15	41	1	25	0	17	
24	19	22	24	7	15	7	18	3	16	29	32	18	43	28	21	35	9	19	22	3	20	24	16	9	41	34	40	18	0	
M6
0	29	36	32	48	7	21	26	1	39	38	28	25	19	14	7	37	37	33	32	26	10	24	37	30	32	22	13	13	29	
38	0	36	5	22	20	3	25	26	36	11	29	36	4	20	39	30	17	18	14	41	19	33	28	15	32	21	31	22	41	
21	23	0	4	7	19	16	16	33	28	18	10	14	19	15	22	15	16	37	23	14	20	34	19	12	13	2	33	22	26	
37	9	32	0	49	5	2	36	22	21	12	17	24	7	5	25	15	2	38	44	37	27	20	39	28	35	24	41	38	28	
36	4	25	36	0	27	34	15	10	12	19	11	29	38	16	24	23	36	38	29	23	21	38	8	43	1	3	9	2	1	
15	5	14	46	44	0	4	6	29	16	33	2	29	17	6	5	35	15	10	25	40	22	36	21	4	33	31	22	37	10	
38	31	33	12	44	27	0	2	44	36	11	31	42	29	27	47	10	3	32	25	8	41	19	25	27	11	23	14	43	14	
12	26	22	28	38	1	40	0	27	18	45	25	4	9	21	4	24	35	25	29	32	34	3	22	21	39	29	10	2	22	
27	5	21	11	46	12	23	40	0	21	23	6	28	28	26	15	12	23	22	25	3	12	28	13	23	26	35	29	20	15	
15	34	24	15	45	29	27	27	23	0	13	18	4	18	17	32	30	27	27	36	26	4	8	3	17	13	10	41	39	32	
21	20	23	34	28	46	15	18	25	27	0	6	17	15	14	2	5	36	16	27	40	15	36	32	25	12	1	5	33	31	
43	27	6	38	28	44	5	36	23	32	41	0	6	25	20	24	41	13	6	16	20	39	28	17	25	10	48	36	40	10	
39	5	8	48	15	4	33	4	14	5	11	26	0	37	7	27	38	31	46	41	9	3	41	13	40	4	18	26	10	8	
7	20	43	1	37	16	13	21	32	32	23	18	10	0	16	31	16	13	7	43	48	4	8	12	16	29	35	32	33	9	
9	20	4	31	26	28	4	22	11	2	4	6	19	29	0	17	25	2	33	24	42	21	23	36	35	16	5	13	31	27	
3	6	32	40	33	35	24	37	20	30	36	5	32	14	33	0	14	39	32	9	22	22	30	29	7	20	20	1	16	13	
3	11	12	16	36	25	5	2	20	32	30	32	13	8	13	33	0	28	20	4	24	33	25	17	13	21	24	13	6	11	
29	36	35	35	35	31	14	19	42	15	35	37	36	9	8	39	26	0	36	27	22	24	3	19	17	40	36	28	49	15	
45	39	39	20	33	3	2	29	6	11	29	33	1	37	35	45	34	32	0	48	20	23	35	28	43	11	43	24	4	35	
37	27	18	24	5	35	36	38	23	35	26	34	49	19	31	18	37	36	5	0	17	11	35	27	17	1	26	28	13	24	
11	7	32	43	12	29	24	27	33	28	26	18	9	13	22	40	19	13	45	36	0	15	34	27	38	21	10	11	7	24	
32	28	27	11	36	26	23	34	27	35	33	19	39	10	26	37	36	23	46	40	48	0	32	20	19	5	45	44	38	46	
21	24	20	18	13	33	30	22	38	38	19	20	6	32	25	2	27	10	30	5	20	20	0	24	6	2	12	14	33	15	
2	13	34	11	16	4	6	5	21	26	33	7	28	2	10	43	36	23	12	17	23	34	22	0	41	8	36	43	1	12	
29	24	29	34	31	46	39	24	8	20	23	15	4	14	20	37	27	13	16	33	46	25	1	13	0	18	7	21	33	25	
18	24	31	14	2	14	16	8	16	16	36	4	31	3	29	18	4	26	26	30	37	3	34	28	4	0	23	29	22	21	
27	42	16	27	29	42	28	11	25	20	10	2	22	29	7	24	14	32	29	20	43	12	29	25	43	5	0	25	26	28	
26	17	29	9	8	15	16	15	36	6	20	2	24	8	24	36	12	21	1	39	41	45	18	34	27	27	29	0	28	24	
5	20	5	1	27	3	3	19	6	23	18	10	30	18	15	4	22	1	35	28	41	20	15	26	2	13	2	16	0	33	
1	38	9	45	45	39	28	11	26	29	24	2	29	9	32	44	17	21	29	3	26	41	42	22	24	21	24	29	42	0	
M7
0	20	28	14	11	19	22	18	17	20	25	15	10	21	21	8	18	9	14	11	1	27	18	12	17	19	7	10	1	2	
32	0	22	35	22	10	33	38	16	29	40	21	25	44	28	14	41	25	2	6	29	27	38	23	25	19	43	8	15	40	
19	28	0	28	16	4	33	15	21	20	22	9	18	26	11	13	44	27	4	16	6	27	10	29	32	24	14	15	29	17	
25	16	8	0	24	14	7	15	25	14	21	16	6	15	1	21	16	15	18	29	19	5	16	18	32	32	25	14	25	17	
19	9	30	12	0	2	33	15	22	25	18	17	18	26	8	13	18	2	18	16	6	32	15	10	22	4	13	15	12	17	
12	4	19	30	34	0	6	25	29	25	16	8	21	32	28	26	2	20	28	34	24	3	24	13	8	9	32	16	29	20	
29	14	31	33	10	27	0	19	21	29	18	10	27	8	15	23	10	26	22	5	30	30	27	20	26	40	29	15	6	11	
9	27	37	30	26	19	17	0	34	27	6	25	21	22	2	5	28	30	2	24	26	37	17	19	16	28	9	1	26	1	
15	14	29	20	2	15	10	23	0	21	29	20	14	22	26	9	23	10	3	12	2	19	23	4	30	20	21	11	30	21	
21	11	32	3	12	19	27	17	24	0	24	29	15	17	20	14	30	4	3	18	8	5	17	4	17	21	14	14	11	19	
23	10	28	10	6	21	13	13	15	28	0	18	34	2	9	17	13	23	16	15	26	27	16	25	30	8	22	15	8	15	
31	36	17	15	24	20	11	31	5	17	21	0	33	1	8	16	13	18	23	31	22	16	21	2	29	5	34	26	39	14	
20	7	34	16	15	6	28	10	20	9	12	31	0	28	13	16	25	6	13	20	10	34	19	14	26	23	16	5	16	12	
29	32	20	25	19	13	39	27	7	33	34	17	26	0	1	9	40	15	16	29	19	20	14	17	22	32	27	19	32	7	
14	19	16	12	28	19	23	5	17	22	12	1	10	4	0	11	34	19	4	29	23	30	23	1	22	11	15	7	21	7	
4	25	13	34	4	2	26	18	37	23	25	1	15	35	21	0	26	24	21	24	21	20	33	32	22	15	27	20	21	19	
21	30	5	14	18	22	35	17	22	27	24	10	20	9	16	10	0	4	7	11	8	35	7	8	13	21	22	3	35	19	
15	24	26	8	12	23	29	11	18	21	18	23	14	22	14	9	26	0	14	12	2	45	11	6	18	15	21	11	32	13	
25	14	16	12	22	10	11	32	28	19	16	10	24	32	29	17	41	33	0	17	12	43	24	22	23	30	28	6	27	8	
7	36	10	13	20	8	23	8	4	36	15	6	26	31	11	1	34	26	11	0	24	32	20	3	1	14	18	10	19	10	
7	16	21	16	4	15	36	19	10	13	21	30	6	14	21	1	34	15	7	4	0	40	28	17	28	12	15	3	24	13	
3	2	17	17	21	18	24	20	27	30	27	32	21	30	23	18	22	7	15	12	11	0	20	2	6	24	18	10	20	21	
33	40	33	19	30	13	9	29	36	33	36	28	32	35	32	12	34	16	13	30	20	21	0	20	24	16	5	29	37	31	
14	12	30	18	2	23	1	21	16	15	12	27	18	4	11	3	17	8	24	22	12	5	1	0	19	8	30	12	31	10	
14	7	28	14	11	22	5	26	17	20	28	16	13	21	28	8	18	22	14	11	1	35	23	16	0	3	22	10	31	13	
32	34	29	15	19	30	32	22	24	8	29	18	24	11	18	26	22	26	7	29	19	11	26	28	27	0	32	24	11	24	
31	19	27	10	3	1	40	22	32	1	22	26	9	28	25	7	37	18	25	21	18	5	31	26	38	35	0	17	20	24	
25	5	9	22	23	14	13	18	25	16	20	22	5	12	19	23	33	12	21	26	16	4	25	20	17	29	24	0	18	11	
17	10	5	20	14	10	5	14	20	13	16	33	1	24	17	11	9	10	17	14	4	11	18	6	7	22	20	9	0	13	
11	15	25	34	16	7	31	13	38	27	20	36	15	36	11	7	22	24	8	12	28	27	5	32	4	41	9	1	14	0	
