30  2  1
2
	0	3	1	45
	0	48	1	5
	0	1	1	83
	0	15	1	88
	0	12	1	2
	0	74	1	78
	0	47	1	51
	0	70	1	44
	0	85	1	53
	0	59	1	21
	0	28	1	27
	0	57	1	7
	0	32	1	49
	0	98	1	30
	0	77	1	25
	0	2	1	39
	0	87	1	5
	0	58	1	21
	0	29	1	1
	0	83	1	33
	0	44	1	62
	0	5	1	5
	0	94	1	19
	0	77	1	63
	0	23	1	16
	0	26	1	65
	0	65	1	79
	0	94	1	49
	0	61	1	94
	0	23	1	48
SSD
M0
0	48	19	60	16	30	58	67	28	39	41	38	40	23	58	39	49	15	36	9	72	11	40	21	32	60	46	22	46	17	
73	0	39	40	41	42	1	12	48	52	6	18	45	24	45	42	54	23	56	45	37	31	46	38	57	68	30	42	17	37	
33	40	0	66	52	62	63	66	17	55	39	18	72	46	69	45	55	51	35	45	71	43	72	22	39	67	64	54	41	15	
62	57	70	0	36	21	9	48	36	2	35	2	65	45	25	22	58	19	17	25	55	62	37	29	42	13	41	58	66	68	
43	72	31	55	0	42	70	45	29	47	38	50	52	35	34	51	30	49	29	54	52	23	33	33	4	32	40	34	32	29	
55	17	27	35	38	0	59	71	36	52	38	46	48	31	71	47	60	54	43	26	10	19	48	29	9	37	45	17	37	14	
57	72	45	12	2	44	0	17	43	29	52	29	60	49	48	49	31	8	26	29	17	37	47	25	18	40	43	2	24	43	
27	12	12	45	38	59	38	0	4	41	37	27	43	33	48	24	27	21	18	27	57	41	33	15	52	60	43	52	36	28	
13	26	35	76	32	38	28	63	0	23	28	28	56	39	67	55	65	23	52	9	60	27	51	25	48	60	56	38	59	33	
43	3	39	36	1	41	52	20	42	0	37	43	4	8	47	24	42	11	42	27	2	31	46	41	17	45	11	13	10	37	
49	68	44	51	7	8	47	53	24	66	0	22	71	54	11	70	49	56	22	56	4	42	18	50	23	34	36	36	39	43	
3	13	25	8	22	36	32	49	34	5	47	0	46	29	3	45	55	21	18	15	66	17	28	15	38	32	52	27	33	23	
7	49	29	27	22	5	42	59	35	25	21	11	0	33	21	8	6	19	46	11	41	21	22	20	30	55	27	10	56	27	
6	57	28	63	25	39	8	51	4	2	50	14	32	0	37	48	13	17	36	3	63	20	38	30	20	16	14	31	48	26	
20	65	24	51	20	35	24	10	33	57	43	43	27	28	0	30	4	38	35	32	21	16	14	26	23	51	10	11	51	22	
67	62	46	19	12	47	43	69	25	36	11	36	57	50	22	0	54	53	51	1	31	38	57	23	28	46	17	49	56	44	
56	69	53	26	19	10	23	8	28	25	18	43	21	39	29	5	0	60	15	8	15	45	22	30	25	53	24	41	53	1	
6	51	28	44	25	9	34	42	26	42	50	29	30	32	67	48	2	0	45	18	7	20	4	30	39	7	48	11	55	26	
65	69	72	59	56	15	83	2	31	74	21	71	83	33	17	54	21	62	0	5	53	78	67	46	72	83	41	40	34	84	
55	62	21	1	34	34	2	63	39	18	30	18	81	44	41	38	72	35	33	0	27	65	53	35	30	29	57	14	58	6	
1	20	23	47	20	34	62	41	32	41	4	42	32	27	20	43	37	18	30	13	0	15	34	25	31	6	47	26	50	21	
37	44	3	44	23	14	42	51	12	36	25	22	24	7	47	23	52	55	20	26	56	0	24	5	25	53	42	6	45	1	
35	60	57	48	54	47	17	36	53	9	63	64	72	61	75	61	87	48	74	47	15	49	0	25	48	16	57	60	39	55	
15	58	17	38	31	28	56	11	26	45	30	36	38	21	34	17	35	33	5	19	36	9	36	0	39	23	2	20	59	15	
48	49	45	28	59	36	52	40	63	40	78	45	80	68	68	65	28	22	46	39	76	56	78	57	0	5	13	36	5	61	
45	18	38	57	62	5	67	9	51	9	64	42	63	39	86	62	57	51	59	56	45	34	62	26	6	0	15	26	27	40	
37	12	3	52	45	47	51	6	21	9	41	22	10	40	55	31	42	10	39	34	64	47	55	26	18	30	0	52	35	17	
59	55	25	29	25	2	7	42	23	46	40	15	46	29	69	45	44	45	30	48	70	17	44	27	40	26	29	0	5	16	
54	12	20	59	9	32	61	27	38	51	54	39	29	16	30	41	18	12	50	3	64	44	46	37	8	16	21	26	0	36	
72	73	49	52	36	37	34	34	23	64	1	51	75	15	40	41	52	46	38	44	33	46	35	6	1	29	37	57	29	0	
M1
0	8	7	5	50	26	8	23	33	7	7	13	33	10	27	13	34	24	1	6	42	41	44	39	39	24	25	47	12	9	
27	0	58	53	47	67	20	21	20	22	16	48	39	48	59	52	39	11	49	54	54	33	43	35	50	55	58	39	44	39	
30	39	0	12	57	25	36	15	40	16	31	5	25	17	4	40	43	20	25	3	22	3	52	13	26	23	17	9	14	12	
42	16	45	0	49	61	41	42	41	2	37	46	57	51	78	73	21	32	57	39	75	36	48	45	34	39	44	17	47	11	
48	30	33	28	0	49	25	32	24	30	30	34	6	31	48	53	26	46	24	29	45	16	18	39	1	37	9	22	27	29	
23	15	25	3	44	0	33	40	31	22	22	30	44	4	42	13	5	31	16	21	27	35	45	19	41	26	42	41	10	20	
56	41	35	30	67	51	0	55	15	32	32	45	65	51	52	32	41	40	26	31	50	41	35	56	12	51	57	10	19	2	
44	21	34	42	55	52	22	0	13	48	42	38	54	74	34	50	40	37	56	28	31	59	4	61	51	11	22	46	68	36	
35	3	14	9	22	30	28	21	0	11	11	11	30	49	31	57	39	19	5	10	46	40	42	37	25	31	23	46	10	31	
63	40	41	14	68	59	35	31	52	0	21	44	64	28	55	62	40	9	34	39	52	13	25	33	11	16	21	19	24	45	
54	29	34	29	72	50	39	15	4	16	0	5	25	56	43	62	47	26	25	30	40	41	13	31	48	47	17	47	29	36	
62	45	22	17	67	38	27	3	50	4	19	0	13	44	39	65	35	34	13	18	54	29	50	19	36	39	5	35	40	39	
55	37	40	29	5	56	32	39	22	21	37	41	0	38	37	37	33	51	31	36	44	23	25	46	8	20	16	14	34	36	
37	5	20	5	10	20	30	31	30	25	13	38	10	0	12	48	36	9	30	35	22	19	30	33	7	3	21	25	30	37	
1	31	29	12	40	50	26	29	51	31	25	35	34	43	0	11	31	4	25	24	44	35	36	28	2	51	29	33	33	40	
63	41	44	39	13	8	16	3	22	41	29	45	21	46	61	0	41	57	35	18	23	31	33	54	12	52	24	3	2	26	
22	5	19	44	43	55	30	30	30	31	26	20	40	40	66	62	0	21	40	27	64	25	53	19	46	16	32	31	23	10	
33	32	26	21	65	35	40	4	26	23	23	55	61	25	41	37	45	0	17	22	22	10	11	3	39	32	40	16	17	43	
51	43	8	3	81	24	50	32	36	5	5	37	57	43	25	51	33	35	0	4	40	39	45	44	37	25	33	45	50	25	
40	56	21	16	75	32	23	12	42	18	18	50	70	50	14	50	46	43	12	0	51	44	44	43	41	38	46	47	27	6	
18	24	23	26	4	55	31	4	30	9	36	14	7	37	1	37	14	30	30	25	0	22	24	33	7	35	15	22	33	11	
47	45	43	38	50	59	36	13	59	40	28	57	50	10	52	80	53	49	34	39	62	0	56	54	24	17	28	1	6	31	
22	9	37	37	40	49	34	35	11	36	27	43	31	62	11	37	18	25	33	5	8	47	0	42	28	39	10	23	46	13	
41	9	1	19	59	40	34	35	33	21	21	35	53	20	33	46	27	25	15	20	9	21	3	0	50	17	8	27	22	29	
40	13	16	11	49	32	8	27	38	13	13	17	37	25	33	48	13	29	7	12	48	27	46	37	0	33	29	15	15	28	
58	26	39	40	11	34	38	17	37	19	39	47	19	44	61	3	39	13	36	41	56	29	31	37	14	0	22	5	2	20	
53	40	16	19	58	40	44	43	42	21	21	43	4	40	41	36	48	18	15	20	39	33	12	42	42	16	0	39	44	41	
38	34	19	14	47	35	37	33	36	16	16	46	47	7	36	45	31	46	10	15	33	15	6	31	13	36	35	0	26	36	
38	22	36	31	60	18	41	14	42	18	11	7	27	56	53	68	12	10	27	32	53	41	42	33	50	33	19	38	0	27	
47	20	51	15	41	51	25	13	2	43	41	58	41	1	21	57	33	36	48	16	53	50	55	6	27	1	52	56	22	0	
