30  8  1
8
	0	42	1	82	2	90	3	34	4	53	5	90	6	11	7	6
	0	80	1	62	2	53	3	10	4	44	5	51	6	5	7	72
	0	12	1	49	2	60	3	4	4	17	5	87	6	11	7	34
	0	73	1	47	2	99	3	2	4	74	5	77	6	95	7	65
	0	87	1	47	2	51	3	13	4	45	5	76	6	54	7	89
	0	30	1	20	2	42	3	72	4	88	5	9	6	95	7	56
	0	15	1	61	2	90	3	42	4	17	5	22	6	92	7	25
	0	16	1	98	2	24	3	32	4	70	5	92	6	22	7	59
	0	20	1	51	2	89	3	9	4	92	5	89	6	85	7	17
	0	7	1	47	2	31	3	27	4	70	5	95	6	6	7	59
	0	69	1	97	2	66	3	60	4	79	5	85	6	16	7	55
	0	54	1	24	2	19	3	31	4	73	5	54	6	12	7	2
	0	44	1	47	2	64	3	66	4	3	5	10	6	8	7	41
	0	60	1	25	2	25	3	35	4	64	5	15	6	54	7	91
	0	7	1	55	2	71	3	14	4	78	5	92	6	47	7	78
	0	40	1	26	2	88	3	45	4	100	5	77	6	17	7	78
	0	71	1	30	2	34	3	5	4	70	5	37	6	96	7	66
	0	97	1	27	2	71	3	77	4	77	5	37	6	73	7	62
	0	69	1	74	2	84	3	40	4	72	5	70	6	18	7	97
	0	85	1	97	2	77	3	47	4	99	5	35	6	4	7	75
	0	20	1	32	2	51	3	23	4	67	5	81	6	93	7	46
	0	82	1	15	2	66	3	66	4	47	5	96	6	17	7	84
	0	2	1	31	2	81	3	48	4	2	5	64	6	34	7	69
	0	57	1	17	2	78	3	34	4	49	5	71	6	64	7	79
	0	18	1	25	2	61	3	95	4	52	5	67	6	11	7	90
	0	38	1	38	2	48	3	36	4	46	5	88	6	62	7	71
	0	64	1	42	2	32	3	25	4	93	5	31	6	67	7	1
	0	82	1	56	2	28	3	32	4	64	5	88	6	8	7	81
	0	99	1	21	2	8	3	71	4	66	5	35	6	37	7	55
	0	45	1	37	2	3	3	53	4	80	5	75	6	3	7	38
SSD
M0
0	8	31	42	18	25	21	31	27	23	37	6	45	45	28	32	35	4	34	15	39	15	19	11	25	21	20	31	3	36	
34	0	28	1	16	44	24	10	32	40	18	19	44	10	27	42	5	3	44	21	45	30	29	11	27	22	45	20	12	27	
37	5	0	17	2	29	26	23	27	16	39	5	26	36	8	7	14	17	21	14	18	25	43	4	10	12	29	12	17	19	
19	22	8	0	19	5	14	34	32	30	37	15	1	26	19	27	13	37	37	13	32	32	36	3	19	2	14	9	25	4	
5	3	23	3	0	9	12	22	38	2	26	12	33	33	14	2	20	43	24	11	29	22	15	7	13	24	21	25	26	10	
29	27	20	35	32	0	15	26	5	31	14	2	14	42	11	9	11	48	29	30	31	21	28	3	17	22	32	3	7	16	
22	14	17	20	21	28	0	20	18	1	25	11	24	24	8	4	13	40	26	26	18	21	7	11	3	23	7	17	18	14	
8	9	15	42	29	31	33	0	27	23	19	30	18	29	12	25	3	31	30	31	32	29	12	31	31	37	28	3	23	1	
36	32	29	37	36	26	10	23	0	26	30	32	25	30	33	27	38	36	31	24	9	42	21	36	1	18	27	3	18	31	
14	6	19	12	13	22	3	38	36	0	17	3	41	24	26	22	11	40	29	44	36	13	25	29	21	15	16	16	30	6	
2	20	3	32	17	26	30	2	13	20	0	11	28	27	22	14	21	5	14	29	12	25	20	19	23	6	36	12	27	19	
41	22	21	9	24	13	20	27	7	32	25	0	30	9	12	28	6	33	26	30	15	31	17	5	7	27	33	26	26	2	
19	27	10	38	17	27	29	16	27	35	10	23	0	23	1	15	35	7	19	20	21	20	40	17	11	34	22	26	7	4	
30	11	20	2	17	11	27	26	24	17	41	27	43	0	11	23	35	44	29	30	14	5	39	36	30	39	32	36	9	22	
23	19	2	30	16	31	25	8	27	30	35	15	25	39	0	9	27	30	11	12	13	12	32	18	12	26	14	18	31	4	
5	21	10	38	21	22	21	16	30	23	41	23	17	27	1	0	4	16	2	20	21	20	25	11	18	5	22	26	9	12	
23	31	14	39	20	27	12	11	40	28	32	22	27	28	9	25	0	12	2	26	29	28	34	19	3	8	30	22	40	9	
31	27	10	29	24	15	33	16	28	28	35	10	17	32	1	17	12	0	19	20	21	8	9	26	12	34	22	14	15	12	
5	27	19	37	12	18	20	25	37	23	46	30	18	14	10	26	1	23	0	24	17	25	29	34	29	23	31	3	40	12	
27	28	21	15	18	36	37	3	32	32	11	12	13	14	29	18	22	3	6	0	47	12	15	3	11	26	25	22	26	1	
18	15	22	8	18	4	12	26	13	7	14	17	9	6	13	9	25	29	2	30	0	26	5	37	30	29	7	29	6	7	
8	18	1	30	15	10	4	17	37	16	30	18	25	3	12	20	13	17	1	24	31	0	13	17	1	25	26	20	17	1	
38	30	40	31	37	44	27	42	33	17	41	21	24	24	45	11	35	48	38	49	44	19	0	40	29	32	14	22	9	30	
25	7	37	34	8	39	5	9	18	20	9	24	20	12	28	1	9	25	26	1	15	22	1	0	17	31	17	21	12	25	
17	20	10	39	17	7	18	30	24	34	11	27	6	11	29	8	34	19	37	5	19	26	27	25	0	19	19	1	38	12	
43	40	35	33	14	29	37	27	21	32	32	13	34	25	38	27	45	29	5	24	5	45	30	29	31	0	16	40	24	31	
11	38	21	44	26	37	26	30	31	36	35	31	7	41	33	30	29	3	34	19	39	8	17	37	12	17	0	21	28	28	
27	23	29	10	28	7	10	35	24	26	1	35	40	3	20	15	35	13	38	39	21	17	32	12	28	27	32	0	43	31	
28	2	32	44	37	28	9	5	15	25	35	26	15	3	32	28	9	43	29	29	36	16	31	22	6	33	31	7	0	22	
22	21	21	2	18	7	23	38	10	15	36	25	12	16	25	30	10	35	39	44	17	20	38	37	29	6	22	20	17	0	
M1
0	21	29	4	22	28	6	6	28	41	15	3	26	34	20	43	24	33	22	31	33	13	2	28	35	20	6	18	6	30	
25	0	24	27	36	10	43	19	37	38	24	12	37	40	11	1	21	35	14	7	2	44	2	37	19	28	38	7	22	23	
12	39	0	39	23	22	4	19	25	1	32	20	30	5	32	4	22	28	23	25	25	8	39	18	34	32	41	23	5	19	
23	27	23	0	23	23	13	29	9	41	37	30	31	28	29	6	14	3	10	25	3	5	45	31	29	11	30	1	38	29	
23	26	25	42	0	36	35	2	47	34	13	22	45	30	3	26	16	43	2	32	41	36	20	17	26	28	12	23	14	6	
17	20	47	34	42	0	38	2	12	44	8	13	22	30	39	26	18	39	2	1	4	19	9	32	24	28	36	38	18	4	
23	3	46	24	15	23	0	29	33	3	44	37	33	49	6	31	43	25	1	42	26	5	32	7	22	8	41	23	20	12	
11	6	35	18	26	33	22	0	2	34	27	32	27	41	44	35	39	18	15	36	8	38	19	2	8	3	16	39	11	3	
35	18	47	31	30	22	15	25	0	10	9	31	15	7	36	39	29	13	36	6	13	24	31	23	30	3	48	17	1	14	
10	14	19	8	43	2	10	24	16	0	29	35	12	26	35	3	40	39	24	23	13	22	11	21	6	36	21	24	30	26	
15	9	9	38	31	23	35	24	35	23	0	38	9	14	32	40	13	24	15	24	28	15	32	19	28	34	41	7	1	25	
32	25	25	12	5	29	21	27	1	45	30	0	14	20	37	31	11	15	23	26	31	14	46	1	14	30	14	42	7	31	
20	12	44	3	44	38	44	10	30	4	42	38	0	18	38	9	18	9	1	7	40	24	3	38	7	38	33	20	16	40	
3	13	23	37	34	17	10	32	44	48	40	34	13	0	4	23	14	25	35	3	28	25	27	10	38	2	27	42	32	41	
36	45	8	47	38	31	41	11	11	31	18	30	5	8	0	39	29	43	22	10	17	42	31	21	39	35	29	5	10	28	
18	41	23	9	14	25	19	28	49	37	13	28	38	13	40	0	34	16	16	23	15	31	36	40	35	29	11	4	6	16	
25	39	45	23	33	25	7	31	18	5	26	27	40	40	11	24	0	17	38	31	16	7	28	26	31	36	25	22	41	19	
12	23	40	42	26	13	22	18	21	46	7	20	44	33	31	39	22	0	27	13	15	12	42	2	29	31	8	34	12	36	
19	34	12	34	34	19	8	25	29	7	44	13	1	29	25	37	3	21	0	13	22	1	6	25	24	45	13	20	22	4	
33	23	43	44	40	6	17	25	28	9	16	24	37	22	3	12	37	45	19	0	30	33	35	48	47	4	1	16	31	30	
39	44	26	5	36	37	26	15	14	47	17	20	3	18	29	3	38	31	36	37	0	37	35	12	16	41	40	33	17	32	
3	24	36	23	37	3	5	9	13	22	31	36	41	29	9	36	38	5	16	24	6	0	32	13	29	30	28	40	35	27	
41	10	44	26	23	42	26	24	28	24	8	4	35	31	19	35	18	2	37	42	30	35	0	29	42	34	33	6	35	12	
22	15	40	33	7	27	3	9	38	27	42	13	35	44	40	26	29	29	8	30	13	21	29	0	11	12	46	32	5	29	
13	39	34	43	24	23	25	29	33	25	39	16	28	36	29	41	31	8	8	6	26	5	14	13	0	38	10	33	35	13	
12	30	43	7	44	23	15	35	31	48	40	35	14	3	32	4	34	32	28	31	41	35	13	38	5	0	40	30	24	31	
11	16	29	44	2	29	2	16	9	5	13	42	15	9	17	12	14	34	1	37	21	14	11	25	9	23	0	38	23	43	
1	47	13	38	20	19	1	23	4	24	47	28	8	18	32	38	43	28	40	20	3	37	33	25	48	30	45	0	24	24	
32	14	31	16	14	1	36	23	23	18	16	34	11	43	17	37	7	12	23	4	6	38	30	34	8	30	37	14	0	3	
22	19	29	14	20	11	24	15	16	7	31	8	43	20	15	7	43	21	26	32	25	4	5	20	46	38	29	26	27	0	
M2
0	17	24	44	45	26	16	27	22	30	37	26	6	30	32	13	41	39	4	19	16	35	25	12	22	43	19	26	44	37	
16	0	29	32	39	25	27	1	30	35	10	39	29	13	8	41	15	29	49	35	31	37	15	28	11	7	34	17	41	25	
15	12	0	31	17	28	15	30	27	37	11	19	5	3	29	21	6	5	28	27	7	2	15	5	23	15	40	2	13	1	
27	10	10	0	13	38	17	2	5	7	16	24	17	20	43	13	11	10	26	35	3	18	37	10	25	20	33	47	21	6	
16	2	9	4	0	5	18	31	17	6	32	15	5	12	14	22	14	2	17	1	35	9	15	13	13	10	5	1	3	29	
33	16	40	17	6	0	5	35	21	48	17	32	16	14	37	19	19	18	16	19	20	26	22	18	40	23	39	38	7	14	
28	5	31	31	11	4	0	21	23	28	12	1	10	2	41	23	23	22	21	27	24	24	28	9	46	28	33	17	18	18	
14	41	26	34	30	12	27	0	23	47	46	24	19	38	17	16	1	8	31	34	44	47	11	3	31	34	27	34	46	40	
25	5	20	17	4	21	16	34	0	49	16	24	26	19	46	16	11	10	39	16	12	18	10	10	34	20	19	32	32	6	
44	1	17	43	46	4	1	40	24	0	41	35	32	13	22	5	16	32	3	13	43	8	36	36	23	10	3	34	21	45	
32	15	12	34	12	32	44	15	11	45	0	14	6	6	16	11	31	26	33	19	9	13	32	19	7	32	4	11	15	34	
33	16	23	31	17	16	28	31	9	38	11	0	18	5	23	21	6	5	5	7	4	13	15	5	26	15	13	30	12	1	
12	30	4	33	31	11	3	22	22	21	25	33	0	17	38	35	11	19	3	22	6	27	25	19	31	28	11	21	8	15	
27	17	20	26	23	1	37	2	11	33	17	25	26	0	14	27	5	11	19	20	13	19	37	11	35	21	22	19	41	7	
22	10	44	5	26	16	32	18	1	10	32	2	35	26	0	42	27	19	26	10	22	34	15	26	12	32	23	12	33	22	
41	17	17	3	9	28	26	3	24	38	27	35	32	2	41	0	15	28	32	28	3	11	17	5	28	3	33	38	17	34	
33	6	35	28	15	16	35	25	31	12	15	3	25	6	9	25	0	9	27	29	11	17	2	9	24	19	28	27	18	5	
45	20	1	10	28	21	23	35	21	37	22	7	32	16	34	25	1	0	31	3	5	10	24	16	40	26	30	31	7	12	
28	21	36	16	43	27	9	10	17	45	7	32	25	1	31	38	31	14	0	16	5	7	20	9	13	23	43	14	3	29	
15	1	29	6	39	13	25	11	31	15	33	3	9	23	45	12	28	27	25	0	7	27	27	2	4	37	35	40	34	23	
40	24	28	44	20	16	17	6	22	44	19	41	27	21	25	28	8	2	11	26	0	37	20	33	35	11	24	35	12	38	
14	38	12	33	3	14	27	1	11	6	36	45	39	36	27	12	22	15	19	31	14	0	29	28	12	40	1	43	47	44	
20	19	34	34	20	14	2	11	37	10	14	11	2	2	41	18	6	8	3	20	10	16	0	8	29	18	1	31	38	4	
14	33	34	41	15	22	4	29	17	11	28	36	28	12	20	18	23	2	35	17	2	30	20	0	41	23	45	9	3	18	
46	14	35	35	2	6	32	12	26	24	13	22	25	21	14	4	10	1	5	14	11	17	29	9	0	15	1	30	33	5	
34	15	19	39	14	42	25	25	18	10	16	27	2	25	39	26	4	13	44	7	15	21	16	13	25	0	31	39	34	9	
34	29	21	8	11	21	23	33	22	21	16	24	38	37	47	20	4	7	30	20	25	12	1	1	9	12	0	46	28	27	
40	6	18	4	34	27	49	28	16	41	13	29	30	1	21	37	7	13	43	16	31	20	11	32	30	22	29	0	2	28	
46	32	25	34	34	20	49	20	6	49	28	36	20	1	40	27	23	3	45	6	24	19	9	22	30	12	48	32	0	18	
41	12	27	27	13	39	29	27	40	42	7	15	17	13	39	17	2	1	39	41	3	9	38	1	25	11	36	48	31	0	
M3
0	7	30	31	32	15	7	32	37	4	44	7	27	12	16	21	33	37	33	31	29	26	19	5	5	31	22	45	23	41	
26	0	15	26	30	28	26	15	20	3	47	36	10	15	25	32	36	21	30	26	24	9	2	2	7	31	31	32	33	31	
7	6	0	7	22	27	36	31	16	2	32	24	8	31	6	13	32	13	23	7	40	3	18	18	10	12	26	26	24	32	
8	20	10	0	23	41	27	27	30	10	23	23	22	25	7	27	39	4	24	21	42	17	24	10	1	3	17	17	32	33	
9	24	41	34	0	8	11	1	7	31	35	35	12	27	17	21	23	34	9	5	32	8	34	9	1	31	18	21	42	32	
11	23	13	1	26	0	30	1	25	5	26	21	6	28	10	11	41	4	11	24	6	20	27	13	4	6	5	8	1	18	
2	20	15	3	7	23	0	21	27	11	28	28	20	30	12	2	27	9	29	19	27	17	29	8	6	8	22	7	17	28	
9	23	13	1	26	7	24	0	13	6	18	2	13	28	10	4	28	7	27	23	20	15	23	13	4	6	12	16	24	4	
25	28	25	25	15	4	21	29	0	31	19	36	15	11	31	5	7	20	13	33	17	3	31	23	26	15	2	5	36	16	
20	14	34	41	5	19	29	19	19	0	39	27	26	17	7	16	35	17	24	23	45	18	19	26	6	1	30	33	3	32	
20	3	28	20	35	9	10	28	11	16	0	39	23	13	27	25	27	26	33	39	34	15	15	15	5	25	22	25	14	24	
19	18	8	19	34	21	18	2	28	8	25	0	20	3	18	21	12	25	14	17	16	15	19	30	7	5	23	20	18	21	
13	25	15	3	28	15	32	1	35	15	26	3	0	30	12	32	32	9	3	26	41	2	15	15	6	3	22	22	6	11	
25	18	27	27	25	40	49	36	27	31	22	3	17	0	23	18	9	21	16	24	20	10	30	26	1	8	8	24	25	18	
16	4	19	30	2	23	26	11	19	17	46	6	22	29	0	26	35	27	3	20	38	23	3	16	16	25	18	21	12	12	
1	20	28	31	10	31	15	24	30	33	26	22	34	5	2	0	46	19	19	13	3	31	16	27	6	24	34	27	28	18	
22	23	13	13	23	44	42	27	33	19	8	36	3	40	22	4	0	8	4	24	12	20	19	25	16	5	32	32	26	4	
17	11	20	8	23	29	28	27	37	19	7	17	29	35	10	32	27	0	27	11	44	27	4	20	11	13	27	27	10	4	
17	16	6	17	32	6	32	9	23	12	30	11	12	40	16	14	38	23	0	17	7	13	28	14	19	22	34	3	2	5	
7	17	28	30	17	10	41	26	34	30	14	21	25	33	1	26	17	30	18	0	34	3	1	2	31	12	33	2	27	25	
13	12	2	13	28	20	39	20	22	8	10	1	14	35	12	19	26	14	17	13	0	9	24	4	16	18	32	1	30	19	
12	11	1	12	1	14	7	15	1	7	12	29	11	1	11	15	12	2	21	12	27	0	23	23	15	6	12	15	5	21	
28	29	19	19	24	8	11	12	32	17	14	8	9	3	12	10	1	14	10	30	18	17	0	6	21	11	5	29	7	10	
30	33	23	34	8	29	15	18	28	29	34	21	9	19	33	2	24	6	7	26	13	12	6	0	22	18	39	9	45	24	
9	13	3	14	13	27	13	27	23	1	4	4	15	30	13	20	12	12	9	14	19	10	20	25	0	19	25	5	31	21	
10	30	29	17	8	10	32	22	22	29	2	13	30	42	26	15	34	23	30	26	48	29	36	16	20	0	18	11	20	43	
20	17	9	10	23	15	22	35	2	15	9	34	21	6	14	16	13	16	22	10	28	14	17	22	13	15	0	16	32	22	
3	24	16	15	20	24	22	31	11	18	5	38	12	6	24	13	4	17	13	27	16	23	28	25	2	14	22	0	35	13	
19	33	23	23	35	5	40	39	25	29	37	28	21	13	32	39	35	29	44	8	4	30	40	31	21	1	31	17	0	2	
10	27	17	5	8	29	9	22	28	17	21	9	10	13	14	19	19	11	25	10	35	24	5	17	6	10	24	13	20	0	
M4
0	15	30	17	33	26	8	11	29	23	18	3	2	8	18	5	29	10	18	16	32	10	5	2	19	16	10	1	8	19	
33	0	18	16	17	30	12	5	19	9	16	47	6	13	10	8	25	20	1	26	1	14	15	13	11	27	14	10	20	8	
40	26	0	34	3	31	31	14	24	27	26	18	43	32	7	45	28	30	30	32	47	22	49	39	49	4	36	33	6	26	
25	18	31	0	4	22	11	10	33	30	9	6	5	12	24	20	16	3	12	25	34	13	14	12	28	26	13	9	16	7	
19	21	5	13	0	31	14	23	44	4	19	38	8	7	29	11	14	22	24	13	30	16	17	15	41	25	16	12	22	3	
33	6	28	33	39	0	24	19	5	35	25	40	18	2	41	30	44	9	22	9	43	26	27	25	20	3	9	22	17	30	
11	30	24	11	44	37	0	4	42	9	27	20	41	32	29	47	35	17	38	23	16	24	12	21	13	27	19	21	31	10	
48	11	1	31	21	17	47	0	32	40	7	15	41	23	25	42	36	30	15	6	44	17	25	43	21	22	27	29	24	26	
15	15	1	13	14	26	8	12	0	27	37	36	2	9	9	32	29	11	6	17	32	10	6	9	38	21	10	6	16	19	
9	41	7	40	1	39	34	24	27	0	33	8	28	22	31	3	15	5	34	23	42	36	24	23	16	28	33	3	11	23	
8	8	32	13	38	11	13	9	34	11	0	31	7	14	19	24	34	8	23	14	16	12	3	14	5	2	15	4	21	19	
33	39	19	14	39	25	33	32	38	12	35	0	36	32	16	9	45	2	45	6	34	6	26	40	39	18	30	18	37	12	
29	10	25	12	28	21	3	12	33	27	47	40	0	4	20	49	24	11	13	17	27	5	6	4	33	18	5	1	11	14	
10	17	1	19	21	4	10	11	38	7	29	36	4	0	3	22	23	10	20	16	34	4	5	11	40	5	12	4	8	20	
30	19	15	19	35	1	2	16	49	28	13	23	35	8	0	14	49	15	33	21	28	22	10	12	26	25	32	20	14	12	
10	19	27	10	35	31	2	20	46	19	25	29	48	23	22	0	15	31	11	2	35	28	26	40	25	41	38	31	11	29	
35	16	31	13	34	2	9	18	15	33	48	9	3	6	26	13	0	16	19	1	21	11	12	10	12	24	11	7	17	20	
25	32	37	36	35	45	27	20	49	17	5	20	21	2	44	46	7	0	33	25	47	25	14	26	2	20	25	24	35	30	
40	4	34	24	25	35	16	23	19	13	27	8	13	20	8	19	5	16	0	28	34	15	17	20	46	4	15	17	27	30	
16	29	32	16	46	48	46	17	10	32	10	1	40	31	42	10	12	16	19	0	33	23	11	1	48	26	33	16	40	7	
8	14	29	16	27	7	7	11	27	26	22	13	1	8	10	43	15	15	14	3	0	9	10	7	16	22	9	5	15	18	
4	15	33	23	32	26	48	32	41	1	27	22	44	41	25	19	40	37	36	43	13	0	39	12	18	15	44	37	9	37	
21	16	33	23	44	39	33	4	44	19	39	33	27	18	29	45	38	3	24	9	48	10	0	26	39	13	35	8	29	14	
14	34	18	1	9	18	27	16	34	22	23	2	21	28	1	49	40	35	30	7	25	15	30	0	28	19	19	25	19	21	
35	34	28	33	46	9	10	4	19	36	39	38	43	18	26	16	23	29	42	35	16	3	24	2	0	21	46	34	28	37	
20	4	16	32	14	1	26	13	7	28	33	40	36	27	36	14	47	7	13	18	24	19	7	35	29	0	3	14	1	23	
7	17	38	18	24	19	42	20	39	9	46	18	37	7	19	23	1	27	19	2	41	23	43	12	30	9	0	23	29	40	
20	22	12	29	27	11	36	10	30	25	26	3	33	24	4	25	7	9	28	15	22	8	4	32	11	19	36	0	15	10	
12	31	21	6	3	20	20	14	29	1	44	48	43	25	45	49	41	19	35	25	28	26	14	42	49	10	18	24	0	26	
13	21	10	1	20	12	27	9	1	24	44	34	21	7	26	41	27	8	29	14	30	15	3	22	25	3	29	13	6	0	
M5
0	9	18	29	25	45	44	24	37	17	28	13	40	28	9	28	36	30	14	28	15	25	6	28	31	1	45	2	13	32	
34	0	38	10	47	16	11	27	18	44	9	33	25	14	34	20	25	32	33	20	20	15	17	38	11	25	44	24	9	10	
39	17	0	23	34	4	26	25	41	41	41	24	24	21	12	10	24	20	13	3	11	36	27	29	32	17	19	22	36	14	
6	42	8	0	9	44	16	35	4	34	36	27	33	12	21	32	21	37	30	20	18	38	33	32	40	43	29	20	40	44	
2	30	3	31	0	17	27	26	2	27	37	20	3	14	25	6	48	14	14	9	30	27	21	28	16	24	29	17	15	14	
33	12	27	40	22	0	20	12	32	34	29	35	41	45	22	26	48	7	49	34	4	46	25	16	38	8	33	46	26	41	
1	12	42	27	47	39	0	27	27	15	14	21	18	47	40	21	27	38	35	32	41	16	20	41	31	5	30	20	5	28	
32	2	40	44	47	26	9	0	25	43	45	36	29	14	3	44	9	4	42	13	35	40	14	47	42	27	24	28	20	13	
24	35	38	33	36	14	18	10	0	29	34	24	43	35	10	45	44	30	7	16	8	23	47	28	35	5	47	30	45	46	
27	39	14	35	34	21	28	33	49	0	8	36	32	14	29	33	23	2	38	43	1	21	2	29	30	37	41	42	24	10	
17	34	2	29	17	23	24	25	8	8	0	19	2	15	34	22	4	27	19	32	33	22	8	32	15	23	28	16	6	20	
26	4	7	19	24	30	6	5	41	35	23	0	11	5	26	32	7	35	33	15	10	26	10	8	5	32	35	6	23	5	
5	32	24	23	33	11	30	13	20	15	40	7	0	38	40	23	42	27	22	20	24	14	8	22	3	11	16	34	2	8	
21	24	35	39	21	26	1	14	36	15	19	7	6	0	6	39	29	24	13	36	20	11	6	31	19	27	15	13	13	24	
1	10	28	6	15	35	47	27	44	15	7	35	36	31	0	24	13	25	5	28	46	31	19	32	4	30	7	14	32	40	
17	33	36	34	38	12	41	25	5	11	26	19	2	34	5	0	13	6	4	11	12	15	20	4	5	23	7	19	14	11	
13	38	6	45	41	24	8	18	11	35	10	27	26	5	26	29	0	26	28	15	21	23	12	22	27	18	18	33	33	6	
38	2	12	40	25	22	20	15	41	34	37	11	25	4	23	37	14	0	12	44	24	30	20	22	10	17	2	32	6	39	
28	25	14	7	15	14	5	8	5	41	41	21	23	45	32	39	18	30	0	46	18	42	31	30	36	6	26	37	15	40	
29	44	39	27	44	40	24	4	3	26	42	22	29	8	29	17	40	31	20	0	43	26	5	43	20	3	7	36	7	18	
27	33	19	1	22	21	32	35	14	31	15	38	33	16	37	29	3	37	5	33	0	42	37	7	44	16	31	40	5	25	
13	10	4	48	36	7	32	8	8	20	24	39	38	17	38	16	26	9	8	38	20	0	17	32	13	21	2	13	7	33	
15	14	17	22	6	8	19	29	18	9	10	3	38	39	39	17	40	18	24	44	21	48	0	17	48	23	34	33	19	9	
30	27	18	21	40	26	7	39	23	3	5	7	19	19	32	18	3	19	11	36	39	17	37	0	10	34	41	14	31	37	
9	37	34	44	1	16	5	27	4	37	12	15	12	40	17	9	13	32	20	28	29	36	19	11	0	15	35	24	4	10	
36	13	17	19	25	16	13	20	19	26	46	13	26	23	15	8	8	32	33	3	29	30	27	8	20	0	19	47	38	44	
18	10	17	27	41	34	21	16	18	35	4	27	13	5	26	24	32	28	33	13	40	2	26	39	18	3	0	29	24	31	
13	8	42	39	11	9	12	18	11	3	46	35	28	42	32	10	39	25	26	48	22	34	43	14	32	26	47	0	28	5	
30	26	34	48	43	36	37	28	26	23	13	32	15	22	40	48	47	46	25	21	8	17	33	47	24	3	41	1	0	33	
14	36	27	20	4	44	28	16	33	17	43	9	26	44	6	42	26	34	34	8	23	36	2	22	29	18	8	16	38	0	
M6
0	7	20	17	20	15	8	35	41	14	7	21	18	25	26	27	18	19	17	18	14	20	7	28	22	25	14	29	2	11	
15	0	8	22	26	24	27	23	29	25	2	9	6	21	14	15	6	7	13	6	23	8	9	20	19	13	23	17	28	20	
15	18	0	25	33	26	19	4	22	21	12	19	18	27	9	2	29	13	4	25	20	1	4	9	15	19	4	10	20	29	
25	10	23	0	1	17	42	19	25	37	6	24	21	30	6	29	21	22	28	20	38	23	15	35	34	27	27	32	37	35	
11	21	13	2	0	1	12	20	26	3	14	13	14	5	4	12	12	15	11	3	5	5	28	14	16	10	3	2	12	4	
11	10	14	20	22	0	25	4	16	21	17	16	2	32	16	11	9	8	21	21	23	23	24	2	4	14	1	15	18	14	
16	21	6	10	22	34	0	21	5	25	27	29	30	22	26	19	2	3	21	19	18	18	21	26	8	20	21	27	29	30	
15	7	1	5	26	20	14	0	28	17	14	21	6	11	21	6	15	11	16	18	24	12	16	17	19	25	2	4	22	20	
27	7	3	12	1	7	29	18	0	18	14	21	18	29	23	16	8	19	18	18	9	15	18	23	29	23	18	19	25	32	
15	31	24	40	15	12	23	38	37	0	25	37	20	5	6	18	3	26	16	34	29	22	20	29	15	26	30	13	25	34	
3	21	22	23	11	21	22	13	24	15	0	12	10	8	4	19	1	13	6	10	28	32	20	25	23	17	15	28	16	17	
3	2	8	16	30	14	22	23	36	10	9	0	10	14	20	20	13	4	17	11	4	15	16	27	18	6	23	24	16	10	
1	19	4	12	12	10	20	19	35	11	19	23	0	22	10	4	18	12	13	18	13	16	19	23	5	17	18	25	14	6	
8	26	8	26	39	17	25	5	11	33	26	20	22	0	28	19	37	8	19	10	33	20	23	28	34	17	1	22	19	30	
28	20	5	7	16	5	12	14	27	9	21	14	19	17	0	13	18	28	8	4	27	17	20	18	13	11	20	22	13	1	
14	10	17	6	25	14	11	27	32	24	17	2	5	28	8	0	21	18	11	21	1	11	11	9	3	15	15	31	1	10	
25	5	14	8	36	19	13	29	27	16	12	19	16	20	7	8	0	16	22	16	23	15	19	22	7	5	2	3	1	29	
22	21	13	21	30	5	33	18	3	21	28	7	29	18	33	9	30	0	5	5	23	19	28	17	15	12	28	26	27	29	
24	21	1	19	20	20	10	16	13	17	16	13	24	17	21	12	26	4	0	3	29	8	16	21	2	10	16	4	22	24	
21	14	14	12	27	32	29	13	36	28	21	6	24	32	30	5	23	20	5	0	22	26	28	31	22	3	29	27	23	28	
8	19	8	16	32	15	15	18	28	18	17	11	29	8	22	10	27	18	10	1	0	20	18	13	23	8	2	5	15	20	
11	15	21	23	29	26	8	6	4	8	22	1	23	19	13	16	17	17	16	7	17	0	29	11	28	14	19	27	14	23	
10	28	16	24	24	22	23	19	7	19	16	26	4	30	22	16	3	18	16	22	14	28	0	24	4	11	19	13	9	18	
28	21	21	19	3	19	2	20	22	26	28	13	20	20	10	12	13	27	9	3	29	1	35	0	29	10	36	21	30	34	
20	18	23	17	20	15	28	18	19	24	25	14	11	30	19	23	24	16	14	23	30	31	25	28	0	1	4	18	23	11	
21	1	12	22	9	23	12	23	10	12	8	15	12	23	20	11	12	2	15	6	29	14	15	26	25	0	1	7	27	25	
25	15	17	18	11	16	16	3	30	19	12	10	26	1	31	30	26	19	19	24	26	28	4	25	24	28	0	6	24	12	
23	32	3	23	26	8	2	18	16	5	4	32	20	9	17	16	14	5	18	30	28	15	18	11	16	26	18	0	31	19	
17	33	20	13	24	26	29	20	9	11	24	24	8	22	23	6	1	28	22	17	24	9	34	32	21	24	12	19	0	22	
33	27	17	3	22	1	21	26	27	32	24	19	31	39	23	18	36	26	4	9	23	29	32	14	9	16	24	26	9	0	
M7
0	18	8	7	22	15	30	16	11	27	26	23	43	18	8	7	9	19	31	33	13	1	20	11	9	26	5	19	22	36	
47	0	22	44	35	40	12	16	47	4	27	35	37	33	38	3	10	1	43	13	30	29	27	41	46	13	42	28	12	40	
36	34	0	9	39	14	15	16	5	36	38	9	32	8	42	2	26	26	30	21	9	1	5	23	14	28	34	13	25	34	
23	20	18	0	31	30	41	23	13	44	11	25	18	20	25	9	11	6	36	17	15	12	24	13	11	28	7	21	37	21	
23	12	37	36	0	4	45	16	24	6	26	24	2	31	17	15	22	32	41	33	26	5	35	24	22	45	18	3	36	20	
34	9	30	45	37	0	30	31	13	21	18	28	6	7	6	38	40	37	47	10	25	17	40	18	19	39	36	6	44	9	
23	18	21	23	8	20	0	7	11	18	26	23	28	7	34	7	9	32	45	21	13	5	22	11	9	40	5	19	17	24	
19	19	33	12	40	14	20	0	12	31	4	24	49	19	25	8	10	24	22	8	14	26	23	1	10	3	6	5	26	19	
21	31	17	34	44	2	11	22	0	29	22	47	36	43	35	31	28	17	20	28	23	20	21	1	36	33	32	33	37	34	
15	14	4	19	27	24	35	26	7	0	22	19	16	8	6	3	4	5	23	23	9	17	5	7	5	40	1	15	35	9	
13	16	27	21	32	20	37	28	9	45	0	21	16	14	27	5	7	29	34	5	11	20	7	5	7	8	3	17	24	18	
27	38	35	37	28	3	26	5	31	34	27	0	33	35	31	17	29	18	26	49	17	32	37	28	29	33	25	2	14	23	
43	12	3	39	34	17	26	46	31	30	14	41	0	38	8	12	2	32	39	25	5	15	20	31	29	2	25	3	24	43	
31	33	35	28	47	30	30	28	11	17	10	29	38	0	20	19	18	26	9	40	28	38	31	7	8	7	20	32	8	33	
1	23	15	11	29	4	37	23	18	21	18	30	14	5	0	14	4	26	20	40	16	8	7	18	16	33	12	18	2	18	
24	19	21	13	40	29	30	31	12	27	27	24	24	17	38	0	10	44	41	32	14	4	23	12	10	12	6	20	29	17	
34	7	44	34	32	5	21	14	42	21	37	44	18	10	35	41	0	11	8	21	43	3	28	33	1	43	39	45	23	18	
26	22	17	16	42	23	19	20	4	12	30	27	49	22	28	11	13	0	9	37	9	7	21	15	13	48	9	9	32	34	
6	17	20	10	28	15	42	28	23	39	38	35	25	30	10	19	21	31	0	3	25	13	18	23	12	5	17	26	1	42	
31	26	23	31	23	10	27	12	19	27	34	5	10	26	24	7	17	25	33	0	18	29	30	19	17	2	13	9	8	18	
33	40	16	45	9	29	6	33	33	46	33	32	40	38	33	29	21	37	4	31	0	36	16	3	31	31	27	13	36	49	
5	29	13	18	33	19	24	9	20	35	37	21	12	29	19	18	20	17	28	34	24	0	18	19	20	37	16	12	9	46	
28	3	1	10	44	33	28	32	16	1	2	28	31	5	42	12	12	10	31	6	18	30	0	16	14	7	10	15	18	13	
30	3	12	30	26	35	4	36	18	23	33	30	23	13	44	14	16	12	30	34	20	29	29	0	16	13	12	26	29	20	
2	26	11	5	30	14	36	16	8	28	5	9	37	26	16	8	15	9	3	34	21	9	28	3	0	34	13	13	25	34	
37	40	38	31	6	4	43	30	33	8	18	25	37	15	28	29	31	8	38	27	35	44	43	12	31	0	27	29	19	32	
17	12	27	17	33	22	33	24	5	45	20	17	44	12	31	1	3	37	42	27	7	22	16	5	3	38	0	13	33	30	
29	17	18	10	32	16	14	6	1	46	18	22	8	38	28	18	10	35	38	20	32	31	37	19	31	48	40	0	27	8	
35	31	40	12	23	22	37	24	34	5	40	17	37	32	1	30	2	20	13	11	30	24	31	34	10	29	28	11	0	35	
28	23	38	28	41	16	20	18	12	13	12	11	16	16	39	12	8	30	38	12	17	33	9	16	14	22	10	3	18	0	
