30  4  1
4
	0	70	1	12	2	18	3	8
	0	36	1	96	2	2	3	94
	0	59	1	83	2	86	3	79
	0	55	1	100	2	4	3	93
	0	21	1	11	2	43	3	97
	0	75	1	21	2	95	3	14
	0	42	1	49	2	62	3	41
	0	92	1	7	2	21	3	18
	0	8	1	85	2	47	3	31
	0	37	1	98	2	47	3	53
	0	55	1	72	2	79	3	73
	0	57	1	60	2	24	3	69
	0	40	1	16	2	54	3	98
	0	38	1	74	2	29	3	42
	0	52	1	11	2	83	3	12
	0	50	1	80	2	97	3	1
	0	54	1	46	2	87	3	53
	0	31	1	78	2	22	3	64
	0	51	1	53	2	71	3	55
	0	94	1	89	2	47	3	75
	0	93	1	20	2	76	3	14
	0	73	1	65	2	35	3	52
	0	8	1	59	2	15	3	62
	0	98	1	60	2	17	3	42
	0	66	1	28	2	86	3	52
	0	96	1	58	2	27	3	77
	0	78	1	11	2	76	3	41
	0	32	1	56	2	11	3	41
	0	20	1	51	2	30	3	86
	0	74	1	97	2	24	3	44
SSD
M0
0	57	60	28	57	84	84	7	63	13	3	83	66	60	69	45	81	28	25	62	84	74	77	93	73	65	83	40	41	21	
56	0	54	37	60	28	18	54	31	19	7	25	51	51	42	61	77	77	62	66	37	56	17	20	31	5	23	75	27	68	
64	60	0	30	89	39	37	59	18	47	45	24	47	38	56	4	9	68	40	38	39	9	44	5	48	6	67	18	54	50	
33	46	45	0	27	4	58	11	40	45	33	44	15	46	39	55	25	23	30	69	61	58	8	32	22	12	5	53	18	59	
52	45	50	33	0	66	50	21	45	1	38	31	30	26	41	43	34	63	58	29	20	28	13	37	27	42	36	26	23	62	
62	20	32	43	2	0	24	44	33	24	48	54	38	49	64	24	36	83	68	24	43	9	23	36	6	52	46	49	33	8	
73	98	23	54	81	61	0	70	66	71	59	31	10	86	77	31	36	63	53	95	64	13	34	38	48	61	29	92	44	14	
2	6	17	22	59	31	60	0	10	37	32	42	17	30	48	56	72	19	60	88	31	64	36	59	32	47	43	55	46	55	
57	65	55	4	63	13	74	49	0	21	19	24	52	12	30	38	83	78	52	70	13	90	18	41	32	39	41	68	28	37	
64	7	31	35	50	71	34	60	59	0	50	60	79	20	30	5	88	78	62	100	80	70	59	63	57	48	40	78	69	86	
84	67	84	82	28	87	73	70	94	23	0	25	79	65	84	65	61	85	41	4	69	16	62	40	15	51	32	75	72	7	
83	68	2	64	20	53	34	62	76	24	69	0	71	67	47	11	68	56	22	70	41	69	44	7	58	18	67	67	54	45	
51	48	49	56	31	65	73	44	44	53	71	9	0	45	54	56	66	13	3	73	20	78	62	14	21	33	30	47	22	63	
15	31	38	21	92	54	64	27	33	6	10	37	21	0	19	48	60	61	46	62	54	81	1	12	15	30	24	59	11	28	
73	19	73	85	61	77	8	19	73	74	62	21	60	44	0	81	12	105	83	56	25	29	72	25	54	59	78	27	51	48	
38	64	73	45	71	54	77	5	33	20	43	15	41	44	56	0	76	52	18	56	54	59	36	39	2	65	15	57	46	78	
52	94	40	27	65	66	73	67	45	50	38	49	39	65	62	30	0	73	36	16	66	98	13	37	27	42	36	71	23	64	
33	70	55	38	9	47	56	48	26	31	43	54	7	1	10	41	22	0	38	55	47	57	18	39	32	28	24	5	4	41	
38	66	72	43	82	52	71	53	31	60	58	27	43	51	11	20	36	42	0	44	52	79	35	59	49	2	58	56	9	50	
51	79	49	32	39	15	72	66	44	35	1	48	4	41	12	59	76	38	16	0	64	62	12	33	26	41	35	70	22	20	
4	43	79	28	43	6	97	16	16	45	3	48	63	36	54	62	98	51	76	62	0	37	42	37	56	53	10	80	29	61	
61	76	51	18	77	27	65	63	6	35	9	20	7	26	5	46	69	60	50	68	27	0	22	46	36	51	45	16	32	51	
31	73	29	12	92	45	80	46	24	29	17	28	26	44	48	39	75	52	37	53	45	77	0	16	6	21	15	50	2	43	
82	88	68	25	59	8	36	68	75	80	73	48	33	95	64	15	67	86	67	22	93	40	72	0	18	15	41	41	53	77	
61	26	111	66	65	43	80	10	54	45	69	62	63	57	31	69	70	25	91	9	27	23	74	82	0	3	80	61	32	52	
64	3	23	76	75	32	26	68	65	29	46	64	42	70	33	13	78	38	44	50	76	56	56	35	65	0	62	18	66	37	
42	84	40	23	27	17	45	57	35	40	28	39	37	35	34	19	27	3	42	53	56	34	3	27	17	32	0	39	13	54	
14	90	67	48	107	57	19	57	36	53	63	68	71	56	74	70	72	82	76	43	57	20	62	76	46	6	80	0	33	4	
9	54	65	14	73	23	58	24	2	31	29	34	60	22	40	17	75	34	39	31	23	55	28	51	42	4	51	70	0	21	
68	74	90	29	44	82	27	57	61	66	29	40	42	36	3	2	57	4	56	85	76	82	53	70	28	33	59	40	39	0	
M1
0	81	97	20	101	60	103	80	102	5	84	64	82	114	70	61	31	25	9	74	97	52	88	64	107	86	70	86	57	30	
65	0	76	60	46	51	78	31	32	55	66	53	24	61	69	56	91	10	86	74	45	29	74	75	75	44	66	18	20	72	
43	60	0	55	69	71	68	47	68	36	20	31	19	78	89	33	75	23	64	15	59	59	88	98	36	39	36	52	35	85	
30	5	66	0	71	75	13	51	80	47	73	66	44	69	53	65	2	51	11	61	7	44	23	43	64	64	78	2	54	31	
51	15	19	3	0	41	53	54	12	68	24	54	93	61	85	24	68	81	53	69	39	20	17	94	32	67	20	36	70	36	
27	51	31	24	73	0	34	72	65	17	28	67	86	89	46	55	70	64	48	7	72	20	60	41	90	5	33	49	75	29	
17	80	4	49	54	56	0	86	60	34	11	43	58	25	80	89	60	54	38	25	51	81	15	43	34	78	77	66	26	59	
27	55	59	43	29	17	40	0	52	44	64	15	68	48	53	18	70	64	48	36	14	58	46	44	43	43	60	75	49	67	
54	23	62	48	56	25	57	20	0	13	47	42	5	19	11	44	53	43	26	32	41	40	36	20	35	25	47	54	31	30	
55	6	32	16	2	7	42	49	25	0	37	43	78	40	60	35	81	44	42	35	48	27	7	7	45	33	9	25	6	49	
53	39	43	3	13	45	62	31	36	64	0	53	94	15	41	48	55	79	9	73	52	44	41	64	30	59	36	52	58	60	
44	78	71	12	52	78	33	54	43	58	67	0	63	43	64	61	5	5	20	22	21	37	66	66	1	83	44	33	40	53	
46	25	70	27	48	36	43	12	58	63	26	34	0	64	70	37	51	22	52	55	24	72	53	63	62	4	26	42	64	86	
21	91	1	21	65	53	47	29	73	38	76	51	83	0	28	7	64	58	42	50	50	57	49	15	46	14	76	71	38	63	
46	76	50	64	50	102	65	86	73	12	37	79	64	71	0	62	50	71	67	96	77	18	14	13	75	84	81	32	23	81	
2	6	67	15	53	15	64	17	69	19	5	33	92	72	62	0	12	39	23	43	38	56	70	49	45	41	37	53	40	44	
19	65	20	51	39	27	50	3	62	7	36	25	60	37	63	28	0	3	40	46	20	43	15	36	53	42	70	66	59	2	
76	67	53	22	41	53	39	72	45	39	75	66	62	51	78	58	54	0	57	18	53	29	69	93	9	34	32	41	24	88	
48	69	43	66	69	66	80	44	51	31	26	2	83	89	8	67	29	42	0	55	65	37	33	2	63	54	47	51	42	70	
40	10	66	29	43	31	54	7	54	14	72	2	71	62	24	32	67	63	49	0	17	5	32	48	28	27	22	38	12	27	
3	39	71	35	44	75	69	62	63	20	74	79	34	42	26	76	46	40	24	46	0	55	51	50	37	54	75	64	60	45	
41	29	77	62	48	36	24	12	71	6	34	34	53	67	36	8	43	5	62	39	33	0	61	55	43	23	79	64	68	34	
54	50	54	38	24	44	26	20	44	25	10	6	66	20	73	45	71	7	75	63	41	55	0	45	2	70	45	34	54	62	
69	17	64	76	62	72	58	48	64	39	24	51	89	68	60	5	97	35	73	23	46	40	83	0	26	13	58	33	6	8	
53	49	53	37	23	75	4	55	14	70	38	49	36	14	86	41	43	21	48	72	54	54	39	89	0	56	15	4	32	61	
81	53	80	66	83	70	48	47	65	96	15	69	23	67	73	29	90	61	56	84	63	64	92	1	55	0	60	26	48	29	
51	29	33	28	29	53	22	29	21	46	58	23	82	45	74	15	88	88	22	72	28	60	50	63	72	67	0	5	39	54	
15	58	13	47	60	68	55	59	53	32	59	21	87	65	43	81	58	52	36	73	46	16	41	56	23	93	66	0	4	57	
37	31	26	19	5	57	10	45	7	4	40	63	34	46	3	26	64	53	33	80	14	32	28	27	4	54	36	36	0	52	
62	31	43	27	13	24	26	48	36	43	48	42	25	45	64	29	71	63	41	36	47	44	41	82	56	45	8	24	58	0	
M2
0	42	21	4	17	48	35	26	37	13	31	23	56	45	60	13	67	19	30	26	43	14	5	53	28	1	19	14	52	48	
29	0	32	30	64	22	8	68	13	60	28	39	63	20	35	14	23	43	66	48	50	61	52	54	24	43	45	33	53	4	
61	41	0	32	82	31	51	70	56	92	60	63	45	38	55	25	6	50	10	43	20	34	45	95	56	56	4	76	71	45	
60	64	25	0	70	76	29	34	65	71	58	82	48	57	96	5	89	33	55	18	60	92	68	88	20	58	11	74	60	70	
45	42	40	67	0	63	52	11	18	76	41	42	73	6	78	38	67	16	52	63	37	77	45	65	59	51	28	51	37	48	
47	16	43	48	41	0	26	86	31	46	32	52	73	38	53	26	41	7	54	66	55	79	70	67	42	42	30	51	71	22	
12	14	18	34	31	38	0	56	29	18	42	20	19	36	51	30	39	49	60	56	28	20	2	46	40	31	49	32	69	20	
42	47	8	64	15	39	34	0	43	66	36	29	58	44	46	38	61	24	46	73	5	51	13	33	29	59	6	19	5	53	
19	24	55	26	33	33	34	62	0	50	54	17	32	30	61	20	49	31	67	25	45	51	42	55	47	3	32	51	9	25	
22	36	61	44	54	52	46	66	1	0	29	63	40	43	5	39	11	4	51	66	76	47	45	11	44	39	55	54	57	42	
24	13	13	35	47	37	23	67	28	11	0	38	33	2	50	22	1	22	45	23	52	25	47	4	23	43	50	48	15	19	
15	13	20	37	50	37	23	47	28	46	31	0	78	35	50	29	38	22	63	59	47	47	38	69	39	34	51	23	68	19	
41	44	55	39	35	64	20	26	37	67	27	64	0	51	81	48	49	37	24	61	22	32	46	21	34	47	53	20	43	50	
46	41	34	52	19	28	51	36	54	53	34	7	57	0	72	3	53	9	56	28	41	56	18	50	52	27	60	54	4	47	
30	56	43	45	7	10	35	51	68	61	25	39	3	3	0	35	45	41	19	60	48	22	50	60	7	7	54	28	36	19	
29	8	42	20	64	32	8	58	23	16	38	24	51	30	45	0	33	53	76	32	15	61	52	64	34	48	35	43	48	14	
82	54	52	23	25	68	56	61	28	85	55	50	4	74	29	32	0	30	77	8	78	7	84	79	47	36	38	78	84	60	
41	10	44	42	76	34	20	80	25	71	3	51	75	32	41	13	35	0	25	60	55	73	64	52	21	13	29	45	65	16	
52	51	22	74	43	8	35	25	42	60	46	24	28	46	18	2	56	56	0	63	39	24	6	54	49	1	52	29	51	57	
52	26	60	53	67	50	36	84	8	30	42	55	67	19	63	5	31	32	79	0	60	45	66	71	35	18	40	61	47	27	
81	86	54	25	80	53	50	56	70	100	75	80	60	44	49	34	65	62	84	47	0	51	74	78	23	87	22	58	35	92	
40	45	44	46	75	69	55	79	39	71	60	8	36	32	82	55	46	45	79	36	66	0	52	70	57	59	47	55	65	20	
42	40	1	64	22	44	50	74	21	73	25	3	85	25	40	23	65	49	85	82	40	60	0	82	66	61	78	50	58	46	
3	59	42	25	26	69	43	47	58	34	52	44	12	25	81	34	11	40	51	47	63	35	26	0	49	22	40	35	58	50	
41	10	44	42	64	34	5	80	10	70	34	17	59	16	47	26	35	9	34	60	57	55	49	66	0	44	52	23	49	16	
46	23	57	55	69	47	7	77	38	77	53	64	44	45	60	39	48	28	61	35	15	46	51	26	49	0	70	58	42	29	
40	48	43	62	64	38	43	84	63	55	41	45	4	32	18	51	73	16	63	73	27	56	27	48	23	51	0	57	4	54	
12	17	30	34	47	33	20	56	32	36	6	33	57	21	54	33	42	49	60	43	69	21	15	73	43	31	49	0	42	23	
36	36	25	58	46	4	44	53	45	67	29	27	23	9	64	39	44	4	51	57	7	22	9	16	47	39	51	68	0	42	
1	47	31	2	36	67	35	40	36	32	40	27	35	31	63	11	2	15	49	20	22	33	24	26	25	20	17	33	64	0	
M3
0	93	18	71	23	32	41	70	72	7	63	68	73	62	86	55	25	64	34	49	69	89	53	60	71	55	92	72	60	52	
27	0	53	68	58	53	66	30	37	42	14	4	36	28	44	76	60	47	43	5	70	28	88	66	92	24	100	44	95	71	
59	9	0	63	8	43	67	81	38	36	74	32	14	73	65	66	35	55	42	60	71	32	20	54	29	47	78	83	94	68	
5	79	31	0	9	18	42	56	58	20	49	41	34	48	76	11	13	52	22	14	55	73	40	35	57	45	101	28	73	64	
56	11	59	28	0	48	72	61	3	55	21	51	54	3	4	54	31	49	76	50	36	28	61	67	66	19	66	52	17	38	
11	47	16	28	1	0	10	24	26	26	17	22	32	16	44	9	11	20	53	3	23	43	72	33	25	43	84	26	79	32	
25	22	8	10	56	65	0	83	52	40	43	53	46	9	26	23	16	71	65	26	52	70	86	45	19	41	69	23	44	60	
55	81	60	35	45	30	18	0	62	70	28	48	61	33	11	53	38	56	83	40	67	87	93	75	69	26	73	70	97	45	
26	43	25	25	57	66	73	37	0	36	46	55	48	45	57	25	27	34	58	16	2	22	73	49	32	54	78	18	94	80	
4	36	30	21	27	44	53	58	50	0	71	32	25	58	77	2	4	55	46	5	72	64	65	26	45	36	79	19	36	36	
16	20	42	33	47	54	38	6	54	31	0	44	37	57	35	14	16	67	10	17	58	18	66	28	70	48	13	31	62	52	
37	19	51	55	6	58	46	10	45	26	56	0	64	34	39	41	38	84	10	25	18	18	62	65	67	9	34	58	73	62	
8	62	5	25	39	48	25	86	61	22	79	36	0	62	81	6	8	59	23	9	76	37	69	27	7	40	95	23	76	61	
11	46	37	28	32	17	41	55	1	26	33	18	32	0	69	9	11	51	53	12	34	43	58	33	56	43	39	26	79	63	
57	93	62	12	42	32	56	45	53	72	5	52	60	10	0	55	15	33	60	47	60	80	77	60	71	3	50	72	74	22	
1	75	27	18	32	41	50	79	81	16	72	29	22	55	74	0	1	52	43	2	69	61	62	23	55	33	89	16	69	54	
40	65	48	57	45	73	61	25	63	55	59	31	42	58	49	38	0	79	2	41	15	35	58	7	32	61	53	43	67	68	
29	92	55	52	60	69	62	26	56	44	45	65	58	31	28	35	37	0	47	38	60	41	37	59	43	43	15	41	11	62	
77	34	91	71	39	63	87	75	75	92	37	77	30	44	47	76	72	80	0	22	72	89	1	65	21	4	27	79	30	11	
45	25	10	62	35	20	44	58	13	35	51	56	66	50	78	43	26	54	73	0	46	66	42	16	59	59	28	31	44	60	
11	40	19	28	42	51	57	21	64	26	30	39	32	29	41	9	11	62	42	12	0	6	72	33	35	43	62	26	79	64	
29	8	37	16	60	69	75	39	23	44	48	57	6	47	59	27	9	80	30	30	4	0	86	44	53	18	76	44	45	82	
52	90	78	45	38	63	87	87	86	31	51	14	44	49	45	50	9	22	59	53	77	92	0	69	32	15	45	38	12	54	
15	50	41	54	46	33	20	67	73	30	64	69	79	63	87	56	48	30	56	50	34	54	18	0	36	78	62	73	83	75	
59	19	58	14	12	47	71	63	2	69	68	83	66	25	64	58	60	7	48	49	35	55	70	82	0	9	55	6	48	48	
41	77	46	22	31	16	40	35	36	56	28	52	19	46	64	39	41	3	38	33	53	73	79	19	55	0	82	40	62	10	
16	58	23	46	30	55	43	7	35	31	48	57	50	28	36	27	29	22	58	22	4	24	77	51	53	51	0	44	61	70	
36	80	62	41	67	61	62	74	50	51	34	66	81	7	17	58	44	62	1	12	77	40	57	81	34	20	32	0	69	51	
17	71	43	35	45	50	8	68	76	32	12	40	8	33	11	66	38	56	41	67	43	63	78	54	68	26	73	53	0	45	
22	38	48	29	53	62	45	38	35	37	84	51	44	77	67	21	23	74	64	24	68	70	83	45	51	55	58	38	8	0	
