30  8  1
8
	0	99	1	45	2	6	3	99	4	95	5	86	6	55	7	90
	0	15	1	71	2	96	3	17	4	63	5	89	6	38	7	24
	0	12	1	36	2	85	3	14	4	16	5	86	6	84	7	96
	0	13	1	13	2	30	3	36	4	90	5	56	6	86	7	52
	0	30	1	57	2	59	3	57	4	60	5	13	6	66	7	53
	0	52	1	24	2	52	3	4	4	69	5	26	6	70	7	75
	0	52	1	42	2	10	3	85	4	77	5	92	6	55	7	22
	0	41	1	40	2	1	3	29	4	53	5	74	6	51	7	37
	0	39	1	39	2	91	3	27	4	87	5	85	6	1	7	26
	0	86	1	85	2	52	3	85	4	45	5	36	6	93	7	86
	0	83	1	57	2	51	3	78	4	44	5	37	6	63	7	39
	0	60	1	12	2	30	3	13	4	69	5	53	6	82	7	71
	0	79	1	4	2	51	3	96	4	10	5	18	6	28	7	83
	0	70	1	47	2	36	3	11	4	41	5	10	6	38	7	36
	0	90	1	38	2	82	3	94	4	20	5	69	6	34	7	20
	0	25	1	38	2	58	3	28	4	31	5	87	6	42	7	11
	0	15	1	5	2	85	3	32	4	49	5	43	6	84	7	47
	0	10	1	90	2	94	3	61	4	40	5	98	6	52	7	7
	0	63	1	83	2	70	3	14	4	88	5	50	6	67	7	90
	0	48	1	17	2	71	3	43	4	62	5	37	6	17	7	11
	0	16	1	31	2	34	3	78	4	5	5	2	6	76	7	95
	0	74	1	82	2	60	3	42	4	58	5	18	6	4	7	80
	0	3	1	26	2	80	3	93	4	17	5	56	6	29	7	26
	0	100	1	40	2	100	3	51	4	20	5	25	6	10	7	31
	0	62	1	12	2	35	3	51	4	61	5	55	6	83	7	54
	0	86	1	83	2	12	3	86	4	44	5	49	6	84	7	39
	0	16	1	41	2	70	3	64	4	58	5	77	6	58	7	55
	0	8	1	83	2	22	3	73	4	94	5	38	6	45	7	30
	0	37	1	18	2	18	3	50	4	85	5	74	6	52	7	2
	0	28	1	38	2	75	3	50	4	78	5	37	6	1	7	71
SSD
M0
0	22	52	78	44	54	22	54	72	34	17	64	63	10	37	80	58	47	69	14	56	33	55	3	59	31	66	22	27	88	
73	0	64	66	40	44	3	59	73	42	27	34	33	47	34	61	21	17	52	15	44	65	46	46	22	45	29	51	21	62	
60	15	0	91	65	74	2	89	63	50	3	64	54	64	52	24	51	47	29	12	74	67	29	33	39	16	59	81	51	81	
46	22	58	0	44	71	40	49	73	45	34	55	48	43	31	10	53	45	61	42	68	44	8	42	13	42	53	33	55	73	
52	47	53	25	0	21	22	3	35	46	38	38	37	52	38	48	42	21	49	46	3	32	46	53	34	53	47	44	17	47	
55	48	29	27	53	0	24	67	82	48	40	13	37	54	6	19	44	23	12	53	5	51	48	69	36	56	71	73	67	36	
42	35	56	47	58	45	0	41	69	58	62	62	11	50	32	6	66	45	73	42	27	26	35	66	45	15	79	57	58	27	
8	37	64	70	63	7	27	0	6	46	38	38	16	9	38	73	42	21	21	2	48	34	49	67	19	23	80	58	66	70	
35	54	60	69	18	7	26	39	0	25	57	38	35	27	46	74	1	52	62	25	51	13	29	22	4	22	44	13	21	74	
51	31	4	83	28	50	14	2	49	0	19	21	59	52	17	40	67	63	45	17	61	37	45	49	55	32	75	97	15	69	
23	40	20	5	10	61	11	43	75	50	0	12	34	43	48	28	69	48	19	44	43	62	26	60	31	22	71	51	57	77	
51	47	55	58	83	1	65	2	30	31	28	0	56	52	59	18	70	58	64	45	58	10	47	15	52	38	76	82	70	81	
11	33	41	12	69	40	41	55	78	17	7	49	0	43	1	35	17	32	67	7	59	42	33	37	38	37	77	28	50	94	
39	39	55	27	75	51	44	63	44	43	37	35	36	0	37	10	41	20	55	61	43	29	39	40	49	15	55	31	35	73	
47	29	62	49	40	26	35	41	74	15	40	40	37	29	0	11	3	23	57	38	50	10	4	28	14	27	14	49	52	74	
11	4	83	64	40	36	22	73	38	40	32	32	13	39	27	0	36	15	50	34	42	46	4	38	14	43	48	70	40	38	
53	55	44	53	66	8	44	23	70	43	41	39	19	11	30	63	0	62	72	28	65	45	30	10	40	9	95	31	53	63	
79	74	67	39	65	34	36	49	76	15	7	7	6	37	7	62	11	0	25	54	17	56	56	36	48	23	58	57	79	89	
58	30	77	49	41	45	22	74	39	27	39	52	58	17	17	60	50	42	0	39	27	30	5	25	2	44	71	74	53	72	
87	26	36	66	42	45	44	75	29	42	34	34	33	31	33	65	38	17	36	0	44	57	34	56	15	50	30	80	57	85	
65	41	34	6	32	2	3	46	78	27	19	19	18	33	19	29	23	2	30	58	0	63	27	48	15	35	50	52	74	82	
87	22	76	59	77	54	25	69	68	35	27	27	26	57	27	78	31	10	45	52	37	0	76	56	59	43	54	65	37	41	
50	22	88	83	33	65	40	66	74	37	51	44	50	32	20	98	42	34	50	31	61	39	0	31	7	36	66	66	45	77	
54	3	16	42	58	62	21	35	57	60	31	32	51	21	52	18	39	35	52	2	60	28	47	0	40	44	47	69	5	2	
64	57	30	64	20	42	18	15	13	50	42	42	41	65	42	46	46	25	38	47	52	16	71	66	0	58	59	57	10	8	
57	57	93	22	75	53	29	8	18	64	6	18	59	13	60	45	58	43	17	44	70	66	43	61	32	0	88	52	74	60	
48	27	58	53	35	16	45	58	60	29	21	21	20	51	20	19	25	4	39	57	31	56	48	27	58	37	0	71	63	49	
14	84	57	56	50	52	5	24	66	4	48	48	47	34	48	63	52	31	66	22	34	6	77	1	65	1	99	0	14	58	
78	33	6	76	44	61	20	61	15	26	10	67	72	81	70	42	55	60	47	30	73	67	47	51	57	34	77	67	0	99	
40	73	46	52	33	48	49	66	55	60	15	65	64	51	65	73	65	48	76	11	30	42	73	56	61	35	89	48	3	0	
M1
0	46	12	52	46	46	14	31	18	69	17	31	65	1	63	55	10	44	73	39	39	68	44	43	12	52	31	21	40	63	
72	0	16	65	43	58	19	24	11	52	18	44	78	14	71	43	3	43	21	30	32	38	37	36	58	65	27	7	58	54	
20	70	0	56	1	40	15	45	32	23	39	25	59	35	55	7	24	11	32	52	5	46	12	34	6	73	25	56	34	22	
26	1	47	0	51	22	31	24	42	37	32	41	30	53	54	84	42	43	12	40	49	34	54	56	73	90	14	29	6	33	
14	57	22	61	0	47	73	4	17	68	24	49	70	20	60	10	9	49	20	55	38	70	43	42	35	71	5	59	43	34	
17	34	25	81	23	0	47	41	28	42	16	53	85	31	42	68	20	36	10	78	49	46	8	53	52	55	38	18	58	4	
76	40	56	71	23	85	0	58	15	56	75	64	72	71	88	48	60	5	72	57	38	21	64	62	63	80	52	25	56	15	
10	31	51	17	20	3	61	0	30	67	43	38	59	28	16	87	38	62	2	69	33	64	35	70	60	70	44	45	36	31	
51	1	3	55	1	39	33	49	0	12	43	50	50	39	56	25	28	20	71	11	6	47	51	34	45	62	6	33	48	61	
22	58	60	81	34	40	76	35	18	0	78	17	51	60	49	70	63	26	30	53	38	66	30	36	76	56	45	38	80	68	
4	22	4	8	41	34	10	45	52	58	0	19	36	50	51	47	48	43	33	6	45	37	52	22	46	57	35	32	9	36	
45	61	39	52	43	60	58	55	21	72	49	0	22	45	20	59	34	12	77	32	63	94	38	20	52	83	45	71	71	88	
19	56	13	70	17	34	32	29	16	67	23	10	0	19	20	56	8	34	58	6	37	69	42	29	39	57	19	56	67	62	
43	18	44	4	42	29	36	41	2	53	48	54	47	0	58	65	33	22	29	52	47	51	9	16	35	4	31	46	23	50	
23	61	26	75	40	14	49	34	21	17	21	18	52	24	0	35	13	16	48	39	42	62	3	46	6	29	25	56	34	35	
51	27	27	13	19	30	38	50	12	40	17	40	56	18	56	0	49	64	38	7	6	22	59	30	69	36	40	11	32	58	
64	43	8	57	35	59	59	16	3	54	10	36	70	6	68	51	0	41	58	53	24	65	29	28	50	57	48	57	66	66	
26	63	20	61	24	36	39	36	23	55	30	17	3	26	27	63	15	0	27	13	8	49	49	36	46	64	1	55	32	37	
35	26	11	12	20	1	20	49	29	41	41	56	42	56	66	8	45	51	0	52	42	43	33	45	37	80	39	38	15	7	
52	56	58	81	27	11	14	66	53	77	51	60	46	55	48	64	45	61	45	0	63	46	43	6	48	34	67	53	68	39	
14	51	45	97	59	40	22	69	56	16	63	33	38	59	19	64	48	57	71	48	0	10	60	65	63	82	61	34	11	30	
30	16	27	44	12	31	46	43	30	50	37	24	10	26	3	70	22	48	12	20	3	0	37	43	47	70	31	68	45	20	
15	65	48	51	53	32	20	16	45	33	52	46	80	4	72	77	37	55	58	63	55	41	0	19	46	55	4	74	70	60	
19	67	24	69	36	26	67	41	28	64	35	21	55	31	53	18	20	36	48	39	17	58	54	0	2	42	21	16	30	54	
5	54	10	68	22	22	53	27	14	65	21	7	41	17	39	53	6	31	56	51	35	44	40	39	0	67	7	39	16	43	
20	65	76	51	3	73	55	64	77	49	82	66	71	66	52	70	69	65	8	81	2	43	73	91	77	0	32	64	44	55	
60	72	25	67	8	46	49	44	36	84	64	3	37	60	35	68	49	24	35	18	66	81	43	18	60	69	0	74	58	74	
15	61	26	59	46	46	66	17	21	72	28	31	65	18	26	8	13	55	59	35	42	68	47	15	12	10	11	0	40	67	
2	69	26	83	30	47	19	42	29	70	36	23	9	32	33	60	21	47	66	19	50	10	32	42	52	70	32	5	0	9	
27	76	32	62	44	44	5	5	36	62	36	11	43	39	43	75	28	35	47	53	57	26	15	43	10	68	29	37	16	0	
M2
0	17	95	57	29	85	61	55	26	8	16	17	32	68	24	62	49	66	58	62	68	53	25	52	20	65	41	73	72	82	
87	0	77	25	100	42	65	44	71	66	11	45	6	46	11	29	59	59	56	26	11	42	52	59	72	76	75	68	61	64	
57	76	0	33	92	68	22	41	79	64	19	41	53	5	49	36	65	39	50	9	62	3	49	56	46	47	20	58	54	16	
53	60	69	0	88	112	61	80	16	67	55	47	15	17	61	52	45	37	77	60	60	58	79	41	39	22	33	16	40	63	
67	14	7	54	0	14	22	22	70	76	33	41	64	22	57	36	46	37	53	62	62	47	30	20	45	28	38	58	39	24	
51	24	87	41	86	0	52	71	78	24	63	66	84	71	81	66	23	69	28	85	36	73	7	26	43	70	19	76	28	62	
63	48	103	32	90	41	0	9	53	72	1	9	32	65	44	4	33	7	32	67	30	17	17	24	29	17	6	26	26	66	
83	80	105	64	95	31	22	0	70	97	33	41	41	61	34	36	23	14	30	84	62	24	7	14	42	49	38	58	16	56	
72	95	34	69	59	63	75	93	0	45	42	68	42	25	69	24	100	92	20	108	93	25	70	23	66	91	62	98	66	30	
29	52	101	37	58	32	67	72	6	0	47	34	64	68	49	81	66	6	17	65	66	70	22	83	23	82	6	83	82	22	
43	9	87	45	38	54	3	22	33	51	0	8	45	35	16	17	31	20	45	25	1	30	30	33	31	14	13	6	30	70	
49	9	94	10	84	38	31	8	56	33	42	0	50	57	17	45	2	21	39	65	56	6	11	23	35	18	47	49	25	65	
30	41	56	42	64	59	50	27	62	44	52	2	0	42	49	64	34	42	21	68	64	25	13	42	26	50	20	76	43	63	
32	55	16	54	66	76	25	44	64	23	12	43	23	0	8	39	49	42	43	47	64	52	52	59	5	43	1	61	18	58	
75	80	59	69	31	4	27	46	22	66	38	46	11	7	0	19	53	44	30	54	67	54	54	61	48	54	43	61	32	72	
41	22	41	45	76	54	62	81	63	55	35	64	25	69	71	0	96	79	56	95	77	6	31	24	67	89	25	91	98	66	
1	24	63	18	30	66	66	62	33	15	23	24	23	65	31	18	0	33	65	69	75	60	29	20	27	60	20	59	58	89	
76	13	73	46	42	97	46	65	81	75	3	62	81	89	23	60	29	0	25	79	55	73	73	32	48	31	26	60	49	57	
30	53	63	12	65	66	53	72	35	44	3	53	57	59	54	15	37	70	0	55	55	77	29	54	27	64	56	8	42	82	
21	44	78	25	28	101	79	82	8	35	25	44	59	26	51	29	76	53	44	0	44	43	52	32	47	38	32	69	56	33	
58	60	53	61	63	67	22	41	79	21	33	21	39	1	45	36	48	20	11	84	0	4	49	56	42	49	38	58	55	48	
8	31	55	52	43	61	10	29	40	22	21	22	46	82	12	24	53	27	8	59	50	0	37	40	34	37	26	46	46	36	
52	75	40	59	15	88	60	79	42	59	31	59	51	39	67	56	44	43	36	52	4	24	0	51	10	32	76	15	49	77	
33	38	68	78	68	45	36	13	65	32	47	52	55	75	40	50	28	28	44	4	76	38	3	0	56	63	52	72	30	14	
87	33	92	14	26	60	62	39	35	26	40	59	6	60	74	73	46	31	3	7	25	63	47	25	0	43	77	60	56	90	
42	39	95	54	66	100	57	76	41	56	46	65	46	74	59	18	48	3	43	38	48	78	71	7	5	0	73	19	6	46	
85	65	45	59	44	35	17	3	74	42	28	30	45	17	38	31	4	18	34	76	14	19	11	18	34	44	0	53	20	60	
15	38	85	65	50	74	23	42	5	29	17	38	33	33	30	37	7	40	58	37	55	50	46	57	20	46	39	0	12	52	
78	68	71	90	61	79	93	91	36	85	82	53	82	52	46	36	84	30	44	74	84	54	47	43	41	24	87	55	0	22	
1	24	67	7	1	74	64	62	33	15	23	24	16	43	31	6	38	35	53	42	8	46	32	12	27	20	48	40	38	0	
M3
0	25	72	81	58	38	66	44	79	17	56	57	24	59	94	103	80	69	37	12	45	50	51	6	49	63	36	23	50	88	
18	0	62	55	47	27	24	10	63	60	22	36	29	25	79	79	50	27	3	53	79	37	13	38	87	21	78	57	8	78	
53	83	0	60	56	36	20	46	84	6	80	49	46	46	89	59	78	56	61	62	86	77	72	74	36	80	109	67	47	2	
65	74	66	0	75	72	71	82	85	8	56	64	33	60	71	41	53	3	75	95	93	17	96	107	70	73	105	55	52	52	
52	81	81	61	0	61	46	71	17	64	8	7	64	59	67	57	82	54	37	5	29	35	46	9	78	69	87	12	9	61	
36	55	80	51	16	0	44	6	47	56	40	54	58	43	91	104	38	43	21	22	68	41	40	63	87	53	69	61	69	64	
60	45	75	71	11	20	0	30	59	44	62	63	42	67	77	99	62	65	45	46	81	16	29	16	62	77	85	80	70	11	
55	20	60	16	41	21	9	0	72	21	44	53	26	62	59	93	11	8	40	47	46	6	50	75	59	46	39	26	34	64	
13	67	77	17	73	87	2	90	0	61	56	57	37	88	69	39	78	46	87	41	70	10	14	5	53	72	58	97	61	73	
37	8	63	80	58	38	23	35	64	0	46	8	54	26	62	32	75	52	28	39	84	36	20	51	36	3	69	58	33	62	
84	64	34	60	86	66	68	40	94	54	0	61	94	57	67	107	80	22	84	60	85	49	94	104	71	81	31	49	68	50	
32	72	65	70	61	41	58	51	77	53	36	0	80	39	67	37	76	34	17	18	65	15	65	30	68	49	99	71	27	41	
36	72	46	77	22	45	62	41	69	66	40	36	0	43	75	61	41	77	21	30	72	40	73	7	17	53	53	75	63	62	
31	60	26	56	21	1	49	11	27	46	35	49	58	0	49	77	43	23	16	27	73	46	45	59	76	23	74	21	25	42	
45	10	84	63	66	54	48	37	19	37	49	63	56	52	0	32	58	54	30	80	9	56	33	12	99	4	65	20	35	26	
60	67	34	47	6	20	2	30	71	53	64	21	15	67	2	0	62	67	45	46	79	49	64	43	84	77	93	60	51	50	
62	72	74	4	60	71	61	81	42	48	12	17	7	69	62	67	0	43	47	48	8	15	51	32	17	59	44	95	57	71	
1	89	61	85	87	90	12	40	65	19	66	76	85	97	83	53	52	0	81	85	92	75	96	94	70	61	79	4	50	77	
1	48	45	65	30	10	27	20	46	65	5	19	72	8	68	69	52	42	0	36	62	29	54	38	79	18	80	40	44	61	
47	52	44	43	57	37	61	47	45	64	1	2	73	42	69	52	34	49	32	0	32	8	4	4	61	64	59	17	20	56	
40	5	73	52	10	47	41	31	60	33	44	58	51	47	22	11	71	49	25	72	0	59	6	60	109	43	24	58	30	3	
50	15	29	13	59	39	55	42	26	49	4	5	61	57	19	55	26	16	35	36	66	0	37	48	11	20	102	45	40	21	
79	44	59	78	21	54	36	44	89	79	45	46	49	86	36	6	42	28	64	1	76	52	0	21	51	2	96	41	26	41	
34	83	21	64	60	40	55	34	70	41	76	61	60	32	37	94	32	66	59	66	14	50	84	0	55	66	95	64	5	37	
28	4	6	17	46	48	30	31	1	26	28	20	44	46	34	67	12	48	24	23	14	38	34	33	0	21	86	78	29	22	
54	45	41	16	72	52	12	31	19	60	32	64	70	61	65	43	61	55	39	19	34	28	50	42	36	0	34	79	59	57	
37	15	52	60	41	21	44	31	16	72	49	52	57	15	44	14	63	49	35	7	82	36	45	48	51	30	0	6	40	68	
23	81	73	99	78	58	77	68	62	69	43	23	8	58	15	73	100	70	36	54	99	51	26	49	63	57	2	0	10	77	
8	77	86	97	102	92	39	102	81	34	78	38	5	90	98	68	73	85	68	62	39	66	46	72	29	54	77	80	0	76	
28	60	53	52	57	37	54	17	73	67	32	46	64	35	55	53	26	4	13	26	34	52	20	22	75	45	77	29	71	0	
M4
0	43	30	76	73	23	50	45	28	52	42	36	30	42	68	43	63	34	59	41	51	52	7	28	43	75	32	48	106	68	
25	0	68	50	69	93	12	43	13	45	39	6	26	5	68	13	90	11	56	91	48	54	81	66	73	49	47	11	63	59	
64	39	0	30	48	87	4	51	59	6	33	59	5	61	72	1	69	62	33	59	25	14	41	2	28	49	35	2	84	49	
26	65	11	0	22	91	17	30	83	33	60	59	32	88	97	28	7	57	8	67	4	41	30	29	55	28	55	29	4	22	
92	46	75	35	0	65	62	68	30	84	24	21	49	31	59	42	63	19	73	89	65	44	75	48	60	10	76	80	7	22	
39	19	85	8	22	0	20	85	35	23	74	42	26	74	7	48	33	56	3	37	62	23	29	43	65	86	54	74	84	37	
28	75	97	32	79	85	0	77	75	14	85	57	71	30	63	82	89	55	37	81	60	6	28	73	23	84	40	69	45	39	
53	65	30	56	29	81	50	0	60	12	46	18	31	11	67	20	47	32	33	52	54	15	19	48	28	78	38	48	83	34	
80	6	18	13	69	34	38	85	0	40	67	57	29	74	40	35	95	80	67	70	59	40	75	36	62	45	69	36	107	70	
86	16	93	31	27	38	14	27	16	0	32	75	61	58	98	60	102	73	9	80	1	72	46	86	36	25	61	10	60	44	
62	71	50	45	55	105	21	65	62	53	0	26	50	58	66	4	81	34	17	45	51	52	7	68	43	75	32	42	98	96	
75	64	96	60	71	29	9	70	82	87	37	0	55	89	92	85	97	39	53	97	45	57	12	22	48	36	37	34	84	67	
86	24	49	87	33	85	39	52	51	37	61	88	0	92	100	66	56	52	34	83	26	78	106	30	56	50	50	38	85	77	
93	71	84	4	28	97	5	28	8	26	84	55	37	0	22	11	82	62	10	45	2	43	35	61	63	26	45	35	34	13	
84	64	84	38	68	65	17	68	30	5	50	15	68	47	0	21	74	75	50	10	42	1	96	19	45	60	36	59	96	10	
73	50	75	10	57	92	44	57	27	63	68	72	16	29	71	0	46	78	39	77	31	68	72	52	78	55	3	7	86	69	
65	23	93	5	32	35	24	47	62	84	80	38	51	55	91	4	0	36	29	11	21	54	9	49	25	45	25	9	2	81	
46	82	55	64	32	107	6	29	3	77	9	74	76	19	59	48	76	0	14	78	6	3	60	70	67	30	67	67	65	73	
55	37	66	59	50	26	38	57	51	26	9	36	7	68	1	42	20	16	0	9	43	22	60	40	66	26	18	55	20	31	
48	74	41	56	54	49	38	22	60	36	26	77	62	43	76	55	2	17	36	0	28	60	55	59	14	52	8	59	53	32	
108	95	87	72	21	96	8	21	74	73	77	92	84	85	92	54	111	100	3	74	0	77	93	83	56	19	88	92	54	103	
30	53	102	66	58	101	45	58	24	55	21	13	52	35	79	50	81	94	5	17	32	0	67	9	35	55	84	63	89	56	
46	47	67	64	69	85	56	41	53	58	59	12	26	69	76	84	85	10	64	89	56	28	0	55	19	80	8	74	91	90	
45	56	95	37	29	84	16	29	82	75	11	44	80	93	50	59	72	88	11	55	3	28	61	0	6	27	86	34	62	27	
85	21	72	45	56	89	40	69	55	30	51	8	13	55	5	28	5	53	51	9	43	26	63	20	0	67	61	61	56	35	
50	77	24	70	53	114	44	91	11	46	14	65	45	50	72	41	51	63	40	76	65	14	36	42	6	0	52	42	24	48	
74	73	70	65	43	83	47	42	44	35	44	11	54	20	10	40	43	38	68	40	63	16	11	49	47	24	0	74	25	40	
2	46	7	26	55	59	27	66	41	29	56	12	12	74	48	24	78	72	56	52	48	4	45	25	51	12	58	0	80	59	
13	13	23	61	60	91	43	21	27	39	72	32	17	79	14	40	7	30	61	44	53	35	3	41	8	72	28	41	0	44	
53	69	72	31	78	94	46	67	59	34	19	38	35	16	9	28	32	36	67	4	59	30	9	48	45	5	34	9	73	0	
M5
0	1	54	41	34	44	16	24	12	68	6	65	19	39	38	45	36	61	76	40	1	44	67	77	70	15	43	34	33	42	
63	0	50	35	61	64	38	39	34	81	15	42	13	52	34	28	43	61	33	86	23	32	8	59	6	25	75	56	52	36	
3	67	0	2	39	56	66	78	66	59	29	46	53	30	61	36	61	1	90	59	84	63	9	73	73	22	81	18	56	51	
54	65	43	0	37	16	71	58	41	13	54	32	32	28	3	8	44	39	46	1	69	8	17	39	15	46	77	59	54	46	
80	47	28	23	0	45	37	27	32	39	4	29	1	10	22	32	31	55	58	12	62	42	38	50	34	75	63	38	36	13	
67	68	1	50	60	0	61	56	57	80	20	17	33	51	29	49	2	62	90	45	46	31	24	64	67	4	35	58	64	4	
63	74	42	54	18	15	0	45	63	66	35	58	32	41	53	38	8	73	86	37	52	55	13	29	9	3	37	61	67	44	
59	22	50	55	29	75	77	0	65	68	46	70	43	39	54	60	61	33	63	54	62	84	8	25	3	86	42	63	44	9	
68	77	69	75	76	87	101	95	0	62	78	7	90	67	4	64	76	78	84	42	96	47	80	70	76	82	121	98	64	67	
5	92	24	65	35	81	24	50	38	0	52	50	43	58	64	71	62	103	62	60	27	90	76	93	82	50	40	60	79	61	
62	43	38	23	30	12	40	12	32	50	0	25	1	21	22	7	6	32	50	55	50	1	34	34	27	42	63	39	43	24	
67	68	9	53	43	67	68	35	44	26	18	0	45	31	45	4	59	87	89	24	89	56	33	62	70	53	68	50	57	7	
77	47	19	4	81	72	21	8	13	52	69	72	0	30	3	13	12	66	39	58	43	68	58	71	68	74	44	59	56	5	
60	27	8	16	48	80	37	50	64	19	58	32	62	0	75	80	21	95	50	73	53	73	18	43	45	105	56	28	16	74	
77	25	65	26	76	79	40	48	36	37	57	102	43	72	0	69	51	44	11	83	25	78	65	77	3	109	80	58	49	66	
49	18	48	66	67	78	68	28	74	8	36	39	65	58	61	0	77	1	64	79	71	38	71	34	44	45	84	81	48	27	
22	23	44	41	52	17	16	24	12	36	14	35	19	39	40	36	0	83	76	77	1	52	4	68	78	44	56	34	65	17	
74	22	48	39	35	21	37	69	65	71	52	64	49	42	70	78	49	0	9	35	83	62	70	45	66	7	13	17	49	51	
50	63	54	23	54	77	37	61	6	67	35	92	51	61	58	64	21	51	0	43	38	73	68	16	76	100	93	67	87	13	
35	58	39	2	12	61	57	44	49	50	29	54	18	21	39	49	48	57	75	0	55	36	49	1	59	68	80	59	47	20	
59	81	53	38	49	52	13	21	9	69	54	87	16	45	37	42	33	95	73	74	0	70	68	75	95	82	53	31	71	39	
43	39	20	10	11	22	49	51	18	31	28	6	25	2	5	56	33	13	62	36	65	0	15	15	57	52	68	33	28	37	
42	73	62	28	70	35	69	75	57	82	67	30	56	53	39	74	63	40	38	59	54	51	0	8	24	65	88	77	79	23	
9	40	38	45	78	36	62	43	54	49	76	62	23	20	44	54	51	31	80	52	83	61	48	0	75	66	79	58	46	43	
19	51	32	24	72	76	41	28	33	43	40	56	2	14	23	33	32	9	53	78	63	67	7	35	0	91	59	22	40	20	
53	23	15	23	20	49	38	27	32	36	8	33	1	7	22	32	31	40	58	45	62	9	35	42	23	0	10	9	33	24	
30	76	55	23	88	30	75	22	17	85	76	71	36	56	10	15	27	32	23	80	71	77	61	11	82	19	0	47	82	26	
27	64	9	35	36	32	10	51	10	27	47	31	46	27	20	37	58	38	54	61	28	7	40	19	80	45	76	0	53	62	
50	47	28	25	25	18	42	16	34	13	42	17	3	10	24	34	33	28	60	26	64	41	38	16	51	29	65	31	0	2	
63	66	4	9	39	42	40	15	31	71	52	42	1	49	8	14	15	71	58	64	59	40	54	29	26	72	63	17	75	0	
M6
0	77	58	19	38	81	66	80	63	55	58	96	67	37	91	95	40	69	78	36	76	67	67	59	73	31	91	89	62	75	
32	0	13	41	58	50	19	86	51	41	65	63	37	45	16	26	53	1	70	40	34	55	6	17	61	9	78	43	71	30	
30	62	0	58	41	14	63	15	37	15	23	32	37	7	54	31	39	39	51	23	32	3	8	15	47	45	45	5	32	49	
81	91	94	0	35	5	29	7	86	53	74	67	59	89	83	60	88	69	46	68	57	54	83	66	73	46	92	20	93	52	
19	70	9	2	0	22	69	73	25	15	39	32	33	32	61	54	2	28	46	43	21	26	41	4	35	55	61	73	78	37	
30	44	91	52	72	0	78	86	49	18	29	61	55	43	72	81	33	38	52	54	19	53	42	15	59	79	30	78	59	61	
27	47	54	25	30	28	0	50	2	25	16	21	10	20	40	34	4	8	4	26	29	6	18	12	12	19	38	50	55	14	
36	60	57	44	41	34	30	0	32	35	29	38	40	49	61	2	34	11	81	29	38	9	48	21	35	6	62	35	67	33	
29	44	51	22	27	28	54	47	0	22	13	32	7	17	37	31	1	5	58	23	27	3	15	15	9	29	35	47	52	11	
34	25	53	27	9	33	32	52	4	0	18	37	12	22	28	36	6	10	31	28	32	8	20	20	14	15	40	52	30	16	
24	14	18	25	30	14	12	50	2	9	0	19	10	20	38	34	4	8	61	26	30	6	18	18	12	32	38	50	50	14	
32	12	53	60	2	30	61	51	51	22	18	0	14	44	22	19	43	41	32	25	34	5	56	17	43	36	55	73	91	63	
6	9	52	65	65	46	19	45	50	7	56	62	0	2	52	67	1	40	23	47	33	54	53	16	1	26	13	31	90	60	
53	17	62	91	69	6	66	5	68	3	16	80	19	0	60	58	31	16	38	85	5	65	61	52	48	29	37	14	109	80	
37	36	74	56	73	81	87	93	56	79	57	51	47	50	0	36	27	46	55	61	39	60	35	22	47	68	88	72	67	68	
48	17	68	42	56	25	28	30	74	42	30	11	38	68	17	0	67	14	50	47	43	46	22	58	67	49	79	59	72	31	
5	29	62	52	64	34	1	14	58	52	43	22	66	33	78	19	0	64	60	46	35	62	43	68	42	71	93	73	109	70	
29	57	79	45	26	64	35	89	61	1	52	12	20	46	37	78	6	0	33	34	68	65	24	57	19	52	26	45	75	34	
43	59	64	37	46	30	69	63	62	42	36	45	22	52	84	25	51	52	0	36	4	16	67	28	51	58	56	7	77	74	
21	24	62	19	1	32	23	45	10	33	24	43	18	28	38	42	12	16	68	0	23	14	14	6	20	40	46	39	63	22	
14	106	62	88	83	36	21	120	78	72	29	78	77	92	98	61	77	19	65	65	0	82	52	64	88	56	41	87	42	90	
23	57	44	51	34	21	56	78	42	22	16	25	50	36	65	24	44	32	70	16	25	0	47	8	52	38	78	72	82	54	
40	83	26	53	63	17	73	96	59	53	51	60	49	53	17	59	61	49	35	51	42	31	0	25	61	60	80	8	83	42	
5	69	67	47	47	53	55	61	24	47	38	36	32	18	47	56	26	14	52	29	7	28	40	0	34	54	60	70	64	36	
12	30	81	2	57	46	21	45	78	43	56	81	18	2	46	28	41	56	36	71	45	82	63	62	0	42	59	54	29	55	
18	74	80	51	66	1	67	18	38	61	52	71	37	56	48	70	40	44	58	62	66	42	54	54	48	0	74	29	65	50	
43	58	65	27	41	42	23	61	13	36	27	46	21	31	51	45	15	19	71	37	11	17	29	29	23	11	0	61	29	25	
26	81	73	68	10	59	76	82	45	60	54	44	46	39	63	22	47	35	1	42	28	34	18	11	55	75	27	0	85	57	
38	61	60	67	3	37	12	49	57	38	32	41	56	6	31	34	59	47	6	32	40	12	63	23	67	8	62	58	0	69	
40	40	78	10	33	53	53	65	42	10	56	47	6	36	70	74	35	48	57	15	33	46	46	38	35	17	47	35	40	0	
M7
0	39	59	5	18	65	46	36	58	40	60	5	18	49	43	17	21	28	57	64	19	76	23	73	64	58	12	7	68	80	
50	0	55	58	22	33	28	29	29	22	59	30	34	27	25	10	36	10	8	32	24	49	51	26	46	40	57	71	21	61	
45	41	0	15	35	72	64	43	50	36	73	6	79	63	46	24	59	53	56	61	51	70	72	3	67	66	36	6	42	81	
78	48	96	0	8	8	55	14	79	47	51	57	101	66	53	81	49	37	70	73	65	78	79	71	74	67	97	62	71	92	
52	15	62	31	0	72	67	53	57	61	37	69	73	66	53	49	22	49	47	39	63	17	73	10	47	32	49	98	49	45	
19	50	56	49	56	0	60	37	50	53	40	74	67	22	4	18	4	54	52	33	46	10	30	35	25	76	34	15	71	30	
29	73	64	46	74	27	0	101	63	28	65	82	82	60	17	96	76	62	88	65	59	50	43	94	38	50	32	73	91	67	
34	40	79	57	15	59	10	0	28	40	72	15	61	18	24	74	37	74	19	83	66	35	50	25	34	82	64	60	20	60	
33	45	52	49	32	59	25	53	0	43	57	3	7	53	29	60	40	44	64	29	12	29	19	10	13	32	54	75	25	78	
57	66	45	75	50	75	26	85	17	0	80	46	49	67	32	75	79	55	41	49	55	65	33	53	4	70	53	41	68	49	
44	18	8	52	19	69	25	38	14	19	0	25	47	22	19	51	32	7	15	43	37	43	45	20	40	37	7	35	15	32	
65	25	16	1	61	61	26	37	58	61	17	0	30	50	44	18	1	51	13	52	25	77	30	23	65	81	46	35	50	4	
44	21	25	9	22	63	28	38	54	22	12	10	0	72	30	33	36	10	53	2	40	63	40	71	47	19	27	61	66	38	
36	62	62	55	59	28	64	46	50	51	81	40	9	0	46	70	49	84	5	39	28	19	46	3	45	43	25	92	42	49	
5	66	35	70	67	30	36	78	26	67	28	55	45	40	0	75	61	55	51	44	22	13	6	57	1	74	69	36	54	30	
40	60	70	85	60	37	55	8	61	56	38	50	66	28	15	0	51	49	64	71	57	48	39	66	36	79	62	71	65	65	
47	14	54	64	15	42	21	25	34	13	7	23	18	45	22	6	0	3	1	39	33	55	48	64	40	33	53	78	59	72	
38	4	52	54	5	60	11	56	57	5	61	13	57	55	13	37	19	0	36	29	23	46	39	54	30	23	54	69	49	63	
50	16	15	53	17	70	23	41	49	14	21	25	38	37	25	22	31	5	0	41	35	58	14	63	7	35	66	31	61	57	
31	73	12	71	36	68	72	25	62	86	69	77	66	59	46	20	82	79	72	0	42	63	27	82	49	75	14	48	82	96	
46	79	28	92	75	78	34	49	17	84	79	46	50	69	56	30	67	85	7	72	0	72	62	53	56	44	12	98	65	34	
44	40	25	61	11	39	79	32	70	39	62	24	66	28	39	13	75	73	69	2	55	0	40	61	5	86	22	61	85	33	
39	71	67	74	67	69	60	72	9	72	83	38	13	8	64	75	29	60	19	44	47	63	0	29	20	42	38	99	60	63	
11	28	50	45	25	62	30	12	16	28	60	45	49	67	12	58	25	62	38	27	54	36	38	0	33	34	44	58	8	62	
44	61	47	49	58	82	63	35	48	61	93	24	57	18	45	56	58	80	59	25	78	27	18	2	0	67	50	33	41	90	
47	13	31	54	14	61	20	40	66	14	70	22	66	60	22	21	28	2	45	38	32	49	48	34	39	0	63	78	58	34	
68	22	79	56	62	67	48	64	51	53	66	70	22	19	69	56	29	50	54	78	61	74	27	26	73	9	0	94	65	68	
36	5	25	4	13	62	35	42	47	8	85	37	63	56	37	39	43	17	20	34	18	48	43	44	54	47	59	0	39	87	
27	18	57	35	15	52	48	29	6	18	50	35	39	62	2	52	15	52	50	61	44	26	28	3	23	64	78	48	0	52	
63	53	50	83	61	76	66	47	44	61	3	16	62	57	38	28	56	49	23	85	70	14	23	51	59	57	3	77	46	0	
