30  6  1
6
	0	94	1	99	2	97	3	81	4	70	5	65
	0	44	1	19	2	37	3	23	4	93	5	76
	0	29	1	25	2	11	3	21	4	17	5	12
	0	24	1	61	2	8	3	36	4	18	5	27
	0	3	1	43	2	45	3	56	4	76	5	14
	0	18	1	49	2	97	3	84	4	20	5	80
	0	19	1	3	2	63	3	71	4	88	5	85
	0	72	1	59	2	46	3	72	4	76	5	36
	0	47	1	23	2	32	3	24	4	10	5	66
	0	16	1	22	2	46	3	13	4	59	5	29
	0	77	1	10	2	9	3	39	4	8	5	62
	0	43	1	66	2	16	3	77	4	71	5	22
	0	92	1	92	2	91	3	91	4	22	5	6
	0	6	1	36	2	10	3	8	4	93	5	57
	0	74	1	81	2	93	3	82	4	69	5	31
	0	69	1	48	2	18	3	59	4	41	5	16
	0	50	1	82	2	97	3	24	4	87	5	63
	0	40	1	69	2	17	3	24	4	25	5	72
	0	51	1	26	2	85	3	75	4	55	5	62
	0	61	1	61	2	95	3	90	4	80	5	5
	0	43	1	95	2	46	3	2	4	32	5	68
	0	32	1	9	2	54	3	30	4	6	5	21
	0	44	1	53	2	12	3	59	4	89	5	45
	0	90	1	31	2	58	3	94	4	14	5	7
	0	43	1	15	2	83	3	13	4	51	5	16
	0	82	1	40	2	99	3	90	4	6	5	6
	0	86	1	6	2	22	3	47	4	57	5	33
	0	92	1	96	2	79	3	52	4	1	5	91
	0	91	1	10	2	50	3	20	4	100	5	39
	0	19	1	87	2	38	3	38	4	2	5	69
SSD
M0
0	1	39	9	42	11	29	5	2	39	4	34	11	2	10	19	13	17	16	43	8	30	32	7	11	33	25	21	36	8	
21	0	29	30	43	39	41	46	30	30	31	31	22	35	25	43	25	5	26	16	37	32	13	18	4	21	18	21	42	42	
25	12	0	16	39	40	28	18	17	20	33	8	18	9	17	22	20	24	23	27	15	23	29	17	30	19	3	32	31	7	
7	5	31	0	13	1	30	16	5	23	28	19	12	31	24	5	35	38	39	46	18	5	40	1	23	30	38	12	9	15	
32	21	35	1	0	15	25	35	24	7	17	30	27	18	26	30	29	25	31	32	2	30	24	7	37	14	25	33	31	4	
17	16	33	11	37	0	32	43	33	20	10	40	13	23	27	34	27	38	24	44	39	15	37	16	4	28	19	5	29	17	
41	30	8	10	6	11	0	44	18	16	26	37	14	5	6	6	16	5	19	32	11	5	33	16	10	23	32	28	23	13	
19	35	26	27	40	38	27	0	30	30	2	30	29	20	22	11	5	14	34	36	17	8	3	11	16	22	41	17	46	16	
32	18	49	5	32	23	38	30	0	23	44	28	41	43	29	2	7	41	21	3	37	34	7	17	24	1	25	26	33	26	
28	39	32	11	34	28	22	25	17	0	5	18	13	4	12	21	15	2	18	49	32	32	1	36	29	12	6	10	29	1	
37	10	34	33	34	7	9	28	8	28	0	22	5	33	7	23	30	18	14	38	23	4	9	38	29	14	31	14	32	31	
25	31	24	14	10	3	13	29	8	20	30	0	18	13	21	27	13	28	2	2	10	10	28	8	25	9	9	26	15	5	
27	19	40	19	42	41	45	18	39	45	13	16	0	26	30	2	11	28	10	21	41	10	6	27	32	39	20	42	34	24	
32	30	47	1	38	25	27	40	7	31	41	44	3	0	2	11	5	9	8	48	22	22	38	26	34	36	30	17	34	16	
29	35	27	13	26	1	17	40	27	24	29	29	26	17	0	34	2	20	31	41	8	34	2	35	23	43	29	24	43	20	
25	24	45	15	25	25	35	34	1	15	23	36	17	8	16	0	14	5	8	1	17	36	16	35	47	42	12	31	11	14	
24	37	29	23	19	6	34	29	32	29	26	36	28	19	27	29	0	34	21	7	24	36	7	11	19	24	7	29	11	16	
40	14	24	17	30	25	29	28	35	18	39	27	14	27	1	28	26	0	18	27	27	45	4	40	30	20	40	31	28	35	
3	23	38	13	23	31	29	46	13	25	35	19	4	6	14	4	17	21	0	38	12	6	42	7	36	38	39	24	34	28	
33	6	34	2	12	20	23	6	16	3	13	32	12	3	11	20	14	18	6	0	17	25	20	13	33	6	4	26	30	3	
32	28	23	8	4	7	32	8	2	10	24	13	22	18	6	26	20	12	12	38	0	11	27	14	21	21	32	26	7	11	
8	32	20	13	16	15	7	31	19	8	29	32	15	6	14	10	3	21	20	9	13	0	25	26	36	10	1	14	39	10	
9	41	4	36	36	7	33	43	32	38	18	34	19	42	12	43	46	45	34	19	39	11	0	17	3	46	17	27	4	12	
37	2	27	6	43	16	30	15	4	16	37	24	16	7	15	22	18	22	7	11	35	2	22	0	23	22	22	30	38	28	
24	39	40	18	41	5	35	35	10	24	29	29	36	41	26	44	9	7	20	34	41	38	6	28	0	12	28	11	12	30	
19	9	38	21	17	32	20	30	27	16	19	17	11	22	26	1	33	4	9	2	22	27	33	13	41	0	34	27	6	7	
1	39	29	28	33	5	28	19	34	1	22	35	13	21	13	28	25	13	7	42	32	12	18	28	15	29	0	26	45	18	
22	15	33	26	22	31	6	10	26	32	9	36	8	20	28	31	31	11	20	4	27	30	7	8	8	39	35	0	17	29	
2	29	42	16	12	5	15	8	30	22	10	27	36	33	40	39	37	2	6	33	17	37	7	9	27	25	40	13	0	19	
12	28	12	15	27	29	2	12	1	14	35	48	16	25	27	27	23	26	39	35	32	22	31	33	31	20	35	18	37	0	
M1
0	2	7	39	35	1	34	42	17	38	33	21	26	18	17	36	21	24	27	34	31	34	24	9	42	40	24	28	36	16	
18	0	28	24	27	32	13	28	31	21	13	12	16	5	16	36	1	10	27	19	10	26	19	15	26	19	3	7	21	36	
31	14	0	34	3	7	26	14	44	33	40	28	37	26	16	4	19	32	17	25	1	25	24	42	27	19	35	21	4	18	
7	10	18	0	22	31	8	16	2	4	22	19	31	34	26	29	8	14	27	28	21	22	35	24	22	14	14	4	16	4	
28	10	10	32	0	8	23	23	2	22	21	18	30	34	29	24	29	29	21	8	27	7	33	24	39	14	20	32	27	6	
1	28	9	9	37	0	36	24	11	15	18	14	2	33	25	17	8	31	17	35	23	3	22	20	35	26	16	36	23	23	
2	28	40	8	19	20	0	12	15	10	25	15	33	26	22	36	20	3	18	19	27	19	43	13	17	3	32	19	5	33	
6	25	44	6	21	24	1	0	19	14	29	19	37	21	10	7	12	7	20	23	29	23	19	17	21	7	22	22	7	19	
23	1	7	23	31	25	33	42	0	25	24	32	6	25	24	15	4	30	2	28	8	22	10	35	31	31	14	27	17	37	
11	19	9	28	16	29	27	10	28	0	11	16	29	26	4	32	17	26	15	10	14	24	32	3	25	21	7	19	2	39	
13	15	5	19	24	31	8	10	26	11	0	14	12	5	16	20	25	14	17	27	10	3	28	24	20	14	3	28	11	36	
8	32	31	7	41	28	19	18	37	32	30	0	28	32	33	6	20	25	18	36	27	41	20	7	30	25	20	18	27	42	
8	11	28	11	16	17	3	18	21	16	13	21	0	21	13	28	22	9	14	25	1	11	12	19	23	9	3	11	7	24	
12	38	16	15	25	30	7	15	25	2	34	17	1	0	28	29	30	13	6	17	24	19	21	15	27	13	26	5	15	29	
33	36	22	43	1	21	40	35	17	16	33	37	12	27	0	43	35	11	25	8	20	32	4	17	26	32	24	33	40	38	
9	5	42	36	29	31	25	33	16	15	32	9	1	29	35	0	3	31	19	30	8	26	30	19	2	31	22	18	15	25	
6	13	1	37	21	20	27	36	4	21	16	13	2	31	20	18	0	28	20	15	14	29	32	13	30	21	7	24	7	8	
3	4	11	21	22	33	10	10	6	8	28	28	5	2	31	40	24	0	31	21	13	25	4	18	30	16	18	30	18	39	
11	27	17	15	12	19	6	21	24	19	2	18	23	17	28	32	27	9	0	28	14	15	6	22	6	12	15	28	12	16	
19	29	10	25	14	21	14	29	31	13	27	11	35	26	19	36	26	2	17	0	36	19	32	25	16	15	32	28	11	20	
26	23	6	19	5	37	21	9	9	34	21	22	14	36	24	35	12	23	12	6	0	25	33	15	8	27	11	28	29	15	
29	16	19	24	25	41	24	12	27	27	6	2	28	21	13	8	13	25	5	40	11	0	17	23	23	14	4	24	11	33	
28	15	2	15	30	31	23	26	20	11	13	3	35	28	16	17	31	19	12	21	10	26	0	26	2	20	3	6	23	21	
25	3	30	19	11	17	26	14	28	28	34	26	31	11	22	34	23	8	26	7	31	19	40	0	32	32	24	8	34	37	
29	13	25	22	30	14	31	16	3	40	21	20	32	31	24	26	30	19	2	45	16	9	34	9	0	32	11	9	23	44	
29	30	33	46	24	17	35	37	25	36	18	20	40	27	8	37	37	18	19	31	17	31	22	13	27	0	31	39	22	37	
19	6	19	25	36	37	14	24	32	25	4	26	26	19	7	34	26	15	31	36	1	17	19	28	23	20	0	32	22	27	
4	13	26	32	24	5	21	31	34	27	11	21	29	26	10	7	32	21	28	38	8	24	18	27	16	27	1	0	17	18	
36	13	46	20	4	41	31	38	31	26	31	14	36	31	37	33	5	37	3	19	31	37	29	31	13	37	24	7	0	30	
22	13	26	11	36	17	21	31	39	16	11	17	33	26	14	35	12	14	6	23	8	20	26	30	25	27	1	35	22	0	
M2
0	15	27	15	20	30	12	11	13	13	1	15	3	25	12	15	33	12	2	16	17	15	1	19	29	27	33	6	20	9	
23	0	37	12	23	13	35	8	46	1	24	34	30	14	15	30	13	3	6	9	26	7	21	2	26	21	45	26	21	23	
19	24	0	19	9	38	23	4	10	8	37	10	29	11	22	9	32	18	36	25	7	30	37	17	11	36	37	28	13	40	
31	15	25	0	42	27	25	21	27	15	14	26	10	2	18	18	15	19	17	15	15	27	31	42	6	35	25	32	1	13	
37	18	28	2	0	5	17	22	9	1	22	27	20	5	27	13	25	14	27	18	18	18	18	37	16	32	17	42	11	19	
9	37	2	22	5	0	3	12	9	21	23	23	40	24	17	22	28	31	38	35	20	17	34	1	24	40	14	33	26	13	
16	5	18	20	31	30	0	13	28	13	6	18	12	30	5	8	19	36	32	41	22	2	28	30	34	16	5	26	26	12	
30	21	31	3	4	35	23	0	36	12	25	19	8	8	21	24	23	17	28	5	21	20	6	32	17	2	36	11	12	6	
29	14	18	8	34	23	41	31	0	22	30	8	26	12	9	3	15	12	10	20	25	28	41	18	13	30	17	3	17	4	
14	2	27	13	35	35	30	7	19	0	35	22	30	15	12	27	5	15	36	3	28	9	33	41	27	14	9	5	3	7	
14	5	25	5	33	20	2	23	13	24	0	26	23	15	31	5	23	27	26	28	7	33	21	38	19	45	38	11	14	26	
21	26	30	10	15	37	43	33	9	24	32	0	28	20	36	10	31	36	30	24	25	11	29	11	24	45	11	42	12	31	
28	18	38	30	34	4	40	14	35	47	29	45	0	29	15	42	1	5	28	19	21	31	33	21	34	23	9	36	27	15	
32	3	13	20	30	17	39	9	34	27	37	21	38	0	33	6	43	42	26	4	3	15	22	30	7	23	31	40	29	39	
4	22	30	27	19	36	32	28	29	36	32	20	3	9	0	15	48	40	43	23	2	13	20	28	10	42	44	2	30	17	
8	3	2	5	22	17	30	17	23	21	27	23	23	15	21	0	22	31	19	15	20	36	25	22	19	41	38	38	14	26	
36	25	35	6	28	33	2	20	13	7	28	40	24	12	2	28	0	33	17	26	25	29	31	30	20	37	7	43	15	20	
6	8	21	18	24	4	24	36	35	39	13	36	10	28	38	27	12	0	30	40	6	9	23	24	32	1	31	31	15	39	
35	21	8	26	3	35	8	23	18	9	12	29	10	8	32	24	44	37	0	22	21	33	40	3	15	41	41	7	31	26	
20	15	17	16	24	16	35	21	13	20	24	33	34	2	29	18	11	25	38	0	13	9	24	42	19	34	30	26	25	37	
21	36	35	35	33	5	38	19	19	29	37	49	23	44	2	15	14	37	27	5	0	20	31	18	45	11	7	28	23	37	
1	10	3	33	23	19	34	12	24	22	36	12	1	25	32	23	42	20	35	34	4	0	17	31	25	38	22	1	20	6	
16	32	14	15	31	41	5	29	18	4	18	11	33	25	3	20	20	37	40	5	32	2	0	19	22	14	20	25	15	5	
35	32	11	34	4	39	19	21	32	20	37	11	45	33	9	21	39	18	36	2	11	20	7	0	33	1	26	44	26	24	
32	15	19	5	39	22	21	21	19	28	10	33	18	2	11	6	5	30	16	16	15	27	30	6	0	35	35	26	8	26	
39	29	25	6	34	37	26	19	25	26	28	40	24	16	15	23	27	16	31	29	26	31	35	8	10	0	11	9	15	3	
30	28	28	15	4	4	19	13	12	17	32	25	32	15	17	31	34	30	5	19	11	16	2	33	29	28	0	15	24	8	
12	28	27	28	36	2	18	11	5	17	15	10	33	38	16	29	33	6	10	18	15	15	1	13	30	18	18	0	28	18	
15	27	37	4	14	31	29	33	17	18	18	36	22	14	25	30	27	31	24	11	27	7	13	39	18	35	27	38	0	25	
25	16	1	14	21	8	13	16	9	20	2	14	14	7	6	16	28	22	20	21	18	4	32	29	23	11	14	7	7	0	
M3
0	28	36	39	29	19	45	37	31	40	21	28	5	6	12	20	32	39	8	41	23	36	22	18	19	15	13	5	31	36	
36	0	43	48	31	36	16	26	15	48	25	6	42	31	17	26	15	32	2	23	45	37	28	7	41	27	25	16	41	11	
11	15	0	4	35	29	5	5	14	4	34	34	4	24	15	42	2	10	16	27	7	16	30	26	12	13	7	7	22	19	
23	5	15	0	2	26	25	7	11	26	6	10	8	21	31	16	38	33	5	24	20	20	17	16	13	19	2	21	2	39	
22	8	40	16	0	18	7	31	33	9	40	4	19	16	32	7	34	39	5	26	10	16	23	17	4	4	26	18	13	24	
26	22	41	29	25	0	19	31	33	20	9	14	10	2	6	30	41	35	9	4	28	3	12	14	22	10	12	26	5	7	
10	9	12	36	33	5	0	24	16	36	35	14	30	25	13	34	22	8	25	4	20	38	24	19	5	8	29	19	16	20	
16	35	41	16	31	26	14	0	23	41	40	6	4	13	33	33	15	39	33	31	41	7	17	25	38	17	20	22	8	49	
3	11	33	24	10	19	17	13	0	26	45	8	3	32	19	13	32	25	28	29	40	7	45	31	40	8	42	24	46	41	
19	16	42	19	30	20	1	38	11	0	18	17	26	7	30	34	17	22	21	23	16	22	16	15	1	16	17	6	16	2	
27	16	32	42	5	32	13	9	10	10	0	29	29	19	14	6	40	22	24	35	29	41	27	9	14	4	29	10	29	25	
24	31	35	45	47	5	45	14	17	32	11	0	4	32	36	22	8	20	38	26	29	9	5	30	22	41	18	36	24	17	
27	5	33	11	30	31	19	17	40	24	39	3	0	32	28	29	22	20	15	17	6	26	4	29	15	12	32	27	7	34	
38	14	41	41	15	5	31	38	49	46	32	29	11	0	23	25	31	25	34	40	25	22	16	4	24	1	2	16	17	29	
20	24	41	7	12	15	18	34	19	4	4	1	19	2	0	25	34	33	37	4	32	32	6	3	17	11	12	22	14	18	
31	2	33	41	15	21	25	14	40	18	9	31	6	8	23	0	5	29	27	30	30	38	32	20	22	2	18	17	33	31	
30	21	4	22	23	27	30	19	16	29	15	22	29	21	4	24	0	15	16	40	12	20	28	33	37	29	2	20	17	10	
12	5	7	32	21	6	18	9	28	4	11	3	26	20	28	8	30	0	21	23	16	6	20	15	1	20	25	6	16	6	
28	2	26	30	19	30	17	38	1	3	10	31	28	23	18	11	32	11	0	33	32	10	26	31	17	32	2	11	32	18	
6	27	16	5	25	37	20	6	17	6	32	36	34	26	34	30	18	41	9	0	12	36	35	3	20	16	1	10	13	21	
48	15	38	14	26	37	36	26	32	44	36	38	20	24	20	48	22	27	7	40	0	35	21	23	40	26	24	19	28	41	
6	22	40	23	35	3	28	24	29	14	12	44	29	23	23	28	21	36	12	49	7	0	29	18	28	32	33	28	37	27	
11	20	39	12	1	13	8	8	21	30	17	35	19	12	7	6	18	8	3	1	3	10	0	21	11	20	22	18	22	12	
28	4	26	29	8	27	32	18	7	38	10	14	31	14	44	36	21	47	15	17	33	1	20	0	22	17	3	27	19	9	
5	2	36	18	25	20	26	30	33	45	23	31	12	7	16	27	26	31	7	9	2	23	6	1	0	15	11	1	2	29	
10	32	36	31	31	33	1	9	7	46	9	29	16	41	44	39	18	28	45	45	44	23	10	36	29	0	13	16	22	28	
18	28	10	23	32	35	36	7	38	23	24	7	27	22	9	18	29	38	3	30	20	43	5	10	33	31	0	30	17	6	
32	24	7	23	2	29	15	7	8	1	27	31	1	21	29	43	30	36	13	21	7	10	30	24	14	30	1	0	29	16	
1	10	42	4	3	4	26	26	39	23	12	9	15	42	20	5	29	11	16	3	23	35	31	38	36	10	42	29	0	35	
30	30	3	19	21	31	26	9	4	20	42	19	8	18	27	14	3	32	22	31	13	3	36	30	34	3	13	31	15	0	
M4
0	26	19	18	11	8	9	1	23	16	15	19	18	6	9	17	19	15	9	29	10	22	28	3	24	7	33	29	16	5	
8	0	18	26	8	32	32	7	37	12	9	20	24	34	20	28	8	29	8	38	6	36	22	13	22	6	27	23	15	32	
7	15	0	20	25	27	11	23	2	11	17	20	4	6	19	13	29	8	6	25	14	35	13	12	26	15	17	44	24	7	
11	23	13	0	27	21	26	9	29	32	18	15	20	5	7	10	1	6	15	23	18	29	43	3	18	1	19	33	10	22	
4	6	31	34	0	4	30	20	38	4	31	35	37	24	19	21	38	28	24	25	16	25	13	16	15	29	21	25	23	26	
14	12	17	15	7	0	6	8	17	26	11	22	21	11	10	14	14	28	6	1	13	9	8	17	14	12	5	1	8	2	
34	16	22	22	30	17	0	15	22	35	19	26	36	11	4	23	3	39	13	32	26	35	9	38	28	27	28	24	36	9	
3	4	5	17	28	24	21	0	22	13	12	9	11	16	29	6	6	7	28	5	34	28	13	32	18	32	8	34	8	29	
16	3	15	12	13	30	3	11	0	40	26	14	33	35	7	1	17	18	38	13	2	34	7	25	36	3	19	32	12	39	
25	33	1	31	16	8	29	11	20	0	24	18	22	21	35	23	17	26	24	11	26	37	24	30	26	21	14	10	18	25	
35	3	34	23	25	28	18	26	38	39	0	3	40	30	10	11	42	12	27	38	26	29	23	27	5	22	13	19	28	45	
28	19	25	4	17	19	19	18	6	7	29	0	1	19	23	3	10	28	3	27	18	17	23	25	24	19	15	11	25	34	
24	17	8	4	14	28	12	19	7	27	6	12	0	27	22	18	23	26	15	30	19	34	24	25	15	11	9	25	2	11	
19	39	32	19	12	19	26	7	39	4	28	18	32	0	8	20	26	20	26	27	24	47	27	33	41	31	12	32	40	22	
37	11	42	40	30	33	2	30	30	27	32	30	28	25	0	13	8	20	27	28	8	32	21	17	26	34	2	24	25	36	
28	1	20	18	26	29	9	10	14	25	10	9	31	35	5	0	37	30	6	37	22	19	25	18	23	27	11	37	36	5	
2	20	27	16	21	19	4	15	17	41	9	20	16	38	25	15	0	29	31	34	23	14	34	8	20	30	30	27	39	27	
17	35	11	7	29	37	9	17	30	39	30	40	32	30	29	30	26	0	9	18	16	27	17	15	9	26	43	43	3	25	
3	12	25	23	23	2	14	1	28	18	1	12	27	25	4	5	36	21	0	23	27	29	9	35	14	28	21	17	16	10	
38	30	23	24	22	22	19	11	21	19	25	36	10	35	11	15	22	29	19	0	32	7	38	18	14	34	2	24	2	15	
16	4	24	37	12	15	36	6	25	31	35	28	26	17	10	19	40	14	19	36	0	36	20	35	2	17	2	6	17	32	
38	17	36	32	29	27	28	22	19	38	20	31	6	34	22	11	22	16	28	39	20	0	36	5	1	27	20	42	23	24	
17	3	10	24	7	11	22	6	20	31	1	9	30	13	18	19	11	2	22	22	5	30	0	8	14	4	10	6	13	18	
21	12	19	18	10	8	9	3	23	19	1	12	32	32	3	11	15	21	9	29	1	37	27	0	14	8	22	28	17	5	
23	27	34	33	11	2	24	5	18	31	16	27	10	10	7	2	30	36	24	23	16	22	20	1	0	23	1	23	30	20	
7	16	6	14	32	35	28	2	25	34	17	28	27	29	8	36	33	29	29	47	13	25	36	16	28	0	24	26	3	30	
17	25	12	9	22	10	32	2	31	21	37	42	33	32	17	37	3	30	35	31	33	23	14	30	14	14	0	31	22	32	
16	31	17	30	5	8	29	6	18	24	33	26	23	10	24	12	35	42	19	29	29	32	13	28	15	10	3	0	19	25	
24	9	21	19	13	16	10	9	15	32	12	18	25	13	24	15	36	32	10	17	12	21	16	7	23	15	11	7	0	6	
37	19	13	11	37	22	2	17	16	24	8	19	25	33	26	14	30	28	2	39	15	34	21	27	17	29	28	35	38	0	
M5
0	25	33	13	10	12	13	22	1	17	10	27	1	5	24	22	32	7	31	9	13	22	16	28	28	19	8	17	8	29	
34	0	36	16	16	17	19	2	1	19	2	33	7	23	17	7	1	27	26	13	19	26	23	27	32	14	14	29	29	35	
26	21	0	14	11	15	8	29	17	11	22	6	21	16	30	9	10	21	19	21	1	32	20	12	4	7	5	21	30	14	
39	4	39	0	13	34	25	31	38	21	29	26	27	30	13	36	1	7	15	13	39	12	21	10	32	23	9	22	4	18	
15	22	28	8	0	7	28	4	45	5	24	29	25	29	35	22	36	30	22	34	37	29	15	13	31	37	31	5	29	21	
42	39	6	32	26	0	26	30	33	10	24	24	24	18	9	11	24	23	1	27	1	3	17	30	22	9	23	14	5	32	
23	16	30	35	21	24	0	29	2	7	17	19	18	23	25	27	18	28	20	4	19	17	6	3	23	14	24	2	2	11	
24	18	21	14	14	19	7	0	31	20	16	34	16	10	23	14	2	15	4	12	28	25	3	40	1	1	18	19	23	24	
25	14	10	10	25	25	10	42	0	24	22	1	22	16	23	20	12	3	11	23	23	5	7	1	26	7	27	13	30	9	
39	29	5	31	25	27	1	23	34	0	25	23	16	7	20	15	27	1	30	25	18	38	14	29	12	24	22	35	38	4	
7	19	10	25	3	24	25	21	3	9	0	8	25	10	22	2	17	22	14	23	23	26	32	14	24	20	15	22	17	22	
2	3	35	47	26	25	6	26	6	1	26	0	29	27	2	6	40	14	5	19	26	19	3	29	20	24	36	13	7	6	
31	18	26	25	3	5	6	15	28	11	3	20	0	22	38	23	26	27	25	3	6	16	26	21	22	13	1	19	16	22	
9	26	27	27	20	22	23	20	42	28	20	37	11	0	4	17	10	22	20	20	18	23	29	23	16	28	18	23	19	31	
6	26	45	18	20	15	13	25	13	39	27	32	45	34	0	22	8	31	18	33	26	28	13	16	29	30	9	28	24	24	
31	26	13	25	11	18	10	28	37	24	16	31	7	11	27	0	18	4	14	16	14	29	15	15	9	2	14	20	16	23	
27	24	47	9	32	13	26	24	29	16	7	27	26	22	33	21	0	27	25	33	34	36	26	11	44	13	15	23	36	4	
30	19	2	22	1	22	22	19	8	20	12	18	19	19	19	5	22	0	22	19	15	14	23	13	2	10	10	20	33	16	
9	27	30	31	12	14	15	24	17	16	2	29	3	15	12	21	35	22	0	12	15	22	21	30	31	8	10	26	25	25	
23	25	21	28	18	20	21	20	20	3	18	23	9	14	30	18	18	19	17	0	21	8	18	36	14	5	16	11	28	28	
29	32	5	31	25	27	25	19	15	10	7	22	16	21	16	25	25	26	13	2	0	15	7	29	21	12	22	10	8	31	
21	40	16	26	19	22	35	37	24	8	34	21	31	29	11	19	38	2	36	17	11	0	40	39	32	27	33	6	21	41	
34	18	9	24	20	1	20	12	29	23	20	21	11	8	17	30	20	15	1	15	22	26	0	5	9	18	2	17	14	13	
22	6	41	32	17	18	8	34	25	23	24	9	27	28	15	19	37	27	10	15	34	20	31	0	33	25	24	5	38	1	
18	1	20	23	10	12	8	22	14	9	10	19	1	20	22	24	4	6	23	1	13	14	5	28	0	11	1	17	23	19	
45	24	36	17	18	12	15	30	43	26	9	35	9	3	19	7	26	8	6	18	21	31	7	36	25	0	16	12	17	17	
26	27	22	7	9	21	22	27	20	25	7	2	10	13	12	30	35	19	18	19	22	26	27	36	29	29	0	28	9	30	
17	13	16	35	15	17	18	1	26	22	3	14	6	12	14	6	38	5	21	15	18	28	23	4	31	17	13	0	28	12	
25	16	41	28	18	19	21	30	2	18	18	1	9	18	25	29	16	37	28	18	17	27	26	25	27	28	16	11	0	29	
19	34	18	41	38	37	38	6	36	10	19	16	34	27	40	26	24	25	31	34	31	20	27	38	24	19	4	23	23	0	
