30  6  1
6
	0	15	1	29	2	99	3	33	4	97	5	53
	0	33	1	77	2	13	3	34	4	23	5	39
	0	28	1	48	2	55	3	7	4	29	5	55
	0	61	1	25	2	74	3	86	4	90	5	39
	0	48	1	42	2	59	3	3	4	48	5	22
	0	14	1	63	2	49	3	77	4	77	5	57
	0	32	1	73	2	68	3	80	4	81	5	97
	0	13	1	23	2	79	3	44	4	95	5	63
	0	51	1	74	2	96	3	78	4	48	5	12
	0	44	1	19	2	56	3	51	4	63	5	34
	0	77	1	63	2	75	3	66	4	36	5	34
	0	25	1	36	2	76	3	88	4	23	5	5
	0	70	1	41	2	3	3	67	4	61	5	34
	0	66	1	10	2	93	3	4	4	52	5	65
	0	14	1	12	2	53	3	14	4	49	5	32
	0	65	1	36	2	78	3	62	4	33	5	7
	0	73	1	27	2	58	3	83	4	76	5	70
	0	48	1	40	2	10	3	58	4	37	5	36
	0	74	1	48	2	17	3	32	4	56	5	90
	0	42	1	86	2	59	3	64	4	2	5	88
	0	37	1	71	2	82	3	34	4	64	5	32
	0	49	1	21	2	17	3	69	4	36	5	37
	0	13	1	56	2	13	3	74	4	41	5	78
	0	55	1	66	2	100	3	34	4	69	5	62
	0	99	1	67	2	25	3	66	4	6	5	13
	0	97	1	9	2	37	3	93	4	26	5	29
	0	36	1	2	2	50	3	92	4	80	5	65
	0	65	1	62	2	98	3	48	4	9	5	100
	0	7	1	71	2	93	3	74	4	3	5	53
	0	11	1	87	2	40	3	58	4	3	5	61
SSD
M0
0	3	33	24	21	20	31	3	1	35	8	19	28	17	3	23	24	38	4	24	5	22	23	37	25	15	30	2	22	27	
22	0	12	25	20	42	24	28	32	20	13	2	20	14	40	3	3	37	11	9	14	33	30	1	35	17	24	33	7	47	
37	11	0	36	9	41	19	26	18	8	13	1	29	32	35	37	5	11	27	42	22	44	6	31	9	26	28	3	35	7	
32	23	8	0	14	30	30	39	10	29	33	37	27	10	40	40	33	5	15	23	25	30	7	33	36	2	13	8	17	5	
19	16	35	29	0	33	24	16	27	23	18	9	36	43	8	30	6	39	31	38	4	27	18	4	1	23	2	16	44	45	
41	30	13	24	1	0	1	38	17	14	15	22	28	29	3	25	11	23	2	39	28	22	4	11	33	18	30	44	35	31	
8	26	32	3	23	8	0	26	24	22	31	42	33	16	14	36	2	29	24	12	28	33	26	33	43	8	41	22	20	11	
41	7	17	23	19	4	15	0	27	32	16	8	12	38	2	7	10	26	20	9	37	21	22	26	41	17	27	32	41	17	
16	12	8	28	14	36	14	23	0	14	23	4	17	17	34	20	24	42	26	24	7	8	19	38	29	11	2	1	1	20	
5	23	20	34	27	12	27	8	4	0	18	29	28	4	13	28	31	6	24	30	25	32	18	31	22	28	22	22	19	6	
18	26	22	19	34	28	8	11	28	35	0	9	14	21	14	31	34	42	4	33	28	24	28	2	29	29	2	11	37	9	
34	30	12	10	32	34	2	25	42	32	41	0	44	21	40	11	24	13	2	43	22	23	18	9	8	16	2	21	19	42	
1	9	7	23	17	26	1	19	12	35	15	35	0	33	19	12	8	34	20	4	21	1	4	34	33	2	17	18	22	8	
26	22	7	37	24	37	16	25	36	24	33	16	29	0	39	43	29	28	13	22	33	48	6	1	35	21	4	38	11	33	
32	46	36	7	6	24	33	44	47	21	6	16	29	25	0	8	27	22	25	48	43	5	19	43	46	1	13	33	37	28	
1	19	32	35	26	11	2	2	17	24	24	8	1	14	14	0	18	19	7	24	21	16	17	16	31	26	20	18	31	32	
6	24	18	29	21	41	7	24	22	10	28	5	11	4	8	30	0	24	15	7	19	27	18	39	29	23	22	17	43	42	
46	12	35	24	8	31	14	39	43	38	23	23	24	10	3	14	18	0	12	1	25	22	20	22	11	18	20	17	31	44	
17	13	10	27	15	37	5	24	27	15	18	11	32	18	35	35	23	24	0	34	24	7	13	23	25	12	26	21	2	26	
18	27	18	7	38	36	29	36	2	18	30	12	10	1	31	2	46	17	25	0	38	24	1	10	2	21	29	14	25	28	
46	12	22	12	14	14	29	6	15	3	35	27	31	3	21	2	29	10	23	17	0	9	32	2	36	21	8	29	38	16	
13	19	27	23	17	20	16	21	12	44	11	42	40	38	31	15	44	36	21	22	23	0	19	19	30	38	29	19	31	46	
33	24	4	18	31	22	37	39	26	31	16	32	23	34	39	29	37	31	33	45	34	31	0	17	16	7	15	32	18	14	
7	14	15	23	16	27	6	19	14	16	20	40	9	8	25	15	15	20	1	17	24	16	11	0	31	13	29	2	3	4	
12	8	25	9	15	23	16	18	23	33	35	3	39	21	30	23	1	24	30	10	32	31	31	37	0	34	26	29	24	21	
16	21	25	42	31	16	13	6	30	37	26	27	31	36	21	19	24	30	31	28	4	14	34	35	41	0	34	29	24	11	
45	35	11	11	20	5	20	41	25	29	23	40	10	16	16	6	30	31	21	31	44	35	23	24	23	31	0	8	45	45	
9	17	18	5	33	18	10	19	7	46	32	25	44	41	25	24	42	21	27	13	26	22	10	18	39	10	31	0	41	27	
8	4	5	20	6	28	26	15	18	6	15	34	37	9	26	26	38	41	27	36	15	44	16	30	21	3	44	25	0	40	
30	7	29	22	20	28	14	39	8	28	17	39	11	14	30	37	17	22	9	38	9	37	25	17	25	27	48	7	17	0	
M1
0	14	15	4	27	32	25	17	37	3	15	35	4	38	17	15	7	15	23	25	32	21	9	12	24	16	8	14	21	26	
33	0	2	28	15	21	31	3	36	12	14	16	37	32	22	20	6	14	31	24	31	20	29	19	1	15	7	28	25	29	
9	13	0	31	36	31	41	33	8	19	21	22	33	8	26	15	11	18	40	20	35	28	45	48	8	25	37	42	43	28	
31	14	21	0	21	18	13	38	27	27	5	15	9	16	5	27	30	7	21	17	10	29	38	29	1	18	16	1	14	25	
16	48	25	27	0	27	15	35	32	20	32	21	24	9	17	20	29	6	33	21	34	32	12	39	18	6	29	42	16	23	
41	28	1	27	26	0	20	30	1	30	5	34	43	24	2	24	25	18	18	5	11	7	33	26	21	15	11	26	27	13	
17	24	13	2	25	13	0	32	39	42	17	34	33	40	25	23	23	10	17	27	4	23	32	28	28	18	10	28	14	30	
7	1	12	20	24	23	25	0	34	3	12	5	12	6	20	2	40	12	36	18	29	18	27	31	14	13	5	14	6	26	
20	3	30	25	15	16	14	32	0	28	5	21	32	27	8	37	33	36	24	5	35	30	32	32	16	4	29	20	30	19	
30	40	8	7	42	10	3	22	33	0	14	39	41	30	24	25	23	25	21	39	27	14	40	17	2	33	29	33	14	4	
38	13	19	24	1	29	29	8	30	7	0	2	42	24	1	21	28	19	17	24	3	25	34	25	26	14	12	23	30	21	
39	33	18	8	30	13	19	33	40	5	18	0	22	11	26	22	5	18	36	2	13	13	25	15	6	19	11	10	29	28	
2	31	4	9	17	37	25	16	27	12	16	32	0	18	24	22	16	5	40	26	15	22	11	1	23	17	9	1	18	7	
43	29	6	27	18	23	23	38	36	1	20	4	27	0	28	1	43	29	22	2	22	33	30	30	19	7	22	24	25	10	
37	37	27	22	12	27	21	35	20	22	20	25	29	11	0	22	15	29	4	17	16	21	29	12	13	1	26	22	18	8	
33	12	17	15	15	30	23	34	18	12	13	19	32	21	2	0	10	36	3	31	19	20	32	26	16	4	29	13	32	7	
35	10	24	28	22	6	3	26	24	19	19	22	7	8	45	8	0	46	24	9	40	42	32	48	17	25	40	42	43	8	
45	38	29	7	36	32	25	15	28	3	3	1	35	13	14	4	1	0	30	1	1	36	4	31	24	27	43	6	9	23	
9	13	34	17	5	30	1	38	14	7	29	13	32	27	23	38	16	30	0	13	10	10	15	33	16	4	29	12	27	20	
42	31	42	12	1	36	8	20	5	29	36	30	28	33	11	39	28	14	27	0	39	23	6	5	20	10	35	38	16	31	
19	21	4	26	23	8	15	27	27	1	12	17	3	33	20	6	19	2	25	1	0	16	27	25	21	12	5	4	18	24	
37	33	18	20	20	14	4	23	14	33	13	20	27	32	26	24	1	18	2	4	35	0	17	6	21	9	11	33	21	30	
9	38	29	2	24	39	17	20	36	13	1	35	36	27	4	21	31	27	13	33	32	32	0	28	8	13	38	28	34	15	
2	34	3	33	29	40	12	23	13	34	12	21	35	28	5	27	7	20	16	4	33	7	2	0	30	18	14	9	32	1	
21	11	18	34	12	39	33	14	1	33	39	3	31	32	41	6	33	20	24	41	22	39	19	27	0	13	38	17	7	10	
27	38	23	12	2	17	31	25	26	15	17	28	19	14	31	25	39	23	40	26	39	17	19	24	3	0	16	27	28	22	
42	20	5	19	17	32	22	20	27	30	5	25	34	28	13	11	33	5	29	15	22	11	20	36	18	6	0	42	16	20	
37	41	33	22	11	21	19	17	29	25	27	26	29	24	14	27	41	31	30	8	34	23	18	30	13	1	26	0	11	32	
32	24	13	29	18	45	45	30	18	30	33	13	47	19	13	18	38	17	29	31	33	20	10	23	10	26	30	45	0	33	
24	30	28	15	18	28	38	28	39	25	28	39	7	30	7	34	26	28	23	5	11	13	33	31	12	19	21	41	24	0	
M2
0	20	19	15	26	36	9	3	34	5	23	17	19	31	4	12	39	27	21	5	8	15	39	13	23	13	25	31	11	4	
35	0	4	24	24	35	19	32	5	31	9	13	30	27	22	6	18	39	38	22	28	13	16	36	6	35	33	30	26	4	
30	39	0	24	33	13	34	37	3	7	27	28	23	9	43	9	30	27	39	29	6	2	18	37	30	17	22	33	2	41	
12	32	39	0	28	31	30	34	24	26	19	38	36	25	13	29	31	21	34	7	13	29	48	11	2	15	24	18	21	30	
26	39	7	45	0	34	42	8	11	14	19	26	31	7	27	21	31	33	28	37	33	10	43	11	9	1	11	20	26	17	
16	18	4	30	19	0	2	11	11	25	1	40	9	24	29	36	34	18	25	21	28	5	15	24	20	41	15	21	2	7	
9	31	21	6	19	37	0	6	40	29	28	16	24	19	34	31	36	33	32	16	5	13	10	12	24	34	29	2	37	46	
21	11	9	9	28	9	18	0	7	19	24	20	20	15	35	20	25	1	22	21	36	8	6	23	21	30	2	24	21	20	
34	32	31	46	28	32	43	26	0	29	22	37	34	2	45	33	16	14	25	27	9	16	20	3	8	46	8	3	10	37	
20	11	14	42	23	22	12	42	1	0	17	3	13	37	33	30	26	22	28	25	21	37	32	9	18	4	19	25	26	9	
11	31	27	22	34	15	20	3	28	33	0	38	35	43	2	19	25	17	16	29	15	11	31	32	1	43	31	20	38	8	
12	34	23	20	36	39	1	40	20	3	26	0	27	9	37	1	34	36	34	38	42	21	13	42	10	14	14	17	13	32	
4	16	24	28	31	37	30	31	25	26	1	28	0	22	17	25	22	6	13	9	16	25	34	12	8	29	3	9	10	33	
7	40	37	41	7	41	5	39	46	11	18	27	33	0	7	35	14	19	15	44	1	33	19	41	36	3	35	41	7	37	
1	6	23	13	23	43	38	10	15	34	9	26	5	30	0	23	30	14	21	15	24	6	35	18	16	1	11	17	18	23	
3	38	32	34	19	10	29	5	12	33	23	4	35	12	34	0	29	27	1	37	8	49	21	26	23	2	40	37	23	32	
35	14	1	33	32	35	39	40	20	28	29	32	39	4	32	33	0	15	31	22	24	13	40	7	6	26	16	22	22	24	
10	36	8	34	20	22	39	15	36	24	15	41	17	36	24	9	14	0	11	22	30	41	32	12	28	30	6	13	30	35	
4	25	15	16	1	28	11	25	14	23	22	20	18	36	16	25	13	27	0	19	25	37	4	33	29	30	23	30	25	31	
23	43	26	16	20	35	30	23	33	18	32	7	28	28	12	42	1	36	2	0	44	40	23	15	39	8	33	18	41	29	
13	14	21	39	18	36	8	26	32	30	20	25	25	3	8	23	28	4	25	30	0	1	43	14	29	44	18	27	33	31	
34	41	25	45	16	22	15	18	30	22	16	24	33	39	27	30	40	42	30	12	18	0	41	18	11	32	3	28	32	25	
8	8	20	26	10	41	34	34	26	6	5	25	1	24	21	8	13	10	9	13	17	29	0	16	12	13	6	13	14	25	
4	31	35	10	32	30	30	46	28	32	5	45	16	14	36	28	18	25	19	6	22	17	35	0	1	24	8	27	27	4	
16	5	22	19	23	4	36	34	2	27	8	31	9	34	12	2	4	18	8	3	28	31	21	24	0	38	15	21	12	22	
29	27	6	41	38	5	11	44	43	32	18	40	36	13	3	1	47	29	20	7	14	10	22	45	38	0	30	48	36	20	
4	4	21	21	19	6	30	30	22	5	25	24	21	13	5	23	4	29	10	1	37	28	7	36	20	8	0	31	19	1	
13	4	7	33	27	5	36	18	1	32	18	30	14	39	22	3	23	13	30	26	24	4	14	17	23	37	18	0	20	21	
29	11	28	41	12	7	43	21	29	48	26	35	22	30	8	30	33	21	21	30	15	12	30	37	20	32	13	34	0	28	
16	38	48	20	17	20	17	9	39	22	38	7	47	49	8	29	49	41	26	47	13	30	40	35	41	13	14	9	33	0	
M3
0	11	31	5	19	26	9	38	45	4	35	25	16	26	33	8	16	14	16	36	24	5	46	20	44	13	36	32	32	29	
15	0	22	16	1	8	32	22	26	6	17	8	10	13	15	26	39	8	20	18	6	8	31	25	9	20	29	19	27	26	
38	28	0	35	24	31	44	29	40	25	34	36	33	19	27	33	24	26	31	15	1	38	43	19	33	4	5	9	1	43	
4	4	27	0	20	15	9	21	23	25	6	35	34	18	11	32	41	27	12	15	12	17	32	27	19	30	2	30	32	43	
11	33	23	12	0	4	28	18	25	2	13	38	19	35	11	22	41	4	44	34	2	11	45	21	28	34	31	15	25	33	
28	15	18	18	14	0	18	21	10	19	3	26	36	9	28	6	39	7	1	8	19	6	27	32	34	2	27	5	10	31	
19	23	11	15	5	6	0	26	14	10	15	30	27	26	12	12	12	12	9	14	10	19	2	8	29	22	23	20	19	32	
21	39	41	21	32	39	25	0	25	7	42	41	20	32	8	26	17	25	45	31	37	30	23	24	1	3	40	23	13	33	
23	14	13	22	9	16	34	30	0	14	25	21	8	4	23	18	23	16	29	28	14	23	7	27	2	24	21	16	3	36	
19	31	10	11	6	13	18	18	29	0	1	18	28	1	1	15	6	1	26	24	11	20	13	17	18	18	22	13	15	33	
18	16	1	7	4	5	19	4	2	9	0	22	26	25	18	15	9	11	39	23	9	18	39	4	18	12	13	17	9	38	
36	5	15	33	22	29	31	21	16	27	29	0	5	41	36	27	46	15	24	24	21	14	45	6	29	26	4	26	2	34	
25	40	15	26	11	18	36	22	34	16	18	23	0	6	25	4	19	18	31	23	16	23	2	25	13	8	27	8	20	7	
15	31	5	16	1	8	26	22	24	6	17	13	23	0	15	10	36	8	21	20	6	15	20	19	27	16	17	8	10	37	
4	28	19	15	10	17	3	31	37	15	26	27	32	10	0	24	16	17	31	9	15	15	34	2	3	23	31	16	24	18	
25	33	40	36	26	28	6	21	4	31	38	4	33	31	7	0	25	33	38	12	31	7	7	1	16	13	1	36	35	26	
22	40	28	4	8	15	39	22	11	13	24	30	30	45	22	27	0	13	28	38	13	22	46	3	1	39	12	26	23	36	
16	25	18	7	2	3	33	11	30	1	18	26	24	9	16	7	2	0	34	33	7	16	33	6	33	27	30	20	20	38	
23	43	29	36	26	33	16	20	36	31	16	37	25	26	20	10	43	16	0	14	4	23	43	31	37	1	41	35	2	20	
21	1	45	40	36	25	22	41	2	22	6	28	14	36	12	4	12	23	4	0	25	41	36	14	4	37	31	34	23	32	
28	7	21	8	27	34	39	44	40	1	37	2	4	22	32	5	18	29	15	43	0	41	27	31	5	13	5	6	17	49	
30	30	28	6	16	7	31	12	10	21	32	16	38	47	30	41	31	5	14	3	21	0	33	22	1	39	15	2	10	14	
9	40	18	8	17	9	31	38	32	22	19	29	23	12	14	21	24	24	10	36	8	16	0	14	7	23	16	13	20	11	
21	13	36	8	10	17	41	31	20	15	26	43	32	36	24	1	33	17	39	33	15	24	33	0	6	5	15	28	37	28	
7	13	32	43	29	3	17	8	32	10	37	29	21	33	31	27	16	6	46	5	34	2	8	12	0	15	5	17	40	15	
26	25	11	38	27	21	37	42	24	15	43	40	40	34	20	39	15	24	39	33	8	4	13	4	29	0	23	13	10	28	
16	16	22	13	23	23	43	38	46	8	7	40	45	23	26	12	12	30	32	44	28	37	40	17	43	33	0	19	8	18	
23	15	19	28	22	29	3	12	32	17	38	11	38	43	19	23	14	21	4	12	27	36	30	2	27	13	31	0	20	16	
8	34	3	24	30	37	35	36	30	30	11	11	2	29	37	1	18	14	23	25	11	44	29	29	28	9	4	19	0	4	
33	12	7	20	19	1	29	16	26	20	35	36	20	33	33	43	38	26	1	29	9	33	12	19	20	13	8	18	13	0	
M4
0	19	13	38	29	29	30	19	37	27	23	28	17	15	21	8	32	30	8	32	11	4	39	29	32	24	32	35	8	15	
14	0	14	11	12	10	29	11	10	19	11	23	12	14	21	23	34	30	10	18	9	8	2	17	33	10	24	29	9	3	
9	15	0	34	9	28	9	6	12	18	10	8	9	11	20	6	31	15	9	3	11	17	16	16	28	11	9	28	4	2	
1	2	5	0	21	5	9	13	15	3	23	9	6	6	8	17	12	24	22	25	16	22	26	30	21	4	12	21	2	25	
38	3	30	17	0	18	10	12	31	25	37	14	23	11	24	38	34	21	15	9	17	34	19	7	20	10	9	42	33	29	
9	4	17	32	33	0	37	23	22	21	29	7	11	5	10	2	25	34	18	34	19	35	29	9	11	19	36	39	12	27	
18	24	18	27	34	38	0	24	26	40	10	7	22	20	17	31	27	18	34	32	35	17	18	25	27	29	31	40	13	47	
23	29	11	7	18	33	9	0	14	18	22	19	27	12	31	27	20	26	26	14	22	33	2	28	19	29	8	1	18	28	
24	20	21	31	21	19	8	18	0	23	38	15	22	19	43	18	2	22	32	15	23	31	33	29	25	15	18	45	38	32	
32	28	20	34	40	10	37	6	7	0	30	8	17	10	42	10	24	15	17	3	11	29	22	17	10	18	28	38	27	24	
26	27	15	36	20	32	18	10	22	25	0	27	30	1	28	40	25	34	22	22	26	30	29	29	18	24	24	9	21	15	
16	22	16	33	32	8	36	14	45	26	32	0	20	16	38	1	26	8	19	37	20	40	36	5	12	29	35	38	11	37	
22	32	20	19	11	22	26	26	23	23	29	28	0	13	36	38	29	35	38	23	19	34	24	9	34	21	13	10	21	32	
39	47	41	43	26	10	27	26	24	46	32	5	1	0	10	29	40	20	8	23	18	41	42	33	31	38	45	35	39	35	
9	14	13	7	39	14	23	38	35	39	35	35	3	33	0	2	15	20	31	35	7	3	37	20	24	38	11	22	34	40	
10	32	2	34	24	10	37	6	29	15	26	8	17	23	42	0	20	15	31	3	11	11	2	17	35	18	36	21	27	24	
28	26	26	35	31	29	38	7	13	6	11	9	18	24	35	27	0	16	19	4	12	12	23	8	26	19	42	27	23	17	
30	30	30	13	15	4	11	4	4	19	29	6	13	21	26	20	25	0	16	1	3	4	20	15	40	16	30	21	25	22	
11	11	11	40	30	32	5	14	19	33	30	16	25	22	31	40	32	23	0	11	15	37	23	5	18	13	6	25	23	22	
27	27	27	29	39	23	32	1	35	22	27	3	12	18	37	27	30	10	26	0	6	34	17	12	38	13	42	36	22	19	
21	27	12	9	28	19	35	18	12	20	13	14	16	23	19	8	10	21	12	27	0	22	3	8	5	12	40	26	16	10	
29	16	29	12	44	2	39	15	18	42	4	40	33	20	17	26	42	19	1	42	4	0	41	33	40	6	35	35	24	34	
6	12	6	13	20	5	11	10	16	20	22	12	10	8	26	34	22	19	23	7	15	30	0	21	25	22	18	3	1	28	
20	26	20	18	7	32	3	14	40	8	17	1	24	22	9	12	20	32	16	25	33	15	24	0	36	18	19	35	15	9	
16	34	4	37	25	8	42	28	29	9	33	6	37	14	27	19	8	27	1	36	2	26	20	34	0	32	36	41	28	27	
3	34	16	1	23	35	7	22	3	14	27	24	32	17	36	9	24	31	9	19	26	38	26	33	21	0	3	6	23	40	
25	6	9	4	36	19	46	13	26	20	14	7	20	25	35	13	19	36	12	34	13	1	31	21	5	26	0	43	23	17	
13	19	1	18	8	29	7	7	4	8	12	9	17	2	21	22	10	16	30	4	12	23	11	18	32	19	6	0	8	25	
2	8	2	36	18	22	32	8	37	27	18	17	6	4	24	33	35	19	19	34	29	26	33	25	21	40	21	24	0	33	
8	14	8	33	17	28	32	5	29	13	5	19	12	10	15	27	41	24	4	14	22	12	26	11	27	6	27	23	3	0	
M5
0	37	10	12	42	33	13	15	16	32	44	23	32	41	23	39	44	21	1	27	32	20	42	2	43	39	31	11	12	31	
13	0	23	11	35	1	33	44	12	6	17	11	28	10	23	14	25	13	14	27	10	23	25	26	10	3	19	13	18	1	
22	14	0	24	23	28	20	43	9	35	26	26	11	34	30	18	25	41	18	27	1	22	4	2	10	9	30	29	25	3	
38	18	5	0	15	14	16	4	36	33	21	4	46	35	4	20	20	20	24	22	2	10	5	33	20	18	12	4	30	38	
8	8	2	12	0	35	12	36	25	22	7	31	41	31	24	44	36	31	26	37	47	43	29	39	43	39	4	40	16	16	
22	11	9	10	14	0	41	45	9	27	18	19	25	11	12	32	16	17	23	18	3	23	14	25	1	6	21	20	6	49	
28	21	6	27	34	28	0	46	15	17	17	22	31	21	9	22	21	37	27	17	23	34	41	22	6	18	26	12	21	18	
18	26	6	21	5	12	39	0	5	19	10	18	21	34	8	2	20	30	26	15	13	10	4	15	14	9	8	13	14	13	
1	9	20	12	34	21	41	31	0	14	16	39	4	17	31	11	23	47	12	37	22	13	46	4	20	45	32	22	23	32	
12	31	25	31	1	8	12	37	46	0	2	8	35	20	20	37	29	14	11	25	18	20	5	43	26	5	4	28	31	30	
20	15	17	28	25	11	18	43	16	30	0	1	17	30	13	8	26	15	5	25	19	13	36	21	19	17	9	19	20	40	
42	20	33	28	39	5	17	40	33	24	16	0	46	39	7	24	32	23	15	25	24	7	45	30	32	11	3	35	36	34	
18	26	36	29	39	12	3	19	5	26	28	24	0	9	33	28	19	24	24	42	2	13	8	21	37	36	32	4	25	11	
30	38	42	23	43	14	39	5	17	43	45	48	7	0	29	37	29	3	41	38	6	2	25	12	29	39	5	21	9	5	
4	24	21	23	14	22	19	17	41	12	20	19	39	1	0	12	8	38	15	33	17	31	18	25	16	22	27	17	24	46	
11	30	2	29	23	3	32	43	22	30	1	21	38	30	33	0	11	37	31	25	4	19	41	6	8	32	28	4	5	47	
29	9	28	40	30	29	31	4	16	9	16	20	10	34	18	19	0	16	1	17	30	4	27	29	30	36	28	7	16	42	
25	23	19	19	35	47	40	47	34	38	22	40	30	8	36	48	30	0	36	18	36	8	30	7	36	48	20	49	27	30	
16	7	14	18	8	17	1	38	24	1	20	40	35	46	36	12	30	28	0	18	23	9	17	10	17	37	16	23	24	36	
34	1	19	12	4	17	29	16	45	33	28	7	8	35	2	36	30	8	6	0	10	8	29	32	44	23	15	46	40	13	
9	34	29	15	5	28	10	10	41	45	34	18	32	1	30	27	1	9	38	25	0	12	5	30	42	24	26	33	33	43	
37	12	18	12	8	9	10	30	24	19	31	10	32	31	22	34	4	3	6	33	37	0	27	16	47	26	18	16	33	18	
18	23	16	29	35	30	5	24	5	12	14	24	21	1	33	28	23	13	29	25	14	23	0	21	8	17	5	22	19	15	
7	20	2	20	8	17	3	16	32	36	21	7	18	43	19	13	29	29	5	11	19	10	44	0	27	23	15	24	9	11	
25	10	37	8	34	9	39	32	33	13	22	39	44	16	44	48	2	18	22	4	4	47	22	25	0	21	7	6	2	37	
33	33	26	4	3	20	18	12	31	8	32	19	6	39	31	37	6	3	39	20	26	31	13	46	43	0	13	9	10	19	
32	31	25	9	30	10	3	30	22	40	21	38	7	19	19	32	20	36	10	20	19	47	28	30	32	4	0	32	35	44	
19	27	3	4	31	11	40	10	30	11	9	29	39	18	22	1	19	31	8	21	12	10	19	14	4	4	24	0	7	29	
20	43	5	38	43	28	35	7	22	22	39	18	16	11	15	33	42	3	28	5	27	11	11	38	45	11	26	44	0	19	
24	11	15	7	11	14	10	14	33	7	14	24	20	37	11	6	22	29	44	19	17	13	8	2	21	7	14	17	9	0	
