30  8  1
8
	0	28	1	48	2	91	3	20	4	99	5	82	6	82	7	7
	0	11	1	9	2	43	3	96	4	87	5	41	6	30	7	90
	0	5	1	26	2	28	3	38	4	92	5	25	6	44	7	52
	0	6	1	38	2	25	3	100	4	83	5	76	6	24	7	68
	0	68	1	7	2	100	3	56	4	37	5	12	6	17	7	22
	0	88	1	41	2	94	3	25	4	64	5	51	6	12	7	5
	0	21	1	64	2	83	3	5	4	65	5	83	6	28	7	31
	0	24	1	44	2	34	3	4	4	15	5	5	6	75	7	45
	0	34	1	84	2	26	3	91	4	81	5	12	6	96	7	51
	0	78	1	58	2	65	3	39	4	72	5	38	6	98	7	37
	0	8	1	15	2	73	3	87	4	20	5	59	6	51	7	10
	0	79	1	26	2	60	3	97	4	92	5	53	6	84	7	33
	0	45	1	4	2	80	3	28	4	29	5	9	6	51	7	80
	0	94	1	64	2	63	3	3	4	23	5	2	6	78	7	77
	0	14	1	48	2	33	3	1	4	22	5	16	6	2	7	75
	0	90	1	7	2	7	3	34	4	69	5	28	6	79	7	1
	0	25	1	32	2	70	3	45	4	62	5	47	6	79	7	43
	0	8	1	51	2	38	3	9	4	62	5	8	6	64	7	19
	0	93	1	74	2	96	3	39	4	19	5	27	6	41	7	63
	0	30	1	99	2	25	3	92	4	31	5	1	6	5	7	18
	0	8	1	71	2	1	3	98	4	44	5	81	6	52	7	31
	0	47	1	1	2	86	3	75	4	68	5	86	6	87	7	57
	0	6	1	39	2	86	3	68	4	39	5	81	6	99	7	64
	0	32	1	3	2	5	3	80	4	100	5	9	6	29	7	54
	0	35	1	62	2	72	3	18	4	22	5	83	6	11	7	83
	0	100	1	85	2	49	3	46	4	53	5	27	6	99	7	87
	0	24	1	30	2	25	3	35	4	97	5	80	6	76	7	17
	0	87	1	9	2	88	3	29	4	27	5	51	6	38	7	82
	0	54	1	88	2	75	3	15	4	25	5	37	6	65	7	90
	0	10	1	62	2	13	3	92	4	59	5	89	6	72	7	8
SSD
M0
0	30	82	38	41	77	51	51	20	53	58	46	50	63	75	48	73	27	50	2	45	80	52	42	57	46	47	14	16	39	
24	0	51	24	49	40	18	51	59	55	44	5	9	30	44	65	36	41	62	10	4	48	44	34	16	13	33	41	56	39	
25	38	0	73	30	54	28	25	20	104	56	54	58	63	54	52	60	27	50	55	53	58	60	42	65	46	71	24	66	69	
34	28	38	0	30	50	31	38	34	25	14	33	28	40	31	35	60	32	49	39	14	43	19	4	26	9	3	35	45	9	
21	27	18	3	0	46	25	9	43	34	23	35	20	42	40	40	44	2	25	48	16	52	28	13	25	18	12	26	39	18	
15	41	88	50	45	0	69	75	31	81	64	22	61	74	81	21	28	16	16	45	56	63	41	31	68	35	43	27	59	58	
4	16	29	24	23	5	0	59	52	55	7	26	36	56	5	54	63	31	23	32	30	9	11	29	29	39	22	2	17	33	
30	30	33	28	25	14	26	0	55	59	9	28	50	45	26	49	11	11	34	34	19	38	45	17	31	30	24	48	64	43	
29	24	54	41	48	30	4	67	0	52	32	40	44	9	30	51	19	56	24	45	20	34	7	12	32	48	47	27	42	56	
20	23	16	29	51	30	49	46	41	0	49	39	37	25	34	44	29	41	52	44	38	34	6	39	50	44	36	42	8	18	
22	13	16	11	8	35	9	46	38	42	0	11	33	53	9	50	60	16	27	17	27	21	36	21	32	26	7	32	47	26	
30	24	55	50	49	31	5	54	49	68	33	0	1	65	31	80	52	57	35	45	39	29	23	49	51	48	48	28	43	55	
35	28	66	45	81	55	54	74	48	69	65	44	0	50	34	35	30	32	48	49	43	5	64	3	51	51	54	69	36	9	
30	34	48	4	25	60	41	48	44	35	24	4	2	0	41	45	52	11	34	49	24	52	17	14	20	19	13	45	55	19	
31	33	18	5	36	47	21	48	43	36	25	44	33	37	0	35	71	37	4	27	11	51	30	10	23	20	14	30	56	14	
22	59	44	28	51	38	47	49	56	15	48	34	59	28	12	0	39	39	29	52	2	66	53	36	14	31	25	56	57	40	
34	26	35	30	27	54	28	59	57	54	11	30	31	47	28	53	0	15	2	36	21	33	9	30	33	34	26	51	35	45	
11	17	76	52	53	62	46	79	52	83	52	33	37	54	69	30	64	0	15	38	32	76	72	7	44	11	61	29	55	34	
49	23	43	51	54	50	24	59	67	51	52	39	43	43	50	74	52	52	0	15	38	47	33	22	13	47	44	31	10	52	
26	26	62	57	9	57	55	19	67	58	38	42	24	45	55	29	54	7	22	0	31	54	28	22	43	26	53	44	70	7	
12	49	39	18	41	28	55	39	47	49	38	40	52	18	55	59	58	29	52	42	0	56	43	28	4	29	27	54	56	33	
54	19	81	54	79	3	41	81	3	17	68	35	5	28	67	21	56	57	61	40	34	0	44	49	46	43	63	52	17	34	
46	11	72	28	64	62	40	71	59	39	48	27	31	52	65	69	58	63	83	32	26	70	0	38	38	35	37	57	78	43	
44	34	37	54	62	45	19	55	13	67	47	19	54	15	37	86	66	69	34	55	49	49	51	0	16	41	59	42	57	65	
35	10	5	3	37	15	23	35	30	16	23	26	30	49	27	44	57	37	23	31	23	52	28	13	0	18	8	34	50	18	
5	7	63	42	67	53	36	25	8	19	58	23	27	48	34	49	50	46	50	28	22	3	49	52	34	0	51	47	38	23	
53	57	60	55	6	71	45	50	7	86	36	8	77	50	53	68	34	34	57	61	61	50	48	26	73	53	0	68	18	70	
33	41	44	39	36	49	37	26	62	70	20	39	61	26	37	56	61	44	55	45	13	49	45	17	25	50	35	0	9	54	
45	51	82	68	41	36	80	51	66	77	70	18	56	3	50	46	86	26	49	2	63	16	34	41	75	45	77	63	0	39	
16	9	71	44	69	60	38	71	64	58	64	25	9	36	64	16	56	13	36	30	24	59	51	21	36	32	53	50	60	0	
M1
0	31	53	59	12	2	18	25	39	28	29	14	32	36	31	18	44	12	27	4	67	10	49	37	31	51	37	47	55	22	
20	0	34	35	12	62	18	25	39	25	5	37	29	36	29	18	22	25	20	36	55	10	72	19	31	51	29	47	37	56	
16	27	0	55	8	49	14	21	35	29	25	34	26	32	33	14	11	45	23	5	54	6	22	51	24	47	33	42	52	52	
52	63	68	0	44	65	50	57	54	24	58	59	64	68	10	50	27	49	59	47	67	42	83	87	7	1	69	79	23	85	
1	46	34	40	0	46	50	31	50	35	10	21	13	17	20	62	25	37	55	41	58	54	56	36	48	32	46	60	39	37	
59	42	22	71	54	0	45	63	44	76	56	15	42	8	27	29	59	22	69	24	40	52	29	57	38	8	67	5	49	80	
43	29	47	63	35	57	0	29	61	63	43	34	26	9	31	16	38	62	48	62	45	48	38	57	61	48	29	45	52	57	
42	33	17	77	51	52	40	0	37	27	47	33	25	37	32	20	54	47	20	5	31	49	65	61	60	51	58	49	27	78	
37	48	31	65	29	51	35	42	0	34	35	32	49	49	24	35	9	22	22	16	21	27	37	14	45	68	24	45	27	50	
23	6	27	50	18	40	33	40	43	0	20	14	6	18	13	33	37	13	24	35	51	25	11	34	41	48	43	16	4	62	
49	43	14	15	41	69	47	6	68	10	0	45	53	20	10	47	2	12	56	16	35	39	62	31	38	54	41	35	30	68	
21	32	31	30	13	58	4	26	3	36	30	0	33	37	4	19	45	12	28	33	49	11	9	16	2	50	26	14	26	57	
13	62	17	60	43	30	34	56	33	66	60	4	0	8	3	49	54	42	38	48	41	41	39	46	31	38	56	44	22	80	
59	85	40	73	67	46	77	41	50	53	61	51	87	0	43	80	77	84	75	58	61	72	7	33	79	62	15	67	51	50	
32	30	70	74	51	11	5	47	42	41	44	67	60	60	0	41	61	10	18	40	67	49	25	58	70	60	63	57	73	34	
31	6	39	50	27	37	13	27	38	40	20	32	44	20	24	0	37	39	35	39	51	25	54	34	46	66	31	22	52	71	
15	9	48	26	7	57	13	20	34	43	23	35	27	31	34	13	0	43	22	45	64	5	70	37	4	46	32	42	22	48	
20	57	9	67	23	37	41	56	36	54	40	11	3	15	10	44	23	0	45	17	20	41	46	53	38	45	63	18	29	67	
21	41	38	69	22	40	28	35	38	38	39	36	42	46	28	28	54	38	0	43	2	20	1	18	27	49	2	54	36	66	
59	34	37	58	55	65	41	24	66	21	28	50	42	2	49	21	45	55	1	0	41	53	73	62	2	70	59	50	68	99	
11	22	25	46	3	2	9	16	30	25	16	23	23	27	15	9	33	40	18	30	0	1	58	5	22	42	15	38	23	47	
9	20	42	48	1	51	7	14	28	43	18	29	21	25	28	7	33	38	16	49	65	0	64	44	20	40	26	36	47	45	
58	48	42	92	51	54	75	64	26	82	62	51	71	75	67	75	79	69	72	42	20	67	0	74	79	69	84	52	64	44	
51	70	17	56	44	66	45	47	44	17	26	15	64	61	7	57	43	52	66	22	51	49	50	0	43	54	7	52	15	88	
51	59	11	31	43	85	44	22	43	26	1	14	63	36	26	51	18	28	60	15	51	43	49	23	0	70	23	51	41	79	
23	25	27	14	46	11	44	24	3	59	39	14	6	18	13	25	56	31	48	33	51	44	21	53	32	0	27	14	32	40	
14	40	39	46	46	64	45	37	14	22	16	15	59	51	41	47	33	39	50	41	37	44	50	57	43	17	0	22	61	78	
45	59	8	57	40	62	31	53	30	63	57	1	28	40	13	46	45	8	55	10	40	38	36	43	24	70	53	0	35	66	
16	25	34	30	8	58	14	21	23	34	25	32	28	32	24	14	19	45	23	27	2	6	67	14	21	4	24	43	0	52	
33	23	34	2	25	18	23	38	52	42	17	53	45	16	42	31	13	19	39	48	67	23	43	40	44	41	21	60	58	0	
M2
0	59	65	68	79	17	76	21	65	13	33	20	46	20	24	59	88	62	29	15	22	46	56	30	19	29	54	44	45	22	
32	0	40	60	5	71	61	72	2	43	49	41	60	56	40	75	91	34	29	78	38	10	59	46	66	4	14	36	32	55	
24	42	0	21	8	52	35	4	21	10	16	45	29	66	7	42	71	25	26	48	5	46	50	13	66	37	37	45	28	22	
75	55	29	0	64	50	48	17	13	67	58	76	14	67	46	60	29	9	40	39	62	61	75	39	33	63	38	40	16	45	
46	3	56	59	0	60	67	21	48	18	24	50	37	29	15	50	53	70	26	56	13	32	12	21	78	45	30	41	25	30	
40	52	52	50	58	0	75	6	11	39	62	50	19	65	48	37	62	6	17	55	51	50	51	4	70	51	28	34	19	43	
43	60	24	69	60	45	0	56	19	28	7	60	19	73	25	57	70	17	35	27	23	25	63	31	35	47	38	8	8	1	
32	44	12	57	47	58	65	0	54	16	22	51	8	78	13	48	77	54	32	54	11	10	30	19	72	43	43	36	34	28	
49	29	33	53	65	95	54	65	0	38	77	42	41	28	55	89	68	68	38	75	66	82	60	25	38	64	7	46	4	64	
48	68	55	1	87	17	41	43	39	0	57	60	40	57	48	83	51	35	53	23	46	43	69	54	59	78	56	66	42	19	
75	44	37	48	73	78	26	42	22	68	0	72	17	63	36	26	43	38	17	63	70	14	69	73	86	37	11	50	30	37	
6	50	56	59	75	44	59	13	31	15	24	0	37	12	15	50	48	70	34	56	13	54	58	21	89	36	45	71	32	30	
63	53	58	4	81	79	20	31	9	34	29	73	0	63	42	35	48	38	38	68	40	70	1	27	59	72	42	59	39	46	
69	55	67	46	15	68	80	53	79	41	43	44	60	0	2	37	69	56	8	7	36	72	45	44	63	16	41	50	43	48	
47	20	32	11	68	33	45	18	49	38	11	73	25	51	0	2	34	25	42	39	33	37	10	29	69	63	6	45	8	13	
46	11	55	48	59	45	36	9	56	42	36	67	51	88	4	0	45	44	38	30	54	28	36	62	86	58	41	36	16	4	
82	70	51	1	65	67	68	26	25	31	8	38	40	53	38	52	0	35	66	1	49	1	53	57	4	70	25	64	42	40	
68	8	30	18	17	50	51	60	46	61	47	42	57	56	52	87	19	0	76	11	59	61	52	63	43	55	4	8	59	60	
20	65	58	4	67	69	59	46	10	9	39	34	43	64	53	71	17	38	0	3	51	37	24	40	2	13	43	4	20	52	
56	60	56	38	39	41	77	76	66	28	11	12	47	65	25	60	63	51	44	0	23	44	27	31	31	55	30	69	46	24	
32	36	42	45	61	46	53	52	42	4	10	39	23	66	1	36	65	56	20	42	0	40	44	7	75	31	31	70	22	16	
52	33	80	36	81	21	61	34	74	67	44	15	50	87	29	18	4	69	47	41	79	0	61	34	67	60	58	46	41	29	
66	84	14	20	50	93	59	25	47	45	31	64	59	65	49	84	45	54	68	27	47	69	0	55	78	29	79	16	6	64	
31	61	45	41	49	81	66	62	70	30	74	41	11	71	67	59	53	74	8	60	78	58	42	0	74	42	19	58	10	34	
44	44	54	44	73	58	63	42	54	16	5	51	12	2	13	26	35	43	32	29	11	27	34	19	0	43	37	69	7	3	
46	94	44	85	63	18	39	76	42	70	76	79	88	10	41	76	90	97	65	42	65	101	50	73	56	0	75	24	41	77	
39	35	1	21	37	81	22	33	38	32	45	74	58	27	23	58	67	36	55	52	34	74	66	42	53	32	0	14	57	51	
13	4	62	58	31	6	37	50	45	58	77	35	92	60	45	34	10	19	76	65	73	45	18	79	84	17	37	0	57	45	
64	12	18	48	24	70	4	21	22	32	48	57	44	63	4	32	27	62	18	55	51	65	47	28	18	44	43	15	0	43	
29	62	50	70	77	79	47	75	87	25	37	50	85	76	41	59	56	27	21	13	61	11	49	69	69	75	24	63	82	0	
M3
0	27	66	61	67	70	80	42	44	54	50	33	62	42	64	23	48	63	93	11	31	25	80	4	59	13	40	66	52	64	
55	0	1	3	15	34	70	8	28	51	16	27	28	36	24	49	3	30	61	18	59	20	52	70	8	52	54	26	18	54	
49	50	0	42	29	12	43	15	35	77	18	2	31	50	99	58	38	56	31	7	52	33	46	70	52	71	57	42	25	56	
40	41	45	0	54	3	50	48	14	81	23	32	45	57	83	46	37	60	30	37	43	7	50	43	63	73	64	6	21	37	
22	35	50	49	0	45	55	25	45	85	6	33	3	26	93	52	32	64	72	53	45	3	30	46	75	33	69	11	35	42	
12	13	62	11	57	0	22	36	51	64	32	24	17	29	78	37	9	43	2	9	15	27	23	36	62	45	36	23	4	19	
16	11	44	47	34	37	0	9	29	41	14	39	27	2	51	10	8	20	64	47	18	22	27	22	44	43	9	9	19	28	
61	34	62	35	21	24	67	0	16	58	4	26	16	36	97	72	26	37	51	58	62	14	62	62	59	52	61	23	6	54	
55	42	2	43	29	32	34	4	0	66	12	34	24	41	37	49	34	45	59	47	57	22	66	1	67	60	48	19	14	47	
55	29	36	39	52	18	54	27	10	0	35	39	18	20	8	56	10	68	45	52	40	35	39	22	30	47	68	10	37	41	
50	21	54	45	44	47	42	19	24	56	0	16	30	12	76	39	18	60	71	66	65	29	5	69	25	69	50	46	29	32	
63	37	44	43	22	36	49	8	28	55	16	0	28	28	54	43	34	49	12	22	16	26	41	34	71	22	23	5	18	5	
19	49	59	50	14	39	42	11	31	54	19	41	0	49	97	57	39	33	66	50	65	29	26	43	57	44	56	20	21	51	
56	6	39	43	29	32	35	4	24	59	12	34	22	0	75	49	3	45	59	63	54	17	67	62	67	60	49	31	14	23	
46	20	40	30	43	9	45	18	16	73	26	30	9	11	0	47	1	59	36	43	47	26	30	45	68	74	59	1	28	32	
49	2	12	38	51	17	53	26	24	72	34	14	17	19	7	0	9	67	36	51	53	34	38	53	2	46	11	9	36	7	
67	37	47	62	45	52	68	56	42	92	64	46	20	49	42	1	0	81	71	78	47	49	73	68	22	66	46	24	26	27	
62	58	48	47	48	68	53	46	61	12	54	64	34	49	58	57	46	0	76	63	49	42	85	53	15	59	15	9	56	40	
38	39	88	20	24	1	48	62	20	80	58	28	43	55	65	63	35	69	0	35	41	5	49	62	21	47	55	49	30	45	
48	35	11	43	43	25	71	40	13	83	47	1	1	66	73	58	59	62	42	0	34	9	49	72	52	73	54	46	50	64	
5	12	11	38	15	17	53	26	24	57	34	31	17	19	7	48	4	59	44	36	0	34	8	29	71	38	65	9	36	40	
65	30	59	49	52	28	59	28	35	45	36	29	28	21	18	66	20	69	55	62	59	0	12	45	87	49	17	20	9	30	
38	24	44	34	26	1	28	13	20	68	21	21	13	15	3	43	5	53	28	35	41	24	0	49	46	7	11	5	1	36	
16	43	63	8	53	32	29	41	39	68	20	53	32	34	22	24	11	54	59	29	1	40	4	0	60	49	43	24	36	55	
29	25	58	62	43	49	54	23	43	52	31	31	13	16	39	24	22	64	76	60	73	36	67	44	0	26	68	41	33	28	
14	12	36	2	26	38	41	10	30	65	18	40	28	3	68	55	9	51	65	18	47	4	21	38	17	0	5	26	20	29	
31	17	50	54	40	43	46	15	30	49	23	23	3	8	86	60	14	56	44	62	7	19	56	55	78	34	0	26	10	34	
29	31	10	9	19	57	15	29	45	61	34	50	19	22	59	30	8	40	38	25	33	4	47	15	64	62	29	0	39	2	
53	13	44	43	53	62	49	34	32	77	42	5	21	27	93	64	33	74	33	58	41	8	62	49	93	86	63	5	0	36	
58	33	19	70	53	38	52	31	33	57	20	59	11	24	61	67	30	72	40	64	30	5	65	10	80	83	66	58	41	0	
M4
0	6	96	7	81	91	12	91	13	76	108	12	89	80	87	70	75	14	72	44	28	20	4	49	49	42	55	74	44	37	
16	0	51	34	50	31	1	40	38	79	25	57	43	7	47	59	36	31	56	87	75	10	22	50	10	10	67	20	40	89	
52	31	0	50	11	70	10	40	4	61	93	45	22	73	79	80	53	77	62	34	6	33	19	64	64	24	67	76	29	53	
54	27	76	0	48	22	12	31	53	79	60	27	42	18	21	38	75	42	16	63	45	1	37	50	55	62	21	67	47	49	
81	69	59	51	0	43	67	72	66	31	45	76	21	25	60	51	54	29	29	82	53	51	23	68	62	75	34	28	52	7	
42	55	22	65	2	0	21	19	14	70	34	34	60	38	35	45	35	62	68	87	51	46	62	64	21	52	46	50	35	46	
50	47	53	64	73	68	0	82	43	56	73	118	75	88	98	71	11	75	53	21	68	66	84	75	63	99	78	22	48	25	
8	21	51	83	2	15	83	0	83	70	78	22	60	64	51	33	77	68	68	98	30	12	47	66	92	55	12	67	1	46	
30	43	61	59	3	37	86	7	0	71	60	44	61	65	57	1	35	33	69	62	52	34	63	83	75	77	34	30	23	47	
51	21	74	41	26	100	85	91	66	0	78	93	68	88	34	93	52	92	78	82	5	29	86	57	54	66	97	83	72	70	
45	16	37	26	21	33	50	48	76	89	0	56	59	66	96	14	5	68	87	103	46	17	63	59	103	81	29	6	56	65	
87	78	55	7	94	51	75	77	56	66	105	0	37	85	24	83	6	70	68	56	69	27	79	15	49	50	93	45	73	33	
45	19	72	43	39	52	69	22	42	14	56	59	0	101	88	65	4	58	77	35	3	49	84	58	98	50	49	82	38	62	
67	52	35	4	33	1	66	44	26	69	19	54	66	0	17	53	44	1	61	69	52	32	1	20	14	75	62	28	60	77	
58	71	76	44	52	57	29	35	10	44	59	72	27	94	0	37	60	53	22	30	59	62	45	7	73	68	62	45	51	55	
48	49	63	74	42	55	67	25	48	20	44	49	65	67	16	0	16	72	60	49	11	4	83	30	31	72	23	32	41	80	
32	36	9	64	26	39	26	9	64	65	66	46	73	75	32	47	0	2	76	44	10	36	71	61	57	30	36	22	5	56	
50	63	38	89	35	57	3	27	62	78	95	64	73	93	61	75	79	0	82	27	34	54	49	28	57	18	25	47	43	77	
57	46	41	3	32	16	19	83	58	70	93	46	75	53	26	85	95	12	0	37	55	37	35	55	32	27	26	32	28	14	
58	80	41	85	45	16	19	96	8	71	52	85	78	63	54	86	63	65	63	0	16	14	32	77	73	77	26	67	29	59	
2	67	25	65	74	51	42	57	90	11	65	63	19	61	73	68	3	67	54	64	0	23	85	18	77	17	49	79	23	25	
36	39	90	20	57	25	68	52	15	44	84	66	1	77	49	39	34	71	93	18	33	0	13	50	58	61	74	59	7	84	
31	44	53	30	65	66	57	48	4	33	69	14	58	42	58	27	35	19	59	74	78	74	0	6	6	35	22	35	64	44	
35	76	72	43	59	41	59	48	50	2	54	85	28	77	53	11	46	52	21	77	60	33	75	0	72	67	32	41	53	54	
36	16	25	41	70	38	63	81	32	61	48	71	30	14	54	76	63	38	98	89	50	51	38	57	0	105	44	7	57	75	
26	28	62	81	15	28	9	87	62	16	95	29	37	56	30	89	62	80	59	82	15	82	75	52	93	0	86	80	27	39	
15	12	31	30	59	43	26	60	16	13	78	20	22	53	53	1	55	39	8	59	31	64	61	66	57	54	0	59	3	41	
52	68	4	15	83	86	29	66	88	69	47	73	26	73	63	48	59	35	69	90	58	17	45	26	90	71	42	0	23	94	
4	26	93	57	65	69	76	48	57	88	52	85	74	45	25	84	77	69	69	77	93	75	69	54	82	29	75	66	0	65	
64	86	69	38	60	58	61	82	23	78	111	66	54	84	68	26	46	54	23	79	52	17	13	11	48	69	68	38	70	0	
M5
0	44	1	34	11	29	47	9	18	28	23	11	31	31	22	34	22	18	22	41	60	17	21	1	7	61	41	56	1	29	
54	0	42	44	29	47	48	77	60	46	46	64	28	41	50	52	64	27	49	44	71	13	39	19	45	64	59	82	6	57	
66	18	0	41	25	28	46	73	76	42	15	53	54	65	46	28	62	16	45	39	34	6	35	15	37	59	55	72	22	52	
76	37	51	0	48	24	46	81	55	12	47	54	26	68	14	15	55	36	16	59	69	36	33	55	57	67	12	72	28	6	
58	56	13	21	0	6	24	63	55	46	40	55	17	60	57	11	25	27	70	50	39	11	52	49	4	70	53	46	10	51	
31	38	34	42	30	0	48	6	42	20	20	7	28	27	51	33	62	19	45	42	64	53	40	20	40	58	60	68	52	5	
39	28	42	44	40	58	0	87	45	47	21	31	39	5	14	19	47	27	6	50	44	9	33	45	15	36	12	33	1	55	
20	56	42	31	48	66	37	0	31	65	9	41	17	33	62	22	62	27	46	36	72	67	58	38	48	56	53	69	70	48	
37	24	37	40	24	25	53	72	0	41	1	27	35	1	38	47	43	23	3	12	33	24	16	14	18	31	39	26	43	25	
79	53	56	64	65	73	4	85	63	0	46	6	34	30	46	64	72	44	48	67	69	87	65	69	17	61	44	22	87	42	
69	34	29	50	30	48	4	78	49	35	0	47	4	47	11	29	67	14	44	18	7	53	20	20	35	38	31	30	52	31	
60	2	3	5	30	15	33	72	36	47	43	0	59	49	51	19	55	3	26	26	62	31	40	20	21	23	53	59	49	39	
58	49	16	56	36	54	11	84	36	53	27	38	0	34	50	46	66	1	51	24	73	47	46	26	22	44	27	57	58	25	
74	21	35	37	33	51	50	98	55	40	14	24	32	0	69	56	40	20	16	43	37	56	35	45	15	29	65	39	55	48	
54	7	28	47	18	36	40	57	30	75	17	24	20	43	0	2	42	30	45	47	39	41	3	49	34	37	56	68	26	54	
90	66	48	23	60	34	31	83	46	76	59	16	87	59	67	0	12	33	61	48	27	29	70	50	54	51	75	46	82	61	
75	31	49	57	42	60	23	50	54	73	41	45	44	37	8	26	0	54	45	71	39	65	27	46	28	61	80	78	36	78	
49	50	7	47	27	45	22	75	83	44	44	29	56	83	41	50	64	0	44	15	66	38	37	17	13	35	42	48	49	28	
60	48	35	45	22	40	58	66	12	39	25	29	51	25	43	45	59	47	0	36	57	45	32	12	38	55	52	50	13	49	
50	48	24	31	11	29	47	59	70	28	28	65	40	67	25	34	48	50	31	0	62	34	21	1	27	19	26	69	33	12	
1	19	55	13	61	68	50	8	44	34	17	50	30	29	73	6	18	40	47	49	0	18	22	51	46	60	14	58	66	61	
9	5	38	44	40	23	53	33	19	23	21	31	39	5	36	17	47	23	13	43	18	0	42	38	22	36	31	46	52	1	
74	24	39	70	43	34	1	79	54	66	47	57	14	31	36	54	73	24	15	47	22	16	0	49	45	62	50	17	55	48	
71	45	14	24	1	19	37	49	60	18	18	62	30	57	22	24	38	40	21	43	52	24	11	0	17	63	31	59	23	56	
56	63	42	52	29	14	65	71	44	29	40	8	58	57	50	9	6	35	17	58	14	52	39	19	0	38	59	82	51	70	
50	58	34	41	21	5	29	62	54	38	21	47	9	41	35	44	58	19	41	9	18	44	31	11	37	0	9	75	5	22	
67	25	39	41	34	52	26	81	23	44	18	28	36	2	55	57	44	24	20	35	41	46	39	24	19	33	0	43	19	48	
6	24	38	40	36	54	34	40	37	43	8	27	14	1	33	51	12	23	19	46	15	32	38	48	18	32	44	0	58	48	
11	33	53	63	40	54	10	83	17	12	30	50	46	30	10	28	68	52	32	41	62	53	29	30	47	60	68	40	0	48	
12	36	27	37	14	32	50	39	19	13	31	9	43	32	35	37	8	53	34	34	64	37	5	4	30	54	17	13	36	0	
M6
0	13	30	36	47	53	68	25	47	10	9	47	40	8	13	71	70	42	58	67	12	63	19	41	55	16	64	59	76	67	
17	0	40	7	28	10	65	27	4	61	86	23	24	49	23	63	41	52	61	42	31	20	31	51	12	30	28	16	69	31	
27	35	0	61	57	12	63	29	69	45	2	25	30	13	8	17	33	37	42	46	35	7	15	36	51	4	21	39	85	33	
37	1	63	0	55	22	57	39	26	48	64	5	40	61	46	75	20	27	30	73	8	51	43	74	39	42	48	47	85	43	
39	50	74	25	0	62	20	13	74	70	79	54	58	90	57	101	42	16	33	62	29	19	60	30	54	78	36	85	31	56	
3	49	29	81	63	0	75	5	75	78	67	1	6	27	45	41	83	74	70	85	30	25	9	42	88	8	14	64	91	9	
23	71	39	75	56	84	0	60	26	44	84	47	10	42	22	83	25	51	13	56	17	62	36	50	65	38	1	81	35	8	
55	8	26	45	66	48	19	0	42	81	67	61	57	44	61	87	72	2	17	51	59	58	69	50	50	20	48	54	11	1	
21	63	48	65	35	37	46	48	0	68	62	50	31	15	31	84	92	9	59	29	24	71	45	13	19	43	35	67	65	52	
59	72	43	47	58	93	62	16	42	0	72	50	88	84	95	7	13	34	1	44	79	36	55	44	63	17	79	57	56	61	
30	43	71	46	4	38	41	34	62	54	0	51	56	37	66	91	16	37	26	69	50	26	53	32	65	30	25	16	52	7	
33	59	75	36	41	82	37	27	55	44	12	0	62	64	87	33	16	71	53	53	25	40	66	63	25	17	1	17	82	53	
22	65	50	61	65	72	71	49	18	75	84	70	0	67	64	47	43	31	13	28	71	92	2	38	60	84	20	20	68	61	
26	9	52	12	65	11	74	28	43	46	52	24	29	0	55	64	56	58	66	31	32	48	32	41	51	31	37	55	88	31	
67	47	15	51	57	71	53	61	81	90	61	32	70	62	0	59	79	27	43	52	41	61	12	26	41	63	57	92	75	67	
38	57	28	44	13	23	50	40	75	58	24	36	41	50	25	0	72	46	62	79	44	49	39	17	52	43	49	3	61	44	
43	27	60	21	75	28	30	16	61	28	58	41	46	6	52	81	0	3	71	38	11	65	49	42	62	48	54	29	82	49	
60	56	38	47	43	93	80	73	32	63	84	71	45	34	81	32	86	0	93	56	46	36	24	65	27	49	17	8	78	49	
17	54	8	30	39	64	45	21	64	49	30	29	56	49	60	57	48	72	0	2	45	57	67	12	32	56	48	42	14	19	
10	56	17	31	32	64	38	40	57	42	54	60	49	74	69	50	75	65	61	0	38	68	76	5	27	51	43	35	52	42	
62	53	30	28	79	74	55	83	78	4	76	35	84	24	20	24	72	18	65	55	0	36	22	48	63	21	6	82	32	52	
16	43	51	18	48	64	53	60	29	53	43	36	50	98	34	55	52	18	71	88	43	0	48	25	77	84	59	74	77	60	
48	36	44	64	22	41	59	52	44	55	87	27	46	80	32	26	79	48	37	46	14	58	0	56	6	30	22	69	63	62	
55	62	53	88	46	82	4	6	58	76	20	44	15	74	36	97	57	63	45	88	45	82	50	0	30	54	33	76	67	12	
61	33	68	47	5	66	42	35	60	38	70	76	29	73	51	84	62	38	55	68	8	41	50	52	0	13	5	52	46	61	
22	68	26	78	78	7	36	24	72	54	52	20	25	46	64	60	42	78	77	80	49	12	17	3	62	0	33	72	65	28	
31	32	56	29	5	66	42	18	42	46	50	58	30	92	60	17	56	38	7	50	51	41	63	52	74	8	0	69	32	67	
14	28	52	3	14	49	51	44	53	17	91	32	7	9	35	72	47	16	57	86	19	34	11	44	11	35	27	0	62	3	
28	31	54	6	37	13	74	30	56	70	9	26	16	52	70	59	13	57	60	66	27	50	34	67	21	33	37	44	0	34	
30	37	37	44	2	77	39	21	54	10	57	7	52	39	67	68	50	22	52	15	35	3	14	8	16	40	32	9	50	0	
M7
0	41	63	47	28	49	61	63	44	34	14	62	60	59	69	35	60	25	37	51	39	55	45	61	14	40	22	96	53	64	
60	0	47	19	39	61	71	21	65	51	66	57	79	76	2	11	3	34	13	27	40	29	54	29	47	17	61	26	61	61	
44	33	0	9	10	13	25	27	46	33	31	51	14	50	14	27	48	42	29	40	89	16	55	33	63	14	44	77	44	28	
72	43	43	0	68	103	49	66	59	64	44	58	75	19	56	95	47	12	71	54	27	8	65	24	45	57	50	68	40	66	
67	24	13	51	0	68	23	77	14	1	37	64	18	18	49	18	49	48	20	34	87	15	72	11	54	24	95	66	73	68	
26	15	32	51	37	0	7	9	60	33	13	33	60	61	27	9	39	24	11	22	71	26	37	62	45	15	55	59	26	10	
48	54	60	61	25	82	0	96	61	44	38	62	65	23	69	53	22	49	55	64	33	62	22	58	69	59	77	62	31	52	
73	6	3	32	52	50	55	0	10	64	68	70	20	48	64	24	39	61	7	40	61	44	85	85	59	30	76	62	81	65	
85	63	54	56	19	73	48	12	0	6	43	58	30	40	48	59	86	54	61	53	110	37	77	52	76	65	63	1	75	59	
61	50	31	13	37	30	42	44	73	0	35	68	68	77	11	44	43	46	45	57	106	57	34	55	80	46	86	94	61	45	
48	53	55	39	20	53	38	58	40	10	0	73	60	43	45	47	36	1	17	43	79	57	70	39	50	53	54	92	29	68	
26	10	40	13	6	54	51	68	42	29	47	0	46	3	44	4	24	26	6	20	72	24	78	39	40	10	55	54	42	52	
43	70	55	67	39	86	62	24	48	31	46	27	0	63	34	64	46	31	38	10	22	37	8	72	58	56	69	21	13	49	
37	26	57	40	55	51	63	9	37	8	29	37	25	0	31	65	20	40	54	26	62	30	60	78	58	33	15	17	30	14	
79	36	50	6	15	80	60	6	51	38	58	76	55	55	0	30	23	67	32	46	96	36	16	48	66	36	67	100	71	55	
48	5	35	68	27	49	61	63	53	39	67	45	67	67	39	0	35	36	1	15	94	19	79	60	35	5	77	82	64	49	
37	34	37	40	23	32	44	46	37	46	50	55	63	63	18	46	0	56	48	37	62	60	74	56	46	33	15	74	15	47	
55	51	62	19	43	76	18	38	28	33	13	53	44	23	25	70	16	0	40	23	62	73	50	62	73	57	39	80	9	91	
59	16	46	27	38	60	26	5	13	42	22	52	70	18	50	10	46	12	0	26	47	30	15	71	46	16	53	65	22	54	
15	55	27	41	50	71	34	60	20	55	35	12	66	45	6	49	18	3	10	0	61	69	67	54	36	55	44	49	31	86	
28	64	98	21	63	74	84	87	79	34	41	38	82	74	82	70	30	47	23	79	0	78	74	67	37	3	57	102	75	67	
45	63	20	21	59	59	71	39	45	49	58	20	54	42	43	57	70	42	23	38	70	0	50	92	66	41	23	75	1	26	
14	58	47	68	12	64	57	78	33	35	35	47	25	52	31	52	11	46	38	39	60	28	0	45	20	58	43	74	43	27	
60	49	66	77	31	29	41	43	67	27	47	33	38	64	61	43	73	39	45	56	29	60	36	0	68	21	89	23	43	44	
33	5	21	18	40	19	31	29	33	45	25	47	48	42	51	12	6	25	14	28	26	32	56	73	0	18	11	58	7	34	
6	52	56	60	31	48	60	62	49	47	27	37	27	71	35	46	16	32	39	11	52	66	54	64	27	0	35	12	60	63	
5	53	41	8	40	61	61	68	5	20	26	23	31	59	68	47	30	24	49	63	30	67	57	53	26	1	0	57	52	52	
47	44	61	30	56	24	36	36	53	62	42	17	23	53	56	38	54	52	40	46	75	19	2	22	56	16	50	0	55	39	
27	21	38	57	43	1	13	15	66	39	19	25	1	61	33	15	45	30	17	28	70	32	13	68	48	21	56	64	0	16	
37	49	49	33	54	29	41	43	42	15	47	15	65	51	9	43	40	25	32	4	71	8	38	65	58	49	63	41	8	0	
