30  4  1
4
	0	84	1	23	2	5	3	49
	0	56	1	67	2	50	3	78
	0	36	1	88	2	48	3	68
	0	61	1	69	2	84	3	4
	0	46	1	36	2	2	3	70
	0	100	1	51	2	79	3	86
	0	54	1	80	2	67	3	67
	0	88	1	33	2	78	3	56
	0	51	1	1	2	59	3	27
	0	13	1	32	2	68	3	62
	0	4	1	24	2	42	3	43
	0	9	1	34	2	34	3	18
	0	32	1	30	2	46	3	20
	0	64	1	19	2	92	3	67
	0	93	1	46	2	65	3	58
	0	54	1	45	2	97	3	43
	0	13	1	74	2	32	3	47
	0	14	1	84	2	44	3	47
	0	49	1	85	2	85	3	67
	0	32	1	21	2	38	3	19
	0	72	1	68	2	3	3	96
	0	85	1	4	2	54	3	27
	0	93	1	34	2	31	3	18
	0	96	1	50	2	73	3	56
	0	13	1	75	2	84	3	45
	0	29	1	10	2	4	3	3
	0	5	1	85	2	29	3	40
	0	14	1	90	2	82	3	84
	0	33	1	29	2	54	3	49
	0	99	1	26	2	51	3	38
SSD
M0
0	47	59	21	46	48	20	35	57	53	75	55	44	15	16	55	64	71	31	75	68	90	55	71	95	93	37	79	4	31	
22	0	52	25	34	71	22	35	31	62	7	20	20	14	50	10	52	11	40	56	40	41	18	47	71	41	55	21	39	35	
59	60	0	66	34	65	60	52	54	86	40	53	24	47	86	43	47	51	34	7	33	7	51	74	83	85	50	65	59	50	
57	55	29	0	25	8	8	22	40	45	25	38	68	21	30	14	6	20	41	25	16	47	36	14	84	42	73	56	59	21	
58	31	37	32	0	37	33	83	55	17	41	54	60	7	48	49	57	35	73	17	30	31	52	48	59	31	25	11	55	38	
61	24	82	41	28	0	5	47	56	61	41	54	48	48	40	15	22	36	62	37	45	68	26	63	73	37	14	71	78	32	
57	27	36	50	25	5	0	17	22	40	62	47	21	52	97	18	94	2	58	55	48	34	32	4	22	60	17	40	83	59	
75	25	18	25	25	4	53	0	40	37	25	38	58	32	44	38	6	20	49	15	51	52	36	52	79	46	44	63	39	21	
18	26	88	23	15	66	57	62	0	64	20	33	67	27	34	34	61	50	6	24	44	82	31	26	97	72	16	64	75	48	
28	59	62	2	28	62	3	74	25	0	43	50	34	50	49	23	69	5	45	56	32	33	54	50	29	33	49	13	57	56	
48	42	78	30	46	86	60	38	46	51	0	9	64	3	42	37	41	26	84	45	35	58	7	36	93	72	44	77	69	24	
40	61	60	46	31	68	75	20	28	59	25	0	93	17	71	19	47	8	85	74	17	40	36	47	88	54	73	66	67	6	
28	8	54	60	73	65	56	50	47	45	68	61	0	37	85	43	93	63	5	72	7	63	79	61	27	65	71	45	74	64	
11	53	24	25	36	23	26	72	35	10	66	73	13	0	69	46	49	28	27	67	52	56	5	73	52	56	72	36	32	41	
46	18	79	35	22	29	73	31	57	62	25	38	17	2	0	5	23	37	30	70	51	41	36	65	67	54	73	34	70	27	
20	60	32	45	41	78	78	33	38	69	14	24	42	21	25	0	59	18	73	63	23	31	25	54	72	87	62	76	87	29	
56	52	71	6	6	61	37	48	21	26	6	19	73	13	52	42	0	1	30	55	45	33	17	33	68	62	54	52	79	2	
41	63	56	52	9	46	53	60	6	37	65	31	80	57	91	27	87	0	63	52	57	18	73	43	79	64	53	44	77	46	
66	8	35	48	19	11	2	56	24	65	14	27	66	21	60	55	59	33	0	53	46	47	25	54	47	43	62	27	20	42	
71	51	35	27	27	82	58	69	15	47	27	40	11	16	73	4	8	22	48	0	4	48	38	54	70	49	75	36	80	23	
28	61	57	37	22	64	23	13	43	35	37	6	79	32	83	18	18	23	4	36	0	37	20	54	24	32	68	17	46	21	
16	41	52	63	45	31	62	55	41	74	73	68	49	12	107	64	108	23	43	69	62	0	80	80	108	83	31	63	97	40	
67	23	25	4	35	51	73	86	32	63	49	57	14	49	60	22	68	12	51	30	39	33	0	14	73	41	34	21	54	12	
80	55	94	79	47	35	4	67	45	65	75	58	79	18	97	53	89	25	74	68	84	57	19	0	76	92	75	83	57	28	
46	41	20	20	45	80	21	50	27	5	35	21	52	42	67	41	75	23	43	48	24	25	46	42	0	25	31	5	49	24	
43	70	67	13	40	26	18	40	40	2	40	53	49	47	64	38	21	20	60	71	47	43	51	65	44	0	64	28	12	4	
83	5	92	74	9	83	83	65	73	72	40	53	54	30	86	29	72	53	43	33	26	72	51	51	105	51	0	52	61	68	
68	62	72	36	66	61	51	58	56	35	16	29	58	23	62	47	56	46	81	29	5	6	27	23	39	6	57	0	30	29	
24	35	22	31	25	16	32	31	54	16	38	18	13	44	78	46	74	34	50	63	44	62	18	34	58	62	25	42	0	24	
76	30	14	7	11	58	51	73	71	35	45	58	74	52	91	14	39	51	55	57	50	13	10	76	77	4	20	40	45	0	
M1
0	58	1	55	70	43	78	46	60	56	65	45	36	45	47	39	74	30	8	22	70	53	49	38	22	36	9	78	9	12	
3	0	27	81	53	62	57	45	63	82	53	62	62	62	68	30	16	50	34	21	17	55	31	64	48	46	35	30	35	31	
16	54	0	86	55	52	75	70	44	90	54	73	73	26	53	76	66	26	47	60	73	49	10	26	9	43	46	79	48	51	
1	24	25	0	20	35	52	33	27	58	3	45	43	26	28	55	40	48	32	31	43	19	68	28	46	22	29	55	31	36	
44	14	32	3	0	25	42	6	17	59	41	24	33	3	25	47	30	38	20	31	13	9	12	18	44	14	19	51	30	49	
10	6	14	48	10	0	34	47	9	22	33	27	25	8	35	14	22	30	22	23	25	1	52	10	36	6	11	12	22	12	
64	46	32	30	34	3	0	31	49	22	50	67	65	48	44	31	62	8	2	7	65	41	68	32	74	37	48	1	62	66	
54	64	33	49	54	46	30	0	40	46	64	11	78	36	42	47	69	47	82	64	76	59	20	53	49	47	42	12	71	82	
43	28	24	61	22	7	56	47	0	58	46	49	37	30	57	39	44	52	62	23	47	23	70	32	58	6	1	70	40	41	
46	10	13	63	25	10	38	47	2	0	37	31	29	12	39	7	26	34	36	26	29	5	66	14	40	9	4	31	26	44	
35	51	59	39	1	36	51	42	54	31	0	61	70	38	1	70	43	70	42	65	50	46	44	26	24	51	56	76	4	70	
62	43	46	48	9	1	22	51	35	1	48	0	62	45	43	2	59	7	65	59	31	38	57	35	4	42	20	57	59	64	
50	40	36	67	34	19	66	3	11	32	58	47	0	42	56	8	56	6	62	35	4	35	56	44	1	18	13	48	52	53	
22	9	27	41	35	20	37	25	12	45	36	30	28	0	8	36	21	33	53	26	28	4	59	13	39	9	14	70	19	44	
77	34	89	20	43	46	4	56	70	70	18	35	63	53	0	69	85	31	55	91	51	76	64	15	64	77	36	85	30	42	
60	29	47	14	55	1	52	47	32	72	56	50	48	19	46	0	13	53	74	46	48	24	32	33	59	29	19	10	33	64	
47	32	28	67	57	42	38	36	34	39	45	53	41	34	61	18	0	56	29	27	24	27	1	5	58	10	27	73	44	45	
20	4	33	69	31	53	23	7	63	61	6	51	71	37	31	49	70	0	51	57	79	55	60	56	49	40	10	42	34	22	
54	23	31	53	49	6	29	35	26	66	50	44	42	13	40	4	39	47	0	40	42	18	11	27	53	23	1	39	35	58	
46	18	9	62	44	29	46	3	21	71	22	39	37	20	47	3	34	8	18	0	37	13	56	22	48	9	20	47	34	44	
51	36	32	60	21	6	41	55	7	58	54	41	45	38	42	25	9	60	51	31	0	31	44	40	66	14	9	23	4	49	
38	1	19	54	27	12	29	42	4	57	28	22	20	3	30	34	17	25	53	18	20	0	57	5	31	1	6	75	17	36	
62	26	43	69	35	26	46	51	18	65	10	47	45	28	35	39	33	50	66	27	45	21	0	30	56	25	20	88	17	60	
37	64	33	85	79	44	78	15	68	55	84	39	76	37	39	56	69	30	6	58	26	60	41	0	21	45	30	60	1	29	
34	50	30	40	29	50	56	35	42	8	4	29	64	52	29	35	15	8	24	11	10	45	72	18	0	40	24	71	32	57	
27	12	8	65	37	22	40	31	14	52	39	33	21	14	41	23	28	36	46	7	31	7	64	16	42	0	7	75	24	25	
12	58	36	22	55	47	62	65	50	16	85	12	71	31	58	31	55	23	18	53	73	53	57	62	50	51	0	68	44	47	
50	1	31	59	29	14	63	54	6	40	53	56	36	37	36	30	51	52	69	30	54	30	43	39	7	13	8	0	47	3	
48	34	53	67	49	14	59	51	38	25	55	45	54	7	9	62	39	59	79	52	54	30	11	39	44	35	40	43	0	65	
66	39	52	30	44	5	40	25	27	78	58	50	25	52	70	1	37	23	62	23	47	46	14	55	56	34	29	56	63	0	
M2
0	91	28	44	82	64	35	39	81	90	43	59	94	72	38	30	49	29	74	32	67	8	86	73	89	55	74	13	34	20	
42	0	36	46	32	48	34	17	22	5	38	4	1	31	34	31	32	64	42	22	11	37	30	6	43	5	24	26	27	28	
18	70	0	67	50	66	58	58	74	97	56	65	91	50	61	53	18	52	75	55	85	31	83	67	69	75	28	36	57	43	
9	23	42	0	94	6	18	53	17	78	52	73	74	54	52	36	63	43	88	46	81	22	57	32	22	69	88	7	48	34	
57	33	64	74	0	14	20	6	22	57	4	45	39	45	57	59	60	91	31	52	45	70	64	47	61	33	8	75	25	47	
54	37	29	31	15	0	37	13	15	3	18	46	52	20	20	57	66	81	8	2	12	28	31	12	8	50	25	52	28	42	
45	42	39	49	30	46	0	2	40	69	36	19	11	60	12	19	33	31	45	27	20	46	39	19	46	8	27	18	30	48	
12	73	45	60	50	66	52	0	74	102	56	16	78	68	55	13	66	46	83	49	78	25	96	90	34	66	19	30	12	33	
6	32	39	55	30	19	8	13	0	87	36	59	47	58	30	41	19	40	56	43	7	19	7	3	7	65	22	24	9	31	
32	42	36	35	32	48	25	23	13	0	4	24	17	40	40	31	1	42	42	10	17	20	25	34	43	5	24	50	27	37	
11	9	44	60	27	16	49	11	25	64	0	38	41	28	28	37	44	45	60	48	5	24	24	1	38	48	1	29	50	1	
72	23	85	101	89	60	61	89	27	55	67	0	28	81	95	3	51	95	51	95	83	55	81	79	37	78	97	2	86	86	
16	59	49	65	24	40	46	32	48	42	30	71	0	7	41	3	54	50	57	40	35	29	54	9	1	59	34	34	51	41	
51	75	23	2	40	51	62	48	64	34	46	83	13	0	22	43	42	64	73	35	76	59	81	2	53	64	50	69	67	76	
40	40	34	44	30	46	32	21	35	6	36	22	55	5	0	29	30	24	29	22	15	4	27	78	41	3	22	55	11	65	
45	45	39	37	35	46	15	15	4	69	41	27	58	49	43	0	35	3	45	8	20	46	39	44	46	8	27	60	5	15	
38	37	17	59	90	104	15	11	51	67	83	69	59	7	79	73	0	72	95	75	75	51	39	72	32	63	32	23	77	7	
12	30	45	12	25	41	47	27	33	22	31	72	59	43	36	13	46	0	58	49	21	10	31	50	32	60	35	30	47	6	
55	49	73	30	14	30	36	22	38	73	9	61	18	8	66	10	76	61	0	68	43	68	62	30	65	49	24	73	21	51	
66	80	55	10	84	100	5	15	34	23	90	48	48	65	84	17	26	41	19	0	69	79	70	91	19	57	46	49	15	65	
39	22	72	88	20	36	42	3	17	77	26	49	37	67	20	56	70	69	53	49	0	23	16	69	30	55	12	37	47	64	
47	29	37	43	37	4	10	28	24	68	43	29	32	10	45	36	37	65	47	29	22	0	41	20	48	10	29	16	32	72	
50	33	66	76	31	46	53	14	17	61	37	24	48	64	31	56	70	69	64	36	8	13	0	37	41	43	23	48	58	75	
35	62	68	84	55	2	41	43	55	84	61	62	19	72	14	68	79	69	88	72	37	13	7	0	12	77	44	53	74	60	
63	53	57	49	53	69	13	44	55	84	46	45	78	81	61	52	53	97	63	45	38	49	57	38	0	26	45	78	48	70	
33	33	27	37	23	39	25	14	28	57	29	15	48	62	31	22	23	67	33	15	8	34	27	72	34	0	15	48	18	58	
45	55	49	59	45	61	47	36	39	54	51	8	70	84	20	44	45	79	41	37	30	52	49	94	26	18	0	40	20	70	
61	40	66	81	5	21	27	13	29	64	8	52	46	52	11	66	56	64	38	59	49	74	68	51	24	40	15	0	32	2	
71	11	33	74	56	72	63	52	66	66	62	18	49	48	21	27	25	71	40	26	46	61	65	42	63	34	8	14	0	35	
55	76	13	91	62	78	67	61	10	55	25	26	33	53	21	63	20	78	40	57	55	26	16	14	66	50	68	62	72	0	
M3
0	37	28	55	26	31	53	33	26	78	45	33	63	19	60	45	25	38	53	17	66	59	35	15	41	15	12	49	49	39	
89	0	80	77	80	73	22	7	70	14	71	53	39	63	66	33	20	19	55	71	63	44	70	65	3	91	18	61	68	79	
10	58	0	38	52	10	13	54	73	71	53	92	21	45	94	66	51	8	58	50	15	73	20	65	61	41	55	42	15	65	
63	73	83	0	32	62	7	59	46	94	70	83	42	56	90	88	87	24	16	88	20	87	62	81	77	77	68	80	85	58	
37	22	59	45	0	41	38	75	68	58	30	70	48	47	29	68	44	32	47	2	14	44	73	71	6	94	87	77	91	38	
62	30	30	56	34	0	11	72	56	67	67	2	72	30	59	14	36	52	76	78	11	82	58	37	86	57	66	34	38	81	
36	52	62	51	61	64	0	41	38	82	60	53	50	6	21	46	53	55	68	32	5	32	31	90	42	52	95	72	77	68	
50	35	71	27	63	59	38	0	77	5	42	68	61	29	77	66	68	50	36	15	51	27	37	37	39	58	99	1	94	51	
50	30	17	73	15	20	32	42	0	69	57	55	68	3	68	23	14	30	3	68	30	14	24	47	33	4	30	7	78	28	
51	43	6	20	37	38	31	19	70	0	44	65	12	18	10	49	36	29	6	49	36	24	5	45	11	26	39	46	27	3	
64	32	32	4	36	32	15	62	54	63	0	4	50	32	21	18	38	32	24	72	28	81	28	41	11	49	68	20	85	66	
42	10	10	36	14	10	47	72	78	61	47	0	52	10	94	67	16	32	56	82	15	75	38	19	66	37	46	34	63	61	
81	32	21	18	34	14	29	63	68	32	12	59	0	4	76	73	92	46	38	74	4	106	78	83	66	99	90	37	23	80	
10	45	36	59	11	40	22	41	11	60	63	76	67	0	52	7	38	31	9	35	21	35	7	66	57	28	68	13	83	26	
82	43	4	76	14	13	4	65	40	21	63	28	91	56	0	31	57	55	12	75	14	14	31	31	52	52	87	64	81	65	
69	34	41	9	39	29	20	41	59	10	79	38	55	35	2	0	38	12	29	51	33	60	7	29	57	28	67	37	91	45	
51	61	48	58	46	51	40	32	54	10	18	65	67	58	34	56	0	61	29	61	52	79	55	64	37	35	53	56	55	13	
75	51	28	38	58	38	49	76	18	56	36	70	4	28	47	68	59	0	28	77	25	59	67	10	6	49	29	25	47	27	
40	25	21	48	19	24	41	62	39	74	16	63	51	50	60	38	17	34	0	5	72	47	28	83	29	8	12	24	25	32	
16	1	68	24	60	55	17	54	74	56	9	56	27	26	49	47	58	52	26	0	48	23	67	68	5	80	77	60	70	17	
32	43	40	52	38	39	63	1	86	39	60	72	66	11	3	44	37	30	64	50	0	59	6	58	24	27	74	50	90	7	
72	42	42	64	46	5	75	53	101	65	22	14	84	23	30	12	48	64	84	63	19	0	62	32	76	69	78	23	54	24	
44	20	16	69	14	15	58	16	71	67	54	76	42	66	72	33	13	6	41	26	62	35	0	53	32	3	50	52	66	27	
62	47	48	70	42	53	40	82	74	60	55	62	73	10	40	60	3	87	60	27	6	21	65	0	51	85	80	30	45	37	
41	46	47	69	51	47	5	25	110	7	36	19	72	47	79	73	10	46	42	26	29	57	22	26	0	43	83	71	49	62	
69	23	10	66	8	13	52	51	72	64	50	90	74	66	66	27	7	23	35	61	90	70	17	72	26	0	44	46	93	21	
48	20	69	56	22	47	49	12	30	49	41	56	28	52	8	54	67	75	19	13	38	15	79	47	12	61	0	3	10	49	
31	35	38	58	68	36	11	11	106	31	43	45	61	54	41	43	67	54	57	15	19	4	69	15	39	57	90	0	33	51	
58	59	65	54	76	74	15	86	92	7	63	83	53	15	47	2	70	57	34	87	59	48	52	11	80	73	93	14	0	10	
10	11	17	7	28	71	18	70	57	9	15	62	53	7	7	71	65	12	27	39	31	79	73	13	63	55	71	5	61	0	
