30  6  1
6
	0	13	1	29	2	22	3	27	4	90	5	47
	0	26	1	78	2	23	3	33	4	16	5	73
	0	15	1	70	2	89	3	39	4	1	5	73
	0	7	1	59	2	100	3	69	4	62	5	47
	0	58	1	49	2	30	3	6	4	76	5	94
	0	18	1	20	2	8	3	9	4	11	5	70
	0	74	1	7	2	69	3	73	4	38	5	4
	0	38	1	8	2	31	3	50	4	60	5	53
	0	14	1	94	2	19	3	48	4	37	5	50
	0	36	1	87	2	10	3	21	4	13	5	60
	0	7	1	96	2	90	3	37	4	73	5	28
	0	49	1	40	2	87	3	59	4	1	5	57
	0	22	1	41	2	22	3	95	4	90	5	81
	0	40	1	61	2	73	3	4	4	71	5	39
	0	66	1	8	2	69	3	90	4	97	5	68
	0	40	1	91	2	95	3	89	4	17	5	94
	0	11	1	45	2	19	3	81	4	26	5	28
	0	31	1	17	2	99	3	8	4	68	5	64
	0	31	1	85	2	24	3	82	4	60	5	55
	0	18	1	37	2	1	3	50	4	83	5	94
	0	99	1	21	2	56	3	65	4	71	5	54
	0	78	1	39	2	36	3	57	4	96	5	10
	0	73	1	51	2	41	3	92	4	51	5	56
	0	19	1	70	2	23	3	49	4	29	5	39
	0	67	1	39	2	8	3	24	4	40	5	96
	0	67	1	91	2	53	3	1	4	55	5	78
	0	95	1	32	2	76	3	16	4	66	5	1
	0	52	1	22	2	89	3	82	4	80	5	73
	0	21	1	24	2	64	3	98	4	67	5	21
	0	91	1	52	2	93	3	90	4	86	5	58
SSD
M0
0	68	79	72	25	66	22	86	57	74	37	41	67	37	63	63	93	26	48	81	3	6	52	48	63	1	20	86	57	55	
77	0	93	91	33	69	74	93	64	77	100	38	75	25	73	71	77	34	69	77	71	60	2	67	75	36	26	97	72	15	
50	32	0	43	7	54	62	50	21	1	1	54	49	28	27	56	38	19	12	8	12	9	56	36	27	45	36	1	52	45	
42	47	51	0	2	55	74	37	22	31	52	39	59	47	51	30	68	48	47	33	58	36	18	1	33	45	14	34	9	59	
57	36	66	8	0	45	49	52	37	38	44	54	22	54	2	41	75	33	55	48	55	51	10	8	41	55	29	49	24	26	
71	18	55	31	29	0	77	17	58	39	46	73	5	60	12	51	76	70	57	23	57	43	29	20	71	58	3	43	47	26	
63	35	21	36	40	33	0	50	57	18	37	34	10	18	63	56	43	55	48	34	40	37	3	43	63	28	52	27	10	19	
16	47	2	35	24	36	51	0	3	18	18	66	25	32	44	26	30	36	29	25	17	12	49	36	32	30	22	18	3	2	
67	30	15	18	27	19	77	17	0	31	31	49	23	22	49	55	68	49	42	23	42	39	43	26	15	64	39	31	28	31	
62	32	9	67	27	70	47	48	37	0	25	78	60	52	31	46	1	19	36	32	22	20	22	52	30	16	3	25	34	27	
60	24	36	45	47	46	77	42	13	52	0	46	41	20	19	54	56	17	4	50	4	1	52	50	19	71	28	52	44	42	
53	41	40	4	13	5	80	34	33	35	56	0	28	58	35	38	21	27	58	37	37	40	29	12	29	10	25	45	13	47	
53	6	57	4	13	1	85	36	33	12	37	50	0	42	31	24	49	59	48	42	31	16	2	12	44	31	20	45	20	45	
84	53	47	42	51	53	37	42	36	12	38	55	60	0	33	78	49	41	4	15	41	34	39	19	64	24	51	32	7	42	
48	82	51	28	37	79	77	27	57	34	55	33	68	50	0	55	71	53	54	61	9	63	7	4	68	62	49	49	44	44	
87	51	22	42	44	64	74	65	58	7	38	82	41	65	64	0	44	56	49	20	49	45	40	50	64	21	18	38	18	3	
73	55	8	57	30	58	85	51	25	24	24	77	62	51	50	59	0	42	35	31	35	28	39	55	50	4	59	24	22	15	
12	38	55	26	35	33	47	47	55	32	53	35	10	48	8	6	36	0	46	66	6	31	18	2	66	26	45	67	42	38	
49	45	30	33	29	34	65	7	1	46	46	64	38	37	45	43	63	6	0	33	41	27	23	31	30	45	54	46	9	7	
72	20	14	53	36	50	36	54	25	12	5	58	27	32	28	66	49	29	16	0	16	13	48	57	31	64	24	2	29	54	
35	6	63	42	51	66	50	80	71	36	79	68	43	57	29	9	44	2	79	59	0	54	34	35	33	22	51	79	35	47	
25	29	80	27	36	8	19	40	56	35	60	40	1	19	38	47	72	64	49	49	13	0	21	35	19	39	29	68	43	39	
79	69	25	30	39	68	42	35	59	41	41	14	76	68	8	1	53	59	52	31	52	49	0	38	67	62	51	41	46	44	
54	59	56	5	14	67	54	26	34	11	32	35	60	27	58	42	48	56	31	45	43	40	1	0	45	57	26	46	21	66	
22	46	60	31	40	52	57	52	31	27	19	55	44	12	45	68	64	43	30	29	13	12	56	38	0	36	52	49	5	55	
76	51	11	49	33	46	88	39	33	7	27	42	23	54	53	45	44	38	1	34	38	35	24	57	35	0	46	27	41	39	
26	37	40	50	22	1	23	36	64	53	56	75	24	76	31	6	73	62	67	42	42	45	32	39	82	40	0	34	64	34	
28	37	47	22	31	1	63	19	25	45	46	68	24	29	31	59	28	67	57	42	44	47	11	15	46	31	22	0	36	45	
63	41	35	14	23	71	50	26	41	33	26	53	48	26	49	51	70	50	37	3	37	6	32	12	52	15	35	23	0	29	
60	32	6	11	20	69	55	8	40	22	22	37	46	49	47	48	59	40	27	1	33	30	27	7	42	48	32	21	27	0	
M1
0	30	51	3	20	70	21	50	27	32	3	71	73	35	46	53	62	66	26	54	60	57	5	58	43	37	33	3	74	61	
75	0	48	35	55	57	60	84	15	59	41	68	5	59	69	49	4	42	17	3	17	71	6	53	72	46	12	37	99	15	
11	70	0	31	60	73	37	51	28	54	36	5	21	25	47	33	63	68	25	27	82	50	45	59	44	61	34	4	75	51	
67	50	43	0	74	22	44	72	23	59	51	68	11	36	68	51	4	56	25	58	27	18	17	4	25	42	59	29	61	63	
20	27	53	52	0	37	49	39	41	24	41	34	59	7	52	69	22	53	16	48	17	8	16	1	32	48	60	52	10	10	
63	8	1	38	64	0	2	30	54	52	40	27	60	66	39	18	53	46	41	53	16	72	29	36	1	51	60	30	54	57	
54	76	23	29	56	56	0	56	45	71	53	77	51	57	64	25	79	38	83	72	92	70	20	56	61	84	51	21	51	75	
63	44	32	38	53	16	2	0	54	14	62	63	60	66	48	34	15	35	50	15	52	37	17	53	37	40	22	30	16	49	
62	35	28	37	64	7	1	57	0	67	49	54	59	65	60	33	76	46	63	16	43	32	16	22	28	5	47	17	59	72	
37	59	45	46	39	49	56	47	30	0	33	35	3	63	10	49	15	21	46	60	9	72	11	39	6	54	41	40	18	56	
20	54	45	51	66	29	15	5	30	8	0	48	62	45	23	47	28	48	63	28	61	14	30	58	50	48	14	43	29	62	
54	71	58	3	36	67	53	43	66	65	7	0	56	74	52	41	66	56	23	45	38	5	67	66	20	44	68	42	48	6	
29	58	2	8	77	77	14	70	66	63	61	48	0	19	23	46	52	59	68	22	39	85	41	71	56	54	72	42	72	81	
19	21	68	51	5	52	38	28	51	22	51	83	85	0	58	13	51	71	50	51	71	34	53	42	40	47	57	27	16	59	
37	80	77	60	69	63	49	39	74	61	64	17	34	94	0	31	22	74	37	62	95	62	64	57	77	47	69	69	63	63	
13	55	50	45	46	29	41	31	55	53	42	56	52	15	44	0	54	52	19	41	48	1	32	48	12	41	52	45	2	45	
45	45	60	32	25	55	37	73	50	10	18	19	69	63	47	2	0	7	80	52	39	44	64	25	49	8	27	26	84	65	
52	21	65	8	1	45	35	49	26	52	34	22	45	39	23	62	53	0	62	28	51	58	41	1	42	31	3	2	60	60	
50	6	4	26	27	66	52	42	52	64	16	48	65	65	40	59	12	9	0	54	29	14	67	20	67	54	21	28	27	31	
77	105	27	44	86	103	41	79	66	101	19	39	73	96	32	34	62	86	45	0	70	62	44	79	99	9	49	68	59	85	
38	47	15	16	60	19	26	69	50	72	3	62	23	61	37	57	67	42	74	30	0	77	53	60	34	24	62	54	84	68	
10	50	17	35	18	48	43	33	31	55	2	16	12	55	11	43	41	12	38	1	8	0	44	30	36	1	32	31	4	46	
22	60	36	49	22	80	45	64	45	77	35	26	70	13	40	68	46	24	12	35	62	61	0	32	52	44	31	43	81	5	
92	29	64	59	59	52	38	28	8	50	17	86	51	43	61	70	40	71	11	51	35	65	19	0	73	37	3	48	52	38	
82	81	47	68	61	105	94	84	54	18	79	82	101	29	80	70	23	43	1	27	83	53	35	35	0	22	50	62	96	91	
53	42	35	30	63	14	12	36	27	53	35	35	52	60	10	44	11	45	41	17	50	20	39	53	35	0	33	3	7	50	
71	84	50	24	58	56	63	73	35	93	17	51	19	15	26	44	38	65	27	67	16	96	58	60	71	2	0	69	92	70	
28	76	41	5	74	49	11	25	2	28	10	46	59	53	21	43	37	56	58	29	56	56	21	33	18	42	8	0	49	77	
63	57	45	51	66	29	15	5	67	27	33	43	60	29	18	47	28	48	10	28	31	50	30	22	50	53	26	43	0	19	
58	40	54	31	24	33	38	55	32	20	40	9	13	57	46	70	41	6	37	51	58	54	9	24	48	44	10	8	79	0	
M2
0	54	21	31	67	54	46	7	4	61	10	34	75	59	25	8	47	34	32	52	11	29	13	32	62	33	56	53	36	37	
69	0	2	55	29	15	67	25	28	58	52	49	75	9	73	61	54	36	65	49	57	40	58	56	52	19	68	21	72	17	
10	33	0	35	29	15	49	19	8	35	32	38	11	33	55	40	57	26	44	26	43	33	35	12	36	15	17	25	50	30	
60	72	45	0	20	6	61	16	23	37	2	5	20	45	1	52	35	4	52	38	48	10	47	43	43	19	52	35	59	40	
76	68	77	33	0	39	77	49	31	58	8	27	55	80	57	2	66	18	88	73	56	56	68	59	71	40	73	19	44	68	
46	91	31	59	6	0	49	2	39	35	39	39	52	33	50	38	74	16	83	26	34	17	35	67	29	5	45	21	49	26	
54	93	11	29	69	55	0	65	9	80	33	39	95	78	80	31	86	21	70	71	29	34	61	37	70	38	88	3	62	46	
46	78	63	48	34	42	19	0	21	28	39	33	37	26	64	45	41	66	70	19	15	46	28	46	29	50	38	48	49	23	
26	70	47	8	44	33	27	43	0	58	5	11	67	61	52	56	58	43	72	67	54	6	33	9	42	10	62	62	62	18	
46	66	43	69	58	76	28	3	55	0	39	39	7	42	26	39	58	34	40	53	49	42	54	30	29	51	5	82	17	5	
22	48	39	67	56	74	29	39	48	26	0	12	5	14	29	52	65	62	38	54	8	28	25	28	5	27	41	53	25	30	
51	91	85	30	19	83	51	49	68	36	57	0	53	15	17	39	90	18	1	87	84	30	64	52	51	60	33	68	63	41	
67	76	14	40	29	69	44	39	78	61	67	18	0	13	44	34	39	35	11	52	46	70	25	1	62	31	54	62	17	51	
74	42	11	28	48	34	59	9	50	61	16	31	77	0	73	80	28	55	72	52	23	24	20	78	57	47	61	19	41	56	
12	14	39	65	10	52	43	41	38	56	37	37	73	46	0	6	81	58	61	48	45	50	40	66	27	18	67	58	47	52	
22	76	39	60	27	76	29	3	48	62	15	15	43	60	44	0	50	35	66	53	40	18	25	1	5	23	54	62	25	51	
39	18	43	20	25	11	23	21	38	21	32	26	36	9	57	57	0	8	69	12	53	36	21	53	22	24	14	40	42	16	
56	62	48	60	26	12	57	22	58	55	40	16	72	53	70	58	25	0	60	46	15	22	18	80	39	12	58	41	59	46	
32	95	75	5	49	58	58	61	58	78	64	35	58	90	67	14	88	72	0	83	65	77	57	81	93	35	28	56	90	27	
26	84	43	52	14	22	22	21	25	8	19	13	25	6	44	46	69	46	58	0	43	32	8	40	9	31	18	51	29	3	
7	38	11	35	24	10	43	20	8	18	27	38	35	4	54	20	1	28	61	32	0	33	35	36	42	23	33	39	45	33	
26	69	67	6	65	54	48	4	2	63	7	32	72	60	13	56	32	16	30	54	50	0	54	30	63	9	30	83	83	39	
43	84	55	64	72	58	20	47	69	34	9	63	51	86	28	72	78	5	84	92	76	76	0	74	53	10	2	55	61	49	
46	63	65	61	12	56	62	66	72	64	50	69	63	54	20	44	26	11	42	55	22	67	1	0	65	7	30	38	46	27	
9	70	26	57	56	64	16	38	35	50	2	2	67	48	56	39	78	55	63	41	42	15	33	63	0	14	60	84	12	45	
69	33	5	1	85	71	3	81	46	114	63	27	77	30	39	9	107	92	106	105	50	71	97	74	82	0	41	75	76	56	
70	6	9	61	25	16	36	26	57	53	30	32	62	38	31	57	77	40	79	44	58	41	27	85	53	29	0	34	11	4	
15	25	45	67	20	6	40	16	41	26	37	27	36	24	24	45	76	30	69	17	19	31	26	58	27	19	34	0	29	21	
39	17	42	58	13	35	35	34	38	21	32	22	38	19	57	7	64	59	71	12	7	45	21	53	22	44	31	61	0	16	
40	47	46	49	21	7	37	17	46	50	33	33	65	38	65	38	10	31	94	41	14	32	23	74	23	20	43	36	20	0	
M3
0	33	60	48	72	53	30	23	26	28	15	30	38	15	33	35	46	11	78	70	8	43	35	59	82	58	67	24	39	47	
60	0	70	83	68	33	73	19	80	54	15	18	51	53	41	56	52	71	76	50	81	48	45	40	18	55	82	44	64	31	
23	25	0	18	24	47	42	73	49	39	42	3	32	9	1	3	66	59	35	24	23	30	81	78	54	44	58	58	17	61	
18	65	80	0	13	54	18	68	70	28	60	23	53	30	18	33	73	56	24	23	39	55	80	33	64	48	47	44	27	19	
57	46	61	60	0	54	12	50	51	9	60	9	69	46	51	23	73	90	5	4	31	55	72	48	45	48	28	61	8	72	
18	71	28	84	26	0	44	68	38	41	19	19	67	54	68	14	10	47	34	8	53	6	71	58	67	62	60	2	40	34	
40	65	50	12	17	66	0	68	68	32	21	27	32	43	74	30	13	78	28	9	38	20	82	57	60	41	45	77	31	45	
45	60	46	65	63	43	72	0	28	75	34	28	71	65	76	66	20	75	74	60	77	10	54	3	71	36	13	46	49	57	
53	14	65	19	63	28	35	32	0	78	16	30	77	54	88	2	47	84	62	45	1	23	71	85	65	59	94	39	66	53	
27	42	61	47	59	24	22	20	42	0	41	31	50	43	21	29	43	65	56	41	30	25	68	18	51	18	20	35	13	49	
13	30	51	35	70	39	70	35	41	66	0	24	24	1	73	53	58	51	26	56	48	13	60	82	74	6	69	50	19	37	
35	13	45	61	43	8	54	25	28	11	36	0	59	56	26	15	27	34	51	25	56	23	53	46	64	32	5	19	45	51	
47	24	62	20	68	62	86	73	53	83	72	60	0	38	7	57	74	38	74	5	2	77	40	86	75	73	47	27	82	49	
49	48	46	69	69	34	87	69	36	84	62	58	19	0	68	57	53	87	77	51	62	47	104	77	79	40	84	45	53	71	
30	45	10	50	63	43	22	50	56	78	71	37	75	58	0	52	62	41	59	25	40	28	5	89	60	21	87	54	27	52	
11	68	66	69	32	75	40	61	39	47	1	47	19	39	13	0	64	32	43	42	46	37	52	57	65	44	16	37	41	44	
52	68	28	85	57	54	43	71	56	72	19	70	39	16	68	70	0	80	68	67	27	38	26	83	42	60	42	2	71	49	
30	55	41	29	82	47	87	68	7	85	71	32	61	38	14	20	40	0	66	64	14	38	16	40	78	82	48	5	94	28	
58	40	54	73	56	77	66	8	7	47	71	23	44	58	56	54	78	79	0	20	45	56	38	58	11	84	17	10	48	31	
34	65	7	64	13	7	31	18	16	28	35	28	78	55	47	2	26	63	24	0	50	22	86	67	59	49	47	18	27	18	
65	64	18	69	81	77	27	65	2	84	15	60	63	40	35	52	8	93	78	79	0	25	5	63	48	58	93	43	71	89	
12	27	50	32	34	31	52	24	58	25	45	2	4	51	67	50	50	50	41	44	47	0	31	64	4	3	66	35	16	34	
31	69	41	45	39	4	53	5	7	49	32	18	62	66	81	16	23	60	30	21	35	19	0	4	80	75	68	2	53	3	
66	65	63	49	86	51	53	42	36	101	24	48	36	13	85	19	34	92	66	33	70	64	106	0	96	57	58	62	14	88	
37	75	66	41	92	57	31	53	63	12	74	63	9	23	49	45	53	48	34	74	63	55	3	51	0	51	53	61	46	46	
8	23	46	28	82	84	65	28	54	62	50	17	53	50	68	46	81	46	37	63	43	6	70	81	67	0	65	45	12	30	
50	51	85	40	34	48	43	87	7	49	38	49	68	76	68	57	67	46	45	44	56	23	32	25	84	81	0	17	48	42	
69	52	81	37	68	81	11	12	41	45	30	14	42	56	9	76	82	80	67	24	64	57	36	59	9	73	18	0	79	13	
49	64	74	69	78	43	17	18	64	1	63	53	47	24	43	51	62	74	78	60	49	47	40	40	70	40	42	54	0	49	
72	50	10	67	16	46	34	72	51	31	74	31	64	56	50	45	65	90	27	26	53	6	58	69	31	66	28	20	27	0	
M4
0	73	30	73	46	34	49	59	46	73	54	34	50	45	52	62	18	8	11	70	30	39	16	45	11	69	65	44	74	37	
38	0	5	72	21	47	11	17	36	16	56	9	25	36	27	37	9	13	24	45	55	32	22	25	46	43	14	19	25	58	
32	82	0	66	15	47	18	28	51	96	77	3	19	59	21	31	47	7	18	39	49	52	16	19	65	61	57	13	71	52	
34	10	1	0	17	29	14	26	48	42	75	1	21	25	19	29	28	5	20	41	12	53	18	16	24	61	6	15	50	50	
66	67	38	56	0	57	57	11	44	26	95	42	41	57	49	64	86	46	53	78	88	28	55	58	11	57	36	34	74	80	
82	28	49	96	65	0	55	46	60	60	65	53	41	15	51	19	53	57	63	53	92	21	56	69	85	87	58	63	69	12	
82	77	70	82	39	63	0	1	52	83	27	74	86	55	76	44	50	6	44	8	24	42	1	77	63	9	12	84	15	65	
38	41	9	76	25	44	28	0	33	73	60	13	25	48	31	14	57	17	28	48	50	46	26	29	2	60	67	23	81	11	
88	34	55	46	36	78	61	7	0	66	106	59	70	71	77	77	59	63	74	60	27	73	72	75	69	93	31	69	75	78	
88	45	66	90	12	18	68	5	7	0	71	70	70	44	10	25	70	44	14	59	71	3	83	86	57	18	75	70	86	41	
67	55	49	65	39	34	68	32	22	14	0	53	51	60	20	4	79	15	5	30	3	30	66	69	76	45	8	49	84	4	
44	78	11	62	27	57	14	24	47	92	73	0	20	71	17	27	59	3	24	51	45	51	28	15	77	61	64	16	67	48	
56	61	23	74	39	40	26	36	37	93	8	11	0	56	29	10	71	15	1	16	57	63	40	27	84	37	33	19	13	31	
76	86	43	34	59	87	49	21	19	84	96	34	55	0	35	60	29	5	59	45	80	86	59	50	78	91	10	25	19	62	
34	65	1	23	17	44	17	1	40	76	60	5	21	61	0	14	49	9	8	21	19	21	18	21	38	63	59	15	12	35	
46	34	28	95	44	13	47	57	63	66	29	32	30	39	15	0	58	36	47	17	74	45	45	48	94	85	64	28	75	4	
71	71	54	55	48	32	73	20	2	29	41	58	35	1	52	62	0	62	56	94	66	45	48	1	73	60	53	47	83	55	
9	39	60	89	46	52	34	39	36	21	73	64	15	35	28	59	8	0	48	80	76	37	73	35	12	52	46	42	70	38	
40	65	51	33	46	97	64	72	84	97	61	49	29	56	67	67	84	34	0	91	3	98	68	52	73	92	68	12	48	29	
80	115	47	96	32	95	18	47	48	85	4	51	67	40	9	75	95	33	66	0	42	53	57	49	9	65	68	57	45	74	
42	74	9	10	25	57	28	38	42	106	31	13	29	60	14	41	57	17	28	49	0	24	26	10	75	60	67	23	81	13	
91	68	58	95	35	41	58	28	12	10	94	46	67	43	33	48	93	50	37	82	59	0	75	42	80	41	17	44	52	64	
77	50	44	94	60	11	63	1	52	52	28	48	63	3	66	40	62	52	63	35	13	43	0	64	14	72	56	58	31	34	
54	74	60	25	18	42	79	47	3	69	103	64	5	59	82	72	99	68	79	100	38	28	77	0	87	69	71	74	53	65	
89	77	62	47	43	56	20	38	9	36	44	66	39	6	48	26	71	64	63	53	73	4	59	82	0	18	26	8	65	46	
98	84	81	24	51	57	17	23	29	26	68	85	62	15	49	51	1	61	53	63	49	42	10	28	59	0	31	68	70	60	
28	84	43	49	51	57	46	25	21	26	86	31	52	7	49	59	81	35	28	20	24	42	60	47	2	57	0	48	93	80	
28	55	72	54	16	53	75	22	5	22	62	60	73	12	45	60	28	64	49	68	69	26	19	55	43	19	50	0	96	30	
49	37	16	67	32	62	14	29	38	69	76	4	25	75	15	32	61	8	29	10	20	35	33	20	82	5	39	21	0	53	
51	101	36	67	52	62	55	64	64	114	93	40	56	52	58	68	84	27	55	6	86	19	53	32	97	96	33	50	32	0	
M5
0	30	85	61	1	35	65	46	53	6	84	73	10	73	43	52	74	81	10	15	60	75	37	44	60	3	83	5	67	38	
53	0	68	67	58	78	112	68	72	74	12	44	64	52	62	45	46	29	78	24	33	73	75	49	59	27	62	105	77	84	
71	59	0	71	87	82	48	85	79	37	68	22	35	56	28	82	42	66	84	69	10	68	5	65	53	6	79	12	22	68	
60	15	46	0	31	16	26	66	26	16	77	34	44	17	87	58	35	56	37	66	8	48	33	45	31	26	60	45	2	25	
49	33	68	15	0	67	56	33	44	78	43	25	67	45	90	61	50	70	19	77	36	63	63	5	56	45	34	75	17	74	
85	67	62	30	13	0	64	76	67	82	20	37	82	60	70	53	1	54	72	17	50	56	26	57	58	59	70	83	79	67	
52	62	16	42	64	45	0	38	41	105	74	4	14	70	58	30	55	83	32	42	44	30	3	83	1	43	57	15	72	41	
31	68	41	80	3	12	96	0	24	53	41	3	82	8	4	23	51	32	45	75	81	85	11	20	77	67	56	83	62	39	
71	17	39	57	67	7	66	11	0	58	15	63	59	21	65	16	38	41	14	1	13	45	56	52	27	16	5	74	20	52	
57	29	61	40	50	58	41	42	39	0	18	9	19	35	67	51	36	15	44	50	29	28	39	50	40	41	39	60	54	24	
74	23	28	27	51	38	83	28	32	34	0	42	71	12	22	5	6	6	40	83	59	62	73	9	19	11	22	84	37	53	
41	69	71	40	64	59	51	63	58	47	82	0	69	9	13	85	19	83	63	69	21	47	58	104	17	60	57	70	72	12	
24	43	65	83	61	68	79	37	41	77	87	48	0	42	38	1	64	58	71	7	61	71	23	21	53	42	31	32	46	78	
23	21	43	33	49	44	49	15	19	30	63	40	67	0	64	83	4	45	63	70	46	49	56	57	31	20	9	54	24	56	
42	44	57	25	47	32	79	14	24	63	1	43	39	41	0	34	35	2	29	35	27	13	24	38	25	26	51	34	56	24	
39	41	71	10	22	45	51	59	5	4	36	59	18	58	49	0	70	63	18	32	24	10	21	73	22	23	60	70	53	21	
67	38	94	1	17	12	74	66	41	64	49	8	92	65	54	68	0	75	85	92	37	96	81	68	79	71	60	72	50	58	
40	28	35	25	47	80	89	15	24	49	38	71	35	7	25	47	50	0	29	35	27	13	24	20	5	14	55	42	56	24	
70	23	52	21	69	42	79	24	15	77	46	77	38	8	52	33	51	54	0	3	19	58	69	1	40	5	18	16	33	65	
78	40	69	73	75	10	49	91	64	12	90	57	26	83	41	83	63	54	63	0	75	61	56	73	28	33	97	68	30	30	
103	27	60	8	86	58	81	86	66	71	94	88	23	41	121	62	64	37	92	94	0	96	88	45	75	64	80	82	57	24	
19	52	76	2	24	58	75	62	1	65	66	77	69	38	29	67	65	43	6	12	4	0	1	60	2	3	56	71	33	1	
10	3	45	37	53	48	79	24	28	63	30	23	67	36	32	39	8	54	67	72	55	58	0	38	40	29	18	25	14	65	
95	84	83	73	29	47	95	56	52	95	33	80	23	73	83	53	44	67	11	69	55	66	77	0	25	62	83	82	20	77	
79	7	24	41	11	40	106	31	33	50	89	48	73	75	39	72	12	45	52	55	64	50	61	47	0	18	45	58	4	61	
74	24	38	64	86	67	18	36	63	18	61	4	12	70	64	52	77	46	54	64	66	52	25	72	23	0	64	37	79	42	
65	11	33	51	61	50	60	5	9	61	55	58	78	66	62	75	32	35	55	60	36	39	50	57	21	10	0	68	14	46	
77	52	41	41	80	5	21	63	66	98	84	29	39	77	50	55	36	71	57	67	16	55	21	12	26	59	82	0	17	50	
54	61	83	37	57	52	82	55	36	67	89	48	84	73	64	102	12	33	41	47	39	25	36	22	37	38	49	52	0	36	
55	65	38	3	6	22	76	84	76	18	96	59	63	30	105	102	23	84	14	43	58	74	83	70	77	74	78	85	52	0	
