30  4  1
4
	0	23	1	89	2	10	3	78
	0	11	1	73	2	36	3	9
	0	54	1	34	2	9	3	22
	0	15	1	93	2	98	3	99
	0	49	1	97	2	38	3	38
	0	75	1	80	2	64	3	23
	0	87	1	32	2	47	3	43
	0	78	1	67	2	3	3	12
	0	1	1	1	2	100	3	85
	0	67	1	4	2	6	3	66
	0	66	1	94	2	51	3	66
	0	66	1	69	2	77	3	50
	0	11	1	2	2	17	3	74
	0	35	1	50	2	22	3	12
	0	61	1	47	2	24	3	21
	0	53	1	78	2	9	3	91
	0	23	1	67	2	33	3	84
	0	42	1	12	2	12	3	45
	0	86	1	57	2	56	3	58
	0	12	1	87	2	40	3	72
	0	64	1	71	2	38	3	9
	0	41	1	14	2	39	3	51
	0	70	1	71	2	38	3	41
	0	89	1	40	2	82	3	77
	0	12	1	43	2	80	3	58
	0	38	1	58	2	41	3	13
	0	31	1	59	2	86	3	43
	0	69	1	80	2	35	3	37
	0	63	1	6	2	92	3	41
	0	65	1	63	2	60	3	6
SSD
M0
0	37	49	50	38	46	67	6	18	1	24	5	51	43	14	46	70	62	23	30	21	47	43	28	20	46	42	66	30	60	
3	0	1	56	42	50	48	32	20	27	46	31	28	46	40	48	29	64	49	32	23	49	62	15	39	38	9	43	32	70	
46	59	0	63	52	49	59	26	69	35	36	33	39	34	69	40	65	22	15	46	26	75	73	81	64	24	26	54	64	83	
42	39	30	0	6	23	56	47	62	15	63	39	51	38	47	35	5	75	46	43	20	55	31	62	59	7	55	41	74	82	
53	56	47	45	0	33	59	19	35	54	35	56	39	71	59	56	22	52	17	47	38	51	56	7	36	3	19	48	21	80	
38	35	26	6	27	0	49	53	20	28	46	35	29	59	58	48	1	1	36	32	23	44	52	56	39	28	23	2	32	30	
19	5	17	47	58	57	0	48	36	43	24	31	44	62	56	58	45	7	42	42	4	22	27	31	40	54	25	55	48	6	
42	28	40	39	50	56	23	0	3	44	6	48	3	68	75	31	44	37	44	15	6	25	24	39	22	29	15	18	15	67	
60	53	65	35	56	54	52	43	0	55	25	44	32	78	85	27	51	43	40	11	2	28	59	35	18	28	40	47	11	63	
53	52	16	46	21	67	69	23	57	0	74	8	52	35	7	34	18	64	33	69	29	50	27	75	64	20	26	52	9	90	
9	40	46	36	5	11	37	38	45	30	0	3	52	16	46	51	30	53	49	57	48	3	55	60	52	37	26	66	56	69	
11	57	14	38	54	57	23	23	35	35	45	0	46	33	19	41	58	37	5	25	38	21	75	1	54	42	58	61	47	87	
28	14	26	29	36	42	9	53	21	49	38	54	0	71	65	44	49	65	36	33	21	28	23	31	14	15	1	4	14	76	
76	67	76	69	53	43	62	62	74	26	66	88	42	0	74	37	56	93	40	62	36	81	67	48	67	18	31	20	67	20	
37	60	15	16	11	41	51	44	67	34	12	65	36	69	0	35	36	62	52	63	4	11	22	22	5	31	9	25	47	72	
57	68	59	89	15	48	35	53	81	38	50	63	49	16	52	0	34	62	18	30	17	70	31	56	70	47	53	33	67	41	
14	11	2	70	6	72	28	43	42	21	44	11	43	68	51	70	0	66	48	54	45	52	62	37	57	9	31	13	54	80	
61	48	38	4	25	8	30	10	5	9	23	9	27	57	66	22	24	0	45	6	8	34	50	41	24	23	39	6	17	55	
27	55	48	3	24	41	50	26	22	33	48	32	30	13	64	32	23	34	0	34	25	49	49	56	41	25	42	45	34	14	
44	30	42	49	56	34	29	26	41	50	8	21	9	73	62	4	28	20	27	0	41	48	38	51	34	5	21	24	34	66	
19	5	17	40	10	10	6	39	32	43	58	47	44	12	27	3	17	46	40	44	0	61	26	31	44	1	25	5	15	61	
41	54	24	26	47	60	49	62	57	26	38	32	29	72	78	42	46	10	51	26	60	0	62	46	54	12	41	44	54	25	
28	14	22	70	22	29	15	52	45	52	8	47	30	48	65	46	13	73	58	41	48	69	0	23	55	45	34	5	4	24	
26	12	24	31	51	37	16	40	43	48	44	26	44	10	63	31	39	72	53	52	46	21	65	0	1	14	23	59	43	19	
30	61	62	18	39	24	35	27	50	35	74	58	75	71	67	18	38	85	46	54	42	79	64	5	0	14	10	72	30	80	
39	34	28	67	32	51	25	18	65	47	56	37	52	61	76	50	3	68	1	36	42	76	15	57	67	0	10	39	44	48	
34	20	21	56	30	10	58	22	51	17	34	37	59	63	43	56	60	58	34	59	1	79	72	43	26	19	0	70	63	44	
43	29	41	12	33	10	24	37	36	42	36	7	4	53	44	59	32	52	29	48	12	12	1	29	29	30	16	0	29	39	
35	21	12	56	34	41	15	64	20	4	30	10	53	50	12	48	61	55	61	32	18	41	30	47	39	29	41	68	0	19	
41	52	26	56	13	83	63	70	82	39	64	52	68	5	61	65	18	58	57	78	43	12	69	27	52	18	66	33	16	0	
M1
0	25	15	20	14	9	9	20	7	13	23	2	2	14	17	31	12	34	25	11	15	7	14	17	42	20	4	19	9	30	
2	0	2	20	14	9	24	20	7	13	28	14	2	26	21	10	16	42	31	11	15	15	14	17	12	20	27	3	14	30	
23	23	0	18	18	15	22	35	22	11	15	56	17	16	18	44	36	36	16	26	30	13	29	27	27	35	32	19	1	22	
45	14	24	0	15	18	33	2	16	22	37	63	39	30	30	42	39	43	34	20	29	16	23	18	60	29	36	30	23	15	
45	28	52	23	0	46	27	57	44	16	37	83	39	38	40	41	30	58	5	48	52	35	42	46	79	22	37	24	23	44	
50	57	47	52	57	0	14	7	39	45	60	76	62	21	27	77	51	32	27	14	10	46	46	49	26	21	59	25	46	2	
13	69	59	44	46	7	0	64	51	57	38	67	46	65	3	31	5	64	51	55	15	37	58	61	53	45	71	65	58	71	
53	56	48	19	22	1	57	0	40	46	34	39	35	39	54	64	64	35	56	44	47	41	47	43	68	9	60	54	47	1	
28	17	7	12	23	1	16	12	0	5	20	50	22	21	13	46	30	34	25	3	35	7	6	9	43	12	19	13	6	22	
52	8	56	3	76	46	7	69	69	0	69	91	64	75	42	70	44	52	16	73	54	53	22	79	71	78	17	4	76	48	
23	46	36	41	42	30	45	41	28	34	0	54	30	45	42	59	45	39	40	32	43	22	35	19	70	7	23	42	35	44	
31	34	38	67	8	50	41	54	54	60	49	0	67	76	58	19	51	87	64	35	62	62	47	25	3	27	29	59	61	74	
32	21	11	16	10	5	20	16	3	9	24	54	0	25	17	27	34	38	27	7	11	11	10	13	38	16	23	17	10	26	
24	10	40	43	56	20	44	45	32	38	52	58	52	0	46	79	63	40	58	21	60	40	39	13	35	38	52	45	39	12	
59	54	25	49	41	38	53	36	36	42	57	57	31	25	0	60	53	57	48	29	44	30	20	46	55	44	55	50	43	58	
49	28	48	6	12	42	57	53	40	46	56	53	39	50	54	0	43	47	38	44	52	20	47	8	31	43	60	54	47	57	
34	65	75	3	37	54	15	70	67	53	35	54	62	72	50	67	0	55	28	28	56	28	17	9	57	60	62	61	57	58	
6	29	19	24	35	13	28	24	11	17	32	62	34	33	25	44	28	0	23	15	23	5	14	21	55	24	31	25	18	16	
29	16	15	20	24	9	24	20	7	13	21	58	23	22	21	52	1	42	0	11	36	15	14	17	32	20	27	21	7	28	
40	29	19	24	18	13	28	24	11	17	3	23	6	33	25	9	42	46	35	0	19	19	18	4	29	17	31	25	18	34	
57	12	64	52	7	51	56	22	56	45	48	22	51	36	51	20	70	68	54	60	0	47	25	6	34	65	34	53	35	17	
15	51	37	22	60	36	44	49	36	42	22	87	50	41	30	25	9	13	4	40	42	0	39	43	73	18	56	50	43	28	
30	32	22	13	21	16	31	27	14	20	4	26	9	36	28	38	41	49	38	18	22	22	0	24	49	27	24	28	21	37	
11	16	44	11	32	31	15	49	36	4	29	5	31	30	32	39	33	22	24	40	44	10	30	0	54	19	13	12	15	9	
5	33	22	37	33	28	41	8	26	30	34	49	21	35	12	40	5	55	50	2	34	32	1	36	0	39	44	13	20	41	
29	6	30	15	41	24	39	35	22	28	38	21	29	44	29	41	9	29	20	26	26	2	29	32	66	0	12	35	29	44	
51	28	59	52	36	45	6	64	51	45	46	33	46	13	26	30	2	60	51	55	8	33	3	61	26	64	0	9	58	33	
16	26	16	21	25	10	25	21	8	14	8	22	13	30	22	6	20	43	34	12	18	16	15	2	52	21	6	0	15	28	
16	16	23	11	11	17	15	28	15	4	8	65	10	9	11	39	29	29	24	19	23	6	22	20	50	28	25	12	0	15	
29	29	32	24	24	26	28	25	24	17	9	23	23	22	9	39	24	42	37	28	26	19	17	11	44	37	38	25	7	0	
M2
0	43	27	27	15	43	11	31	45	3	28	42	45	46	29	44	30	32	3	16	51	6	28	47	7	40	29	24	30	11	
51	0	43	40	29	41	45	44	7	64	64	8	58	73	42	32	1	59	56	38	57	60	18	38	52	13	42	54	53	31	
14	67	0	17	31	51	35	37	48	27	49	62	17	70	50	68	9	46	27	4	47	30	52	46	31	4	45	2	54	35	
19	24	2	0	20	62	35	12	23	32	55	54	26	68	56	70	20	57	20	15	58	35	51	28	36	15	24	13	59	40	
9	56	29	8	0	48	30	2	37	22	45	44	16	27	46	12	17	23	22	35	37	25	2	18	26	26	14	40	5	30	
14	67	29	51	32	0	34	11	43	27	40	53	25	67	47	41	26	56	27	40	46	15	30	5	20	42	23	38	54	35	
39	75	41	67	48	69	0	32	42	52	61	18	12	36	62	56	44	58	52	16	37	55	71	7	17	54	44	52	58	60	
4	57	40	41	18	57	25	0	51	17	40	39	11	53	41	58	12	46	17	30	43	20	36	13	21	50	9	38	44	25	
5	36	35	42	18	36	26	46	0	18	38	43	55	40	11	30	20	7	18	8	51	21	27	25	22	7	34	39	25	14	
41	34	18	44	50	34	62	60	36	0	43	52	44	37	20	35	21	23	40	7	42	57	48	41	15	31	20	29	33	52	
39	66	40	23	24	52	32	32	30	26	0	17	46	60	51	67	39	47	47	5	30	1	25	9	4	32	3	36	13	50	
42	3	29	50	36	45	8	45	22	5	54	0	53	18	31	20	26	30	44	18	13	42	35	48	17	42	31	40	44	9	
10	63	12	38	24	40	18	3	29	23	46	41	0	59	47	64	18	30	23	22	18	26	42	19	27	25	15	23	48	31	
27	46	39	53	20	36	43	33	51	15	44	19	47	0	41	56	42	44	40	28	54	2	26	49	36	52	41	24	54	48	
46	45	29	25	60	45	52	39	47	5	54	8	20	48	0	46	32	34	45	18	19	29	19	34	13	12	31	40	2	47	
23	66	8	21	7	33	44	16	35	26	59	58	30	52	49	0	26	55	36	21	16	39	6	32	24	21	28	19	47	44	
21	74	9	6	46	20	11	55	6	34	30	40	35	69	8	35	0	43	34	22	34	37	44	4	18	17	8	20	34	32	
52	83	43	40	19	17	35	59	24	43	32	46	58	30	14	61	1	0	65	56	40	54	13	6	35	50	21	48	40	40	
20	34	36	49	18	56	21	44	10	33	5	62	41	21	59	19	39	45	0	40	44	5	34	9	37	30	52	47	10	41	
11	64	1	20	33	31	15	34	38	24	5	38	14	44	6	65	15	2	24	0	3	27	27	20	28	14	35	12	32	5	
24	77	31	47	37	1	37	22	38	37	50	47	2	48	32	73	8	6	37	41	0	40	31	24	2	44	1	6	58	45	
8	47	45	45	25	12	2	49	10	21	31	46	61	38	47	39	43	30	7	34	43	0	45	39	25	28	47	42	39	26	
12	65	27	40	26	8	33	35	39	25	25	48	47	62	16	10	33	20	23	38	35	28	0	38	29	40	47	38	7	33	
28	51	40	58	42	45	17	21	58	16	50	63	35	47	42	57	19	45	41	29	45	18	60	0	37	53	33	51	33	12	
21	74	8	33	22	7	42	19	57	34	21	61	11	32	51	26	26	47	34	5	31	37	41	27	0	21	31	19	48	1	
58	71	66	72	26	26	52	66	30	63	57	24	78	68	34	71	71	80	4	76	47	11	45	69	71	0	72	33	13	76	
45	35	30	41	29	33	46	38	41	40	65	51	42	74	30	13	2	50	58	39	9	61	28	39	18	35	0	41	56	36	
9	55	6	32	29	27	30	8	44	22	29	50	22	56	48	58	23	25	15	19	29	25	47	12	26	7	20	0	37	30	
28	30	30	56	42	1	36	21	27	41	29	59	1	51	45	46	36	48	24	40	21	44	42	14	45	43	24	41	0	49	
20	60	23	36	22	48	34	13	9	33	56	55	20	43	57	6	28	57	33	36	13	24	21	14	37	36	25	34	60	0	
M3
0	25	37	20	13	3	36	48	53	28	57	46	52	56	36	29	44	25	47	37	63	3	48	64	31	38	59	54	13	65	
32	0	9	36	35	30	52	31	62	55	54	50	18	43	2	47	60	56	18	43	29	25	55	30	29	69	25	35	41	45	
51	32	0	7	9	4	29	23	34	24	43	47	32	24	22	20	45	37	30	12	49	19	24	21	40	43	47	31	28	14	
30	7	25	0	34	24	37	42	43	45	4	30	23	23	18	40	45	36	29	9	9	40	45	14	45	9	12	39	21	14	
18	61	41	6	0	42	27	41	59	26	42	44	53	34	12	44	72	14	17	41	39	33	47	70	7	11	55	45	18	23	
24	42	60	18	41	0	10	22	76	2	46	20	46	39	29	17	18	52	21	46	46	65	26	72	16	16	45	28	15	39	
56	53	58	68	52	37	0	63	28	31	47	1	9	36	34	77	14	47	27	6	22	53	45	87	17	56	41	52	34	52	
49	8	26	51	7	47	37	0	60	13	71	67	24	53	19	45	35	20	35	60	46	40	55	47	5	56	28	48	10	14	
34	58	45	44	40	3	31	45	0	28	57	46	1	38	16	16	44	51	44	45	43	34	49	2	4	15	40	29	22	8	
24	40	58	13	5	43	11	45	46	0	18	55	49	35	20	20	53	27	41	42	35	38	48	4	43	12	40	46	26	12	
38	27	34	15	12	31	42	7	50	32	0	20	30	30	27	45	36	39	39	45	16	43	60	10	24	61	35	46	28	19	
31	60	57	56	35	22	53	43	59	37	33	0	57	33	16	43	63	46	6	18	43	68	5	36	47	10	42	13	55	42	
45	21	32	54	34	19	45	45	9	42	29	20	0	18	16	4	26	24	48	20	4	35	60	57	47	24	23	34	16	42	
38	74	22	51	53	35	15	54	35	12	7	51	44	0	28	41	66	1	45	3	47	53	39	60	53	48	24	46	23	46	
46	28	46	62	27	21	47	8	39	33	31	27	20	20	0	24	39	33	35	35	6	37	70	67	10	60	23	12	18	34	
34	11	29	33	55	48	44	51	67	67	74	14	38	63	22	0	14	8	26	63	49	45	62	50	49	55	25	55	35	21	
2	40	58	26	22	29	26	20	50	45	11	47	40	40	38	69	0	2	56	55	26	54	43	56	37	48	45	56	36	38	
23	28	46	24	27	16	42	8	35	14	26	6	15	15	5	35	20	0	31	30	1	7	38	14	7	2	20	31	10	34	
42	1	19	36	45	40	41	41	6	38	33	60	28	14	12	11	68	27	0	29	39	21	64	35	18	52	35	45	49	55	
45	39	49	70	37	46	36	19	50	8	36	76	55	17	42	57	44	30	53	0	56	54	11	78	29	24	53	54	41	45	
53	52	39	47	21	6	32	32	25	29	16	12	5	5	3	46	46	18	47	20	0	22	55	76	34	45	10	21	3	29	
56	33	51	76	32	64	16	13	70	24	30	28	49	23	44	5	11	36	49	38	49	0	74	72	30	81	53	13	12	39	
14	20	11	40	26	14	42	21	40	32	43	24	47	24	31	34	55	27	47	39	45	22	0	26	13	53	3	2	40	30	
38	62	8	37	39	34	10	50	47	54	30	13	22	36	49	50	66	45	46	10	46	49	53	0	10	17	4	28	32	44	
22	58	4	33	35	22	36	48	41	33	28	28	21	9	19	46	62	4	5	10	7	38	3	47	0	51	26	24	19	40	
8	40	44	33	12	18	37	20	57	33	29	61	42	10	32	20	59	23	16	17	49	50	23	71	37	0	35	58	38	24	
68	37	10	39	36	21	8	31	40	14	10	27	20	20	2	30	61	33	20	26	6	37	38	24	33	60	0	35	18	44	
26	28	46	50	27	52	10	8	50	13	61	54	44	51	10	21	55	40	42	59	37	30	44	51	25	34	16	0	18	4	
52	16	34	42	1	49	29	56	49	26	21	25	12	2	27	49	66	4	3	17	50	50	38	55	46	50	38	60	0	60	
69	44	62	59	50	44	17	31	40	56	54	50	40	43	2	47	62	53	52	58	29	20	35	41	25	83	30	28	8	0	
