30  6  1
6
	0	65	1	36	2	100	3	100	4	2	5	21
	0	90	1	74	2	60	3	65	4	2	5	40
	0	4	1	53	2	97	3	92	4	24	5	26
	0	23	1	46	2	54	3	4	4	12	5	88
	0	53	1	12	2	7	3	99	4	80	5	66
	0	79	1	72	2	10	3	82	4	75	5	50
	0	80	1	16	2	10	3	54	4	62	5	56
	0	17	1	80	2	1	3	11	4	84	5	80
	0	57	1	73	2	65	3	61	4	54	5	51
	0	39	1	68	2	19	3	99	4	48	5	25
	0	54	1	89	2	43	3	60	4	87	5	95
	0	24	1	38	2	93	3	1	4	41	5	71
	0	75	1	39	2	99	3	82	4	49	5	17
	0	89	1	48	2	73	3	8	4	23	5	41
	0	18	1	98	2	65	3	40	4	69	5	13
	0	68	1	97	2	88	3	79	4	68	5	64
	0	11	1	88	2	91	3	26	4	31	5	61
	0	87	1	86	2	96	3	42	4	73	5	7
	0	38	1	64	2	64	3	5	4	89	5	62
	0	38	1	36	2	77	3	35	4	28	5	43
	0	78	1	74	2	66	3	38	4	91	5	12
	0	16	1	41	2	55	3	60	4	68	5	99
	0	16	1	42	2	73	3	63	4	31	5	31
	0	58	1	93	2	42	3	59	4	35	5	7
	0	84	1	54	2	99	3	20	4	93	5	16
	0	89	1	14	2	33	3	45	4	33	5	49
	0	52	1	77	2	23	3	99	4	49	5	2
	0	87	1	72	2	4	3	56	4	45	5	68
	0	94	1	11	2	70	3	52	4	19	5	23
	0	95	1	64	2	90	3	94	4	38	5	94
SSD
M0
0	79	69	36	61	30	31	67	10	56	44	83	75	83	85	38	65	45	76	76	71	6	35	23	63	9	67	11	45	45	
61	0	42	36	22	58	60	40	50	65	24	56	20	39	1	57	54	20	31	3	83	60	38	35	20	22	14	36	37	20	
15	40	0	62	50	12	56	20	42	72	81	36	9	10	72	40	54	53	23	3	96	46	24	21	52	45	28	1	55	59	
78	53	73	0	13	38	69	33	42	81	61	24	41	51	82	7	61	62	60	48	88	23	70	47	86	49	20	25	17	25	
45	36	32	72	0	48	86	56	39	29	36	26	45	34	37	1	9	56	5	31	46	23	33	47	20	34	23	37	59	53	
21	11	108	50	23	0	44	8	40	27	61	10	57	67	38	50	42	41	46	15	36	56	57	80	53	23	56	36	63	37	
4	55	64	70	35	26	0	62	43	51	39	13	49	64	65	41	39	40	2	54	66	1	9	25	28	38	23	42	69	40	
34	3	84	25	39	73	19	0	47	37	68	17	64	42	45	52	17	16	30	39	96	31	41	55	64	42	31	60	58	44	
25	22	90	39	36	87	54	18	0	52	1	52	38	57	19	16	32	38	45	30	41	32	10	38	38	40	45	54	58	56	
52	44	91	48	16	72	18	80	57	0	55	63	51	9	32	51	16	21	29	10	26	28	40	16	51	41	30	6	64	67	
2	29	79	7	43	68	45	9	14	63	0	43	31	35	27	37	43	37	56	24	17	41	19	47	46	48	50	55	47	55	
38	69	90	45	35	45	90	72	6	33	55	0	36	38	41	16	13	60	12	35	76	27	23	51	51	1	27	19	42	3	
38	31	110	24	60	85	73	80	89	41	76	71	0	70	73	1	45	78	58	67	72	49	69	12	43	22	59	72	64	72	
1	28	21	74	27	29	81	45	54	31	49	51	34	0	39	46	11	50	24	28	76	11	1	29	29	36	25	26	41	34	
61	24	53	17	32	69	103	68	73	55	5	64	1	40	0	39	35	1	13	57	76	49	59	51	1	3	49	17	21	19	
63	48	63	50	58	64	64	28	73	50	7	57	7	13	15	0	62	34	44	26	49	6	60	30	34	36	59	50	16	37	
25	59	66	52	11	45	66	53	58	9	40	60	36	14	17	24	0	36	2	11	68	3	13	27	36	14	3	42	39	42	
64	69	105	74	50	84	57	49	19	48	59	83	58	53	39	63	28	0	41	50	62	42	52	66	58	29	42	74	48	13	
13	42	87	30	42	76	58	22	62	11	31	56	44	45	25	14	20	22	0	42	76	34	44	58	13	45	25	2	30	62	
30	15	78	77	20	81	71	35	9	45	58	15	51	23	53	16	25	15	19	0	100	39	49	53	70	40	39	11	75	42	
71	18	52	6	42	22	16	33	71	87	38	53	63	2	95	36	67	2	79	59	0	52	80	76	1	15	49	9	46	54	
66	65	47	78	47	42	57	45	55	70	22	69	60	61	63	24	74	23	74	54	49	0	44	8	72	83	45	35	80	23	
50	30	69	77	10	61	73	67	64	34	44	34	24	39	42	46	14	45	25	29	71	6	0	12	12	39	19	44	44	45	
21	41	101	14	50	27	3	21	33	56	58	3	20	65	68	43	40	54	39	10	103	38	50	0	78	28	45	46	14	30	
38	2	19	15	27	35	73	43	50	16	23	55	32	15	33	40	5	52	18	26	72	19	29	43	0	30	19	24	7	58	
53	78	69	69	12	73	11	58	17	26	75	91	65	74	89	41	74	86	26	75	91	78	74	74	15	0	5	27	64	66	
34	44	84	66	25	16	15	24	38	38	57	58	8	43	39	11	18	57	31	40	86	21	17	17	45	43	0	22	68	60	
60	86	67	65	66	12	86	66	72	82	4	78	57	5	84	21	62	6	75	74	30	42	65	25	89	12	53	0	26	81	
74	57	55	57	52	71	115	79	76	76	45	52	41	60	22	42	56	41	53	31	64	48	26	54	41	43	61	57	0	8	
40	29	72	51	55	23	45	9	53	28	47	43	83	54	71	45	43	42	26	6	74	9	67	33	55	17	57	55	78	0	
M1
0	48	5	18	69	33	66	32	74	23	33	29	16	72	72	41	63	56	4	7	45	46	73	79	49	54	72	31	20	62	
48	0	2	35	55	41	32	44	13	60	82	27	71	47	5	2	45	64	55	9	41	73	21	39	74	66	52	54	28	40	
19	34	0	30	68	49	73	23	56	17	64	40	16	63	43	49	5	30	59	15	53	18	85	57	79	15	62	70	75	15	
62	43	3	0	5	16	2	5	28	45	11	71	46	78	30	32	5	53	29	23	47	60	75	15	12	71	49	22	17	26	
54	96	41	27	0	23	75	6	78	44	84	67	70	71	99	44	78	55	12	6	44	54	93	88	58	95	98	79	69	26	
18	37	59	56	98	0	104	33	71	68	80	47	68	95	89	50	3	37	40	61	89	48	113	51	23	42	69	75	74	6	
44	78	4	86	62	50	0	80	104	27	51	97	73	76	12	14	62	39	43	72	29	42	112	72	26	72	34	97	67	8	
23	60	5	21	72	52	69	0	57	62	78	48	40	6	69	43	9	56	63	57	28	76	11	51	35	41	62	55	73	34	
90	48	50	50	98	96	30	52	0	73	59	78	33	69	58	60	53	10	89	59	70	52	99	13	66	29	50	84	98	52	
60	26	44	62	99	26	61	59	9	0	65	102	74	96	86	69	56	6	90	87	99	108	73	21	24	41	87	63	48	64	
82	84	62	74	89	28	85	31	91	27	0	62	69	5	67	36	38	51	57	56	4	86	75	48	18	65	61	51	15	88	
28	21	40	3	54	45	20	9	7	18	20	0	35	48	25	50	54	17	27	13	45	39	28	25	61	2	70	57	66	25	
72	22	38	39	32	52	18	12	51	61	64	6	0	24	31	48	14	33	56	34	63	24	30	60	60	18	68	73	88	33	
36	77	9	59	64	37	76	16	82	8	74	45	78	0	84	53	41	65	76	15	44	80	54	31	14	58	8	1	32	53	
72	4	26	21	21	53	64	21	51	19	39	6	78	16	0	35	72	61	45	39	2	83	72	22	70	46	24	25	40	22	
84	40	54	42	33	67	47	44	62	34	25	63	18	80	75	0	67	36	10	51	86	61	87	3	8	21	50	1	66	15	
80	12	82	85	91	66	72	3	78	12	1	50	81	83	43	88	0	48	79	37	75	41	48	69	99	90	11	55	100	29	
68	49	50	61	76	15	30	11	78	34	86	34	89	47	54	23	74	0	17	64	7	59	30	75	40	74	61	84	2	6	
71	35	7	66	83	77	11	51	31	54	78	71	76	67	39	7	59	24	0	13	31	43	109	72	53	68	61	3	76	35	
91	67	58	59	34	40	38	43	36	28	46	25	28	71	66	48	81	63	58	0	2	85	87	72	53	65	88	63	27	19	
16	31	30	33	64	29	10	35	32	31	37	72	45	10	24	24	84	27	56	46	0	67	85	9	52	12	60	59	72	29	
75	8	52	3	9	36	42	27	55	55	5	55	91	83	4	38	54	59	33	27	65	0	82	44	61	95	3	14	23	47	
42	48	83	50	73	33	78	36	67	43	69	59	39	96	27	25	2	44	13	4	12	23	0	71	93	29	67	19	20	52	
36	55	38	54	31	66	42	49	77	33	27	101	69	114	62	72	70	51	4	49	87	29	101	0	58	36	73	1	92	59	
75	71	75	67	38	21	94	24	47	17	48	62	84	18	22	29	93	44	26	20	50	79	50	38	0	62	53	67	8	75	
87	5	45	7	55	69	55	9	27	87	64	64	19	82	81	81	58	1	58	73	51	78	59	28	65	0	94	41	70	9	
87	81	60	54	43	14	80	36	67	52	15	22	75	3	5	25	89	29	27	61	90	91	80	82	65	62	0	52	20	14	
54	55	34	53	43	68	14	35	43	57	10	72	83	76	11	44	92	26	67	61	59	51	59	64	4	84	64	0	55	38	
56	80	90	48	63	2	96	5	65	21	100	43	76	91	41	10	77	25	87	81	59	60	49	75	97	61	82	94	0	80	
23	6	28	60	60	7	42	27	63	40	92	62	65	63	37	32	82	47	63	66	81	61	71	24	23	83	64	51	11	0	
M2
0	28	48	42	17	17	15	30	24	52	49	61	52	12	72	10	47	63	34	41	77	18	29	67	6	38	47	52	40	12	
26	0	62	31	31	61	39	68	54	35	69	80	45	47	46	72	10	57	62	55	65	31	73	56	48	52	55	42	78	18	
16	15	0	47	67	106	55	77	70	87	88	94	43	55	47	61	63	39	43	5	83	8	70	58	9	31	23	94	46	50	
78	61	51	0	85	50	71	94	29	82	38	87	52	20	22	73	20	102	57	92	22	82	62	72	26	84	50	61	4	41	
62	64	24	18	0	98	21	106	36	57	102	67	51	52	87	34	70	54	44	17	70	2	72	43	10	14	54	57	64	72	
18	1	56	50	25	0	53	39	25	60	48	64	76	26	52	66	56	86	51	49	78	34	2	55	42	46	20	61	49	60	
97	76	55	69	86	73	0	75	5	63	77	36	86	37	64	58	39	94	13	29	52	37	68	61	61	78	61	32	51	92	
21	4	44	63	67	62	19	0	7	52	18	37	43	26	53	87	16	83	32	58	72	66	9	52	50	64	23	21	9	38	
37	20	60	38	51	70	35	15	0	24	30	53	49	42	69	80	13	48	5	41	17	9	25	50	66	8	39	37	25	54	
55	38	76	70	45	27	52	76	60	0	85	64	6	2	89	76	73	44	10	69	74	54	39	7	62	66	1	72	64	41	
49	32	37	78	53	21	21	70	12	54	0	67	32	28	55	60	40	43	44	60	59	55	23	17	34	3	40	23	62	30	
45	28	40	28	52	17	72	66	52	35	19	0	60	53	75	33	83	3	51	76	71	19	29	36	69	65	47	85	28	58	
97	39	31	57	51	69	23	87	38	59	73	69	0	33	60	84	45	82	38	62	83	43	64	42	57	72	7	28	47	47	
6	49	89	101	76	61	62	44	52	47	63	50	72	0	17	75	61	9	76	86	82	10	54	19	45	26	66	51	54	36	
33	1	65	43	34	44	24	84	14	9	32	3	34	18	0	28	30	60	38	18	46	43	19	35	39	20	29	13	76	29	
46	29	65	59	34	106	23	69	38	96	88	69	62	70	53	0	72	89	39	58	29	43	79	84	51	55	73	65	79	10	
83	76	38	43	18	89	46	84	22	68	93	41	60	10	80	9	0	79	51	35	62	23	84	25	35	39	79	48	54	21	
49	32	74	39	56	21	15	43	30	8	49	61	33	9	36	66	21	0	37	54	69	12	33	34	33	60	28	4	53	64	
24	7	47	64	39	30	22	2	10	55	12	40	46	29	56	69	19	33	0	61	12	18	12	3	53	58	26	24	12	41	
88	14	69	58	68	84	4	75	19	75	85	50	85	51	3	72	53	56	9	0	66	51	82	10	75	26	66	46	51	12	
59	42	82	59	80	45	31	37	45	51	32	42	33	25	52	52	37	23	54	70	0	74	47	51	31	78	61	20	47	76	
5	28	58	43	64	88	17	95	15	90	82	63	91	64	91	70	66	45	40	21	62	0	42	85	3	85	50	59	7	62	
43	26	66	60	35	84	41	21	29	64	40	30	30	22	18	58	38	36	46	59	94	44	0	34	26	43	23	43	4	60	
68	51	91	61	63	64	34	46	49	23	54	80	48	28	55	57	24	62	50	47	25	72	56	0	52	65	19	23	56	59	
42	60	79	87	62	102	67	72	80	62	90	90	73	65	50	96	84	67	50	86	19	25	38	36	0	27	19	67	25	3	
82	27	48	42	17	69	11	88	26	23	84	57	48	5	85	58	34	7	34	30	23	22	81	33	34	0	7	53	69	47	
80	63	52	46	21	68	49	58	64	77	77	48	41	80	65	54	59	74	8	45	53	30	52	12	38	42	0	77	68	17	
65	48	72	86	70	37	7	67	22	27	41	53	50	1	28	68	13	58	30	46	69	50	32	27	25	87	47	0	68	56	
68	26	46	40	15	53	23	63	38	43	47	13	40	17	44	56	14	56	19	39	61	8	48	18	32	16	41	12	0	14	
37	20	60	50	75	57	35	15	23	11	34	53	36	32	69	25	7	74	40	2	56	16	25	37	66	80	31	37	25	0	
M3
0	80	67	74	24	43	33	58	30	24	43	68	5	12	52	32	36	87	35	21	73	6	82	44	40	23	12	26	30	23	
59	0	40	73	24	56	8	55	39	18	40	36	15	25	37	26	47	55	32	50	44	73	79	98	50	45	53	64	70	43	
8	16	0	35	69	26	52	44	20	14	31	51	55	59	4	48	21	70	69	51	31	6	68	60	47	15	13	44	59	5	
54	29	38	0	32	7	23	5	2	32	43	65	40	20	22	14	52	52	43	32	56	27	29	21	48	30	69	5	20	14	
46	95	96	99	0	48	51	71	64	45	56	62	39	86	87	30	55	56	48	50	44	79	95	73	66	85	24	80	86	17	
65	49	76	83	62	0	27	37	40	64	22	84	55	52	54	62	29	70	14	60	14	34	61	85	32	6	48	46	41	58	
30	75	79	75	69	74	0	64	51	77	49	52	44	65	51	46	56	26	41	35	72	22	35	70	35	44	29	54	22	24	
38	13	47	50	16	35	7	0	46	16	35	60	24	4	6	37	42	36	27	61	77	40	13	43	32	32	61	54	4	59	
53	32	83	41	55	52	68	50	0	22	74	92	63	43	67	52	81	45	66	59	68	72	54	7	57	70	9	38	65	59	
48	39	55	67	42	61	33	15	72	0	46	69	50	30	32	14	65	62	53	9	80	32	39	18	33	42	46	18	30	85	
48	48	55	41	22	52	64	50	7	2	0	4	8	31	39	58	66	23	51	9	51	24	42	3	16	75	21	50	65	59	
54	49	71	36	17	47	59	45	2	38	47	0	3	26	51	54	61	18	46	72	67	43	69	61	20	70	16	45	60	54	
38	21	34	4	31	15	26	13	10	40	9	33	0	28	30	22	30	52	51	19	14	35	37	29	54	38	50	13	28	22	
26	62	72	54	4	23	28	38	34	4	23	48	12	0	32	25	30	67	15	87	67	43	62	78	20	74	49	47	48	72	
1	30	12	4	40	15	31	13	10	12	51	27	31	28	0	4	60	45	48	15	64	35	37	29	31	38	44	8	28	22	
69	64	28	51	9	62	57	60	17	53	52	14	18	41	66	0	59	33	44	87	54	58	13	76	35	85	31	30	12	13	
85	60	62	97	63	18	5	36	48	23	30	82	51	51	53	84	0	53	22	94	87	63	60	47	40	58	56	54	31	83	
43	7	11	42	23	53	62	51	8	44	53	5	9	32	57	60	62	0	52	70	73	49	75	2	26	51	22	37	9	60	
67	42	65	77	45	54	8	18	21	45	3	65	52	33	35	66	10	65	0	72	60	36	42	66	13	61	29	27	33	77	
4	43	11	62	13	32	37	19	28	13	2	25	21	1	36	29	39	44	24	0	71	47	43	56	24	56	2	8	34	71	
51	26	60	63	29	20	20	2	59	26	48	64	37	17	19	10	55	49	40	60	0	53	26	56	45	17	23	6	17	36	
64	58	69	46	27	56	65	47	12	25	57	9	13	36	61	64	47	28	56	55	77	0	71	63	30	1	26	55	56	64	
60	49	58	16	35	9	22	25	22	51	33	58	51	40	42	34	48	38	53	52	21	29	0	26	6	19	7	25	40	16	
48	49	39	101	34	27	73	58	51	57	39	64	15	45	71	44	42	83	63	9	59	9	77	0	12	42	2	52	73	82	
35	50	32	69	50	72	44	26	35	53	7	32	25	41	43	70	46	51	31	76	27	3	50	70	0	60	49	22	41	87	
48	12	55	84	28	10	32	63	64	43	46	61	63	45	80	32	1	19	49	9	67	43	87	47	20	0	46	31	58	88	
67	11	72	56	28	67	43	64	23	78	85	66	70	79	27	33	29	19	77	82	112	87	70	57	87	62	0	65	52	28	
9	50	78	48	84	59	58	57	9	72	10	72	76	72	43	66	43	25	45	72	63	49	81	4	63	73	65	0	61	53	
40	29	55	101	83	45	1	63	53	33	50	65	64	78	57	12	1	18	49	47	101	19	60	62	67	41	68	52	0	3	
6	12	67	25	39	36	25	34	31	61	20	74	39	49	51	35	27	81	12	61	4	5	58	50	30	59	32	34	49	0	
M4
0	35	7	56	10	11	46	18	49	5	38	12	54	13	53	60	100	23	12	71	62	42	35	73	45	10	51	50	25	48	
38	0	47	74	50	51	21	58	50	45	41	51	25	45	16	80	67	5	42	103	94	48	75	38	82	26	67	90	65	82	
41	28	0	53	47	43	15	61	41	19	43	55	23	49	22	43	79	19	55	81	77	76	4	68	73	53	21	37	68	17	
14	51	23	0	26	27	2	34	65	21	54	28	13	29	69	20	50	39	22	87	78	11	20	52	10	26	57	66	41	64	
39	71	38	48	0	40	62	59	36	46	40	53	14	3	43	48	56	34	47	71	52	71	66	76	70	51	42	22	64	2	
12	49	21	13	24	0	27	32	63	19	52	22	38	27	66	45	40	37	25	76	76	36	45	38	35	24	65	64	39	62	
76	73	83	86	82	78	0	56	24	60	78	76	16	91	69	78	81	60	88	29	100	31	39	113	88	87	36	106	81	43	
26	63	35	63	38	39	66	0	12	33	66	40	74	41	68	84	75	51	40	90	30	5	47	89	8	38	30	19	44	76	
19	31	28	44	5	32	54	39	0	26	59	33	36	34	2	76	80	38	33	68	83	59	56	69	55	27	8	71	46	69	
57	18	66	58	26	64	41	29	53	0	61	57	6	58	36	45	54	9	6	18	56	47	46	53	59	10	7	30	5	82	
29	31	38	3	41	42	17	28	55	36	0	43	28	44	49	7	65	30	4	60	55	26	27	56	25	41	72	81	56	37	
14	51	23	72	26	27	62	34	25	13	54	0	63	29	3	37	91	39	28	43	29	30	51	89	25	26	31	66	41	64	
30	8	39	80	42	43	31	50	56	14	51	17	0	45	26	82	77	15	44	35	50	58	50	48	59	36	10	76	51	36	
48	73	56	22	19	14	36	68	13	55	69	54	47	0	53	54	84	64	56	62	26	45	54	86	44	60	74	63	38	69	
71	42	18	45	22	26	20	79	66	2	85	71	20	30	0	9	88	49	29	68	79	41	46	82	64	60	33	56	55	59	
47	84	56	21	59	55	35	67	68	54	12	61	46	62	53	0	79	18	55	62	18	44	16	85	43	59	18	24	55	76	
46	6	55	79	26	6	22	66	37	53	49	34	33	53	24	65	0	13	41	29	38	56	44	46	56	31	59	37	73	19	
52	41	61	43	44	41	30	72	58	59	84	48	4	22	45	36	4	0	52	58	36	9	64	32	41	64	32	36	23	4	
12	46	21	1	24	25	11	5	63	19	52	26	26	27	64	33	9	37	0	69	76	24	33	65	23	24	10	64	39	59	
62	29	42	70	66	75	24	31	10	23	42	46	7	76	47	21	75	6	73	0	83	79	70	69	92	57	66	101	76	42	
19	56	28	77	4	32	39	39	63	26	52	33	53	34	27	15	23	44	33	25	0	49	56	53	66	31	45	48	23	56	
41	30	16	51	23	39	41	61	8	18	19	50	19	56	48	57	2	37	55	57	54	0	44	53	59	3	44	29	4	52	
6	43	15	18	12	8	32	26	21	13	8	20	8	21	61	41	80	31	20	74	70	41	0	61	40	18	59	58	33	29	
37	74	23	11	49	29	25	57	33	44	77	30	17	25	69	37	73	22	45	101	23	34	43	0	33	49	68	84	64	64	
70	30	27	60	29	36	15	71	59	15	73	46	41	77	48	92	99	37	32	64	62	53	52	66	0	58	58	36	11	68	
41	16	50	15	14	26	23	61	68	14	59	14	40	56	34	21	77	16	46	56	66	38	28	56	23	0	8	92	67	68	
42	57	51	42	42	55	15	44	49	18	76	56	46	55	22	60	58	45	7	11	84	18	55	38	3	54	0	41	56	65	
30	67	32	4	42	43	18	50	74	37	70	38	13	45	55	36	52	55	38	41	35	23	36	67	26	42	17	0	57	14	
57	17	50	54	2	61	24	41	29	29	60	70	11	59	35	83	86	24	61	34	32	23	22	57	76	45	28	6	0	65	
71	61	80	65	62	30	29	42	37	72	73	50	58	20	3	8	24	65	10	31	22	37	34	92	57	72	5	38	81	0	
M5
0	58	25	7	40	60	40	66	7	68	47	38	58	58	84	86	17	84	70	95	56	60	80	30	20	42	53	19	41	65	
82	0	45	29	38	63	38	29	14	36	31	31	71	40	15	52	67	10	42	6	19	36	37	41	62	24	64	25	35	75	
13	38	0	41	39	39	20	46	23	22	15	51	7	35	33	45	29	52	42	44	5	25	47	10	31	25	33	51	11	37	
46	7	36	0	44	39	15	30	18	52	32	19	36	17	47	61	31	11	57	37	19	39	38	5	51	20	28	33	43	15	
52	73	53	36	0	45	61	50	30	73	14	41	30	15	52	47	52	81	5	44	42	62	10	55	60	33	76	30	71	6	
25	56	66	33	44	0	16	27	14	39	49	53	3	53	55	8	25	32	10	79	41	61	59	28	50	40	51	54	16	63	
37	42	21	18	18	43	0	31	44	42	33	33	42	8	21	8	64	12	48	7	21	41	8	47	51	26	69	34	44	30	
22	9	38	45	60	20	31	0	31	11	34	40	33	42	31	37	23	59	41	55	12	26	54	28	20	42	4	31	40	32	
48	72	44	76	14	2	6	76	0	53	33	77	55	69	73	49	77	74	62	65	75	2	31	80	57	79	85	82	68	86	
33	40	69	59	32	32	22	15	25	0	28	21	28	73	45	68	38	47	61	25	43	46	40	12	1	9	35	4	4	47	
56	35	35	39	62	27	54	73	46	46	0	75	34	69	25	40	36	54	52	56	53	11	35	44	72	20	45	72	35	23	
78	39	75	35	49	23	57	24	54	42	55	0	76	32	21	57	73	40	48	11	49	42	64	47	68	42	70	60	66	57	
5	36	46	30	54	47	18	32	13	55	57	50	0	33	67	36	5	39	67	81	39	53	66	8	30	20	31	45	26	43	
25	25	52	48	43	36	38	52	33	45	48	58	3	0	50	39	25	58	50	65	28	42	31	28	38	40	20	47	15	48	
66	23	51	1	24	50	44	35	20	8	21	37	61	55	0	79	51	16	14	57	25	21	43	45	34	8	55	37	37	64	
12	58	58	18	29	34	43	28	40	36	69	39	40	33	37	0	50	66	64	40	64	71	6	33	53	5	56	45	65	68	
48	35	30	14	30	30	17	43	20	32	35	62	38	49	59	52	0	45	66	80	38	41	72	7	53	6	30	36	2	42	
67	56	28	44	53	48	21	12	25	35	14	14	54	32	30	56	52	0	39	54	2	22	20	28	51	7	51	15	25	58	
5	53	51	31	54	37	40	65	33	38	51	64	58	25	17	72	4	46	0	87	55	23	57	56	46	38	79	45	47	91	
59	29	38	25	77	45	8	54	31	45	34	55	39	42	40	3	44	59	12	0	12	32	10	18	64	33	41	6	74	53	
53	52	14	30	53	34	7	54	49	21	10	56	47	18	16	42	38	35	43	64	0	8	30	50	47	28	73	50	50	44	
49	25	65	45	8	47	7	62	58	52	40	70	46	2	31	47	31	60	56	1	39	0	22	55	78	52	31	50	58	59	
25	44	31	25	48	4	38	14	33	32	45	40	3	53	11	6	25	40	36	3	47	45	0	28	45	32	39	23	46	63	
34	21	50	62	62	32	3	29	6	57	46	48	24	54	52	49	19	71	52	66	24	38	66	0	39	8	16	43	67	28	
34	43	72	62	24	54	64	71	46	60	11	4	78	76	59	71	57	78	75	78	46	60	44	62	0	6	38	65	89	66	
66	4	67	18	5	36	12	52	37	25	15	54	48	29	4	76	54	33	24	50	41	38	60	62	44	0	48	54	54	76	
16	3	32	44	54	14	25	31	35	39	28	37	53	36	34	31	17	53	61	49	6	20	48	22	57	37	0	25	68	26	
41	30	59	66	61	41	52	58	49	66	3	64	19	63	61	58	41	75	88	71	33	47	37	44	62	29	25	0	39	53	
65	48	55	61	5	5	38	34	41	7	10	41	58	59	57	63	54	20	64	57	29	27	47	28	33	34	51	36	0	24	
25	64	62	45	68	68	10	15	45	52	48	15	67	66	31	54	63	27	42	8	36	56	33	62	66	41	71	49	59	0	
