30  6  1
6
	0	75	1	13	2	43	3	11	4	79	5	40
	0	91	1	96	2	15	3	5	4	48	5	53
	0	94	1	88	2	14	3	16	4	87	5	37
	0	72	1	32	2	86	3	81	4	7	5	45
	0	74	1	19	2	74	3	94	4	52	5	54
	0	46	1	30	2	63	3	31	4	15	5	85
	0	96	1	92	2	39	3	65	4	80	5	55
	0	41	1	43	2	93	3	78	4	22	5	62
	0	41	1	74	2	37	3	100	4	89	5	83
	0	35	1	29	2	46	3	14	4	75	5	88
	0	35	1	19	2	75	3	51	4	100	5	54
	0	31	1	49	2	40	3	46	4	38	5	85
	0	61	1	79	2	91	3	55	4	76	5	37
	0	39	1	54	2	28	3	6	4	37	5	33
	0	88	1	97	2	7	3	50	4	54	5	50
	0	9	1	98	2	63	3	38	4	74	5	44
	0	92	1	58	2	59	3	85	4	6	5	15
	0	31	1	2	2	72	3	94	4	74	5	96
	0	63	1	12	2	80	3	5	4	9	5	78
	0	87	1	52	2	69	3	91	4	52	5	78
	0	42	1	88	2	73	3	45	4	27	5	87
	0	18	1	24	2	7	3	11	4	13	5	1
	0	21	1	71	2	80	3	63	4	39	5	57
	0	57	1	51	2	61	3	62	4	31	5	83
	0	3	1	27	2	50	3	3	4	49	5	98
	0	15	1	87	2	61	3	28	4	57	5	25
	0	95	1	59	2	55	3	57	4	67	5	64
	0	53	1	32	2	46	3	55	4	66	5	17
	0	93	1	64	2	5	3	78	4	55	5	61
	0	48	1	5	2	89	3	75	4	33	5	58
SSD
M0
0	56	13	64	52	63	12	41	11	23	52	66	20	44	60	46	38	39	56	24	15	26	42	57	14	16	82	32	41	1	
35	0	66	16	50	76	26	48	47	18	32	54	31	8	39	13	4	39	52	9	28	37	53	7	25	29	31	45	65	59	
56	13	0	32	11	12	5	49	59	49	53	58	28	60	78	65	38	30	28	18	15	34	50	70	22	54	48	6	66	15	
44	32	71	0	11	62	20	57	49	42	73	29	12	43	38	7	57	46	39	40	71	42	49	41	30	23	87	39	43	53	
54	56	75	74	0	42	9	60	3	12	59	64	7	12	19	39	12	32	43	72	63	51	51	45	62	9	66	25	75	17	
33	35	60	12	17	0	20	48	28	42	10	22	27	43	38	7	28	46	55	27	65	8	49	41	21	23	35	39	68	53	
21	8	2	82	40	24	0	58	73	57	46	72	58	39	60	29	18	48	5	62	26	15	64	63	52	39	14	55	49	7	
76	55	57	29	40	36	34	0	89	27	78	34	2	20	43	60	74	43	64	15	72	61	84	68	64	51	74	60	63	27	
66	52	68	48	43	32	28	20	0	44	27	83	38	8	8	31	60	54	54	42	43	7	9	5	32	31	62	47	32	55	
14	43	70	35	12	54	28	14	66	0	72	21	35	51	46	15	51	41	66	39	46	41	37	49	29	26	59	17	77	61	
61	10	15	27	12	62	47	46	50	12	0	30	34	18	43	34	71	22	27	27	20	11	83	26	57	35	72	51	79	66	
65	64	45	60	56	2	31	48	76	47	39	0	38	20	61	55	67	13	26	52	61	56	52	69	69	64	27	19	26	34	
18	64	22	67	55	9	35	21	55	45	42	66	0	58	52	49	11	34	1	28	55	11	21	10	18	35	54	47	10	32	
70	5	59	68	4	69	31	24	30	53	38	51	28	0	25	18	25	57	55	21	14	47	46	37	41	34	15	33	61	64	
79	55	4	9	65	54	43	36	46	36	52	37	15	22	0	30	37	22	68	19	49	21	37	36	9	41	76	36	60	41	
52	19	55	69	70	65	4	41	51	26	57	60	20	27	22	0	41	30	47	24	55	26	42	25	14	7	74	23	60	37	
49	18	77	57	50	39	35	51	17	41	39	62	45	35	53	22	0	30	43	49	50	46	16	41	39	7	3	23	16	30	
26	22	77	73	12	29	13	52	83	3	52	1	20	17	17	53	23	0	33	29	22	21	67	53	46	45	59	51	50	13	
63	10	55	29	13	65	4	67	26	29	13	38	47	11	34	51	60	6	0	51	27	40	42	42	41	64	65	62	69	16	
59	34	1	77	54	33	42	7	67	15	66	14	48	33	7	44	66	37	54	0	29	54	20	78	42	14	54	30	71	75	
56	65	15	76	5	25	24	62	74	13	25	44	14	39	60	41	24	12	51	9	0	47	65	75	37	11	29	8	20	36	
51	48	56	56	28	81	33	57	58	24	13	61	36	32	51	20	42	29	29	40	60	0	58	54	30	6	73	22	78	49	
49	48	43	57	13	2	48	14	26	29	45	54	8	16	59	52	30	27	61	12	13	14	0	72	2	34	70	35	53	62	
46	16	44	27	52	54	27	26	30	32	5	21	43	14	17	14	64	53	65	3	60	49	57	0	37	30	40	46	1	41	
73	43	38	52	55	48	43	24	34	24	40	49	3	57	54	47	25	52	56	7	59	9	25	74	0	29	65	30	48	71	
30	43	79	50	51	68	28	50	75	42	57	40	44	13	46	15	37	8	25	48	39	50	52	49	38	0	52	1	61	52	
13	40	57	54	41	3	52	43	21	42	20	40	22	53	56	40	44	8	15	26	54	28	37	6	16	48	0	46	55	52	
25	11	53	65	44	26	3	64	70	38	3	36	55	1	52	33	55	4	42	13	54	49	70	63	56	3	16	0	7	24	
80	8	37	60	37	2	57	38	12	38	54	59	17	11	53	55	39	66	67	21	25	23	19	58	11	43	2	44	0	85	
39	7	18	44	43	14	36	3	33	50	3	64	38	37	70	39	60	32	49	42	43	25	9	64	32	9	50	25	49	0	
M1
0	29	39	59	59	33	39	51	65	37	52	50	54	7	22	9	64	34	19	6	58	68	40	12	41	41	4	89	53	21	
50	0	32	43	3	13	34	60	68	56	38	60	57	40	5	59	44	29	30	27	1	60	1	44	55	52	25	18	6	55	
7	25	0	11	42	43	30	51	52	57	16	58	18	24	42	29	31	46	39	26	21	18	47	32	20	18	24	14	46	30	
27	16	8	0	28	48	8	8	42	22	62	38	67	47	32	49	6	3	44	38	44	20	65	34	41	36	26	63	12	32	
28	47	43	52	0	39	23	69	52	49	16	58	61	48	7	50	43	38	49	5	71	38	47	53	54	56	45	95	44	39	
22	19	21	27	41	0	21	47	34	29	31	51	14	42	31	44	1	16	54	35	69	30	54	1	54	34	39	26	71	54	
59	58	51	71	59	61	0	63	71	73	35	3	44	35	21	68	61	46	31	54	99	45	34	69	26	42	69	27	82	55	
23	28	39	31	1	32	12	0	37	61	36	50	30	8	27	45	63	34	19	25	15	42	29	34	49	24	7	12	15	49	
43	41	54	70	65	51	16	35	0	70	44	36	69	58	68	65	27	49	34	32	80	83	55	47	4	33	47	28	4	33	
10	52	22	8	46	54	14	48	63	0	27	62	72	30	27	32	46	43	37	22	49	40	58	35	18	17	27	60	52	44	
14	12	9	54	42	8	34	44	17	56	0	23	49	34	23	33	39	29	14	33	81	63	12	39	19	36	22	64	54	4	
26	24	31	57	54	30	54	56	39	76	3	0	62	46	45	48	21	49	34	20	67	25	33	36	41	6	43	53	47	16	
52	39	44	43	63	46	44	64	37	66	19	61	0	34	18	62	27	39	52	57	6	60	2	69	29	12	54	73	2	42	
27	8	16	19	8	49	16	42	4	35	43	46	8	0	34	48	57	11	59	32	77	26	70	3	49	36	44	61	57	17	
43	41	31	49	51	25	31	43	62	40	51	35	4	44	0	65	27	26	11	32	6	51	24	15	4	33	47	81	21	33	
41	7	6	56	26	22	6	5	21	19	45	36	38	48	30	0	32	1	66	36	63	39	76	32	39	65	53	35	59	40	
29	32	20	26	40	52	20	3	32	16	57	5	76	49	44	29	0	15	61	48	26	40	59	46	49	60	29	57	32	50	
38	45	3	62	23	43	3	29	45	25	57	33	83	45	27	60	74	0	63	33	85	36	79	29	36	65	50	81	61	37	
43	50	8	28	28	22	8	20	50	30	30	19	23	36	23	65	34	3	0	22	56	37	9	34	24	10	36	63	66	42	
41	49	8	42	56	55	24	16	8	5	31	16	4	40	13	25	67	36	21	0	62	11	9	55	12	41	10	55	25	41	
4	19	5	35	3	45	21	32	44	43	18	50	50	24	29	26	14	16	36	23	0	3	43	29	45	41	21	8	6	11	
26	49	27	8	58	55	42	14	63	54	28	33	23	5	61	48	46	43	58	45	69	0	48	51	21	50	14	60	41	41	
51	40	28	8	43	31	48	15	42	51	50	64	58	59	68	70	46	43	33	38	58	37	0	28	67	16	56	70	8	57	
21	19	15	57	35	25	15	20	57	37	59	45	29	41	35	22	3	10	17	40	37	48	38	0	40	39	38	53	73	11	
12	10	31	77	34	20	33	42	57	58	30	59	57	32	47	34	49	59	44	1	73	64	61	16	0	2	16	67	78	2	
24	14	15	10	48	42	28	40	60	50	50	39	43	44	41	28	48	23	8	32	49	57	29	4	17	0	31	1	54	38	
50	41	10	27	38	35	59	66	71	25	61	9	35	70	37	54	10	62	67	22	66	79	17	21	38	50	0	41	28	67	
15	13	34	74	43	52	58	37	27	37	62	22	47	35	8	9	32	59	44	17	84	51	65	40	5	34	32	0	74	5	
34	32	53	32	34	65	40	60	28	77	53	34	51	54	18	38	60	50	60	40	33	82	30	42	22	9	51	16	0	24	
5	3	24	77	33	51	48	35	59	55	68	68	72	25	40	27	42	52	37	24	76	72	55	30	59	59	22	90	71	0	
M2
0	5	63	4	61	46	35	22	47	25	12	30	30	19	37	38	17	35	17	49	31	47	13	34	10	24	65	38	13	45	
2	0	43	41	65	26	15	2	27	66	30	56	37	4	19	23	28	33	58	35	71	27	58	70	46	36	53	48	41	73	
39	49	0	37	71	32	65	66	76	80	15	51	7	43	15	52	24	2	64	31	21	53	82	36	20	30	29	33	37	51	
32	15	21	0	60	24	10	32	57	38	35	13	42	34	24	45	5	37	23	4	56	50	76	71	51	53	64	60	42	37	
25	8	64	61	0	49	38	25	50	89	48	76	60	27	42	46	44	41	81	58	28	50	71	11	69	26	55	20	38	3	
3	47	62	34	17	0	77	64	40	71	23	20	30	7	12	49	21	26	63	28	33	52	59	66	39	39	9	48	34	22	
47	40	50	17	11	66	0	10	28	28	50	18	70	16	64	5	64	54	49	10	41	1	74	44	50	48	27	57	40	41	
44	62	27	39	69	26	49	0	56	59	28	45	35	23	17	1	26	31	50	7	31	26	28	4	44	23	17	6	37	22	
53	36	81	31	83	16	35	17	0	87	47	46	43	30	36	26	13	18	34	52	38	15	84	6	39	14	41	21	58	31	
69	85	84	62	35	3	6	12	47	0	48	63	69	61	78	50	68	31	17	8	71	46	31	14	67	16	63	55	85	16	
9	49	61	28	84	33	75	33	64	77	0	43	24	34	6	33	15	20	15	22	28	32	65	39	33	14	32	42	28	18	
22	41	63	38	38	8	62	58	54	66	25	0	29	21	27	40	20	36	19	3	48	73	29	81	54	12	80	63	15	44	
31	24	57	23	2	19	54	41	63	50	13	16	0	30	2	31	11	16	6	2	1	20	60	48	29	18	31	38	24	56	
29	12	70	11	61	37	42	29	5	71	6	65	64	0	46	50	20	59	76	25	39	54	78	48	73	4	54	63	68	48	
22	52	48	15	71	29	62	46	54	80	4	30	11	21	0	30	2	7	82	9	48	65	72	47	20	26	73	29	15	47	
37	52	91	51	23	33	79	69	45	43	42	2	44	12	65	0	60	21	6	36	22	54	30	76	43	27	64	49	41	73	
11	56	10	36	27	56	57	69	49	70	20	48	31	16	34	35	0	26	71	50	43	50	21	9	10	21	53	53	10	42	
30	13	26	58	80	54	41	30	55	38	55	11	47	32	47	51	56	0	70	28	61	55	80	29	54	42	69	17	66	72	
25	15	44	42	51	56	45	32	57	68	37	60	7	27	26	16	26	3	0	22	17	57	76	79	53	52	23	39	48	20	
32	15	7	33	15	24	45	32	53	34	22	48	28	20	11	48	12	21	20	0	42	57	28	52	33	41	50	47	30	62	
46	43	53	36	31	31	61	59	36	87	35	8	42	3	24	36	33	10	60	18	0	25	65	19	27	35	19	2	39	57	
45	32	59	9	61	72	62	49	41	65	42	24	62	8	66	4	56	46	55	61	75	0	66	36	78	40	19	49	76	63	
70	70	23	31	16	29	4	53	2	23	52	8	12	59	52	48	5	22	61	51	58	44	0	45	57	5	56	26	63	5	
73	65	45	11	34	63	49	82	61	73	42	50	44	58	49	9	58	30	78	65	32	43	98	0	13	67	65	67	71	74	
24	47	5	46	1	38	2	51	40	10	34	36	26	7	34	10	39	21	60	41	3	42	59	11	0	39	10	4	35	18	
59	49	82	32	20	48	70	12	33	99	52	44	17	18	61	73	13	23	89	24	55	65	23	22	64	0	27	91	52	84	
38	28	51	31	37	45	21	45	54	58	12	30	6	37	9	46	15	23	24	25	3	57	78	43	18	42	0	18	31	63	
14	10	68	9	17	7	40	25	46	69	17	40	49	13	31	31	23	2	15	47	16	20	17	13	58	18	46	0	7	9	
2	41	74	21	54	55	42	58	34	70	5	33	37	1	19	20	28	17	62	35	28	54	58	73	46	6	80	48	0	27	
28	18	60	47	23	35	48	35	60	50	2	28	63	27	45	45	54	43	65	19	54	34	78	52	34	32	10	52	21	0	
M3
0	58	25	51	9	30	42	1	7	10	46	35	75	56	38	46	34	15	34	38	44	65	65	53	54	57	64	62	2	35	
7	0	24	18	10	48	32	19	20	28	53	53	16	67	56	56	27	33	52	1	31	64	73	51	53	47	1	45	4	53	
41	38	0	33	48	10	18	24	29	24	21	36	34	27	52	16	48	48	35	44	45	48	33	12	13	43	44	37	14	46	
6	9	10	0	22	29	19	18	18	5	11	27	30	8	11	3	29	29	42	15	41	41	18	10	26	53	15	38	18	52	
26	48	62	71	0	67	28	35	28	47	56	28	27	74	48	24	71	38	20	54	30	83	31	42	77	43	54	31	39	66	
22	18	47	22	7	0	9	34	19	38	33	30	29	9	11	31	33	8	22	15	32	7	19	74	27	2	10	39	16	12	
37	25	54	11	40	58	0	49	24	58	54	37	46	27	11	60	24	48	68	31	61	67	37	41	60	73	4	57	16	63	
34	22	51	45	12	73	34	0	31	36	69	11	43	23	28	29	54	44	41	12	31	47	33	20	25	64	16	53	31	58	
20	53	25	27	40	51	44	20	0	41	19	44	59	44	45	9	52	46	36	36	30	10	50	53	30	59	43	61	5	51	
42	37	66	27	52	75	42	54	21	0	64	11	54	62	14	28	10	19	37	14	22	41	62	59	48	34	43	38	3	72	
19	41	26	47	39	31	33	31	35	40	0	63	47	67	10	50	37	45	55	47	44	59	75	54	55	6	3	74	32	29	
43	48	55	49	47	33	54	40	44	40	21	0	53	43	44	5	51	8	53	33	5	9	49	47	29	62	42	57	56	50	
32	20	4	43	35	30	20	44	13	5	41	30	0	9	33	31	29	15	55	18	41	60	19	6	33	48	22	39	12	53	
17	5	34	28	20	58	5	29	4	30	57	55	26	0	58	49	37	15	62	11	41	48	4	61	45	57	11	24	14	38	
13	65	49	30	22	35	15	25	17	34	18	15	71	54	0	44	58	39	7	52	17	20	60	15	40	30	48	16	26	53	
16	6	35	29	21	30	18	24	20	37	38	18	12	43	38	0	38	31	10	12	7	60	49	61	29	33	12	14	15	17	
21	22	51	23	37	59	16	15	39	42	12	50	43	49	70	31	0	27	43	28	53	69	38	19	52	49	28	9	31	53	
5	30	41	53	1	46	58	17	23	23	62	41	5	69	51	54	17	0	50	36	59	66	13	66	70	65	3	35	18	11	
1	53	37	63	10	42	3	13	5	22	31	3	59	49	23	52	46	27	0	50	5	58	59	65	52	18	54	48	14	41	
54	50	10	8	25	29	44	50	32	16	24	41	41	39	44	9	28	49	48	0	27	25	47	3	27	50	41	2	22	64	
25	13	5	36	20	31	39	37	30	45	42	34	34	28	32	2	43	49	50	19	0	24	38	33	34	12	19	54	22	57	
23	34	59	29	42	44	34	35	24	20	27	32	43	23	24	13	44	37	34	21	44	0	29	63	9	57	22	41	36	30	
43	54	8	24	11	34	40	41	44	40	45	43	58	43	44	33	40	34	54	41	43	9	0	19	29	42	42	11	38	50	
18	24	53	10	27	59	15	30	12	28	48	20	45	13	26	11	52	24	12	30	22	27	10	0	17	35	30	26	27	57	
28	22	51	17	37	54	22	29	13	8	41	20	31	11	36	1	32	32	22	28	32	63	17	51	0	45	28	29	25	46	
19	7	36	30	22	60	44	31	1	11	4	36	13	77	39	16	3	44	47	13	43	64	43	63	65	0	13	40	10	28	
26	43	62	46	31	1	28	38	30	18	27	28	12	32	41	30	42	40	20	8	30	6	42	11	26	17	0	38	35	44	
11	40	3	5	8	29	10	23	29	9	40	34	12	29	11	29	10	18	26	37	36	5	39	31	25	49	38	0	24	46	
1	46	37	13	14	42	46	13	19	22	19	47	53	35	50	3	43	27	46	50	22	67	45	35	30	43	34	55	0	11	
42	30	59	51	32	18	58	54	45	10	64	35	19	58	38	52	10	43	53	36	23	56	5	3	72	32	8	47	7	0	
M4
0	56	3	65	50	34	51	49	2	32	35	46	54	70	75	35	35	41	44	62	16	57	13	43	42	33	30	43	13	37	
53	0	7	52	32	18	26	12	65	1	38	48	7	63	27	60	11	59	45	27	17	34	9	46	18	24	35	19	19	18	
86	60	0	70	25	52	37	88	3	35	23	50	74	62	5	33	78	40	49	1	71	72	66	62	53	29	40	9	14	59	
66	22	48	0	22	8	17	46	24	49	28	38	30	69	9	60	1	7	39	57	20	30	32	66	8	2	25	9	9	70	
42	3	13	54	0	27	7	44	24	13	42	55	41	24	41	13	20	61	41	16	34	49	1	37	27	39	40	28	28	1	
66	27	52	46	58	0	48	23	37	26	56	51	7	72	62	62	54	40	54	46	73	31	79	64	46	26	2	62	62	47	
17	35	43	41	42	11	0	49	57	35	43	1	33	69	56	28	47	16	20	54	15	57	4	71	54	10	28	55	38	52	
51	30	35	36	13	16	25	0	31	20	13	46	38	48	32	46	9	46	15	73	28	38	40	19	16	29	33	17	17	3	
40	32	46	19	7	34	11	30	0	72	38	33	50	54	28	51	27	33	36	18	46	13	30	18	28	28	51	4	35	40	
66	44	2	63	32	2	55	32	54	0	9	62	24	34	38	36	63	3	61	63	33	48	85	62	63	33	9	23	19	57	
5	13	34	45	43	40	42	18	67	21	0	21	46	42	61	21	33	59	24	71	46	1	64	59	16	12	57	41	39	43	
14	49	55	66	3	7	62	39	18	38	4	0	29	58	17	16	54	59	45	68	67	22	33	32	37	48	24	22	17	13	
47	29	7	15	44	6	17	36	36	1	50	30	0	78	31	27	23	29	61	66	42	42	45	4	9	24	23	6	17	50	
69	32	36	3	26	12	27	20	16	53	28	23	1	0	17	17	11	17	26	58	30	3	42	61	1	12	29	18	19	45	
34	63	30	52	40	61	15	69	35	22	59	67	18	12	0	62	55	26	60	3	42	52	67	3	44	20	66	6	27	10	
60	11	40	10	8	25	34	1	35	43	23	55	5	55	1	0	18	22	32	40	37	47	28	19	12	19	27	26	26	26	
69	15	41	62	15	1	10	39	53	42	21	31	23	62	50	53	0	55	41	58	13	23	25	76	1	14	18	2	2	63	
45	59	49	36	28	26	33	54	27	57	53	37	45	23	26	54	44	0	15	83	21	63	70	48	39	45	43	52	12	60	
66	41	33	12	41	27	9	30	43	46	45	57	21	43	28	38	20	26	0	76	13	49	46	51	27	21	41	28	9	55	
64	8	47	26	47	34	23	44	57	24	54	12	35	57	42	16	27	40	5	0	27	56	35	65	34	35	51	11	23	59	
50	26	1	22	21	12	19	40	34	53	5	42	11	27	38	48	5	15	1	48	0	34	36	36	12	2	29	13	13	30	
57	31	20	31	29	26	28	4	57	46	12	7	32	28	47	25	19	45	10	59	32	0	50	45	2	39	43	27	27	29	
5	23	35	22	51	37	19	40	53	38	40	43	15	26	38	12	30	28	1	71	23	59	0	60	37	6	51	38	19	24	
50	68	43	45	63	28	61	66	1	69	32	78	1	47	5	62	47	38	43	62	15	58	78	0	54	44	45	55	55	69	
19	54	1	57	11	21	67	25	42	55	39	14	43	86	20	68	56	33	49	8	57	67	64	61	0	1	38	41	56	48	
7	18	37	44	58	59	17	43	13	29	21	46	53	61	57	11	52	50	23	8	45	26	34	32	27	0	28	45	12	36	
61	51	43	22	31	37	19	31	36	56	25	21	31	11	38	28	30	7	1	11	20	51	56	45	37	31	0	38	10	9	
25	36	28	34	36	22	31	42	40	8	42	52	20	66	44	56	15	22	18	28	34	44	5	8	22	35	39	0	23	67	
52	8	36	30	45	13	44	20	61	21	28	23	29	41	42	41	35	44	26	29	41	3	65	61	18	20	30	43	0	45	
19	38	51	20	32	24	33	35	35	44	41	38	7	12	7	41	17	34	33	49	36	18	24	3	24	29	23	25	25	0	
M5
0	81	92	83	45	5	85	60	36	71	37	41	79	58	66	64	52	58	10	86	40	95	34	86	6	52	51	40	15	4	
55	0	83	51	37	72	28	12	67	58	56	11	25	45	53	46	21	4	70	3	72	57	80	70	40	51	53	27	58	34	
68	56	0	66	7	61	7	8	1	24	57	23	67	44	54	39	50	14	72	75	10	21	64	39	76	39	8	28	49	2	
30	54	76	0	49	22	69	40	20	51	49	74	3	38	5	43	42	36	48	67	41	77	37	48	75	44	34	20	46	4	
80	80	23	65	0	44	55	37	47	37	17	36	16	51	61	87	46	74	11	80	49	34	8	61	21	65	56	41	59	16	
67	49	50	76	62	0	93	72	65	28	93	7	32	30	94	44	83	20	5	83	1	94	85	21	72	48	13	69	73	11	
42	71	74	26	19	47	0	11	16	33	31	17	25	20	28	11	34	42	19	68	16	57	80	13	68	55	66	2	32	1	
39	16	48	46	29	41	24	0	15	5	38	4	48	25	35	48	13	73	14	47	17	2	45	19	58	10	24	9	45	2	
38	81	56	47	9	45	45	26	0	26	36	25	60	2	56	38	52	72	2	49	38	23	38	37	39	62	28	30	76	23	
14	74	18	74	62	59	24	12	42	0	40	31	55	32	12	5	58	43	18	88	44	29	2	65	60	40	31	36	22	57	
48	71	27	41	47	44	33	14	24	14	0	13	11	34	44	70	31	78	16	9	26	11	47	43	73	50	33	18	25	43	
23	81	88	21	42	33	75	27	22	56	79	0	39	68	65	90	49	87	32	70	68	53	13	5	18	71	66	50	55	44	
49	81	83	12	9	67	76	3	77	41	49	34	0	34	51	70	57	50	8	82	55	67	18	8	35	75	64	25	6	15	
50	59	21	74	65	10	42	18	10	30	30	81	25	0	57	3	58	37	20	26	13	79	80	2	30	65	62	47	64	51	
30	91	55	41	55	75	14	13	50	10	66	39	17	60	0	8	39	69	62	70	24	37	72	47	52	74	39	43	32	39	
37	49	49	34	27	49	68	51	65	62	23	77	50	46	31	0	11	17	64	45	34	85	38	73	13	22	15	31	19	71	
19	62	51	18	1	42	50	25	51	36	34	64	24	20	31	56	0	45	51	19	50	62	63	55	39	58	17	5	22	51	
63	86	63	4	29	66	39	20	17	20	5	15	52	38	39	36	46	0	70	8	19	17	60	53	51	69	39	23	68	53	
54	43	58	50	47	56	84	30	9	20	40	60	1	29	37	51	43	88	0	48	49	63	43	20	63	64	63	11	14	9	
54	67	12	85	43	11	56	57	50	19	85	48	86	47	64	61	59	12	93	0	43	70	43	47	40	23	34	56	66	4	
70	51	18	70	62	13	5	28	38	28	20	20	68	48	45	34	54	18	27	55	0	25	42	18	66	77	47	32	73	57	
62	72	45	44	44	48	21	2	12	2	35	1	45	22	32	58	28	78	75	62	14	0	42	35	61	59	21	6	65	59	
32	15	68	62	38	32	68	68	44	68	36	25	49	66	37	39	80	31	82	54	60	65	0	16	46	1	29	48	46	42	
39	30	48	51	45	39	36	31	51	42	40	61	50	22	37	2	43	19	58	61	62	59	71	0	35	8	18	11	57	2	
10	39	52	39	10	55	28	46	9	57	7	74	16	41	52	35	6	48	60	5	70	72	71	61	0	33	38	26	43	12	
6	19	61	66	12	6	59	49	18	58	80	51	73	82	80	13	57	74	56	28	73	59	65	89	23	0	33	66	24	50	
7	67	31	29	34	52	30	60	40	71	54	81	70	44	66	56	36	57	8	52	66	89	28	46	53	86	0	40	62	9	
49	80	55	48	28	28	62	3	44	14	12	42	22	1	9	37	15	64	54	49	34	40	77	36	64	36	47	0	52	67	
60	21	16	28	18	33	9	43	54	63	22	9	20	50	14	15	37	67	36	51	63	74	30	65	66	81	61	32	0	55	
15	77	78	57	61	1	34	37	47	37	70	36	80	57	59	50	45	42	31	78	49	34	77	26	35	52	51	41	4	0	
