30  8  1
8
	0	94	1	76	2	55	3	16	4	24	5	96	6	77	7	93
	0	28	1	17	2	54	3	29	4	25	5	56	6	25	7	56
	0	14	1	72	2	2	3	66	4	93	5	89	6	62	7	37
	0	15	1	6	2	23	3	97	4	73	5	19	6	7	7	95
	0	97	1	47	2	98	3	69	4	16	5	34	6	41	7	4
	0	18	1	97	2	52	3	38	4	4	5	2	6	17	7	58
	0	37	1	14	2	23	3	92	4	4	5	51	6	35	7	80
	0	66	1	31	2	7	3	95	4	55	5	98	6	8	7	37
	0	41	1	52	2	86	3	25	4	84	5	43	6	7	7	62
	0	36	1	86	2	41	3	30	4	61	5	10	6	84	7	80
	0	98	1	50	2	38	3	78	4	71	5	49	6	81	7	47
	0	22	1	21	2	7	3	22	4	32	5	96	6	18	7	85
	0	48	1	49	2	91	3	69	4	33	5	82	6	60	7	33
	0	1	1	19	2	82	3	54	4	14	5	10	6	72	7	95
	0	50	1	83	2	39	3	22	4	64	5	76	6	46	7	5
	0	6	1	31	2	82	3	13	4	64	5	51	6	17	7	88
	0	51	1	31	2	76	3	59	4	50	5	26	6	57	7	34
	0	91	1	20	2	83	3	81	4	15	5	100	6	49	7	76
	0	53	1	52	2	13	3	96	4	38	5	36	6	47	7	72
	0	1	1	4	2	38	3	30	4	45	5	67	6	10	7	96
	0	88	1	34	2	100	3	33	4	5	5	61	6	24	7	37
	0	41	1	1	2	96	3	12	4	49	5	38	6	3	7	1
	0	77	1	36	2	42	3	51	4	28	5	50	6	70	7	18
	0	45	1	72	2	23	3	59	4	1	5	12	6	17	7	60
	0	7	1	31	2	20	3	4	4	51	5	90	6	57	7	62
	0	43	1	65	2	19	3	71	4	32	5	49	6	41	7	47
	0	96	1	53	2	5	3	13	4	54	5	51	6	71	7	67
	0	34	1	57	2	34	3	14	4	90	5	15	6	84	7	35
	0	62	1	35	2	84	3	61	4	23	5	29	6	24	7	80
	0	49	1	2	2	94	3	12	4	15	5	21	6	92	7	93
SSD
M0
0	9	29	52	43	17	36	23	41	11	44	11	38	4	12	37	35	18	49	24	20	40	7	36	18	23	36	10	13	42	
7	0	5	20	41	39	18	25	4	18	39	13	26	11	19	32	20	43	43	23	27	9	27	35	3	30	21	30	40	9	
43	56	0	45	22	48	12	6	62	1	20	70	29	68	14	13	67	52	41	36	51	56	35	18	57	53	65	43	72	51	
3	40	5	0	41	34	31	25	12	20	8	63	34	35	33	1	28	18	10	18	25	22	2	30	11	35	28	25	43	22	
42	45	29	57	0	36	29	49	67	29	19	4	22	40	33	12	6	45	39	49	8	5	30	45	56	35	41	30	50	66	
30	27	34	27	8	0	31	42	51	20	20	37	62	66	56	13	56	60	45	49	67	56	35	13	39	58	57	56	46	63	
42	42	19	26	55	44	0	39	27	34	40	60	1	66	47	41	25	18	14	28	15	25	28	40	8	30	16	17	48	32	
35	68	60	74	56	47	11	0	62	73	58	59	30	85	86	67	21	66	59	76	60	14	11	34	56	63	64	16	47	52	
25	34	15	7	44	18	16	35	0	16	9	43	27	57	36	15	21	40	32	2	42	23	23	14	4	8	6	9	23	28	
49	19	7	66	40	24	29	21	34	0	7	60	47	58	13	21	45	72	4	8	41	55	43	20	31	25	49	15	69	40	
22	10	34	53	5	18	56	24	18	12	0	45	40	5	13	38	42	37	33	25	2	47	10	37	41	24	52	32	11	47	
33	22	43	43	20	10	3	36	49	3	43	0	41	61	7	36	49	19	43	23	27	51	58	19	32	9	15	30	49	54	
11	37	14	61	50	24	40	34	13	15	14	16	0	37	37	9	20	20	41	12	53	52	8	24	3	29	21	19	47	27	
39	4	37	47	61	35	50	18	36	6	39	39	34	0	7	32	37	31	44	19	15	41	15	31	35	18	53	26	28	41	
20	13	32	50	32	6	22	39	5	41	29	37	48	52	0	22	49	58	59	9	68	50	23	12	32	15	50	16	12	46	
24	54	56	71	56	48	61	68	58	43	1	86	68	49	57	0	62	61	54	32	65	37	16	44	45	49	59	39	58	69	
42	38	44	63	44	18	33	52	42	1	27	8	54	33	37	20	0	29	41	30	49	49	15	42	53	39	45	6	55	43	
17	15	48	45	71	45	61	68	47	61	37	56	68	54	62	30	50	0	40	29	70	47	16	41	46	13	28	36	73	33	
45	57	64	65	55	31	16	71	75	21	9	13	21	57	20	16	32	54	0	54	29	32	25	54	61	33	50	52	12	29	
42	56	33	60	41	15	59	39	25	48	19	53	38	66	61	12	39	63	49	0	64	46	34	11	22	16	40	6	66	46	
50	15	48	53	3	8	51	48	35	33	44	43	49	54	28	39	62	24	65	65	0	52	61	39	45	69	1	22	10	4	
31	13	30	61	35	52	34	50	21	45	34	54	14	39	47	27	5	64	4	42	53	0	49	41	22	58	15	49	30	46	
36	19	52	61	38	16	65	3	51	54	13	60	73	58	19	6	67	73	3	37	39	49	0	22	50	45	40	2	54	56	
32	4	35	15	49	39	32	22	36	32	9	7	57	43	36	2	12	11	40	40	55	2	24	0	35	38	18	12	23	41	
27	27	4	63	40	29	30	24	39	19	33	45	16	66	32	26	10	35	33	13	43	49	48	25	0	30	11	20	37	17	
7	45	12	71	48	48	38	32	77	27	46	17	55	40	40	39	78	4	56	55	56	72	52	44	71	0	54	13	17	15	
16	16	32	12	65	39	58	50	29	47	5	47	12	55	21	27	47	45	10	23	24	1	29	35	38	7	0	30	58	49	
9	27	35	46	6	1	50	33	59	39	24	35	39	57	63	17	52	41	9	55	73	26	39	32	58	13	64	0	31	64	
7	37	14	55	46	39	40	34	49	29	43	51	26	49	17	36	20	45	1	23	53	59	1	35	3	9	21	30	0	27	
67	42	10	69	46	69	36	30	74	9	12	52	33	78	38	37	50	40	13	53	4	42	59	42	43	40	56	60	6	0	
M1
0	51	65	45	15	46	36	55	43	10	36	38	72	49	19	27	65	54	59	47	34	18	6	14	22	28	70	15	57	29	
29	0	41	41	60	45	36	15	50	49	51	38	45	39	22	27	36	17	46	44	24	18	28	43	6	28	56	25	4	44	
37	11	0	4	2	42	17	40	13	13	29	14	19	13	33	12	53	45	39	47	52	29	19	15	15	39	40	7	21	40	
51	54	17	0	20	32	37	49	3	50	19	28	63	33	23	2	48	54	45	39	58	19	39	5	5	29	55	1	48	59	
26	56	14	25	0	21	24	44	34	40	18	3	70	22	22	33	4	51	75	36	61	37	49	1	33	47	57	15	50	34	
46	10	26	41	2	0	16	42	9	76	33	52	51	35	32	22	25	44	65	68	51	45	55	34	33	13	50	48	31	71	
33	71	34	11	37	20	0	48	20	52	3	40	54	5	25	19	23	26	55	56	35	21	47	4	22	31	20	18	35	62	
11	73	66	44	26	31	19	0	47	41	36	48	52	23	32	37	32	41	53	19	3	28	62	37	11	38	53	35	41	69	
36	25	7	31	57	3	6	57	0	51	23	29	8	25	45	39	43	31	60	62	3	41	52	24	42	51	5	34	46	39	
25	36	44	44	53	38	39	29	42	0	3	2	56	29	36	6	31	39	49	35	60	32	43	27	36	7	56	38	49	14	
28	66	33	42	27	22	65	47	34	46	0	67	9	63	51	50	39	56	59	55	31	47	63	53	7	19	15	40	58	44	
2	32	62	60	39	24	35	64	69	22	4	0	46	30	31	48	48	27	51	12	37	39	25	24	43	24	33	46	26	10	
67	36	66	43	47	81	58	25	52	15	45	61	0	55	69	34	57	33	62	73	56	65	32	52	25	28	75	50	57	38	
9	75	61	48	20	35	55	24	57	55	19	57	67	0	26	23	71	76	66	74	52	37	60	59	31	33	81	44	59	78	
33	27	39	19	45	54	36	12	15	49	44	36	44	55	0	13	2	46	55	44	35	18	50	30	22	28	37	15	2	59	
43	21	7	18	18	21	21	18	27	34	38	20	50	38	7	0	50	22	12	46	43	3	6	29	7	13	55	10	15	44	
40	52	43	20	46	38	20	21	29	33	20	22	46	39	6	11	0	55	43	54	45	2	48	31	6	12	54	9	57	43	
30	61	38	34	41	43	9	45	43	38	26	8	8	2	47	12	34	0	9	41	38	44	1	6	45	23	43	41	55	39	
28	51	14	35	42	18	19	38	43	32	30	5	64	3	5	10	48	44	0	38	42	1	47	11	5	11	33	8	47	36	
16	50	52	57	23	8	39	49	66	18	52	27	48	58	27	32	57	72	35	0	21	23	48	33	27	33	42	30	63	47	
35	60	47	24	42	56	38	56	33	50	37	40	15	13	24	29	67	63	61	68	0	20	27	35	24	30	32	26	70	38	
39	49	46	33	46	35	17	36	42	30	34	19	80	36	3	8	46	52	40	51	66	0	45	35	3	9	51	6	54	40	
25	32	26	3	17	17	21	58	10	1	27	2	50	22	32	11	57	36	40	5	1	28	0	14	14	23	51	10	34	33	
34	31	36	28	52	21	3	60	25	15	20	43	47	22	27	32	40	39	23	25	50	23	27	0	27	33	37	30	38	64	
37	57	27	4	23	29	27	13	13	39	29	29	46	40	13	12	12	18	37	17	42	9	39	15	0	19	19	11	20	50	
16	59	7	36	40	58	24	56	45	54	20	33	33	27	45	7	36	5	24	66	63	41	26	15	45	0	58	20	42	64	
3	66	42	19	21	42	34	37	28	44	44	36	81	53	20	25	49	59	57	58	32	16	62	30	10	26	0	23	61	57	
40	29	47	56	16	32	32	61	1	19	11	41	52	27	29	50	45	32	45	20	3	41	17	21	45	21	58	0	10	7	
20	2	2	29	55	48	38	34	38	33	26	37	34	22	25	37	47	9	25	36	43	37	15	35	25	42	21	36	0	28	
46	20	71	48	37	55	23	52	57	10	5	51	51	18	59	55	36	23	52	53	52	55	44	12	43	12	57	55	41	0	
M2
0	74	17	26	38	24	74	50	59	29	33	38	57	6	64	23	27	55	47	32	17	46	33	29	43	48	59	58	33	45	
17	0	26	4	20	30	48	5	14	53	3	35	35	30	28	41	15	44	22	20	24	10	28	31	19	6	41	26	19	30	
52	60	0	7	54	50	59	50	40	26	14	51	38	28	62	13	33	36	48	39	10	48	14	10	24	29	44	49	48	50	
58	59	31	0	28	20	46	46	10	26	25	21	8	10	41	46	3	24	18	9	34	39	12	20	57	25	14	23	43	33	
33	30	29	38	0	25	75	51	38	50	30	43	69	44	37	44	38	29	35	1	41	32	45	36	42	30	19	50	34	53	
46	45	19	28	13	0	30	34	21	33	13	7	49	39	33	7	42	12	16	16	31	18	35	20	45	13	2	33	41	19	
19	85	48	16	35	21	0	61	49	43	60	60	47	49	78	1	36	6	57	48	60	78	51	50	41	40	53	60	75	51	
5	61	14	23	27	26	37	0	28	42	2	23	54	18	33	29	14	44	10	8	12	17	20	26	40	2	40	22	7	26	
44	73	11	20	45	34	46	32	0	39	1	61	51	41	49	26	46	38	26	47	22	13	5	23	37	39	28	50	46	57	
59	44	66	20	38	62	18	71	43	0	63	35	41	29	35	26	18	47	12	9	28	54	27	48	8	50	57	36	24	43	
15	71	20	3	6	9	7	3	15	34	0	33	34	28	27	1	13	7	4	18	20	4	28	15	46	12	3	28	17	35	
47	31	35	33	28	53	29	35	53	45	44	0	57	45	25	50	28	32	2	2	18	44	26	6	60	44	47	22	49	5	
37	15	22	30	41	11	13	25	20	36	16	14	0	17	46	33	30	15	23	23	21	49	14	27	48	16	5	36	35	26	
40	41	32	41	23	52	39	45	33	47	48	3	24	0	35	47	26	42	12	12	28	16	11	16	23	29	46	4	48	5	
40	21	5	14	61	14	66	55	47	33	21	58	45	35	0	20	40	22	55	46	17	8	16	17	31	36	40	56	55	9	
5	15	20	4	32	31	26	57	29	48	36	48	35	37	63	0	30	1	45	36	32	56	36	18	46	36	25	50	60	39	
26	11	45	49	19	3	45	42	59	15	51	9	16	49	41	27	0	48	18	18	34	52	7	22	26	21	47	6	56	21	
56	24	4	13	48	28	28	54	41	32	20	13	41	34	37	19	13	0	22	22	16	46	20	8	30	33	22	42	54	25	
42	55	41	18	13	38	55	64	51	30	43	62	42	45	10	49	44	42	0	50	3	57	11	53	67	43	32	11	38	18	
12	42	46	19	27	23	40	32	13	26	41	4	47	5	24	61	39	27	1	0	17	24	25	17	20	41	46	19	46	16	
60	21	47	53	48	48	37	48	53	3	32	13	77	55	45	50	45	19	22	20	0	12	46	1	8	50	42	42	59	25	
2	44	55	32	27	11	69	39	46	44	48	69	56	10	24	3	23	56	1	54	17	0	25	52	81	45	46	25	52	6	
51	52	34	43	49	2	50	39	10	9	27	14	47	18	46	31	6	27	23	23	39	28	0	7	58	28	17	43	30	26	
36	74	23	32	48	34	68	24	58	51	33	49	63	49	47	38	37	3	41	7	35	15	39	0	49	33	69	53	35	35	
60	39	48	37	42	37	43	48	25	47	35	7	68	37	39	22	42	41	16	16	32	26	40	20	0	27	31	36	62	19	
14	45	5	14	6	5	46	2	24	33	11	26	45	27	19	20	16	33	19	6	17	26	21	17	31	0	49	1	16	5	
39	70	12	21	31	1	51	27	14	26	6	33	52	32	44	27	40	5	42	31	24	48	28	24	38	6	0	26	34	30	
62	10	35	44	24	24	68	50	37	9	29	56	16	14	48	33	63	28	58	49	45	12	27	47	31	29	18	0	57	19	
55	17	50	6	44	49	37	52	39	37	20	50	37	39	6	18	5	4	18	13	34	53	41	18	71	54	43	42	0	49	
32	35	23	32	30	3	62	20	25	37	17	40	33	25	43	7	39	16	37	16	25	44	37	33	36	17	6	37	34	0	
M3
0	17	33	43	31	15	49	41	44	24	38	12	41	9	31	57	33	19	17	50	39	31	9	42	25	59	38	1	50	26	
50	0	40	26	70	43	3	43	1	20	52	9	46	31	37	40	32	25	1	35	59	53	35	55	70	51	38	7	57	51	
42	31	0	31	60	36	63	57	4	16	54	38	15	34	32	43	35	33	31	5	45	42	43	30	49	1	55	15	16	14	
56	52	57	0	5	56	12	81	82	84	44	52	68	16	55	40	73	67	6	60	19	42	23	40	50	41	35	61	28	71	
23	56	38	60	0	54	85	41	28	54	26	51	13	48	16	17	33	58	3	34	48	2	17	42	64	36	77	40	38	59	
58	74	64	4	82	0	36	11	73	46	63	68	56	35	46	56	71	45	4	14	29	60	25	35	47	67	60	58	66	88	
2	26	28	61	46	30	0	58	53	42	31	24	38	27	49	56	15	6	15	46	57	49	27	53	24	58	37	19	40	44	
31	26	15	20	78	44	7	0	34	13	53	58	18	37	61	47	60	55	44	24	34	29	54	19	38	39	51	48	58	3	
51	33	40	63	61	45	65	43	0	42	26	9	46	5	22	14	6	33	27	45	45	30	39	39	44	51	57	30	51	60	
40	43	9	19	48	53	71	42	10	0	39	44	7	40	27	49	20	45	34	23	41	63	45	28	47	11	60	27	60	12	
24	25	68	25	71	51	24	62	43	29	0	44	30	1	35	7	22	26	22	42	38	23	32	32	45	38	8	36	37	52	
57	2	9	46	53	57	34	12	32	48	65	0	15	19	57	29	63	2	32	16	28	45	54	45	64	74	44	38	65	29	
20	34	22	48	63	13	47	62	40	34	50	32	0	45	48	39	31	22	13	2	54	55	45	34	7	41	20	18	46	31	
23	26	21	18	66	16	40	31	21	24	59	2	16	0	50	22	34	26	16	40	32	38	47	17	10	10	23	21	52	1	
36	38	26	73	69	58	70	54	57	35	35	60	45	57	0	42	14	40	32	3	29	15	50	16	52	17	45	22	65	72	
24	45	50	61	57	55	63	42	72	52	27	52	44	49	15	0	34	32	20	35	18	3	12	12	65	37	62	29	53	60	
30	28	65	7	77	61	9	25	58	66	23	57	74	6	61	33	0	23	28	70	64	49	55	58	60	16	23	43	6	61	
22	42	36	35	63	39	12	41	21	15	28	45	33	44	16	43	9	0	12	41	49	16	35	34	33	50	25	39	54	18	
4	37	53	63	51	35	9	45	64	44	30	32	23	29	42	14	34	26	0	38	45	6	29	39	45	40	58	21	25	46	
29	37	41	49	76	56	47	61	42	2	19	27	12	54	40	12	52	7	42	0	34	25	37	37	57	43	20	46	49	44	
28	19	55	37	56	15	12	57	49	36	42	56	37	53	30	2	39	31	16	8	0	18	27	15	15	41	11	13	4	35	
9	42	58	46	42	40	74	27	61	49	12	37	43	34	42	15	19	44	5	20	46	0	31	40	50	22	63	26	38	45	
22	30	16	57	57	53	33	28	59	36	27	50	58	24	57	30	34	18	20	35	34	3	0	31	50	7	13	39	42	57	
28	16	37	63	2	21	48	38	45	25	44	6	43	47	32	4	39	20	18	44	35	20	29	0	15	49	28	2	52	57	
9	23	58	44	52	2	36	51	39	30	45	37	66	34	37	28	20	13	2	54	43	44	34	53	0	30	9	7	38	51	
32	27	34	60	56	25	44	23	51	11	27	3	12	38	43	51	43	22	25	41	53	65	41	61	19	0	32	13	61	48	
8	4	51	48	55	30	14	50	34	48	23	36	46	33	55	29	38	41	30	34	60	45	33	41	24	17	0	25	16	31	
29	2	48	57	76	22	34	71	29	9	72	38	46	54	16	45	48	4	2	41	47	53	14	34	58	50	69	0	36	51	
5	24	26	23	52	36	39	55	32	45	58	33	21	7	52	38	1	40	8	25	33	52	23	21	41	31	40	22	0	6	
16	49	8	5	63	29	53	37	52	56	63	43	3	22	49	32	47	40	29	60	19	39	41	4	23	50	36	33	56	0	
M4
0	62	46	26	4	35	47	34	47	21	49	52	47	33	26	37	29	26	25	47	47	51	24	58	10	55	43	48	19	45	
45	0	32	59	18	35	58	14	8	21	2	11	48	47	17	27	28	37	6	50	56	24	40	14	16	30	36	52	66	56	
41	40	0	28	64	34	24	44	39	44	25	7	41	42	54	43	40	3	30	30	18	38	2	67	40	37	42	41	32	12	
7	36	4	0	35	19	54	53	45	29	37	36	16	37	56	37	10	54	18	34	53	45	28	62	25	54	12	36	50	30	
62	58	26	37	0	59	42	14	30	45	34	54	27	13	33	17	31	21	44	27	27	31	39	38	44	42	60	59	50	40	
44	74	60	75	32	0	52	62	22	6	15	13	9	47	39	22	34	31	49	11	65	66	39	51	2	31	4	13	60	50	
53	55	61	26	42	46	0	24	11	31	33	47	50	56	58	40	48	45	33	2	26	10	44	59	52	9	16	13	4	15	
42	31	37	12	43	37	68	0	39	28	9	29	28	9	8	27	24	48	3	14	2	40	35	34	40	50	43	54	22	37	
54	29	1	25	40	23	47	47	0	9	27	40	19	42	5	15	16	26	8	12	20	21	28	2	12	18	24	40	55	44	
55	46	9	25	55	60	36	35	15	0	22	42	41	19	7	40	37	15	50	27	15	45	45	44	3	3	9	1	36	34	
43	37	15	16	17	46	30	29	43	32	0	33	8	13	28	31	28	32	30	18	6	44	39	25	28	41	47	39	38	41	
2	34	62	49	30	48	36	51	8	47	1	0	28	59	52	46	30	44	4	14	54	50	50	73	36	44	56	21	44	55	
2	57	48	50	30	51	20	21	9	37	7	12	0	5	7	12	29	48	35	26	40	34	31	30	36	19	40	6	28	17	
43	38	29	47	68	32	45	2	26	18	44	49	8	0	14	24	25	35	17	35	37	17	12	11	17	27	33	47	48	14	
43	39	8	18	31	63	15	38	30	34	15	15	34	22	0	33	11	36	23	20	8	29	48	47	49	15	35	32	23	5	
29	57	17	53	57	66	52	61	26	26	41	8	36	58	58	0	8	79	29	54	43	63	19	83	63	9	72	61	60	54	
16	54	45	24	44	24	60	73	50	34	17	41	37	68	31	41	0	39	34	18	23	15	54	28	30	44	32	41	59	58	
42	28	26	36	52	56	6	34	21	41	8	54	53	45	68	50	49	0	22	12	27	20	54	67	48	19	26	23	14	4	
51	43	43	15	42	6	57	9	32	16	19	23	19	57	49	32	34	41	0	21	12	71	27	61	12	41	14	23	29	51	
38	62	53	53	26	56	56	26	45	42	43	13	3	10	38	32	49	59	41	0	43	41	36	35	38	51	57	42	64	38	
35	26	30	5	41	64	63	49	32	21	2	22	21	40	53	20	17	42	56	7	0	71	56	50	60	66	56	60	40	61	
55	49	32	20	70	52	46	27	58	32	46	66	40	18	46	56	57	25	28	51	39	0	44	43	22	59	4	49	49	27	
11	10	56	33	39	54	5	14	20	40	27	46	25	25	24	26	18	54	14	11	23	19	0	49	36	13	25	22	13	24	
64	26	17	58	56	20	44	44	46	6	39	37	33	39	2	12	13	23	5	35	49	37	25	0	9	15	21	37	52	41	
15	46	7	40	1	54	41	31	35	48	35	2	44	27	50	34	48	38	38	42	30	48	8	52	0	49	61	55	7	55	
42	27	37	12	31	25	64	33	3	28	9	12	28	17	17	27	22	43	38	14	2	48	43	42	31	0	33	42	47	45	
54	19	49	24	60	56	25	45	25	35	21	41	40	49	38	39	36	59	41	26	14	39	61	35	45	38	0	42	33	44	
63	31	38	67	25	43	44	55	59	31	50	29	56	54	27	37	38	27	30	43	57	32	32	24	34	40	32	0	52	46	
48	28	50	66	15	24	46	25	5	34	43	41	35	44	35	45	46	52	38	39	56	60	17	32	30	48	32	41	0	33	
23	39	43	18	51	47	29	42	44	28	15	35	34	26	54	33	30	16	3	20	8	15	38	51	29	23	49	46	37	0	
M5
0	59	40	53	40	28	18	38	7	1	39	53	39	37	40	53	29	43	27	54	58	20	36	41	50	14	4	47	43	13	
19	0	49	44	76	57	3	8	55	37	10	44	13	46	56	6	22	54	46	42	40	43	77	24	50	37	11	69	63	24	
43	13	0	63	40	4	2	72	18	43	15	29	15	37	21	41	34	21	15	73	44	68	71	20	10	13	41	55	36	32	
26	4	39	0	22	33	37	43	35	6	44	56	34	15	50	31	52	48	13	67	51	7	40	36	6	16	49	60	48	29	
2	42	34	40	0	45	41	57	45	54	56	15	11	34	62	33	6	38	72	89	35	66	65	12	38	49	40	43	40	48	
46	61	48	66	41	0	30	66	72	57	9	23	9	31	15	39	68	15	46	86	38	72	76	23	49	7	35	49	64	45	
29	44	31	33	39	5	0	45	44	15	16	26	16	28	22	27	30	22	53	53	34	27	59	6	32	14	41	15	52	42	
26	42	40	19	3	26	44	0	36	13	17	35	22	3	43	19	40	43	51	9	20	24	30	24	26	22	37	1	36	17	
25	40	27	38	48	26	32	67	0	38	37	22	37	24	43	23	58	16	46	48	23	61	45	2	28	35	27	52	57	23	
10	74	59	51	29	17	21	27	19	0	28	42	28	30	34	46	41	34	65	85	57	56	42	42	68	26	44	44	32	44	
23	49	36	54	72	44	17	8	14	69	0	1	29	10	61	26	47	17	64	30	47	37	64	11	37	31	13	77	36	17	
44	27	39	61	20	81	50	63	17	72	83	0	65	60	26	69	59	8	13	65	60	19	78	62	86	51	76	81	54	48	
40	60	47	38	59	47	1	49	49	20	41	20	0	6	57	22	43	4	60	55	57	61	26	22	42	47	23	38	39	20	
34	46	36	54	52	44	41	71	35	56	25	31	9	0	56	6	27	34	44	45	56	71	64	11	37	31	24	69	23	4	
60	74	9	53	44	58	45	69	18	52	12	28	45	26	0	42	28	60	18	46	38	38	87	47	73	67	60	72	59	40	
49	4	51	13	54	34	56	58	45	38	45	46	2	47	51	0	53	51	7	65	3	14	38	26	38	34	50	74	33	29	
39	23	41	59	50	23	36	49	20	22	34	36	29	16	40	8	0	6	41	71	3	65	69	16	42	32	8	72	49	30	
53	59	55	36	61	63	60	1	38	53	73	22	59	46	80	51	56	0	10	96	69	21	80	30	32	25	29	57	51	59	
40	20	13	38	15	56	38	64	44	58	46	37	30	11	52	27	10	42	0	54	24	64	52	32	38	52	44	63	5	13	
70	47	46	33	43	60	4	41	62	58	35	33	61	42	77	58	44	42	46	0	34	38	77	47	15	41	14	15	63	31	
12	17	23	28	42	53	52	63	46	26	7	10	20	1	8	13	38	45	40	56	0	22	72	22	48	19	34	10	34	15	
35	13	54	21	32	42	41	6	44	15	53	60	53	49	59	17	57	59	53	38	18	0	21	67	38	51	45	26	15	63	
37	24	24	31	6	6	36	67	58	31	17	5	17	20	23	35	46	23	24	4	13	23	0	14	19	15	39	57	53	34	
11	26	13	31	49	21	18	53	55	56	32	8	29	10	38	9	47	34	57	65	61	57	41	0	14	25	23	69	43	24	
72	51	28	43	54	61	43	56	57	52	69	19	21	41	32	16	78	12	74	59	57	28	5	62	0	2	55	74	10	55	
21	35	70	22	39	28	32	38	30	1	18	53	39	41	11	52	52	3	54	70	65	18	53	53	29	0	55	55	38	55	
71	39	52	31	45	74	51	59	39	51	2	28	54	55	78	16	43	57	8	57	32	36	33	62	19	30	0	13	49	57	
48	26	24	3	17	55	37	43	37	28	16	19	32	37	50	53	25	57	35	68	4	8	47	58	28	23	59	0	47	51	
49	15	10	4	45	56	4	66	25	29	40	46	24	5	18	21	42	49	36	38	54	30	18	26	29	39	16	57	0	19	
51	25	60	46	60	35	19	57	10	31	14	60	46	55	31	48	14	9	73	20	43	72	44	55	71	44	48	85	21	0	
M6
0	14	56	30	42	28	30	60	50	54	42	15	51	22	33	35	22	46	43	55	67	25	40	43	39	37	37	48	46	25	
48	0	75	47	45	18	61	32	40	44	45	11	12	45	39	36	19	49	36	78	57	57	37	50	35	24	42	38	24	51	
28	74	0	21	40	39	45	31	11	20	32	16	19	30	36	41	27	44	23	53	59	23	33	14	26	35	6	41	47	59	
36	66	81	0	69	62	17	71	51	54	50	16	59	2	45	48	56	56	6	35	57	74	42	81	40	54	33	13	47	69	
7	31	36	65	0	36	42	3	43	2	23	48	15	15	32	54	29	20	49	43	37	28	43	21	57	10	15	49	18	64	
13	22	48	24	40	0	26	25	5	9	39	5	37	10	43	1	45	42	1	47	22	27	31	43	29	39	7	3	31	16	
29	29	64	18	59	10	0	39	32	36	19	32	42	27	12	28	7	14	28	17	39	54	44	57	49	2	34	30	32	43	
26	70	35	54	34	47	36	0	34	43	12	46	4	63	41	65	48	9	39	47	56	17	36	10	46	29	50	61	41	53	
27	65	46	72	55	58	57	13	0	2	33	11	25	51	31	72	51	30	5	66	41	38	37	31	35	50	9	52	42	55	
46	61	23	60	16	52	7	35	42	0	55	27	47	4	54	63	49	30	1	34	56	60	52	53	7	22	14	55	27	11	
35	60	45	13	44	51	6	2	1	10	0	11	14	22	39	68	37	13	13	55	43	27	37	20	35	39	9	23	42	59	
55	68	74	66	50	29	68	41	21	30	16	0	39	24	43	43	22	58	33	49	64	48	8	58	6	45	37	23	13	44	
41	12	46	32	40	48	34	30	10	19	50	28	0	6	2	9	56	47	22	29	4	35	17	3	52	39	26	9	44	38	
25	62	18	78	66	70	68	24	7	16	44	25	32	0	45	76	25	41	19	79	55	49	51	34	31	32	23	58	56	69	
21	31	28	42	3	66	44	32	37	46	52	39	12	23	0	19	60	33	49	66	75	36	65	30	63	48	6	53	60	36	
39	38	30	6	22	39	8	57	42	15	26	3	19	15	55	0	40	30	19	39	61	9	29	35	27	21	46	26	33	37	
40	35	31	55	31	14	57	13	7	6	33	14	25	41	8	32	0	30	19	55	47	38	14	18	38	50	23	34	24	47	
17	47	20	45	49	49	4	43	23	32	9	9	32	9	27	36	46	0	35	7	29	43	31	61	33	41	39	50	22	41	
33	13	68	54	63	27	23	57	37	45	61	37	6	44	41	45	54	3	0	21	43	65	16	69	52	55	51	47	36	55	
2	49	37	28	32	47	44	26	6	15	46	24	15	37	10	19	34	23	18	0	12	45	28	44	48	24	22	48	5	24	
13	60	18	7	43	53	31	19	17	26	38	30	26	16	21	30	45	34	1	1	0	44	22	8	40	35	33	25	16	35	
39	66	74	44	14	27	52	57	37	46	14	49	52	53	47	45	28	18	20	27	49	0	46	23	56	9	51	47	21	33	
39	61	78	36	20	43	2	45	25	34	42	26	54	45	46	48	11	46	3	54	65	25	0	51	49	37	41	56	25	15	
42	43	68	27	45	28	51	70	50	54	45	50	65	36	31	46	59	49	12	58	62	28	21	0	73	40	52	47	37	55	
30	8	70	35	75	31	59	36	53	57	13	29	27	44	44	49	23	53	48	53	28	58	55	54	0	9	55	51	57	44	
74	71	24	32	64	80	49	64	44	38	28	35	76	7	24	53	70	57	45	62	37	50	17	41	6	0	51	52	66	43	
22	42	19	26	42	13	28	55	35	35	46	23	39	35	4	3	39	50	23	24	44	29	35	25	47	41	0	32	10	46	
18	5	27	60	54	30	7	62	52	15	27	41	26	36	5	48	22	50	48	59	69	60	64	62	24	12	54	0	39	56	
30	57	69	58	13	18	61	57	40	44	63	40	66	45	26	36	5	74	36	52	27	59	1	55	45	8	19	38	0	44	
39	38	42	46	12	56	51	25	5	14	45	23	37	55	43	26	24	42	17	40	15	50	39	43	40	23	21	18	14	0	
M7
0	60	47	69	77	51	8	19	16	17	61	45	79	42	69	39	65	83	44	12	39	75	77	52	78	64	34	3	61	79	
18	0	10	28	87	20	39	57	60	6	10	60	20	37	36	46	44	56	43	77	69	2	52	69	27	68	22	52	59	32	
22	30	0	39	42	36	34	36	35	10	73	42	50	15	80	46	38	38	30	80	50	48	11	64	10	32	41	15	25	11	
41	2	31	0	16	34	45	51	16	14	58	53	27	19	46	25	4	15	36	52	31	48	22	41	20	40	8	20	24	42	
28	9	34	58	0	46	65	50	23	18	73	73	59	63	52	70	19	3	58	54	69	28	68	21	34	20	1	72	4	57	
26	3	18	16	13	0	41	32	8	27	61	30	41	45	2	20	7	20	40	63	17	10	18	38	16	34	9	27	21	22	
17	38	34	73	25	19	0	7	22	21	43	61	65	29	59	77	48	32	18	61	23	57	30	50	62	49	30	34	33	44	
24	8	32	59	66	42	13	0	45	38	13	25	23	59	45	63	22	27	61	66	60	24	21	55	59	8	57	41	70	23	
33	18	25	23	5	32	21	39	0	24	17	56	48	22	9	27	28	12	47	55	55	17	25	30	23	29	10	45	13	45	
22	20	14	35	36	24	34	51	35	0	44	42	32	41	21	39	7	38	46	70	50	6	11	27	26	32	33	30	44	13	
63	7	62	24	31	50	38	13	58	12	0	3	70	46	60	75	54	30	93	56	82	54	55	52	57	52	36	75	39	60	
56	67	18	46	78	50	71	39	62	34	88	0	58	68	32	50	69	17	6	82	43	40	48	59	46	7	44	68	29	58	
33	50	2	32	54	35	11	48	58	3	76	65	0	52	18	36	59	38	25	27	64	17	34	37	32	18	30	54	56	8	
2	34	49	9	21	7	45	39	46	12	27	48	43	0	67	77	44	28	48	79	4	53	22	46	43	43	25	42	13	42	
19	30	11	9	76	21	34	25	35	21	73	42	34	38	0	13	38	15	33	56	41	3	11	70	9	27	7	31	33	31	
15	17	42	43	4	48	43	58	11	26	54	33	62	71	60	0	27	11	64	62	20	36	23	28	42	28	9	43	12	43	
26	29	18	22	89	28	47	37	43	2	20	43	41	45	8	26	0	28	5	29	54	10	24	65	22	40	20	19	46	4	
37	33	21	27	65	39	12	43	53	39	70	16	52	56	13	31	16	0	51	65	59	21	29	75	18	25	24	26	9	49	
35	25	27	14	12	37	37	41	39	10	39	32	50	54	11	29	35	19	0	37	57	19	25	37	10	36	13	45	5	45	
28	57	20	18	69	30	36	56	2	30	65	37	43	22	46	10	54	25	48	0	86	12	62	56	19	78	58	7	41	42	
63	52	8	58	71	45	52	74	57	39	57	25	72	60	45	63	3	30	7	66	0	47	33	79	2	54	22	51	70	41	
15	44	7	47	86	17	36	54	73	17	75	80	30	34	33	43	41	53	59	74	75	0	49	66	47	65	45	49	69	29	
47	1	18	52	56	7	5	64	6	45	60	13	21	57	51	55	9	9	43	67	21	31	0	51	60	3	61	2	31	2	
67	59	50	73	71	55	64	91	70	59	65	49	87	88	61	56	23	47	48	30	25	67	62	0	56	59	68	7	73	32	
39	20	45	69	7	57	64	61	29	24	2	52	68	73	63	75	30	14	49	65	5	39	62	32	0	31	1	82	15	68	
15	43	13	8	30	23	42	42	8	23	69	6	30	40	39	45	15	3	21	54	77	5	55	55	41	0	29	14	38	33	
23	15	40	36	2	52	42	56	3	18	41	8	58	5	58	7	25	9	24	36	1	34	71	27	15	14	0	52	10	10	
53	22	20	31	39	13	67	78	66	51	23	7	57	46	50	68	57	46	6	30	55	37	44	14	64	63	28	0	47	64	
23	52	15	55	48	25	44	62	43	25	56	22	38	38	41	51	49	46	16	3	83	7	57	66	35	30	53	23	0	37	
50	23	12	82	82	26	71	36	50	52	64	91	32	15	68	34	28	37	11	7	59	34	60	81	13	81	61	64	74	0	
