30  2  1
2
	0	10	1	10
	0	76	1	25
	0	95	1	47
	0	49	1	41
	0	96	1	13
	0	42	1	10
	0	21	1	12
	0	78	1	1
	0	10	1	77
	0	39	1	8
	0	80	1	98
	0	6	1	81
	0	29	1	84
	0	77	1	21
	0	48	1	21
	0	31	1	38
	0	76	1	85
	0	85	1	26
	0	94	1	8
	0	48	1	99
	0	50	1	41
	0	88	1	75
	0	53	1	30
	0	46	1	40
	0	85	1	13
	0	73	1	90
	0	19	1	2
	0	81	1	58
	0	37	1	10
	0	23	1	69
SSD
M0
0	41	36	13	63	7	52	53	1	78	42	72	64	35	53	30	62	13	75	70	35	45	39	39	25	31	35	88	43	11	
72	0	70	46	17	7	52	41	34	18	75	92	48	35	83	63	65	55	21	84	42	79	56	32	49	68	100	34	4	45	
40	43	0	13	55	57	76	56	12	59	15	30	51	5	55	16	62	44	3	64	50	47	50	57	36	19	53	47	7	13	
45	80	67	0	48	62	16	3	55	64	39	39	44	13	47	67	23	60	66	73	55	84	20	59	79	45	67	71	12	50	
53	34	46	58	0	70	77	27	62	116	60	50	65	96	56	15	79	76	60	5	41	64	41	22	36	33	88	82	71	57	
48	27	40	22	47	0	3	21	10	46	26	70	51	44	34	39	71	46	53	78	61	55	48	75	34	38	54	39	53	21	
56	59	54	30	23	73	0	56	18	89	2	96	71	52	10	47	78	25	83	87	69	63	56	83	42	14	68	45	61	29	
70	45	68	55	80	62	79	0	43	11	76	75	51	44	44	63	66	32	29	21	9	41	46	84	52	13	52	18	7	43	
28	31	26	2	69	45	67	44	0	67	38	90	77	24	43	19	51	32	64	59	41	35	28	55	14	69	73	89	33	1	
29	24	40	6	63	45	71	34	40	0	55	73	32	20	26	13	25	34	61	85	68	58	17	67	15	11	74	1	67	50	
97	100	54	7	64	83	48	59	59	104	0	54	87	69	79	75	79	18	95	42	77	9	72	22	29	11	45	86	53	70	
60	56	72	65	72	23	40	60	71	67	63	0	59	94	56	22	26	36	69	28	58	87	76	30	64	22	90	26	15	81	
74	40	62	48	81	14	49	77	36	80	72	57	0	59	80	65	31	55	18	31	84	81	74	93	60	76	53	11	78	47	
50	28	48	58	29	60	54	86	61	13	42	48	64	0	51	64	48	73	35	56	77	69	61	11	67	63	14	53	62	45	
84	12	28	58	53	39	51	2	46	58	53	47	13	80	0	75	41	69	57	66	74	20	57	32	67	24	25	53	31	57	
7	3	19	12	19	24	69	60	18	95	59	89	71	52	10	0	33	30	92	45	52	62	38	23	11	45	52	105	60	28	
32	26	62	15	61	49	80	67	43	20	72	84	16	68	18	12	0	55	22	23	76	59	76	64	54	55	44	1	34	53	
42	19	16	16	18	59	68	58	4	26	52	32	36	15	57	33	64	0	24	5	50	44	18	68	28	60	28	64	47	15	
10	41	3	21	4	21	66	68	21	98	55	92	84	55	73	45	56	33	0	64	55	65	59	59	45	17	55	102	63	31	
30	42	41	53	77	47	33	11	41	83	7	45	87	57	58	66	77	36	30	0	5	11	49	15	47	68	75	44	48	16	
51	49	29	74	25	25	32	55	62	69	55	20	61	58	63	48	52	62	71	54	0	75	55	36	86	42	96	34	17	72	
32	82	77	55	105	17	62	76	43	86	84	92	28	29	93	72	87	55	7	88	50	0	66	81	67	13	77	68	46	52	
56	14	54	30	36	21	32	72	18	55	36	63	47	7	24	47	54	60	57	87	27	63	0	58	27	67	8	74	3	29	
45	41	57	50	53	22	9	65	48	82	9	85	74	64	40	7	35	26	52	6	31	29	4	0	49	44	65	74	30	59	
22	43	14	1	37	14	48	53	2	56	50	2	20	36	55	30	34	1	58	36	47	47	40	27	0	22	67	19	4	13	
58	51	56	34	45	18	1	68	40	20	24	77	65	74	32	69	24	47	61	9	43	65	76	72	64	0	33	60	22	31	
93	95	45	43	9	27	21	85	60	92	9	88	84	51	35	84	99	67	84	79	83	36	41	31	84	46	0	87	40	71	
33	36	31	28	43	12	55	49	44	57	43	11	58	77	48	39	43	14	63	9	38	40	17	47	50	35	15	0	32	6	
58	61	56	60	79	50	35	74	57	15	51	76	7	74	56	67	67	62	17	67	6	65	71	79	69	65	59	47	0	31	
4	7	2	27	53	21	64	20	15	44	56	86	53	49	19	27	76	8	63	39	17	11	47	53	21	45	49	65	9	0	
M1
0	30	57	68	74	74	69	78	19	3	2	21	50	43	83	46	65	97	61	65	32	18	13	3	41	15	38	21	64	25	
55	0	4	13	52	47	30	52	21	3	16	39	40	53	83	46	65	69	65	61	18	55	13	54	18	4	48	26	56	12	
47	53	0	48	15	50	33	48	69	60	28	39	74	35	32	33	48	69	20	48	66	30	34	43	31	40	39	52	21	32	
72	58	55	0	67	38	21	45	29	41	28	37	66	36	49	72	16	15	49	54	54	26	49	65	28	21	31	40	2	35	
53	25	38	20	0	40	37	45	45	52	48	30	78	48	54	25	20	52	26	54	46	35	6	21	9	37	43	41	18	47	
47	32	46	12	39	0	36	53	9	21	17	38	67	8	48	64	69	68	63	33	6	41	31	60	30	36	40	13	17	30	
46	25	35	27	42	5	0	29	24	19	11	12	41	11	51	47	75	58	23	36	21	33	21	39	2	25	6	7	32	10	
65	13	41	1	57	8	30	0	20	39	35	46	75	26	44	36	58	57	29	8	24	35	49	57	37	30	40	31	11	22	
33	37	38	55	39	55	38	53	0	46	8	9	38	8	48	44	66	18	26	33	36	36	20	29	6	22	3	6	24	7	
44	19	46	57	84	63	58	67	10	0	5	34	39	53	93	35	54	105	69	76	62	44	2	57	51	38	48	66	53	52	
47	38	31	34	73	41	32	32	53	42	0	24	72	42	9	22	81	59	19	41	40	29	49	40	3	28	37	17	19	4	
54	29	47	23	40	15	39	21	20	2	7	0	49	9	49	45	64	69	51	25	31	45	12	47	31	6	54	38	33	31	
55	30	45	15	44	14	34	58	21	3	16	18	0	13	53	28	65	71	33	38	30	22	13	61	24	40	21	37	35	25	
45	38	17	26	10	26	9	24	24	40	28	22	59	0	19	43	43	54	44	4	17	15	9	38	1	38	24	28	36	1	
54	8	37	4	43	11	33	2	23	12	12	13	42	12	0	39	51	59	30	11	22	21	19	29	10	26	7	34	14	11	
49	8	37	46	21	38	21	50	52	36	7	8	37	7	27	0	54	42	25	32	42	18	20	42	5	3	2	37	52	1	
77	61	34	62	54	52	35	76	27	66	20	5	76	44	61	54	0	27	22	69	68	32	59	16	33	24	41	51	79	20	
83	37	43	27	72	34	44	25	46	41	41	42	71	41	8	62	80	0	31	27	50	41	48	58	39	19	36	39	37	40	
47	42	4	44	47	22	5	46	41	36	16	17	46	16	56	24	80	46	0	41	38	2	29	40	3	30	11	24	49	15	
25	12	41	16	45	41	24	59	19	1	14	36	48	14	54	44	46	72	53	0	52	50	11	3	33	41	30	43	59	34	
53	21	41	28	42	35	21	26	47	33	11	12	20	11	51	47	75	65	29	35	0	25	24	46	9	21	6	40	2	10	
34	32	56	39	63	26	9	37	45	40	32	33	57	32	20	68	50	63	44	13	42	0	42	25	23	39	27	28	49	31	
66	49	60	37	70	43	26	35	39	57	49	2	79	49	76	11	74	91	55	44	59	65	0	32	40	8	44	44	47	48	
83	5	34	43	48	64	47	62	51	33	35	60	33	17	49	69	81	87	82	42	48	51	28	0	39	34	62	10	64	39	
31	69	82	64	70	71	76	62	60	44	43	8	85	55	77	36	71	43	92	39	24	51	54	24	0	32	71	19	57	46	
67	39	27	34	1	39	22	32	53	42	27	10	1	27	67	39	34	66	15	26	55	25	20	35	23	0	22	41	3	26	
45	62	33	50	34	50	33	48	48	58	3	4	33	3	43	39	67	57	21	28	38	31	16	38	1	17	0	33	60	2	
49	29	5	11	67	77	73	97	6	57	61	46	81	57	83	74	68	49	72	59	62	48	66	62	25	45	79	0	54	66	
60	46	43	35	55	26	9	33	45	29	24	25	54	24	64	60	88	72	37	42	42	14	37	53	16	9	19	28	0	23	
46	45	1	1	52	3	46	31	22	34	30	23	80	21	61	51	28	57	61	32	19	30	44	39	2	28	53	26	27	0	
