30  4  1
4
	0	13	1	3	2	72	3	77
	0	55	1	44	2	17	3	98
	0	86	1	11	2	98	3	56
	0	38	1	15	2	54	3	34
	0	78	1	55	2	4	3	6
	0	13	1	81	2	43	3	52
	0	83	1	66	2	6	3	78
	0	11	1	99	2	18	3	11
	0	32	1	8	2	28	3	55
	0	7	1	85	2	85	3	16
	0	94	1	54	2	4	3	33
	0	57	1	6	2	38	3	81
	0	100	1	22	2	52	3	18
	0	72	1	11	2	51	3	5
	0	1	1	69	2	34	3	23
	0	10	1	29	2	52	3	48
	0	60	1	39	2	1	3	78
	0	10	1	19	2	83	3	15
	0	74	1	64	2	11	3	40
	0	50	1	83	2	38	3	45
	0	20	1	29	2	38	3	9
	0	47	1	23	2	79	3	12
	0	45	1	88	2	51	3	57
	0	73	1	63	2	41	3	23
	0	78	1	35	2	84	3	59
	0	13	1	28	2	10	3	29
	0	75	1	36	2	82	3	27
	0	56	1	75	2	88	3	43
	0	98	1	13	2	31	3	54
	0	4	1	81	2	38	3	57
SSD
M0
0	11	12	25	22	14	7	4	25	27	25	20	22	25	5	18	17	5	18	12	18	13	12	22	32	2	19	31	4	12	
28	0	3	24	47	10	19	33	20	28	37	23	23	26	20	12	17	35	30	23	20	25	27	31	10	21	34	49	4	24	
18	39	0	14	28	16	26	10	14	18	6	3	12	23	29	18	10	31	7	13	20	5	27	11	6	8	34	10	35	1	
22	36	20	0	28	12	26	14	18	13	22	13	16	27	24	20	14	11	11	17	30	27	8	15	24	12	30	31	18	5	
6	13	7	44	0	31	26	23	36	24	28	7	37	24	24	9	36	16	30	20	9	32	31	29	6	21	31	33	23	31	
19	25	18	1	31	0	13	13	2	33	17	4	28	3	11	35	14	37	24	22	24	2	7	8	38	22	19	41	15	18	
36	24	12	8	26	33	0	11	34	46	4	11	29	12	28	22	17	35	30	24	7	17	29	16	37	2	32	26	23	30	
20	33	23	21	7	31	20	0	13	25	22	16	19	30	18	25	17	16	14	20	10	26	25	18	19	15	17	26	36	8	
18	26	26	5	24	9	21	6	0	26	22	26	35	25	19	30	15	33	24	30	12	24	26	30	9	13	10	26	22	24	
7	16	12	34	28	34	16	24	13	0	2	19	6	23	14	22	10	25	5	12	24	22	2	31	25	22	15	35	24	21	
30	10	1	15	28	21	24	38	27	32	0	37	3	18	22	44	29	21	19	33	14	30	29	6	5	25	36	17	13	29	
13	33	12	19	9	26	7	19	13	22	11	0	21	32	5	27	14	15	16	16	18	8	12	20	16	17	4	41	19	10	
38	32	32	20	8	6	32	10	21	46	22	16	0	22	30	46	26	37	20	11	22	1	3	3	23	11	28	22	7	29	
7	31	15	28	8	34	10	23	16	30	17	18	25	0	8	11	24	25	16	19	18	7	15	25	35	22	5	15	4	15	
7	27	6	19	33	27	1	15	19	21	19	14	16	28	0	23	15	25	12	10	12	7	6	16	26	13	13	40	24	6	
32	41	31	31	37	25	27	19	38	18	27	35	31	5	27	0	35	28	11	1	20	35	27	26	34	34	36	32	46	27	
6	10	13	25	39	33	8	21	25	28	26	20	23	5	6	29	0	16	18	13	6	14	13	11	32	9	12	8	17	12	
21	18	18	25	41	11	13	30	10	38	12	28	25	13	24	38	18	0	27	28	18	7	31	31	26	28	35	16	38	21	
34	29	38	23	21	39	16	25	25	43	36	33	37	46	31	43	17	37	0	38	27	39	38	5	29	33	40	28	48	26	
17	29	16	14	27	24	6	10	14	18	10	8	12	23	9	18	10	3	7	0	22	5	16	11	5	8	23	29	34	1	
21	3	19	17	15	21	21	13	17	21	30	12	15	26	21	21	13	8	3	16	0	14	28	14	24	11	25	34	6	4	
12	36	13	15	12	25	13	11	15	19	2	10	13	24	19	19	2	30	8	14	32	0	26	12	21	8	2	39	29	2	
35	34	39	23	2	38	29	10	29	40	27	34	6	10	32	20	13	24	1	29	31	40	0	12	33	20	7	36	3	26	
21	8	3	4	14	36	32	5	29	35	12	18	11	3	34	35	17	32	24	30	21	18	32	0	2	5	12	17	34	18	
26	24	5	27	7	13	32	6	27	20	2	30	23	15	35	9	31	33	16	10	27	28	8	17	0	18	34	7	41	25	
38	34	27	10	38	18	14	26	27	35	42	18	25	18	37	26	2	40	25	37	45	33	14	9	22	0	32	48	18	44	
19	7	2	24	30	10	11	27	25	11	20	26	11	20	11	5	4	27	5	16	22	19	18	28	38	25	0	41	6	18	
21	18	6	5	5	34	12	38	27	7	13	4	20	23	27	36	21	32	4	26	27	35	1	44	13	36	14	0	12	34	
27	16	25	23	25	9	14	7	23	27	11	6	21	5	25	27	19	34	16	11	28	13	29	20	9	17	35	16	0	10	
13	34	11	9	23	19	26	5	9	13	22	4	7	18	24	13	5	26	2	8	26	32	22	6	16	3	33	33	30	0	
M1
0	42	31	40	6	39	21	21	41	31	32	33	45	18	22	32	13	19	27	45	26	25	3	5	32	33	33	4	38	6	
8	0	22	10	17	23	19	29	7	32	6	41	19	20	33	19	17	30	9	39	27	36	14	5	18	18	2	15	26	17	
20	16	0	12	29	22	14	1	6	6	20	15	18	24	33	39	28	28	3	21	31	28	12	13	12	17	27	23	20	23	
27	20	13	0	25	6	5	25	30	7	23	22	10	15	32	14	43	26	27	22	11	28	13	25	25	30	11	5	11	17	
10	44	30	13	0	9	10	17	23	31	9	23	25	24	26	15	26	32	31	16	34	32	16	18	17	1	25	17	5	13	
7	20	17	31	16	0	31	29	23	26	25	26	8	28	32	38	23	29	31	8	15	27	13	15	7	29	43	14	12	16	
34	31	17	2	33	7	0	20	33	10	9	26	3	4	17	31	17	8	31	6	28	6	25	8	27	34	5	17	18	34	
25	35	8	15	28	19	23	0	19	16	10	8	9	22	19	10	40	36	22	40	37	21	6	32	16	8	30	16	9	21	
34	30	7	8	35	8	4	19	0	22	6	33	4	10	37	29	14	24	21	37	34	33	18	22	3	3	13	23	27	28	
29	26	13	33	10	14	17	18	30	0	17	28	19	34	11	33	20	3	27	20	38	14	22	24	11	23	16	15	20	20	
5	28	20	19	14	21	17	28	5	21	0	17	17	23	30	37	21	14	34	36	4	15	11	12	16	16	26	12	39	14	
40	36	9	3	23	5	21	21	26	2	31	0	6	8	24	18	34	22	23	26	26	7	4	23	2	2	16	2	28	7	
12	17	23	20	21	22	19	35	8	2	22	11	0	25	27	18	14	5	24	43	14	7	14	20	19	14	26	2	33	21	
25	26	2	25	18	11	19	14	19	19	26	28	31	0	16	31	27	3	16	16	38	15	25	4	24	30	6	2	9	34	
2	31	31	30	11	32	16	18	28	29	31	21	33	23	0	15	18	8	31	41	31	30	8	7	10	29	32	9	16	1	
4	25	4	27	13	4	28	5	21	1	5	30	2	6	29	0	7	20	18	25	18	31	10	10	27	32	23	11	18	13	
6	9	6	29	15	29	19	18	23	23	37	32	7	27	20	7	0	17	6	38	27	3	12	2	19	4	27	13	10	15	
7	4	4	24	16	19	10	11	21	21	4	25	33	17	3	14	14	0	18	21	16	11	13	2	10	20	5	3	9	16	
34	28	9	14	31	4	1	21	26	26	31	35	38	38	30	24	38	8	0	26	29	11	32	10	13	15	8	30	36	16	
2	43	36	20	5	9	26	10	29	11	37	30	4	23	27	33	18	21	32	0	17	30	8	10	2	20	15	9	28	11	
14	8	14	26	23	26	31	26	21	11	14	18	30	8	28	36	30	22	27	8	0	29	19	22	22	26	25	11	7	10	
30	37	10	33	22	19	17	8	17	26	12	36	29	32	40	30	4	45	24	39	4	0	4	11	24	11	38	32	40	12	
24	6	31	8	31	3	28	29	39	28	25	20	9	18	35	24	22	32	39	30	4	7	0	15	28	28	34	1	34	5	
28	40	13	36	37	28	9	25	22	1	10	39	16	40	16	24	34	43	1	8	28	33	34	0	33	24	29	35	29	2	
33	29	19	22	42	24	20	31	8	21	22	13	4	26	5	10	30	10	33	34	34	7	23	31	0	19	11	21	33	26	
31	28	1	17	38	17	13	13	1	18	15	27	13	9	36	26	15	23	13	33	33	18	24	9	12	0	22	22	29	8	
27	24	24	26	18	28	5	31	32	25	24	17	7	18	23	34	18	1	38	41	22	30	18	22	25	3	0	1	25	9	
11	21	23	24	20	10	20	35	8	24	11	39	20	11	24	3	27	23	21	4	39	28	7	19	19	19	23	0	23	20	
3	32	19	6	6	6	11	27	21	27	35	19	11	6	8	35	19	20	13	19	16	27	9	11	2	27	23	10	0	12	
30	36	9	20	9	13	17	4	5	26	4	32	17	23	32	19	11	14	23	22	16	38	10	33	16	12	26	33	20	0	
M2
0	6	16	32	43	17	41	29	7	21	29	33	19	32	20	25	25	29	17	35	36	1	36	33	28	25	5	37	9	48	
30	0	20	31	22	11	32	15	23	37	31	16	27	12	3	2	27	6	16	42	21	33	34	16	13	2	33	20	20	31	
17	11	0	9	9	26	1	3	13	24	13	19	20	21	13	11	22	29	3	30	19	23	9	23	8	15	18	14	8	18	
17	11	25	0	13	30	5	17	22	5	17	19	24	14	21	15	24	33	22	26	1	25	12	27	19	19	14	18	44	22	
4	18	26	14	0	31	6	18	9	11	18	22	7	8	28	16	27	34	8	28	11	28	14	10	20	20	34	1	30	5	
24	27	13	16	42	0	41	25	22	14	5	28	29	21	17	12	14	27	20	42	25	14	2	24	17	23	31	1	42	3	
10	24	14	2	2	19	0	6	15	17	6	22	13	14	18	4	15	22	11	24	12	16	2	16	8	8	23	7	33	11	
11	31	21	9	9	21	1	0	22	17	13	19	3	16	9	11	9	29	3	9	19	23	9	18	8	15	30	14	30	6	
18	25	26	12	14	31	6	18	0	4	18	34	25	7	17	16	27	6	23	6	24	16	14	7	20	20	30	9	36	23	
24	32	28	16	16	33	8	20	17	0	20	36	12	23	27	10	29	36	25	38	13	30	13	30	22	22	4	3	21	25	
15	18	4	22	40	34	32	16	31	8	0	19	20	12	8	20	5	41	11	34	37	20	32	20	8	20	22	4	33	15	
4	28	33	23	23	21	30	11	36	15	25	0	3	19	16	25	21	24	24	32	36	2	25	36	24	35	37	20	8	32	
10	15	27	20	2	37	12	21	10	17	19	14	0	14	31	9	28	38	14	25	2	18	2	16	20	23	30	7	7	11	
14	27	13	24	6	35	16	25	9	17	5	28	17	0	16	10	14	22	12	10	10	29	8	20	16	18	29	11	16	11	
27	35	31	19	19	9	11	11	2	23	23	6	25	31	0	21	32	22	10	36	11	20	11	33	25	25	39	17	37	28	
16	23	18	26	19	14	29	14	19	1	10	24	27	7	10	0	6	32	12	22	31	6	33	21	2	12	36	18	8	19	
9	25	11	23	34	31	36	17	25	15	3	21	20	6	3	14	0	42	5	31	33	23	26	14	2	14	29	11	27	22	
24	16	13	16	16	17	8	20	29	8	5	21	27	21	3	18	14	0	16	38	2	29	16	21	17	7	7	13	38	24	
11	17	42	30	30	38	22	3	10	26	34	5	24	18	9	32	30	27	0	23	31	44	30	38	29	33	42	35	16	23	
19	18	21	25	29	7	21	27	27	6	13	30	25	16	5	24	9	6	15	0	26	33	5	23	12	16	2	21	8	3	
27	4	28	37	19	27	29	23	25	34	27	1	30	26	24	21	35	27	9	39	0	2	37	24	21	10	32	24	5	28	
9	21	21	9	9	21	1	13	12	21	13	18	20	19	20	11	16	29	18	31	7	0	9	18	15	4	5	14	24	18	
16	30	2	5	8	14	16	27	21	23	23	2	1	16	19	3	19	17	20	11	23	24	0	22	9	30	43	13	42	17	
12	28	14	26	23	34	33	20	28	18	6	21	23	9	6	17	2	44	8	34	17	13	29	0	5	17	26	2	26	12	
2	41	9	3	27	19	37	21	5	37	26	10	3	6	36	26	35	28	21	6	27	46	18	13	0	39	46	18	20	5	
18	32	8	28	10	7	20	3	23	25	19	4	15	6	19	1	15	27	21	30	9	21	28	4	1	0	21	15	29	19	
16	7	17	1	21	12	31	24	32	21	9	20	21	5	10	21	6	5	12	27	14	30	33	21	9	21	0	11	34	28	
23	28	14	21	21	9	13	25	18	16	6	7	30	22	15	19	15	22	21	40	14	3	2	30	18	27	30	0	4	14	
11	25	26	1	3	35	13	2	16	18	22	29	14	13	29	14	28	36	15	29	8	35	4	17	12	27	22	8	0	12	
8	5	30	33	35	20	36	17	24	12	44	19	35	9	23	24	44	28	3	8	7	23	31	7	33	24	27	12	1	0	
M3
0	33	5	25	9	29	14	14	21	12	30	11	2	22	17	14	19	12	33	41	28	10	26	4	18	37	15	24	16	24	
19	0	28	19	30	28	24	5	25	35	9	26	25	43	36	20	31	32	36	7	17	39	23	19	17	5	27	32	21	9	
20	5	0	27	15	13	23	7	23	37	3	24	18	35	8	2	16	17	38	6	2	24	23	23	19	24	29	16	22	18	
29	34	22	0	2	28	10	30	1	31	30	11	31	29	30	23	7	42	20	1	27	9	25	5	11	33	26	5	5	11	
30	26	28	10	0	31	2	27	22	34	43	3	28	26	22	15	33	47	19	37	32	30	17	2	18	35	18	9	1	43	
7	30	27	11	5	0	13	26	31	33	41	14	27	25	9	20	12	26	24	38	31	33	28	1	14	39	29	16	12	26	
11	18	18	27	21	22	0	1	12	31	17	30	21	5	28	16	14	26	32	27	11	26	35	25	8	11	19	31	17	2	
3	26	36	15	27	12	8	0	9	19	5	36	9	37	38	4	29	37	20	43	41	35	33	13	1	41	11	20	5	5	
8	14	39	35	43	41	39	32	0	46	45	28	40	36	21	47	10	20	3	17	40	31	21	44	34	1	24	44	5	41	
19	10	29	15	30	19	21	5	9	0	5	37	18	27	19	20	21	2	12	33	17	22	8	3	17	16	4	36	21	4	
18	4	21	20	13	38	21	30	34	9	0	15	12	28	28	34	36	27	32	38	22	44	32	10	27	38	18	28	19	4	
10	31	35	1	1	2	9	3	23	5	19	0	23	33	12	18	28	23	7	22	15	37	24	9	9	1	25	16	8	19	
28	34	9	21	22	21	30	31	35	10	22	31	0	21	30	15	30	21	24	38	22	27	6	29	41	33	30	5	10	4	
2	8	39	30	14	12	11	33	22	38	43	23	17	0	18	22	4	16	27	17	1	23	34	19	34	30	9	21	21	31	
30	34	6	29	21	22	26	29	33	8	11	30	34	23	0	28	32	26	16	14	29	46	32	27	5	36	28	36	22	8	
17	23	47	37	21	10	14	22	23	13	33	29	32	10	33	0	17	18	40	24	16	14	11	29	34	17	24	36	28	25	
11	17	22	19	17	9	20	25	31	24	3	23	17	4	24	4	0	8	35	26	10	16	26	25	30	39	18	30	3	33	
16	11	32	28	20	9	4	2	22	16	13	29	17	44	3	17	4	0	27	23	7	5	3	21	14	29	24	27	18	18	
13	19	41	8	16	23	22	5	24	11	21	25	19	6	15	20	15	18	0	19	3	25	24	24	17	27	19	22	12	17	
12	21	25	24	8	24	6	34	36	15	28	5	6	24	36	10	25	33	26	0	23	5	30	16	29	31	31	23	15	11	
9	28	29	20	4	30	12	23	12	35	34	13	7	34	10	25	5	6	29	7	0	13	24	12	24	20	28	11	11	21	
24	36	44	24	14	7	1	32	27	27	12	23	22	40	25	15	8	21	25	22	6	0	37	21	12	18	20	14	21	9	
14	13	46	32	41	10	19	6	26	25	1	24	26	23	46	16	22	28	6	45	29	38	0	30	1	30	15	5	22	2	
8	6	3	2	11	18	12	2	12	9	18	20	3	1	3	17	10	22	14	20	7	18	19	0	10	18	15	26	18	18	
18	24	8	23	29	24	8	22	31	36	33	1	17	11	23	32	20	5	41	32	16	25	23	35	0	13	25	6	36	38	
16	23	17	28	29	11	21	2	22	32	18	38	10	10	4	17	2	31	32	7	16	38	34	26	14	0	24	33	18	12	
14	3	34	8	16	35	14	21	24	40	37	23	19	18	22	36	8	18	36	5	3	25	35	24	27	5	0	23	12	33	
32	10	25	19	3	3	11	18	14	32	28	4	4	26	19	24	20	1	28	12	23	21	10	4	17	42	12	0	10	3	
8	14	33	24	20	18	4	9	28	31	5	24	6	1	20	24	6	2	6	20	7	14	13	8	21	11	15	27	0	9	
11	37	34	15	26	34	34	41	13	40	24	5	30	26	18	1	18	33	43	10	32	40	31	34	31	20	38	38	33	0	
