30  6  1
6
	0	79	1	96	2	41	3	6	4	81	5	31
	0	60	1	21	2	19	3	97	4	24	5	90
	0	74	1	17	2	100	3	53	4	100	5	34
	0	71	1	63	2	50	3	77	4	65	5	51
	0	73	1	61	2	57	3	55	4	12	5	82
	0	24	1	26	2	48	3	64	4	88	5	31
	0	76	1	73	2	57	3	28	4	24	5	3
	0	81	1	94	2	30	3	3	4	50	5	15
	0	46	1	100	2	24	3	79	4	39	5	29
	0	68	1	30	2	96	3	87	4	17	5	62
	0	70	1	62	2	15	3	85	4	11	5	12
	0	92	1	69	2	61	3	81	4	70	5	55
	0	38	1	99	2	21	3	98	4	6	5	89
	0	9	1	70	2	16	3	68	4	98	5	43
	0	82	1	40	2	2	3	23	4	93	5	2
	0	6	1	23	2	8	3	10	4	97	5	73
	0	68	1	82	2	66	3	21	4	24	5	34
	0	84	1	66	2	69	3	71	4	61	5	28
	0	16	1	89	2	36	3	53	4	66	5	53
	0	53	1	92	2	60	3	48	4	37	5	21
	0	4	1	39	2	67	3	75	4	6	5	73
	0	91	1	24	2	79	3	11	4	68	5	12
	0	86	1	75	2	4	3	27	4	37	5	42
	0	15	1	85	2	59	3	32	4	59	5	48
	0	9	1	59	2	94	3	93	4	86	5	53
	0	65	1	15	2	75	3	65	4	33	5	35
	0	30	1	9	2	85	3	25	4	61	5	20
	0	2	1	97	2	1	3	13	4	57	5	5
	0	65	1	78	2	92	3	48	4	17	5	59
	0	80	1	91	2	15	3	78	4	72	5	36
SSD
M0
0	4	24	46	81	63	27	44	51	34	64	50	15	43	27	18	45	62	23	47	60	62	29	35	49	64	34	37	78	17	
90	0	51	46	75	65	38	73	25	29	1	25	35	21	78	72	55	23	2	36	38	35	44	37	28	76	24	47	15	11	
79	38	0	70	80	88	60	73	22	16	21	34	79	64	74	56	81	31	67	83	81	1	55	73	52	73	59	73	2	74	
14	32	88	0	83	61	46	63	25	42	73	61	29	56	71	37	4	43	89	39	33	52	48	54	73	71	30	29	33	6	
32	23	20	22	0	7	58	85	89	27	70	57	45	71	50	91	33	61	22	35	51	70	8	39	48	88	27	25	61	77	
1	55	50	58	8	0	50	85	58	41	70	48	45	60	93	66	65	36	14	48	48	42	56	70	40	57	64	57	95	70	
56	3	63	41	72	40	0	21	80	45	16	33	26	71	43	67	33	51	65	35	16	42	11	69	26	54	37	25	71	74	
60	6	41	27	53	35	19	0	91	39	46	37	44	54	8	58	65	34	42	67	48	31	26	7	9	81	52	57	81	47	
35	34	45	32	12	37	34	5	0	25	24	37	25	3	63	40	13	37	54	15	20	22	19	19	60	58	42	5	18	13	
93	42	52	47	21	69	39	51	50	0	75	15	37	71	64	46	10	34	3	37	28	51	16	63	29	23	72	37	83	67	
23	52	86	32	96	79	8	19	73	7	0	79	28	61	9	40	55	38	67	57	38	25	51	57	78	76	81	47	75	67	
58	39	35	52	28	69	12	40	27	63	70	0	16	49	29	24	51	44	76	22	66	43	35	41	51	4	45	43	64	22	
55	15	59	36	63	52	17	34	41	40	47	50	0	33	52	8	28	47	25	30	50	52	19	25	51	50	19	20	60	29	
60	22	41	33	45	35	51	54	54	18	12	49	18	0	74	42	25	54	42	27	8	10	26	7	48	46	30	17	26	1	
88	66	17	66	94	78	50	67	74	80	68	64	58	66	0	41	53	57	93	39	52	78	41	58	64	82	88	60	51	51	
41	45	45	22	57	39	3	20	27	33	40	45	17	19	68	0	21	73	46	23	36	38	5	11	56	56	58	13	54	21	
44	14	23	43	38	19	30	53	59	51	75	63	51	70	51	59	0	50	57	5	71	47	58	71	25	97	37	31	77	67	
34	47	28	48	17	9	40	67	77	31	37	25	38	16	77	44	50	0	4	3	33	14	46	32	30	9	32	42	51	5	
77	41	33	28	68	59	20	55	97	11	76	54	18	55	67	64	44	23	0	18	27	32	26	71	10	65	53	36	82	48	
53	30	56	75	2	28	7	59	68	60	54	30	54	33	99	63	67	25	49	0	50	3	27	49	75	88	54	59	21	9	
62	10	54	21	61	37	46	50	85	25	51	37	6	77	63	52	13	61	69	15	0	53	63	49	36	34	63	5	51	73	
36	60	11	20	14	82	43	78	65	34	77	38	41	56	33	80	49	9	7	16	46	0	1	72	33	62	60	55	72	66	
63	50	44	46	56	38	3	44	51	42	34	20	41	43	59	18	16	38	45	43	36	41	0	10	32	49	57	37	78	45	
38	40	19	39	31	13	56	32	95	47	81	67	22	87	52	63	43	47	20	45	26	68	4	0	46	64	79	35	81	25	
58	67	28	9	72	40	1	48	93	21	57	35	63	36	51	87	70	16	45	72	53	13	71	52	0	91	34	62	71	46	
53	49	51	51	24	62	3	49	56	48	40	42	18	48	39	23	50	45	21	13	35	67	26	40	47	0	43	42	6	50	
58	18	62	29	65	33	54	58	81	33	59	45	14	45	24	56	21	42	29	23	4	19	67	57	44	42	0	13	18	20	
55	71	97	92	62	30	68	58	84	18	87	30	18	89	56	64	6	86	68	8	84	46	75	70	94	64	63	0	44	69	
61	15	19	38	65	68	31	69	26	40	36	44	47	66	59	43	56	2	13	26	39	43	54	60	21	6	5	48	0	55	
30	62	63	40	61	57	21	36	43	51	58	20	35	37	86	12	39	57	64	6	48	54	23	29	32	64	75	31	14	0	
M1
0	55	9	82	46	20	70	18	43	25	45	68	28	28	22	33	36	55	9	56	36	2	59	42	53	2	47	50	50	22	
3	0	55	23	92	42	83	80	75	72	73	104	18	23	64	44	77	34	76	33	17	42	4	58	28	66	93	104	60	86	
5	48	0	56	20	57	61	44	40	65	66	42	49	2	30	7	40	56	39	47	10	56	71	37	36	52	21	38	53	71	
55	33	39	0	66	54	52	54	26	52	73	98	43	41	78	11	8	44	2	51	49	82	58	83	70	56	77	56	84	76	
8	88	24	74	0	59	59	44	71	49	43	82	67	43	71	42	12	97	3	69	51	67	80	52	5	41	61	79	87	61	
13	9	85	53	27	0	28	84	59	75	75	36	29	31	49	74	85	33	59	55	23	8	34	48	58	83	110	40	4	57	
45	88	23	39	60	71	0	35	63	83	39	45	52	42	47	47	77	96	79	80	50	70	94	43	76	53	61	78	34	61	
44	94	109	12	91	88	74	0	101	73	64	70	96	51	55	86	83	33	77	112	8	54	40	58	30	70	108	71	6	11	
55	72	33	80	70	70	39	25	0	75	50	13	96	39	49	57	21	37	9	19	2	8	79	48	11	81	69	82	45	74	
45	71	78	90	82	50	40	103	73	0	36	41	58	28	28	92	115	20	109	71	66	65	49	43	63	32	88	116	32	36	
63	55	74	96	56	24	14	79	6	22	0	86	14	21	55	47	58	67	17	60	8	39	62	53	27	6	75	90	37	1	
57	72	35	59	35	37	86	21	26	78	48	0	92	54	54	59	21	5	50	99	62	71	75	61	3	90	73	90	4	66	
15	35	71	23	66	54	42	15	52	83	13	37	0	15	5	95	89	90	1	62	73	37	59	25	50	81	91	103	84	46	
53	49	64	19	65	14	68	26	79	44	24	76	38	0	69	88	90	73	55	22	63	40	74	67	34	38	52	29	41	38	
48	44	26	88	43	9	31	35	23	80	22	71	16	45	0	50	78	66	41	17	53	13	42	47	79	41	46	60	39	1	
47	28	25	26	32	40	31	20	45	104	54	84	21	44	72	0	10	80	9	17	52	55	41	49	36	22	63	37	70	42	
6	63	68	30	91	57	22	23	48	67	36	99	64	61	8	87	0	59	52	58	24	18	88	58	35	89	94	81	41	49	
63	39	48	4	47	57	28	83	10	30	78	88	67	36	48	40	73	0	69	60	55	7	47	36	88	45	34	75	57	65	
21	6	75	42	13	69	56	26	102	99	63	81	45	50	67	71	7	48	0	12	44	62	31	85	15	89	93	63	86	78	
51	27	45	18	30	54	98	92	32	35	82	29	25	64	48	69	48	63	73	0	65	69	20	33	76	36	31	100	28	3	
72	53	65	62	44	57	27	57	71	50	17	83	57	33	8	88	37	60	39	65	0	7	78	11	81	82	85	79	4	49	
77	59	83	99	82	38	44	52	80	43	79	57	71	19	17	105	53	29	98	74	39	0	84	16	108	51	98	50	26	58	
29	59	79	59	83	51	29	1	74	62	22	93	59	44	83	86	100	13	35	87	36	66	0	80	24	33	80	68	75	12	
28	60	47	81	46	43	77	74	66	100	68	97	51	63	6	32	40	15	38	23	74	58	85	0	78	25	33	22	24	45	
45	41	33	19	32	6	57	20	34	99	69	68	47	7	7	3	27	65	35	43	55	40	56	41	0	48	19	58	23	4	
42	38	97	82	35	3	57	94	26	85	31	65	11	23	59	89	68	46	88	39	52	18	63	32	73	0	103	69	33	5	
27	18	5	62	4	27	58	52	62	81	59	64	24	24	8	29	62	61	33	65	32	61	43	13	58	65	0	60	31	49	
70	66	112	79	102	90	100	99	31	30	79	9	65	88	88	64	97	35	95	74	52	66	91	77	25	81	103	0	65	88	
56	32	38	16	7	29	60	10	64	98	47	1	50	57	1	6	39	2	38	46	20	48	57	69	47	51	76	66	0	42	
6	57	44	91	16	33	7	80	4	11	77	71	13	44	47	68	71	61	59	23	71	67	50	52	77	55	30	46	2	0	
M2
0	44	91	10	50	18	62	35	51	9	58	71	29	43	47	18	56	43	79	37	9	58	58	81	60	58	28	36	33	65	
81	0	72	7	74	74	86	65	28	72	72	79	45	82	71	64	46	39	93	95	55	40	82	28	68	25	74	60	64	62	
43	21	0	47	31	27	41	51	44	6	3	3	33	22	24	55	27	56	37	37	66	42	45	35	13	23	11	48	23	2	
44	33	41	0	24	17	31	8	36	38	15	40	67	61	16	46	40	29	36	46	72	43	33	47	37	59	22	64	30	61	
45	35	35	13	0	19	44	16	37	10	17	41	69	55	17	30	29	48	73	39	56	44	26	49	47	52	40	48	42	63	
34	46	43	7	38	0	23	54	35	33	64	39	48	43	15	18	31	27	46	18	19	24	5	49	45	31	28	36	33	69	
18	50	68	69	60	25	0	16	24	52	32	46	4	47	22	41	57	54	36	28	39	49	46	56	52	72	42	59	56	58	
91	30	29	43	33	66	79	0	48	6	42	61	52	58	63	71	67	50	94	39	87	89	73	74	6	74	53	53	57	82	
29	47	20	28	42	36	64	59	0	50	51	69	41	30	49	56	64	77	66	68	76	50	55	72	79	31	41	38	42	10	
37	20	55	6	43	12	46	13	29	0	24	33	30	3	9	36	46	41	39	41	26	35	28	43	5	54	26	29	26	63	
34	3	43	29	13	9	23	42	26	50	0	30	62	35	6	68	10	38	62	49	53	33	60	17	36	47	25	61	26	31	
54	72	62	68	29	13	41	41	18	27	62	0	73	55	26	33	46	58	29	50	59	53	37	60	56	55	5	15	19	52	
35	59	59	69	54	14	39	8	51	44	77	55	0	59	31	34	34	43	82	34	14	30	21	65	44	47	17	52	49	76	
38	1	47	27	24	22	27	36	39	22	5	23	11	0	19	17	27	31	20	22	43	16	9	26	49	35	7	10	7	51	
26	55	62	56	66	1	42	95	18	50	64	22	70	43	0	67	63	30	54	67	68	25	54	32	28	73	50	69	47	52	
49	34	70	60	24	24	36	36	34	22	38	45	44	17	21	0	30	53	53	39	18	32	32	55	51	32	2	10	7	64	
19	24	76	50	38	34	50	50	51	36	88	55	26	67	31	42	0	63	81	49	61	58	46	44	48	68	34	24	28	62	
64	76	52	51	25	48	1	24	65	44	88	38	54	67	45	48	61	0	86	48	74	54	35	32	60	52	58	66	63	47	
64	25	40	36	30	43	53	37	59	60	95	17	8	88	55	63	26	70	0	13	7	59	50	24	73	69	25	76	59	75	
70	55	81	20	49	45	74	66	62	67	45	66	49	38	42	71	53	10	32	0	6	69	63	76	1	36	45	64	48	55	
21	48	52	65	16	16	28	7	33	14	52	15	54	31	13	6	27	45	10	12	0	40	24	25	4	46	16	2	6	26	
64	31	22	57	54	46	57	40	11	52	35	33	11	14	49	34	57	21	1	28	44	0	39	14	76	10	37	40	17	45	
25	37	34	63	29	9	14	53	26	39	55	30	61	34	6	9	22	18	57	9	35	15	0	40	36	22	19	27	24	60	
79	23	6	49	54	54	47	66	26	48	68	44	71	47	51	22	12	77	80	54	48	62	62	0	45	60	17	40	37	60	
32	44	41	1	10	10	19	50	5	7	59	26	21	38	13	16	29	25	54	16	42	8	3	12	0	29	26	34	31	18	
3	63	33	17	67	5	9	8	33	44	45	38	70	59	14	62	45	46	70	59	38	41	58	33	44	0	66	53	57	67	
75	44	59	6	54	50	64	64	52	91	26	39	56	53	47	74	24	55	12	49	45	73	78	58	77	28	0	79	20	33	
38	59	59	68	13	13	25	25	30	11	63	34	59	42	10	17	47	42	66	34	43	37	21	44	40	47	27	0	3	53	
75	5	79	31	69	54	73	48	52	47	94	18	19	73	68	50	46	63	3	31	46	64	61	52	84	49	57	57	0	53	
59	22	11	48	23	11	48	34	47	43	26	44	16	5	39	38	39	52	41	43	51	25	30	47	69	6	16	31	28	0	
M3
0	58	88	72	61	96	81	54	61	5	15	68	8	15	27	71	56	88	11	75	25	64	45	84	43	59	69	87	19	66	
79	0	77	93	11	13	90	75	41	71	54	28	89	11	68	64	68	69	75	58	83	85	43	71	69	70	74	42	16	84	
9	58	0	87	18	40	45	69	1	20	30	60	23	30	42	44	20	51	26	48	40	56	56	53	52	63	75	36	34	56	
54	33	38	0	49	33	48	60	64	65	30	74	33	45	48	6	69	61	47	38	38	68	44	51	62	65	3	22	57	38	
40	42	21	41	0	51	36	47	6	51	39	29	54	31	34	15	25	47	53	24	30	34	61	37	35	52	66	8	8	18	
21	56	44	80	20	0	47	62	69	32	42	76	28	7	35	48	28	13	27	25	52	72	64	38	65	67	67	9	46	64	
44	32	40	63	42	16	0	45	35	55	1	46	58	28	31	34	38	44	12	21	7	19	3	34	55	50	63	5	18	57	
29	20	31	15	30	39	45	0	4	40	50	11	29	21	62	37	46	61	46	22	5	7	49	74	16	2	66	45	24	9	
50	15	26	53	25	54	10	47	0	56	2	32	64	16	66	50	41	29	50	17	27	2	41	69	33	2	61	40	56	44	
74	6	48	79	55	55	37	61	17	0	60	36	55	36	39	36	12	52	18	5	63	66	48	42	44	39	25	13	77	48	
53	18	25	41	35	4	60	56	61	33	0	65	40	49	29	28	58	81	9	16	64	35	31	73	23	61	71	44	11	47	
50	5	73	69	7	40	87	85	13	61	29	0	27	63	58	66	70	69	11	64	81	49	53	15	58	11	92	70	70	9	
32	42	53	47	52	4	41	74	51	24	47	24	0	43	52	50	47	65	48	42	63	29	19	18	26	70	59	26	46	71	
34	46	54	79	80	22	61	71	78	45	50	27	10	0	44	60	36	77	51	54	10	81	72	28	83	76	38	38	59	72	
36	8	38	22	37	46	31	4	11	47	38	18	36	28	0	30	6	43	17	25	12	14	42	45	23	9	19	46	15	16	
70	17	41	53	33	69	45	44	51	57	14	58	76	29	32	0	58	45	31	22	52	54	70	35	46	49	64	6	48	56	
51	30	51	46	46	48	4	28	35	47	27	42	60	42	26	3	0	58	44	7	36	38	15	48	47	33	37	19	50	15	
2	35	42	68	18	65	28	50	52	13	23	39	16	23	35	46	39	0	19	37	30	22	53	1	51	12	71	39	27	62	
3	64	63	79	70	58	55	61	68	14	24	48	17	14	34	37	63	92	0	52	34	71	54	69	52	66	28	53	28	35	
69	8	37	55	36	57	43	37	10	67	56	43	69	27	75	52	28	89	60	0	45	13	28	80	31	42	72	51	64	49	
45	43	20	3	46	50	51	57	36	51	20	47	50	27	30	28	35	43	36	20	0	67	4	33	29	57	20	4	48	41	
66	2	13	40	12	71	27	34	19	43	56	19	66	3	53	52	28	66	67	4	42	0	58	56	45	30	48	27	61	46	
14	12	55	49	47	43	20	58	5	25	1	16	28	30	42	4	71	59	5	36	45	67	0	49	60	26	45	20	17	70	
3	42	38	56	70	80	50	38	45	14	24	52	15	24	11	38	40	22	20	59	34	48	43	0	49	42	53	54	28	37	
1	24	80	63	68	42	88	46	53	12	22	60	15	20	34	78	63	3	18	53	32	56	52	75	0	33	70	94	26	5	
41	31	3	61	41	44	51	43	48	16	4	33	1	27	30	40	56	43	49	20	51	18	68	33	45	0	62	4	66	55	
53	55	10	59	49	5	63	41	48	48	36	51	5	51	54	32	80	67	48	22	13	51	16	47	60	46	0	28	60	14	
51	37	22	58	29	50	64	40	47	38	50	54	63	10	13	26	39	26	32	3	39	50	51	16	45	45	45	0	51	52	
43	34	45	29	44	44	29	11	18	7	21	25	43	35	62	51	60	75	60	36	19	21	55	86	30	16	14	59	0	23	
45	36	47	26	13	55	30	13	6	56	53	7	1	37	5	29	5	37	45	33	21	23	30	52	32	18	47	45	40	0	
M4
0	17	16	14	24	21	68	16	39	51	83	66	41	40	27	50	16	66	17	48	18	13	39	50	31	68	14	32	26	39	
57	0	70	32	11	82	78	39	26	68	70	41	28	27	69	25	63	25	43	38	30	23	26	30	31	80	60	61	38	26	
86	39	0	45	32	90	71	60	43	54	71	44	49	48	71	14	19	2	49	59	87	1	27	58	68	95	65	77	54	47	
46	38	74	0	46	64	37	51	38	48	70	38	63	62	9	72	20	57	10	39	9	64	53	30	36	59	25	40	17	46	
43	63	59	9	0	59	60	16	51	45	47	37	5	4	60	14	47	49	20	15	76	76	3	14	32	57	41	44	21	3	
39	43	21	14	18	0	58	13	30	56	45	54	3	34	29	12	41	60	18	11	88	50	33	44	10	23	41	42	19	33	
62	88	90	16	19	61	0	35	70	65	12	34	24	8	39	33	78	27	39	46	89	3	34	38	51	36	62	20	40	34	
57	76	65	28	51	69	9	0	43	2	45	62	57	41	23	14	8	40	20	26	81	36	32	36	43	43	9	45	22	66	
56	62	45	22	1	67	58	29	0	58	26	34	18	17	4	27	60	62	29	1	53	43	16	27	45	43	45	16	34	16	
93	92	46	9	42	64	40	34	24	0	60	61	59	58	67	68	26	77	18	43	83	31	13	17	67	24	43	44	21	57	
41	65	77	44	23	78	95	51	68	80	0	25	40	39	70	49	82	84	25	50	87	42	38	15	56	92	76	38	56	38	
35	83	33	39	43	13	83	39	74	72	33	0	28	25	76	11	60	45	43	55	88	67	58	29	41	86	16	67	44	58	
32	84	76	5	9	57	49	5	40	55	36	50	0	25	77	3	63	54	9	32	79	76	24	35	21	52	32	33	10	24	
54	78	44	14	33	90	21	61	37	36	2	34	50	0	30	59	1	72	38	51	83	48	48	28	69	74	57	51	53	48	
70	40	18	29	57	100	55	53	51	38	84	57	42	73	0	24	3	44	57	52	94	82	31	47	69	79	59	2	55	72	
46	7	36	19	23	71	63	19	12	69	36	55	8	13	55	0	77	56	23	12	61	51	38	49	9	54	46	47	24	9	
43	87	70	2	52	75	28	48	52	11	64	30	37	60	71	46	0	79	46	26	76	55	41	45	64	52	32	36	28	67	
36	11	21	20	46	71	74	68	58	17	20	56	63	33	9	46	60	0	52	46	48	44	47	46	66	58	46	47	24	30	
15	27	38	9	26	66	55	8	55	59	48	27	43	42	51	52	36	28	0	6	81	56	41	52	54	39	64	78	59	19	
76	24	7	32	58	29	20	44	68	76	24	6	57	52	8	64	41	71	60	0	78	46	62	28	79	5	71	37	73	55	
31	23	68	52	31	49	75	59	23	33	70	42	48	47	57	57	27	42	19	24	0	70	46	39	21	44	24	25	2	46	
46	24	39	54	40	73	29	68	47	36	6	42	57	56	81	48	51	34	42	42	18	0	44	32	27	68	48	41	26	3	
78	42	82	27	60	38	58	73	44	73	26	62	77	76	49	29	66	91	62	40	73	36	0	20	63	42	1	55	81	75	
67	57	3	40	42	77	67	40	7	27	71	75	29	58	33	14	70	89	44	47	87	52	57	0	5	68	67	41	45	57	
53	54	12	26	30	6	69	10	54	23	36	59	15	46	65	24	58	13	30	53	25	45	2	56	0	64	40	54	31	17	
49	74	57	30	24	33	9	6	37	58	45	56	19	40	58	26	52	53	34	13	51	36	39	50	46	0	57	53	35	17	
25	6	68	39	18	66	74	46	40	50	28	46	35	34	66	44	44	55	10	41	11	45	33	6	38	32	0	17	19	23	
44	57	68	43	51	41	69	79	24	52	76	62	68	67	31	40	17	25	59	44	76	96	66	59	95	64	44	0	22	46	
67	66	49	33	12	30	62	40	75	46	63	23	29	28	50	38	71	39	20	5	66	88	27	20	56	25	5	6	0	27	
56	44	66	34	38	55	21	34	69	49	4	23	23	31	22	32	73	55	38	22	40	48	53	30	50	30	61	11	39	0	
M5
0	19	85	33	43	9	44	47	43	19	38	19	33	18	3	15	45	4	10	61	12	36	53	29	51	38	55	80	6	51	
23	0	44	46	51	23	8	29	34	8	45	34	39	41	57	46	59	47	12	25	50	12	53	18	48	45	19	26	41	18	
7	56	0	1	24	47	35	44	14	57	71	11	50	35	20	22	23	42	39	52	50	57	51	49	68	45	19	67	44	5	
71	32	64	0	85	13	70	71	33	85	49	39	67	69	63	63	49	66	15	50	41	25	52	27	48	3	45	68	43	52	
47	63	12	45	0	64	50	58	58	13	48	2	61	11	56	48	60	19	4	67	23	3	14	36	73	47	21	51	34	30	
41	48	83	51	42	0	62	64	20	74	56	36	23	25	20	19	5	22	10	23	76	48	58	34	65	22	64	80	51	75	
70	18	79	42	71	87	0	49	65	65	56	49	28	64	49	61	77	54	1	14	106	74	75	62	83	68	76	61	30	72	
57	26	76	50	7	64	5	0	6	72	12	45	36	47	36	27	54	60	9	22	58	46	46	47	54	34	58	66	38	47	
22	64	65	50	41	39	46	26	0	72	53	17	31	16	1	13	56	40	50	63	49	46	11	79	49	32	23	48	39	69	
82	36	50	52	64	10	15	42	61	0	51	40	23	66	61	54	46	63	19	32	79	45	42	30	23	56	68	32	38	55	
34	73	94	58	54	40	52	32	53	81	0	21	31	83	68	74	66	69	56	69	77	51	67	23	30	81	79	76	42	42	
71	34	34	40	45	7	13	64	52	62	39	0	8	63	54	37	8	37	17	30	38	33	21	26	42	37	20	20	9	60	
45	64	4	37	62	58	53	50	48	59	6	25	0	37	50	10	61	13	36	70	6	30	44	9	39	11	26	17	42	43	
23	17	88	64	42	40	39	46	67	42	61	18	32	0	2	14	22	58	43	56	66	47	20	58	50	37	54	93	3	74	
19	61	94	83	38	36	62	42	63	69	57	14	28	13	0	10	67	54	59	79	62	43	76	76	46	33	50	89	36	70	
52	28	65	43	3	69	7	56	1	59	48	14	38	46	31	0	27	14	11	8	24	48	41	63	19	62	53	47	40	68	
52	62	97	86	3	8	41	93	59	60	91	64	58	64	59	16	0	61	45	40	37	86	92	2	26	43	58	103	33	69	
21	33	66	1	42	58	12	20	11	71	6	39	39	56	41	53	57	0	16	29	49	61	51	41	48	55	63	48	1	58	
67	23	26	47	17	65	2	54	67	22	56	46	33	69	54	54	23	28	0	19	56	51	21	59	37	62	75	38	35	24	
35	10	73	48	54	52	59	45	58	30	30	30	44	29	14	26	56	19	63	0	78	56	80	56	62	49	41	79	31	43	
26	76	29	31	77	10	75	55	21	43	30	14	64	58	51	33	46	36	51	64	0	24	13	52	33	35	48	11	55	51	
83	48	103	30	65	89	74	54	68	74	37	70	80	67	62	74	78	102	78	72	49	0	61	21	63	42	74	95	19	15	
65	26	51	7	69	12	24	76	54	88	46	41	50	62	47	28	48	32	28	41	24	39	0	72	68	61	99	88	30	39	
59	35	74	59	72	65	14	66	30	10	70	43	41	61	60	35	48	36	18	31	13	69	70	0	78	34	8	56	38	48	
52	70	27	47	71	69	49	56	1	94	30	21	12	46	31	36	84	18	53	66	79	76	20	36	0	62	53	78	47	66	
58	72	26	61	55	84	51	33	54	63	60	52	41	64	49	34	50	35	55	66	81	29	82	20	10	0	7	55	5	49	
31	69	46	37	46	70	48	41	43	70	42	36	20	80	65	7	91	8	47	39	74	41	55	61	50	6	0	28	37	68	
54	68	13	15	61	58	59	39	60	37	14	3	55	63	67	17	66	60	63	60	69	8	22	41	17	19	32	0	39	35	
92	58	59	61	43	20	37	21	42	83	47	48	68	76	71	41	36	56	41	54	65	19	68	52	63	56	78	41	0	37	
32	44	86	58	25	39	23	3	24	82	30	27	41	26	11	23	70	52	27	40	43	16	10	30	59	46	63	76	47	0	
