30  8  1
8
	0	89	1	26	2	89	3	40	4	96	5	13	6	19	7	19
	0	3	1	85	2	22	3	7	4	31	5	98	6	18	7	98
	0	26	1	53	2	23	3	82	4	25	5	95	6	16	7	12
	0	98	1	24	2	2	3	25	4	32	5	34	6	97	7	5
	0	67	1	91	2	24	3	54	4	99	5	16	6	82	7	91
	0	31	1	15	2	45	3	18	4	31	5	93	6	81	7	3
	0	2	1	45	2	26	3	78	4	7	5	87	6	23	7	55
	0	95	1	1	2	32	3	97	4	5	5	78	6	69	7	8
	0	62	1	8	2	11	3	28	4	81	5	37	6	8	7	37
	0	50	1	88	2	54	3	18	4	59	5	26	6	32	7	17
	0	86	1	8	2	33	3	15	4	66	5	49	6	93	7	98
	0	1	1	87	2	28	3	77	4	92	5	55	6	41	7	4
	0	85	1	53	2	30	3	91	4	83	5	7	6	40	7	21
	0	62	1	60	2	21	3	1	4	68	5	2	6	77	7	10
	0	16	1	67	2	46	3	35	4	7	5	43	6	33	7	5
	0	25	1	61	2	60	3	46	4	85	5	75	6	55	7	39
	0	49	1	44	2	53	3	51	4	27	5	73	6	96	7	58
	0	30	1	79	2	62	3	87	4	44	5	88	6	41	7	52
	0	36	1	83	2	63	3	59	4	19	5	47	6	16	7	91
	0	32	1	86	2	42	3	12	4	14	5	13	6	73	7	60
	0	79	1	38	2	51	3	91	4	16	5	93	6	60	7	13
	0	72	1	77	2	39	3	21	4	6	5	16	6	74	7	18
	0	100	1	57	2	73	3	84	4	72	5	54	6	90	7	23
	0	45	1	17	2	32	3	11	4	38	5	8	6	77	7	17
	0	7	1	29	2	87	3	72	4	37	5	41	6	88	7	4
	0	66	1	81	2	60	3	77	4	6	5	82	6	41	7	81
	0	68	1	28	2	66	3	82	4	20	5	69	6	70	7	19
	0	45	1	98	2	37	3	2	4	51	5	63	6	70	7	59
	0	72	1	53	2	22	3	28	4	62	5	6	6	8	7	2
	0	48	1	1	2	76	3	53	4	29	5	46	6	31	7	18
SSD
M0
0	7	41	9	3	28	12	16	34	7	21	4	31	18	8	28	20	21	20	10	20	40	12	15	23	9	6	40	11	9	
32	0	31	6	32	18	21	30	30	16	30	26	21	29	30	41	42	23	33	9	10	30	2	36	13	5	28	51	1	31	
30	1	0	10	19	22	25	15	13	16	34	13	25	27	17	37	11	27	29	13	14	11	6	40	17	9	15	49	5	18	
1	33	32	0	40	3	49	45	18	48	58	47	31	55	33	16	42	35	55	7	43	49	38	44	40	41	49	28	37	29	
68	59	64	49	0	60	33	28	55	53	27	50	72	27	54	74	60	52	49	58	42	44	6	48	52	67	29	76	24	55	
42	34	29	29	27	0	15	25	37	27	24	24	30	24	11	46	25	21	25	32	37	21	39	10	11	42	22	47	29	29	
33	24	29	20	21	42	0	24	20	18	7	15	37	19	19	39	25	17	31	23	20	35	29	13	34	32	17	51	12	20	
54	28	37	37	7	13	23	0	45	11	32	36	52	26	40	24	50	8	52	39	27	60	33	38	44	36	38	8	32	41	
11	42	42	40	38	32	18	34	0	29	27	35	57	39	39	10	45	25	38	43	18	55	37	33	24	50	37	31	32	40	
44	36	28	40	22	30	42	31	46	0	51	35	60	44	13	2	36	32	35	43	9	46	41	40	22	44	37	10	40	29	
2	58	37	58	59	48	48	38	53	41	0	53	82	59	40	9	63	50	57	61	6	73	63	11	40	10	38	34	50	58	
17	26	40	4	5	47	42	11	43	2	51	0	50	13	3	23	15	36	15	7	15	36	31	57	40	34	1	35	30	4	
61	26	35	35	56	47	50	51	59	45	30	50	0	27	37	22	56	52	52	38	3	40	25	63	42	14	52	24	30	9	
33	34	44	20	21	34	58	27	8	18	23	15	1	0	19	39	31	36	31	5	31	12	39	51	26	42	14	51	29	20	
21	7	21	16	21	28	23	22	40	9	32	15	31	17	0	39	7	18	6	19	20	17	12	38	23	15	17	20	11	20	
17	24	24	24	25	14	45	4	19	7	39	19	48	33	6	0	29	16	23	27	35	39	29	55	6	32	21	42	16	24	
20	29	43	7	8	34	27	14	46	5	36	2	18	16	6	26	0	7	18	10	18	39	34	26	43	37	4	38	33	7	
36	32	24	23	24	1	47	30	62	21	56	18	56	32	9	42	18	0	31	26	34	39	37	24	43	40	20	45	36	23	
13	3	37	12	31	24	27	36	18	17	18	32	7	35	36	47	48	29	0	15	14	36	3	42	19	11	34	15	7	37	
26	35	19	13	1	9	51	18	19	11	60	8	59	22	12	32	24	11	24	0	4	24	40	43	1	43	10	44	33	13	
1	53	33	33	24	23	53	32	53	31	1	28	58	24	32	50	9	16	15	36	0	23	40	52	15	19	30	5	47	33	
37	46	47	24	25	56	36	31	22	4	45	19	53	33	23	43	35	55	10	27	35	0	49	51	48	54	21	55	50	24	
31	30	7	18	19	47	41	25	46	16	27	13	34	27	7	37	15	16	29	21	1	40	0	56	46	33	15	43	2	18	
15	43	25	21	19	53	59	28	8	19	49	16	66	3	20	40	32	34	32	24	32	19	46	0	45	38	18	52	46	21	
24	33	11	11	12	1	47	10	50	9	56	6	57	20	10	28	22	3	22	14	22	43	38	42	0	41	8	42	25	11	
28	26	1	15	16	45	42	22	38	13	51	10	17	24	3	6	26	37	25	18	26	36	31	26	37	0	12	24	30	15	
20	33	67	26	1	54	57	45	34	18	50	33	57	47	37	57	42	59	49	41	46	66	26	26	49	41	0	69	37	38	
19	3	37	6	7	24	27	13	30	4	36	1	21	15	5	25	17	29	17	9	16	31	8	42	19	11	3	0	7	6	
26	7	4	13	14	28	31	20	40	11	36	8	22	22	12	32	24	8	24	16	20	40	1	46	20	15	10	22	0	13	
42	43	29	29	8	19	17	28	39	27	26	24	56	15	28	46	40	21	30	32	2	44	12	6	11	30	26	27	31	0	
M1
0	45	58	11	6	34	51	42	50	55	49	60	59	78	32	12	35	70	41	56	59	21	64	47	72	45	41	13	45	29	
24	0	8	13	17	34	29	22	50	25	29	31	51	10	12	59	17	46	21	48	58	38	44	27	32	21	1	63	25	9	
60	30	0	24	33	2	22	27	2	25	34	16	41	53	42	48	38	61	52	64	25	56	56	32	47	29	48	60	22	40	
54	26	23	0	18	22	17	23	28	31	30	31	52	59	13	60	13	57	18	49	63	8	39	28	37	10	6	42	26	10	
42	44	49	52	0	15	35	41	31	38	32	43	54	52	31	61	47	11	40	63	76	57	26	41	12	51	19	9	35	28	
56	27	19	22	36	0	5	26	1	8	19	13	40	45	43	31	37	55	52	50	55	51	47	17	46	28	33	67	5	40	
36	38	43	48	30	47	0	35	26	31	2	1	24	33	32	35	55	38	41	33	58	34	30	11	40	51	15	43	38	29	
32	2	21	21	20	11	31	0	27	12	6	17	28	35	40	48	58	33	44	37	62	28	28	4	33	54	20	54	2	37	
50	20	10	14	37	29	32	17	0	30	24	6	31	43	34	66	28	51	43	55	46	46	46	22	51	19	38	72	20	31	
26	4	23	23	10	13	33	1	29	0	8	19	13	37	3	50	28	35	14	39	62	30	21	6	32	56	15	56	4	2	
29	28	33	47	20	37	57	25	53	21	0	36	14	23	41	46	64	28	35	23	48	24	20	1	30	41	6	51	28	38	
74	1	49	63	36	53	33	41	68	33	48	0	20	46	42	68	54	6	51	56	14	10	56	17	4	43	39	67	19	39	
60	32	53	58	38	60	12	48	36	61	41	24	0	26	15	35	17	12	32	13	60	60	52	48	34	63	3	81	44	35	
59	25	36	50	23	40	60	28	56	41	35	46	49	0	25	75	67	25	44	29	12	36	43	4	33	64	26	28	31	58	
61	31	4	31	23	26	4	28	9	21	35	14	18	33	0	61	41	62	2	54	31	44	19	25	22	31	28	72	3	15	
39	7	19	23	15	32	41	20	1	31	2	15	8	33	10	0	33	38	19	33	35	34	30	11	40	28	16	54	4	7	
74	29	15	38	51	12	32	41	16	35	46	30	55	64	46	52	0	57	40	77	70	70	70	37	66	35	56	20	32	43	
41	15	34	22	28	3	4	12	19	16	4	8	26	35	14	49	20	0	38	35	51	36	5	13	14	11	9	35	15	41	
5	5	54	42	27	44	28	32	55	4	30	50	52	61	22	43	1	7	0	26	86	37	29	37	63	76	32	44	35	19	
80	43	47	50	42	13	33	47	29	36	47	11	68	73	37	28	60	69	3	0	54	62	5	45	56	51	25	28	4	34	
28	22	44	58	27	23	43	36	39	32	3	40	25	8	45	55	58	12	39	11	0	35	31	12	41	52	10	37	15	42	
1	28	35	38	16	1	21	30	17	24	35	7	56	21	19	39	53	45	17	66	71	0	45	6	15	44	28	40	21	56	
60	1	42	55	25	31	51	33	47	46	38	14	25	65	21	70	46	13	32	59	25	44	0	10	39	74	19	60	36	20	
40	10	15	29	2	19	39	7	35	20	14	25	36	41	40	54	63	22	23	43	52	17	22	0	12	49	5	33	10	37	
62	32	51	51	18	41	7	29	57	42	36	38	58	58	70	44	60	63	49	23	35	58	58	25	0	56	47	52	32	67	
29	2	24	28	2	34	46	22	6	2	4	20	23	35	42	45	42	38	44	34	60	36	32	13	11	0	15	39	25	45	
29	20	22	38	12	29	39	17	34	30	24	2	46	53	7	54	30	51	1	43	29	29	21	22	3	61	0	61	13	4	
11	10	29	29	28	16	36	7	32	20	14	20	36	29	13	36	47	41	33	45	25	36	36	12	41	59	10	0	10	21	
29	32	14	45	7	12	15	29	23	35	36	37	58	65	44	5	6	47	38	56	61	12	43	21	40	39	9	50	0	41	
45	15	34	34	7	24	44	12	40	25	19	30	41	48	2	49	25	46	11	38	69	28	34	17	43	67	12	56	15	0	
M2
0	40	22	54	40	39	17	31	16	35	78	34	5	47	59	23	7	29	2	35	24	40	66	29	35	59	66	1	8	5	
29	0	27	48	36	48	49	26	9	28	77	40	1	56	57	12	28	12	48	18	42	6	49	22	23	21	59	16	56	19	
69	26	0	16	64	37	58	30	36	35	45	63	49	13	46	40	6	30	21	15	5	54	24	49	27	14	36	47	37	65	
51	53	53	0	46	19	40	12	55	24	27	45	57	41	28	44	69	12	38	18	63	51	41	53	30	64	18	39	19	71	
64	56	50	57	0	1	26	15	48	67	82	24	48	46	57	8	32	39	41	38	59	39	17	32	34	53	25	50	7	59	
77	56	7	27	17	0	39	18	54	53	36	26	56	43	11	49	36	19	51	45	13	12	54	44	15	32	47	16	48	58	
12	43	44	61	67	36	0	34	65	60	60	37	52	16	16	5	29	43	50	28	26	43	62	66	38	50	77	54	11	27	
48	9	55	10	48	31	43	0	40	36	39	57	13	43	40	37	30	24	50	30	54	37	53	53	42	52	30	13	31	50	
59	13	53	48	33	58	47	6	0	8	59	26	36	53	52	47	62	2	60	24	49	14	54	2	41	56	39	10	36	18	
69	35	19	47	11	36	55	5	19	0	29	44	50	8	51	43	3	30	63	49	18	44	14	32	34	21	6	40	18	33	
38	37	38	67	61	14	51	43	46	64	0	60	41	9	27	71	37	59	35	18	66	43	68	48	14	75	77	13	55	26	
82	59	62	60	50	10	44	18	61	64	60	0	36	40	44	26	60	33	18	1	68	33	4	51	28	62	14	25	1	9	
19	41	56	56	5	17	18	29	43	6	56	22	0	27	30	20	10	50	68	51	11	60	46	34	53	42	54	64	28	16	
63	54	8	47	63	42	26	13	55	66	27	50	37	0	22	51	7	31	35	46	36	58	38	48	5	45	47	21	26	40	
52	64	32	71	25	11	14	30	63	61	18	50	50	3	0	1	31	55	35	30	9	68	62	40	29	40	71	45	50	1	
77	42	1	39	24	49	46	1	49	59	30	54	46	37	24	0	30	13	45	39	29	47	48	20	51	38	57	8	50	43	
13	26	63	35	34	23	41	19	2	21	48	39	43	41	65	27	0	15	63	37	18	27	67	15	2	32	37	3	26	31	
76	47	62	42	28	10	69	40	23	35	27	26	45	65	66	20	30	0	68	26	55	22	19	36	39	20	7	44	26	47	
26	30	65	28	23	13	62	23	6	2	18	43	53	60	39	33	57	19	0	11	53	31	25	19	13	7	48	27	21	30	
75	42	49	22	56	43	56	9	18	21	51	22	54	50	1	48	17	31	32	0	47	43	54	31	24	24	42	18	34	24	
30	36	44	34	56	50	51	29	12	31	3	46	57	15	29	24	43	1	11	22	0	11	54	25	28	51	54	17	50	41	
51	9	37	62	16	41	13	20	3	22	45	40	32	11	54	4	39	16	7	16	21	0	4	16	16	52	53	24	47	22	
18	56	24	4	52	25	41	18	44	10	33	26	43	30	34	4	53	18	44	24	52	29	0	57	36	61	24	3	25	3	
25	17	22	61	23	24	65	22	48	38	30	59	40	19	60	51	47	6	30	17	48	25	20	0	7	59	5	55	54	58	
2	42	16	3	8	24	45	17	18	29	32	50	50	46	33	40	45	17	38	23	41	28	46	31	0	29	23	39	24	3	
53	17	37	26	39	36	52	40	48	40	55	56	4	61	56	43	44	22	43	31	45	45	66	22	57	0	46	31	41	50	
22	57	70	66	5	30	55	25	33	24	60	53	59	75	28	37	1	46	70	31	72	30	18	35	56	43	0	49	36	23	
39	28	23	62	29	50	1	21	4	14	74	31	3	43	43	30	15	17	48	11	44	2	45	17	32	25	54	0	5	33	
59	42	46	43	34	42	21	1	52	55	65	4	19	17	52	3	45	10	50	9	60	10	36	65	5	56	44	21	0	30	
45	35	33	44	55	32	65	28	11	30	5	48	58	47	25	29	62	24	71	6	44	36	76	24	52	66	58	32	31	0	
M3
0	18	33	57	30	51	58	6	56	75	11	12	28	50	44	63	38	50	43	28	35	42	7	21	6	29	38	44	51	56	
33	0	24	38	13	39	33	37	31	52	1	40	18	25	40	45	28	25	18	18	10	17	55	26	54	19	35	19	41	46	
29	8	0	35	26	54	48	34	46	49	16	25	23	22	55	60	34	6	31	29	24	32	70	11	65	34	28	34	31	41	
36	40	27	0	15	39	36	40	54	45	26	20	37	28	62	48	18	62	37	6	30	52	26	29	42	12	46	22	5	48	
11	35	22	48	0	44	31	48	57	32	10	38	27	63	5	40	32	65	15	27	35	42	15	24	52	27	3	17	27	13	
34	3	25	20	23	0	4	45	8	44	11	41	28	33	50	46	35	24	3	20	20	11	20	27	48	29	44	20	44	41	
17	21	8	7	11	30	0	9	43	39	9	24	22	50	47	29	30	51	31	15	34	28	17	10	38	13	5	3	19	54	
21	70	50	50	16	84	42	0	53	11	52	38	27	45	55	30	46	63	40	31	2	40	3	38	54	63	53	77	56	73	
21	16	12	35	16	18	21	43	0	36	24	28	26	31	31	33	5	32	35	19	33	9	56	14	42	17	10	7	12	49	
24	41	52	29	53	67	65	28	79	0	49	52	61	16	49	4	48	34	25	33	18	11	36	49	29	53	24	51	56	51	
34	30	32	61	4	55	39	47	44	66	0	28	2	48	24	60	12	59	44	2	10	36	61	60	38	3	23	56	25	30	
11	39	4	41	30	48	35	40	13	55	42	0	40	28	65	47	22	50	37	33	30	50	8	28	54	31	13	21	39	54	
29	42	19	4	33	51	38	16	64	35	50	21	0	53	7	3	30	11	47	35	41	31	44	7	59	34	24	24	34	44	
7	24	55	12	44	63	64	11	62	26	32	57	49	0	63	48	46	38	8	31	1	23	54	47	53	49	64	50	42	63	
19	32	19	17	23	41	28	31	46	70	40	35	33	43	0	23	29	48	10	18	43	45	2	21	32	24	38	14	43	60	
15	19	2	44	10	23	15	11	41	6	27	22	19	40	15	0	28	15	29	13	36	32	36	8	36	10	25	1	6	8	
3	23	12	56	34	62	63	49	26	74	31	17	32	54	68	75	0	50	48	9	34	44	50	20	8	1	37	49	29	34	
34	22	41	39	35	1	23	38	1	53	30	17	38	26	44	56	17	0	22	26	28	4	33	34	1	46	39	36	5	44	
18	22	9	32	13	19	18	32	19	38	25	16	14	20	48	23	25	34	0	16	22	23	19	2	3	14	19	4	5	49	
20	55	18	55	19	41	54	59	36	55	10	53	19	60	49	77	3	68	54	0	13	53	67	72	24	28	42	70	13	30	
17	35	66	23	31	56	75	22	73	37	24	67	41	10	59	24	22	25	15	41	0	34	64	58	24	42	62	61	53	69	
9	26	31	14	32	35	43	13	49	28	23	59	32	1	19	50	16	2	10	1	3	0	56	49	37	41	54	52	26	19	
35	34	46	51	50	13	35	9	39	36	42	62	14	64	6	40	56	55	22	46	9	42	0	48	66	51	44	41	71	71	
29	60	1	25	31	44	59	26	50	43	57	3	1	35	37	65	12	36	44	35	37	13	74	0	47	60	6	63	38	45	
46	10	16	32	30	38	6	9	29	59	18	14	27	40	52	14	38	42	35	35	27	34	72	15	0	36	32	36	7	61	
34	41	32	26	36	26	19	3	47	36	21	5	38	26	44	53	40	1	35	26	28	4	37	34	18	0	51	27	21	29	
16	18	7	45	11	29	16	16	42	63	25	23	21	40	36	28	29	50	30	14	11	32	63	9	14	12	0	2	39	27	
12	16	3	41	7	25	12	42	38	59	24	19	17	48	42	24	25	48	26	10	33	29	59	5	33	8	22	0	35	52	
12	27	21	29	13	6	27	58	32	32	24	48	12	57	29	43	17	48	27	2	27	35	44	34	38	42	51	44	0	44	
52	30	28	52	43	47	69	53	57	10	24	30	28	44	30	18	39	43	45	41	31	23	64	16	55	42	33	56	27	0	
M4
0	13	21	32	15	25	17	6	17	27	30	16	51	50	44	41	27	29	26	38	56	7	31	53	38	61	14	1	51	8	
45	0	22	41	51	52	41	76	58	51	13	49	56	44	60	60	20	23	34	56	39	31	55	59	51	42	20	50	65	32	
26	32	0	2	38	39	33	51	43	43	5	45	29	34	21	55	43	45	32	23	41	23	25	12	28	15	30	42	30	22	
25	75	67	0	4	64	82	58	61	18	74	76	64	74	80	44	60	84	84	81	45	79	78	86	47	85	16	34	73	54	
18	45	39	5	0	13	32	85	11	42	45	45	23	28	37	38	59	22	4	46	34	39	10	31	41	39	46	41	49	24	
32	7	23	31	56	0	36	56	57	11	51	44	51	26	19	51	56	25	2	49	5	36	5	29	41	37	43	45	8	30	
32	28	33	46	32	55	0	64	45	3	9	58	32	26	34	36	31	5	2	39	32	19	43	29	50	37	26	2	47	30	
63	18	17	44	46	28	29	0	10	39	19	35	68	62	48	61	46	41	38	55	64	26	50	54	57	57	33	38	53	29	
34	38	43	49	42	36	57	27	0	42	35	45	53	28	37	60	43	27	4	51	34	47	39	13	26	39	1	65	11	32	
37	11	16	13	22	57	12	45	54	0	28	58	44	24	40	53	22	24	7	54	37	2	26	32	33	30	9	21	53	35	
6	32	12	4	40	42	35	9	13	27	0	47	11	19	41	57	40	42	19	54	37	25	49	12	40	17	32	44	40	24	
21	26	31	58	37	28	27	23	9	37	5	0	47	26	68	40	37	39	36	12	47	17	13	3	43	44	24	36	36	51	
55	46	45	62	53	41	57	23	34	67	24	31	0	66	50	10	67	24	65	25	35	54	61	47	62	76	39	66	21	57	
46	11	29	30	27	18	25	72	46	5	41	72	64	0	49	62	35	37	16	63	33	15	39	15	23	51	22	34	57	44	
8	52	57	5	41	62	61	68	38	54	65	63	57	18	0	38	51	31	8	55	38	51	9	35	19	43	53	36	16	36	
24	45	50	52	49	8	10	68	21	20	25	40	46	21	51	0	39	22	19	54	1	36	44	35	37	54	41	19	29	41	
44	6	55	24	52	57	27	52	18	37	30	17	42	36	49	70	0	39	36	65	66	41	65	37	14	33	24	36	56	40	
6	31	36	36	42	49	32	78	19	42	11	12	28	22	73	29	42	0	41	51	52	22	46	32	47	14	24	29	29	21	
11	33	30	26	44	44	34	67	44	44	40	46	30	5	14	42	43	4	0	28	11	24	30	8	40	16	31	42	37	9	
16	11	8	35	38	2	46	25	14	44	13	8	60	47	52	48	56	56	35	0	38	36	26	8	23	48	8	55	10	55	
60	49	57	49	39	43	21	51	36	31	37	23	49	42	62	64	44	33	30	67	0	47	66	25	20	58	54	30	12	58	
43	3	8	35	14	49	4	74	46	14	20	58	43	37	45	45	14	16	13	50	43	0	18	40	25	48	1	13	58	41	
34	13	18	8	24	7	14	84	19	24	14	68	1	44	19	37	24	26	23	50	43	4	0	50	35	57	11	23	42	35	
64	37	33	55	31	14	33	27	28	43	49	67	72	21	64	9	52	45	42	61	50	37	50	0	62	73	44	42	45	55	
12	18	23	23	29	6	19	12	20	10	35	31	15	20	56	41	29	31	28	17	42	9	25	19	0	1	16	28	5	8	
5	11	16	16	22	47	12	70	22	22	28	24	8	13	53	34	22	24	21	31	51	2	26	12	33	0	9	21	17	1	
47	39	67	59	21	28	67	60	25	21	38	40	55	68	50	84	77	52	61	65	39	57	44	67	11	49	0	76	53	56	
42	14	32	45	14	28	23	37	40	33	34	5	57	36	33	26	7	35	32	12	22	18	42	34	48	44	25	0	34	51	
10	11	33	33	39	51	29	57	39	39	45	41	25	30	25	43	12	41	20	48	50	19	41	29	8	11	26	36	0	18	
15	23	2	10	46	17	38	40	29	48	2	21	48	50	48	4	48	9	28	1	53	28	14	23	9	42	23	47	25	0	
M5
0	66	63	8	42	21	66	69	44	65	70	36	36	57	88	58	6	64	3	55	46	32	36	16	32	8	26	62	54	27	
9	0	56	30	50	38	41	60	58	22	6	58	58	76	92	54	28	64	25	62	6	52	57	36	29	30	48	59	51	49	
2	30	0	23	28	8	66	40	47	2	19	3	51	43	76	41	21	38	18	41	46	18	23	2	18	23	26	17	9	4	
16	29	42	0	5	44	58	38	41	23	43	20	43	31	53	41	35	67	32	28	34	5	18	20	23	34	31	20	12	20	
30	8	21	37	0	29	75	17	37	37	49	36	37	10	51	28	45	46	46	44	13	34	43	50	24	51	59	34	26	21	
60	2	60	20	59	0	54	39	38	51	26	33	40	60	18	6	17	36	26	25	3	2	61	61	71	26	41	48	40	15	
22	67	58	37	43	27	0	52	47	34	39	71	31	56	40	12	41	9	26	37	49	15	62	41	57	43	10	67	59	62	
29	49	64	50	50	58	65	0	55	42	40	64	66	65	83	39	48	8	7	34	45	19	62	58	74	48	68	71	63	69	
38	39	33	12	15	20	13	9	0	20	40	12	49	41	82	38	57	34	54	25	44	2	57	36	52	7	7	15	9	5	
32	31	35	25	32	4	60	12	44	0	45	36	28	49	76	35	45	56	48	35	46	64	64	61	21	34	23	11	3	6	
20	58	40	41	34	41	53	39	3	16	0	38	30	51	77	37	39	58	36	25	48	2	61	49	50	31	38	13	5	45	
1	4	35	5	44	35	74	12	24	46	52	0	8	33	27	71	6	36	17	67	26	44	50	30	46	1	40	51	43	41	
38	30	20	45	61	61	59	47	9	31	81	33	0	18	70	56	14	21	54	52	11	43	51	67	32	29	51	53	45	29	
18	10	66	25	54	52	63	36	57	36	67	24	41	0	79	57	37	57	34	32	1	63	31	47	12	39	57	33	25	9	
46	7	44	25	48	45	71	54	31	38	63	64	44	57	0	7	65	65	62	24	60	25	50	66	68	20	39	56	48	37	
41	5	32	57	41	46	12	59	21	23	58	45	5	30	46	0	26	33	37	44	5	32	59	70	8	41	45	15	12	10	
53	37	20	14	20	63	74	53	24	33	23	48	8	33	75	18	0	36	26	67	26	53	55	37	47	44	12	48	40	44	
14	59	18	4	39	48	21	17	60	25	60	16	63	47	91	33	28	0	30	46	50	24	46	25	32	35	47	22	14	17	
17	63	77	38	61	51	29	41	27	29	38	31	66	87	81	60	17	50	0	82	67	62	38	46	57	19	56	32	50	57	
22	34	70	43	77	11	78	60	28	60	36	27	65	22	46	40	41	81	35	0	25	67	23	51	36	32	61	40	49	33	
36	28	49	43	31	27	15	45	18	7	18	31	59	16	24	47	3	38	51	3	0	21	26	5	10	48	21	44	36	27	
42	54	47	40	57	23	37	21	20	39	22	47	31	42	66	20	52	59	46	7	45	0	43	43	56	13	61	36	28	53	
43	36	46	34	73	32	55	63	38	30	57	48	68	43	67	61	44	18	56	8	44	45	0	60	47	53	79	16	59	54	
53	42	49	60	18	33	59	45	44	41	46	33	55	33	66	34	72	45	68	31	36	8	13	0	8	37	80	56	52	44	
18	23	13	38	42	52	10	49	48	24	47	33	41	11	29	23	37	60	34	29	14	24	30	47	0	39	46	21	13	22	
21	45	6	42	28	49	32	4	17	19	50	11	16	33	77	40	37	28	21	35	34	12	44	23	39	0	16	16	8	35	
52	10	73	29	38	19	90	50	63	12	11	1	64	59	58	44	45	62	22	65	17	42	52	31	44	56	0	3	41	44	
43	20	40	18	3	32	44	27	49	25	29	47	56	29	12	46	62	48	56	8	32	53	38	66	43	45	2	0	14	5	
23	47	55	44	23	35	51	43	58	5	40	27	59	40	77	26	42	51	39	26	43	66	55	52	39	25	27	2	0	37	
68	27	55	74	29	57	71	32	29	63	56	40	28	48	66	54	49	56	31	41	46	18	26	77	20	29	35	65	62	0	
M6
0	35	47	19	28	46	66	55	13	55	4	62	56	63	66	6	6	1	77	13	54	63	75	26	58	20	36	44	64	75	
53	0	58	26	7	41	65	84	83	79	56	49	3	30	23	55	19	54	43	8	33	72	30	60	6	32	21	64	56	48	
9	50	0	34	42	25	29	43	15	18	26	39	44	42	7	34	34	29	26	26	39	32	51	28	46	22	21	47	33	23	
54	35	79	0	60	46	45	65	55	54	29	26	33	67	26	57	72	64	10	61	5	12	43	68	50	45	48	31	58	16	
21	26	13	28	0	54	25	72	28	47	26	62	32	10	36	28	27	41	1	32	3	36	19	41	14	20	39	22	1	24	
4	58	70	38	51	0	43	78	36	64	19	60	6	28	63	29	29	24	40	2	44	54	7	14	32	43	18	61	19	42	
45	25	34	13	50	75	0	51	46	56	24	54	44	22	57	40	62	54	1	48	33	48	31	54	26	17	39	22	13	36	
11	6	3	49	31	44	38	0	34	37	21	58	27	23	26	28	18	31	39	32	39	35	16	14	27	21	15	30	14	37	
51	27	26	11	52	28	71	59	0	34	35	70	48	70	49	15	64	29	56	53	65	65	54	5	37	64	15	31	73	63	
8	43	6	7	42	44	8	53	37	0	31	4	32	47	26	33	33	18	18	40	16	33	62	15	46	4	43	23	44	45	
59	30	54	31	7	21	50	43	20	24	0	60	51	35	70	43	17	5	15	56	51	61	44	6	39	23	31	1	26	49	
41	34	39	40	36	6	39	37	54	1	64	0	55	67	59	66	66	51	9	60	49	36	70	22	27	37	47	30	75	61	
56	75	46	6	55	61	61	49	40	55	20	45	0	22	68	12	1	57	60	38	57	29	43	53	58	3	45	52	69	5	
78	52	56	49	27	23	22	7	85	67	62	38	21	0	36	58	5	69	46	11	46	55	10	90	69	62	64	27	58	17	
76	57	76	35	61	66	22	63	63	63	69	40	14	21	0	15	20	9	32	50	70	43	37	76	34	23	55	52	58	16	
37	66	49	63	59	68	27	6	44	26	35	21	30	12	47	0	62	22	41	56	10	19	21	34	16	9	51	62	3	26	
4	22	70	42	37	63	76	17	36	78	27	45	20	35	44	1	0	24	54	25	14	47	16	49	46	43	43	67	55	65	
32	50	26	4	52	51	24	13	15	27	55	63	71	28	24	38	49	0	48	30	59	72	71	28	20	63	5	2	60	33	
28	9	63	42	34	65	31	77	29	51	51	47	30	42	50	52	46	38	0	35	60	55	48	42	33	59	22	5	67	64	
9	30	3	3	2	20	21	28	34	37	31	58	51	61	26	34	34	5	45	0	58	47	50	47	15	41	40	48	52	42	
5	26	50	43	51	14	52	70	37	12	28	48	47	58	4	30	16	25	28	37	0	71	70	50	12	44	60	49	58	32	
42	42	63	67	16	58	31	34	74	35	49	11	63	62	52	67	24	50	50	68	11	0	42	59	66	71	73	71	53	26	
58	77	33	57	12	41	38	69	54	18	3	31	45	23	56	41	18	15	52	1	39	7	0	65	27	9	34	32	14	5	
55	62	40	53	13	43	69	20	71	69	73	27	13	23	63	13	54	25	77	82	66	65	65	0	75	56	33	10	62	27	
65	33	47	38	54	15	73	22	19	54	61	47	44	48	22	17	70	56	83	39	58	38	42	32	0	5	42	5	71	4	
46	76	78	63	29	48	49	68	74	43	15	1	56	2	48	52	71	18	51	36	50	2	43	64	14	0	1	22	25	48	
10	41	40	25	57	42	16	42	6	48	15	62	57	57	10	29	35	30	40	12	36	55	20	19	51	49	0	45	52	16	
10	64	19	42	57	60	28	78	42	53	33	13	42	70	42	35	35	30	52	42	52	34	7	48	5	37	52	0	64	58	
76	64	67	52	48	71	16	67	59	65	42	79	23	1	36	19	64	67	40	45	17	27	10	72	5	46	62	61	0	15	
30	75	57	47	19	25	38	71	62	19	53	55	47	46	77	10	46	21	62	62	23	8	7	66	42	55	16	20	68	0	
M7
0	28	8	14	30	50	21	21	26	45	23	40	20	5	34	37	35	2	16	11	8	34	18	21	26	21	37	37	19	26	
41	0	50	37	5	42	28	47	26	22	41	42	12	44	6	1	2	11	29	38	59	29	9	46	48	22	28	42	45	30	
42	13	0	35	39	31	11	23	38	43	45	47	29	14	37	46	15	28	25	6	48	19	27	17	6	20	39	23	28	14	
17	12	44	0	30	47	20	10	32	29	48	49	34	36	45	21	38	10	37	9	41	15	48	15	28	42	18	21	3	15	
28	16	43	38	0	34	27	26	36	9	17	16	10	17	27	49	28	21	9	26	18	22	28	33	9	23	42	49	31	17	
10	30	37	36	45	0	43	38	34	15	11	35	26	27	27	46	11	31	35	40	35	46	8	43	55	5	5	15	39	43	
23	4	48	36	23	15	0	29	20	33	17	53	39	40	20	55	17	26	20	31	5	43	22	1	32	23	23	29	37	38	
26	21	52	4	39	56	18	0	28	38	49	38	43	45	27	30	47	19	46	15	50	24	40	24	37	51	27	30	12	24	
28	15	35	8	41	33	32	23	0	40	39	28	30	16	39	32	9	23	27	20	29	21	29	23	8	22	10	32	14	3	
2	16	17	18	34	44	14	33	28	0	5	3	20	26	14	25	2	23	37	13	29	37	2	38	27	4	29	25	7	11	
24	18	48	38	37	36	12	28	23	28	0	26	31	19	3	28	38	44	30	16	48	24	16	35	11	25	10	5	10	19	
36	31	35	48	34	43	7	43	27	48	7	0	13	45	7	32	13	41	56	28	60	30	20	52	47	51	29	40	22	16	
22	42	49	36	57	9	45	28	46	27	8	41	0	39	39	58	23	26	47	46	47	54	20	44	41	17	17	27	44	1	
48	45	44	31	15	35	6	38	27	53	34	49	5	0	19	41	49	36	1	35	37	42	3	6	51	32	41	53	39	11	
58	21	49	36	30	62	46	37	15	42	45	49	38	41	0	46	41	51	52	46	54	18	8	56	37	42	17	62	44	45	
20	20	47	3	33	8	28	18	21	19	9	39	37	26	1	0	22	18	37	17	41	3	14	10	36	16	16	2	11	23	
14	34	41	40	23	1	42	42	38	11	15	31	25	31	31	50	0	35	39	41	39	15	12	20	55	9	9	19	35	39	
24	25	46	8	43	11	33	23	11	12	25	32	40	41	41	34	10	0	49	22	49	28	22	28	41	19	19	29	16	28	
33	24	26	47	46	63	2	35	34	31	11	51	56	41	35	37	50	54	0	25	57	29	48	55	44	36	57	37	19	52	
44	34	16	48	24	56	39	36	27	32	54	52	39	24	53	18	31	22	35	0	14	8	20	40	34	48	43	50	32	42	
48	21	45	32	20	35	38	31	5	51	49	50	21	22	51	42	49	8	33	31	0	27	4	20	14	28	16	39	36	22	
25	29	40	22	30	47	21	10	40	6	28	26	20	5	34	37	5	37	16	33	37	0	18	21	50	27	24	48	30	26	
27	22	18	5	40	57	15	20	3	39	34	23	40	44	34	15	40	20	47	15	45	25	0	25	36	50	28	31	13	25	
40	35	67	18	6	59	43	25	4	52	47	36	48	49	47	44	43	24	24	13	14	38	31	0	41	37	41	44	26	38	
32	3	54	25	29	21	20	13	38	33	35	53	19	4	33	36	32	29	15	13	51	9	17	20	0	10	29	36	18	4	
33	28	12	11	46	47	8	26	32	45	49	55	20	38	12	14	39	26	48	25	57	31	25	31	30	0	34	37	19	31	
26	6	22	40	21	32	25	51	46	39	31	39	2	9	38	60	46	47	20	18	53	53	22	25	40	40	0	29	48	24	
15	62	42	48	32	74	11	55	60	57	47	74	53	38	66	27	69	36	30	45	42	68	51	44	60	55	45	0	53	34	
12	7	39	45	25	42	47	40	54	24	43	44	46	31	55	16	43	33	42	4	36	31	43	47	23	37	50	16	0	31	
39	26	63	17	45	40	26	9	45	51	54	43	45	30	44	43	54	7	41	27	61	35	43	30	22	18	40	43	25	0	
