30  6  1
6
	0	56	1	80	2	53	3	75	4	4	5	64
	0	100	1	52	2	88	3	37	4	13	5	67
	0	1	1	56	2	35	3	6	4	54	5	31
	0	26	1	25	2	19	3	40	4	57	5	15
	0	85	1	30	2	77	3	86	4	3	5	77
	0	29	1	24	2	38	3	50	4	42	5	19
	0	43	1	6	2	37	3	68	4	23	5	20
	0	19	1	93	2	53	3	7	4	39	5	26
	0	73	1	5	2	50	3	63	4	74	5	28
	0	98	1	78	2	39	3	88	4	12	5	55
	0	13	1	73	2	92	3	73	4	14	5	4
	0	1	1	60	2	6	3	33	4	14	5	98
	0	94	1	30	2	88	3	36	4	22	5	88
	0	41	1	58	2	69	3	38	4	62	5	8
	0	90	1	55	2	95	3	58	4	40	5	95
	0	55	1	87	2	65	3	95	4	82	5	98
	0	74	1	27	2	40	3	87	4	12	5	80
	0	7	1	62	2	88	3	32	4	21	5	45
	0	41	1	10	2	78	3	28	4	59	5	60
	0	95	1	59	2	54	3	89	4	86	5	76
	0	77	1	34	2	6	3	21	4	34	5	63
	0	71	1	99	2	16	3	42	4	65	5	61
	0	66	1	1	2	63	3	29	4	46	5	78
	0	66	1	97	2	79	3	46	4	8	5	64
	0	70	1	37	2	77	3	94	4	34	5	15
	0	78	1	2	2	97	3	74	4	10	5	20
	0	31	1	56	2	53	3	80	4	44	5	12
	0	75	1	22	2	51	3	60	4	99	5	23
	0	69	1	7	2	17	3	94	4	35	5	36
	0	11	1	96	2	35	3	78	4	30	5	64
SSD
M0
0	36	39	43	69	6	49	43	61	45	25	52	47	51	43	67	93	47	48	4	23	21	40	14	69	52	47	50	66	44	
35	0	37	41	44	61	30	34	15	54	34	6	3	66	31	8	24	56	38	22	56	33	40	14	6	36	41	48	42	52	
58	37	0	3	38	26	9	12	47	26	34	38	57	70	52	36	78	80	35	19	76	59	49	2	39	17	56	10	47	14	
45	8	40	0	47	67	15	45	18	27	7	9	46	50	25	16	62	59	7	25	59	36	22	17	21	17	29	51	45	32	
71	10	24	20	0	44	34	22	17	51	53	55	53	8	43	1	55	33	45	44	11	18	41	27	32	7	9	35	71	39	
41	1	50	53	34	0	43	8	28	21	47	19	12	16	44	32	98	69	31	35	69	6	49	27	34	68	69	61	42	9	
64	51	97	76	16	21	0	15	78	34	20	69	59	66	25	39	80	70	38	38	81	56	6	40	47	64	34	66	2	22	
30	33	70	74	7	57	63	0	48	76	67	39	62	39	52	5	78	86	4	42	79	66	22	42	58	78	48	63	63	64	
45	13	43	47	80	53	50	56	0	15	54	26	93	86	4	36	85	76	66	32	6	53	30	34	45	36	76	54	35	58	
69	57	19	23	58	46	29	32	65	0	54	56	11	55	55	48	72	45	55	39	34	41	53	22	41	37	26	30	6	34	
105	51	99	66	61	60	50	56	98	7	0	89	26	38	5	62	55	100	79	5	56	58	2	51	56	66	9	33	69	36	
35	32	30	34	69	57	23	43	8	47	27	0	66	59	24	67	88	49	39	15	49	26	37	7	70	48	49	41	35	45	
79	43	66	62	66	16	51	53	57	53	54	48	0	36	36	25	47	26	29	45	13	40	34	56	66	49	76	61	74	41	
65	62	60	64	10	54	53	42	38	33	13	29	5	0	4	66	81	43	39	31	56	56	28	37	20	75	35	46	65	58	
62	49	11	15	12	38	21	24	15	38	46	50	69	82	0	48	89	92	47	31	88	71	55	14	51	29	68	22	59	26	
74	43	77	20	46	13	61	26	64	61	49	55	54	51	51	0	18	41	49	4	54	48	17	63	51	18	71	26	67	51	
114	79	99	45	84	64	25	83	86	25	22	80	17	55	40	87	0	109	77	25	66	88	37	52	17	88	44	68	42	43	
51	34	46	29	54	4	18	34	24	20	21	15	29	3	3	47	49	0	55	16	6	9	1	23	33	40	43	57	41	8	
71	40	89	93	62	69	18	37	49	85	65	60	57	11	56	37	110	58	0	76	71	63	66	47	72	36	64	18	63	73	
56	36	65	2	52	23	37	49	43	39	35	34	30	22	22	44	41	12	35	0	25	28	20	27	49	33	47	76	59	27	
103	41	80	32	68	73	73	92	45	32	30	67	67	21	48	11	29	62	65	48	0	78	45	30	63	75	52	76	71	38	
97	71	104	45	16	46	44	48	89	43	32	80	69	23	3	24	47	84	1	50	48	0	32	43	56	4	1	60	63	31	
57	54	31	35	70	27	41	44	30	58	38	21	68	69	23	59	30	59	47	37	57	8	0	29	71	27	10	42	57	46	
25	44	20	24	14	14	30	33	61	14	41	52	45	42	48	4	77	38	23	35	27	33	16	0	27	38	63	30	35	2	
61	43	12	16	27	13	22	25	60	39	47	51	19	49	5	49	26	93	48	32	2	48	62	15	0	30	3	23	47	27	
60	43	37	38	48	13	20	43	17	29	22	24	38	12	12	56	58	2	64	25	15	18	10	29	42	0	44	48	50	17	
65	39	93	34	42	40	75	16	74	58	38	69	58	70	56	40	15	60	39	56	16	18	53	11	54	77	0	84	31	54	
15	27	21	3	60	13	27	34	33	17	18	24	38	12	12	45	58	2	36	25	15	18	10	24	36	11	29	0	44	11	
34	55	67	50	21	25	39	44	45	38	21	36	50	24	24	68	16	14	53	37	19	30	22	44	51	61	18	5	0	26	
87	37	95	43	89	39	50	76	80	1	28	71	32	50	46	79	96	55	76	22	68	34	43	9	14	57	50	74	22	0	
M1
0	57	66	15	30	19	46	42	3	41	37	39	3	19	7	33	34	43	25	33	55	35	64	19	53	33	6	47	40	22	
26	0	24	5	50	20	54	30	41	31	67	60	49	57	57	72	35	2	39	49	16	32	80	43	26	54	18	40	35	33	
29	31	0	22	80	32	55	24	10	43	44	49	34	26	32	26	32	17	59	28	48	6	12	26	5	59	16	54	14	29	
36	17	83	0	81	28	44	46	86	1	60	40	42	49	72	79	5	50	29	58	73	97	76	78	51	62	64	87	44	3	
45	56	49	38	0	52	56	20	26	46	56	28	35	42	4	68	52	2	22	51	61	58	32	42	41	31	27	60	37	44	
11	51	73	19	46	0	10	59	34	25	23	16	5	32	31	47	23	20	42	10	40	55	36	50	17	10	37	78	57	23	
73	35	57	81	66	38	0	53	82	40	47	39	67	79	32	32	47	82	90	55	92	95	81	81	1	72	21	69	63	60	
71	75	22	33	81	60	59	0	83	49	84	20	16	81	64	42	33	59	53	80	23	22	72	44	66	59	71	55	68	60	
14	49	96	7	65	60	65	63	0	33	29	34	74	11	81	70	26	54	61	63	72	27	97	11	63	44	82	39	53	14	
32	80	4	38	61	26	60	54	26	0	60	8	43	15	39	39	52	12	71	10	32	58	72	42	52	2	69	56	70	15	
28	2	78	42	32	43	55	16	33	24	0	15	19	31	42	46	16	19	56	33	39	8	80	24	62	9	72	31	71	5	
70	18	60	63	50	35	5	57	66	51	4	0	63	38	35	43	7	20	50	41	51	25	15	32	12	45	32	68	65	35	
25	54	65	39	59	51	13	24	64	12	41	46	0	54	50	21	50	13	7	34	56	43	31	42	20	40	40	76	22	53	
41	46	49	34	4	49	5	1	22	21	44	50	22	0	38	1	53	36	35	59	3	54	62	38	12	47	24	1	50	41	
48	52	4	11	27	64	73	10	70	37	41	38	48	60	0	82	41	48	35	64	72	22	72	14	3	55	43	1	50	39	
28	47	81	50	77	22	48	42	65	30	2	3	23	25	22	0	22	7	25	13	38	1	2	70	3	56	10	55	40	16	
74	53	74	48	68	56	12	33	55	36	50	20	29	67	42	50	0	18	16	40	65	87	44	63	19	49	32	55	31	41	
8	25	59	34	71	64	75	43	76	60	32	58	32	39	64	21	64	0	53	51	80	27	44	87	57	52	56	45	37	62	
53	64	48	22	42	57	40	7	47	34	24	29	3	45	33	43	33	33	0	19	53	76	48	55	25	23	65	59	5	36	
56	36	44	1	20	35	42	11	49	27	36	41	5	30	29	8	14	20	2	0	32	17	15	13	21	35	61	68	1	16	
40	60	66	18	31	28	28	46	34	25	27	16	51	32	7	22	48	20	39	62	0	66	66	50	35	10	14	5	54	23	
14	39	43	44	79	97	53	28	74	20	72	90	64	75	54	46	54	13	51	40	103	0	109	6	46	84	54	53	26	11	
54	44	78	47	78	19	45	61	77	68	66	59	48	22	19	81	19	4	54	25	35	93	0	88	52	53	72	52	51	66	
71	5	81	62	7	66	22	12	63	49	41	47	54	63	41	55	75	39	41	70	51	26	69	0	29	41	25	75	56	8	
64	13	68	43	70	45	66	15	58	49	28	40	74	41	53	62	37	44	61	39	64	89	63	63	0	34	3	81	25	37	
28	76	78	34	82	32	63	50	22	13	56	4	39	20	35	35	53	8	76	66	28	54	73	38	70	0	76	66	80	11	
39	67	52	32	11	52	47	3	20	42	54	55	42	36	44	37	8	43	51	13	33	52	63	4	36	69	0	64	16	39	
49	86	70	44	4	79	50	29	60	56	21	51	25	50	38	63	35	36	12	41	49	70	66	76	47	45	41	0	27	43	
60	53	36	11	86	64	34	3	41	22	72	68	51	42	21	31	21	35	38	7	84	73	81	43	13	71	53	77	0	39	
63	20	61	11	71	28	50	2	66	37	61	52	54	35	46	33	41	60	41	32	51	98	88	68	38	62	77	79	18	0	
M2
0	52	32	58	16	32	59	24	22	58	68	24	72	69	5	16	62	27	53	14	32	40	32	39	81	51	6	73	51	31	
36	0	27	3	45	38	55	50	42	64	67	32	71	43	79	52	67	60	62	31	38	53	40	45	33	41	63	72	57	39	
64	19	0	24	36	17	66	58	43	34	51	39	61	29	52	40	54	32	17	24	8	35	38	15	43	94	11	60	12	16	
45	38	5	0	45	17	47	34	40	42	45	10	58	56	57	63	45	38	40	9	16	31	18	23	66	79	51	63	35	17	
60	21	42	36	0	20	48	53	39	54	23	59	27	24	56	36	58	28	54	44	28	31	26	35	39	81	88	58	8	55	
16	20	14	61	60	0	48	3	63	56	56	61	15	67	20	40	80	62	36	46	30	53	14	37	12	86	60	91	42	60	
66	45	41	17	35	53	0	49	61	31	81	46	71	66	59	60	60	31	65	25	52	33	54	59	54	20	10	82	32	51	
37	20	45	48	4	14	85	0	50	69	60	74	67	11	27	47	27	28	61	59	43	1	10	43	50	89	6	41	19	40	
54	56	47	43	38	60	77	40	0	3	47	39	22	61	25	42	40	10	60	59	47	37	2	50	45	61	58	1	14	17	
72	50	50	37	8	73	67	66	61	0	18	42	44	72	55	58	36	50	71	17	11	53	50	18	31	27	16	80	30	46	
66	11	26	2	29	38	56	30	54	1	0	31	77	3	78	55	52	42	26	27	37	52	39	44	31	17	21	71	56	8	
60	22	2	28	51	54	32	18	52	28	38	0	42	40	46	49	32	41	54	18	2	44	2	9	51	88	48	47	21	1	
50	17	52	62	86	24	15	65	82	39	62	44	0	53	77	49	8	67	29	4	52	77	52	1	11	72	61	77	71	25	
41	27	19	45	41	15	5	35	57	45	55	11	32	0	23	54	35	14	41	5	19	8	19	26	57	62	49	60	26	18	
5	74	71	47	51	83	27	69	66	4	61	74	87	18	0	74	39	73	62	60	54	55	43	20	35	70	59	102	73	28	
46	63	41	30	23	41	86	82	45	41	50	59	91	35	70	0	25	71	61	58	65	44	19	67	10	41	72	60	62	13	
65	6	38	14	74	50	66	57	35	43	64	43	26	5	69	1	0	19	68	33	25	64	44	32	75	65	13	86	44	50	
75	60	56	48	53	21	86	35	67	43	54	48	34	82	23	29	61	0	31	33	17	59	56	24	61	60	78	31	36	17	
54	10	55	31	32	48	9	73	16	54	3	60	2	1	51	30	52	22	0	15	47	25	28	54	33	6	56	52	2	49	
59	40	20	63	54	45	49	42	38	63	73	29	68	33	46	37	48	48	26	0	37	21	37	44	46	16	28	44	39	36	
65	53	33	25	43	59	63	49	44	20	37	25	62	59	38	41	63	33	59	10	0	36	33	1	44	80	75	63	13	32	
33	3	34	31	17	48	95	73	33	52	52	57	51	56	10	30	11	11	48	42	26	0	28	26	33	112	59	52	2	23	
56	4	57	54	40	66	86	93	15	25	64	69	74	79	4	53	34	34	53	54	38	7	0	45	56	77	80	44	25	46	
4	6	15	27	19	17	81	36	2	55	55	56	70	7	18	73	62	62	67	55	58	58	54	0	67	14	21	53	62	18	
73	12	15	25	52	61	19	31	65	32	44	7	55	4	52	62	45	47	8	31	15	57	12	22	0	76	61	60	34	13	
60	28	40	94	48	92	67	102	47	68	103	96	85	23	97	53	41	79	73	25	65	100	72	11	103	0	18	98	84	71	
3	39	47	39	23	73	52	63	58	34	32	39	46	10	52	52	11	8	2	24	8	50	47	15	39	30	0	77	27	46	
2	7	23	25	58	27	53	39	45	49	59	15	56	9	27	56	53	41	63	39	23	51	23	1	54	39	61	0	28	22	
35	25	36	12	13	29	78	54	14	67	67	41	32	78	32	11	33	3	29	40	47	6	9	48	14	110	76	33	0	30	
77	39	19	45	49	71	49	35	25	45	2	11	59	54	57	50	9	38	71	35	19	31	19	26	68	64	62	39	38	0	
M3
0	90	55	96	8	88	29	70	79	73	64	47	105	33	96	71	58	108	53	102	57	64	75	6	19	80	18	95	80	66	
29	0	73	71	73	58	64	22	7	34	16	5	63	3	22	59	11	84	40	80	42	32	51	43	75	70	36	10	51	31	
24	29	0	77	42	78	38	32	41	25	22	20	73	21	81	18	77	65	8	77	53	42	14	53	66	46	26	57	54	41	
31	36	1	0	27	35	45	39	16	32	29	27	80	25	68	25	84	72	15	82	60	49	21	60	73	53	33	64	59	48	
19	38	3	71	0	7	47	41	4	34	31	29	82	30	28	27	29	14	17	33	60	51	5	28	30	9	35	16	50	50	
15	6	36	14	81	0	47	48	50	60	57	11	57	46	48	1	54	92	46	23	25	58	10	60	75	55	68	53	29	57	
60	65	30	17	51	41	0	68	73	61	19	25	44	54	56	54	26	18	44	92	64	78	50	79	36	16	62	62	25	12	
43	85	63	54	62	45	35	0	2	5	55	89	34	12	71	30	78	64	61	57	14	3	57	14	64	97	49	18	63	2	
46	41	56	15	3	40	31	82	0	49	58	82	38	65	75	69	60	14	9	18	9	50	41	44	28	47	54	28	68	65	
58	12	47	34	43	68	66	71	56	0	38	54	59	52	12	71	56	10	58	3	48	37	14	35	78	47	13	55	73	62	
25	26	87	55	51	69	60	23	32	26	0	68	64	29	70	46	36	59	52	61	38	33	81	38	50	90	79	48	6	32	
34	68	35	71	41	58	36	73	23	42	44	0	72	20	67	59	61	59	2	42	27	58	34	62	37	40	67	74	56	39	
6	53	50	58	10	23	66	55	64	60	77	76	0	65	1	72	78	57	60	75	65	65	37	14	57	82	82	63	31	64	
22	67	54	31	56	92	83	73	82	2	82	55	34	0	71	55	84	100	68	93	61	56	74	84	115	106	71	89	13	51	
48	53	18	70	57	70	35	31	37	41	40	44	11	6	0	42	20	58	1	70	52	41	33	52	8	39	50	56	34	40	
52	19	22	105	70	98	62	60	63	53	50	7	79	49	21	0	32	58	36	82	67	63	42	71	54	67	54	66	82	69	
94	29	72	94	53	54	82	80	51	73	47	27	110	67	41	53	0	107	62	75	87	90	77	46	55	95	102	9	81	89	
99	52	69	85	1	45	36	83	88	56	12	69	86	72	84	74	14	0	16	45	14	55	48	49	62	5	25	64	75	70	
61	38	80	41	62	68	6	45	54	12	67	46	42	28	45	56	47	29	0	41	66	37	4	62	30	10	62	44	31	54	
69	44	61	93	28	87	52	76	77	88	54	30	92	56	25	85	56	10	50	0	56	71	29	12	62	19	61	44	34	6	
64	66	34	74	82	10	1	68	53	24	62	60	61	55	71	39	78	87	48	74	0	20	22	14	64	67	24	29	73	35	
73	95	69	96	80	59	67	71	41	62	91	54	63	35	95	76	35	47	44	12	92	0	76	81	30	52	4	42	86	51	
100	42	88	95	67	35	23	94	79	106	95	61	65	82	58	86	90	53	93	96	82	42	0	78	71	16	81	23	93	52	
11	38	3	54	51	36	27	18	27	30	31	29	54	30	56	27	18	58	1	50	5	13	23	0	4	39	35	43	28	14	
6	61	56	36	24	5	5	63	72	56	60	66	52	16	45	56	62	16	64	29	23	64	33	28	0	53	59	73	42	72	
43	48	13	11	47	47	46	4	13	16	41	39	45	23	82	37	86	63	16	63	25	9	32	25	13	0	4	29	73	13	
33	77	42	65	73	43	46	4	13	16	44	26	36	23	73	41	23	75	56	68	25	14	7	25	75	52	0	29	74	13	
35	40	5	25	53	89	49	43	25	36	33	31	84	18	30	7	88	76	19	30	60	53	25	34	46	42	37	0	65	51	
63	26	34	38	15	16	36	36	8	21	48	60	72	55	33	33	43	51	2	46	51	46	34	57	60	40	55	61	0	45	
57	5	77	64	76	59	49	7	16	19	22	47	48	26	46	43	53	75	18	71	28	17	28	28	76	24	63	32	1	0	
M4
0	7	18	32	45	1	12	49	37	40	31	16	42	50	11	4	23	4	32	36	38	26	22	37	47	62	37	40	41	63	
39	0	45	27	25	27	37	52	17	34	25	10	29	44	33	26	3	47	53	20	46	37	30	22	54	45	17	20	21	52	
42	50	0	40	77	5	53	38	38	16	56	49	10	66	38	36	59	35	44	64	19	53	44	41	35	90	36	59	7	46	
11	22	33	0	60	16	27	41	21	55	14	31	31	33	26	19	34	19	19	51	35	40	37	16	40	77	34	37	10	55	
32	5	27	9	0	18	9	48	32	27	21	3	29	40	47	27	21	40	45	36	42	55	48	34	54	63	35	38	14	36	
30	41	30	63	57	0	6	74	25	3	47	37	10	66	24	37	49	35	63	51	54	18	55	31	35	69	33	46	35	27	
10	21	25	46	48	15	0	63	34	32	45	8	17	45	25	18	20	18	46	29	41	26	26	2	26	76	42	23	6	28	
49	26	51	33	21	20	33	0	4	51	45	27	18	53	46	30	21	43	35	59	11	27	27	3	43	84	43	24	38	54	
2	13	24	38	51	7	18	45	0	46	18	22	46	30	17	10	29	10	38	42	27	32	14	31	50	7	19	42	47	61	
15	26	15	51	64	20	31	61	10	0	50	27	53	64	30	23	42	23	51	36	57	45	41	56	30	81	56	31	34	79	
36	40	6	61	63	41	33	13	30	65	0	41	32	5	15	44	35	44	14	60	7	23	41	17	57	71	17	38	26	68	
15	26	26	51	64	3	31	68	15	10	50	0	12	23	30	23	42	23	51	55	57	45	41	38	37	81	38	53	47	45	
10	21	32	31	59	3	23	57	51	48	30	30	0	34	6	5	37	3	31	50	35	25	36	48	3	58	4	54	52	14	
23	34	10	58	72	27	39	39	1	34	12	10	36	0	38	10	50	31	40	55	33	39	3	43	61	16	35	57	52	50	
32	25	31	42	39	37	20	38	25	24	11	39	37	30	0	40	11	14	39	58	32	35	54	30	62	33	42	48	27	71	
25	12	43	36	50	3	41	21	7	16	34	35	52	16	34	0	28	8	36	7	47	30	51	37	48	66	42	45	46	15	
45	2	46	20	16	33	28	67	2	40	40	16	14	53	18	34	0	39	64	35	61	31	31	7	39	60	30	25	6	50	
56	38	26	7	53	61	45	33	31	33	6	59	52	25	35	48	54	0	7	71	21	1	61	37	69	37	37	58	34	79	
47	58	44	81	77	22	63	51	31	67	24	52	61	9	53	55	49	55	0	87	45	61	73	55	86	87	55	76	64	82	
42	41	5	35	33	35	45	37	37	15	36	19	45	12	57	14	38	9	37	0	51	31	68	57	52	67	33	55	1	46	
4	15	26	20	53	9	20	16	45	43	39	24	50	58	19	12	31	12	17	19	0	27	26	45	16	43	16	40	16	42	
39	30	45	7	68	44	55	38	11	34	37	44	24	7	49	33	41	47	52	54	1	0	61	60	6	52	50	63	9	53	
43	38	13	9	59	8	49	83	43	38	61	14	30	45	30	42	33	34	45	63	33	39	0	15	55	22	11	8	14	1	
39	15	61	42	38	26	50	80	24	62	53	38	7	42	35	19	10	32	60	48	64	16	16	0	32	73	32	13	28	43	
33	38	44	42	30	21	42	81	33	28	54	4	30	41	48	41	54	41	69	69	75	63	59	56	0	96	56	71	47	63	
64	59	43	66	54	69	45	92	28	37	75	60	51	13	79	38	54	72	31	85	85	19	60	36	36	0	49	57	71	80	
14	25	36	33	21	19	30	62	48	51	35	27	53	20	9	18	34	8	36	9	50	1	27	39	56	10	0	39	38	60	
34	10	30	45	33	13	45	10	31	40	48	33	43	10	18	42	17	42	59	43	60	36	53	36	14	68	40	0	35	72	
52	48	34	50	71	40	47	41	34	47	14	23	40	33	43	52	43	22	42	52	35	44	49	25	16	68	14	46	0	10	
40	47	14	14	70	39	18	52	50	28	57	49	39	73	6	40	42	48	53	32	2	13	18	24	52	63	9	45	47	0	
M5
0	68	61	31	58	52	8	31	42	92	47	16	71	52	53	76	37	1	58	74	25	73	18	58	11	50	47	50	18	55	
32	0	40	8	58	27	16	43	52	73	50	59	48	29	18	58	17	72	69	22	68	76	5	50	69	27	79	37	28	63	
29	9	0	5	55	58	25	40	31	52	64	7	27	26	19	51	7	27	67	41	65	73	35	40	45	24	19	34	40	46	
9	22	17	0	35	58	32	20	29	50	54	43	39	6	62	35	18	49	47	65	45	53	61	39	53	4	56	14	40	49	
59	60	69	37	0	60	46	43	53	80	78	67	19	58	45	83	44	57	55	28	78	83	77	61	31	6	82	38	15	74	
37	52	47	59	81	0	70	45	92	50	57	66	77	36	91	65	48	81	55	55	102	85	86	4	63	53	80	73	83	17	
12	40	33	3	53	50	0	36	47	68	19	28	57	24	48	48	36	46	38	46	63	71	34	57	49	22	67	32	58	57	
55	41	33	46	10	47	23	0	70	51	49	38	74	54	57	34	11	66	1	19	106	63	15	34	79	65	63	9	74	67	
42	11	63	33	73	45	10	40	0	23	49	58	59	54	44	62	66	33	67	76	93	100	64	44	79	52	79	62	76	81	
40	34	29	16	3	18	41	23	48	0	65	62	36	18	45	47	29	52	22	1	28	34	6	41	3	1	49	33	37	47	
70	44	10	46	57	27	66	46	72	54	0	5	68	64	60	86	39	23	15	64	73	52	37	37	26	65	44	12	81	63	
31	67	27	59	40	25	40	47	51	83	25	0	44	80	69	74	53	52	5	65	55	33	24	48	27	9	73	41	36	51	
57	50	65	33	5	47	57	52	19	60	58	47	0	54	12	83	31	80	54	46	51	101	69	43	88	52	53	18	67	83	
42	8	3	39	82	62	59	59	65	36	54	41	33	0	53	21	4	61	73	75	81	68	58	55	39	58	42	68	58	80	
44	66	60	48	2	3	63	14	66	19	46	55	62	58	0	73	27	44	41	59	74	37	19	26	43	63	89	49	9	35	
7	64	32	27	58	62	4	46	71	92	43	52	62	48	72	0	40	55	62	10	87	81	56	54	73	27	40	56	20	81	
11	30	33	31	48	35	8	64	71	23	47	56	61	22	38	51	0	73	61	74	91	62	51	54	69	50	35	34	8	69	
49	36	29	25	28	40	32	43	69	46	15	24	39	28	40	57	12	0	34	75	32	71	17	22	23	44	1	4	16	49	
1	63	40	69	55	17	64	68	59	21	62	60	13	72	6	11	58	5	0	17	82	42	67	40	73	24	51	31	60	13	
8	23	18	54	6	77	74	74	55	6	65	23	40	7	68	17	19	52	55	0	82	83	32	19	54	62	57	81	22	53	
39	39	16	30	71	49	7	63	66	70	18	27	37	26	7	21	38	45	37	48	0	36	59	59	48	40	66	34	76	7	
66	46	6	42	59	74	62	53	32	74	49	1	64	63	31	5	44	17	40	78	16	0	37	51	33	61	56	65	77	27	
33	18	41	9	25	55	55	44	17	45	78	67	63	30	12	53	42	33	71	89	36	62	0	50	59	28	29	38	35	53	
29	42	37	5	42	16	2	40	49	70	41	21	42	26	70	55	38	68	60	5	44	67	38	0	28	24	22	34	15	52	
36	71	35	51	41	26	35	5	95	82	74	69	86	63	27	65	11	40	32	50	52	47	31	32	0	54	36	40	76	29	
52	44	66	43	11	34	20	60	27	54	52	41	15	59	60	84	39	31	29	83	80	84	74	37	72	0	69	12	16	48	
46	31	26	54	67	27	61	43	88	58	56	34	38	15	60	44	27	83	52	78	100	58	4	9	50	73	0	16	81	63	
39	9	31	15	28	48	62	25	52	19	17	6	69	36	25	65	4	44	13	48	75	73	50	2	47	34	34	0	70	55	
27	21	35	3	49	72	50	38	47	42	59	61	17	24	80	32	36	67	45	64	53	32	27	10	71	18	72	32	0	67	
26	24	48	17	65	25	40	35	45	7	37	46	4	38	56	30	50	64	15	52	77	84	41	48	47	36	45	46	16	0	
