40  8  1
8
	0	43	1	52	2	40	3	97	4	50	5	84	6	68	7	34
	0	92	1	71	2	65	3	63	4	35	5	88	6	89	7	19
	0	100	1	84	2	86	3	10	4	26	5	23	6	89	7	9
	0	65	1	66	2	2	3	25	4	77	5	79	6	49	7	14
	0	41	1	1	2	5	3	25	4	8	5	20	6	62	7	75
	0	46	1	22	2	85	3	10	4	60	5	26	6	55	7	93
	0	99	1	8	2	23	3	19	4	66	5	91	6	99	7	63
	0	96	1	40	2	65	3	91	4	73	5	88	6	93	7	13
	0	6	1	9	2	76	3	34	4	75	5	76	6	38	7	52
	0	11	1	90	2	70	3	100	4	94	5	74	6	86	7	24
	0	65	1	56	2	32	3	65	4	83	5	86	6	69	7	64
	0	92	1	65	2	13	3	19	4	60	5	83	6	16	7	66
	0	14	1	90	2	9	3	56	4	81	5	44	6	46	7	53
	0	9	1	16	2	20	3	76	4	34	5	49	6	42	7	57
	0	1	1	86	2	94	3	91	4	73	5	32	6	10	7	1
	0	78	1	4	2	44	3	38	4	76	5	86	6	16	7	92
	0	47	1	97	2	59	3	93	4	41	5	30	6	6	7	14
	0	20	1	34	2	83	3	4	4	8	5	29	6	5	7	35
	0	20	1	96	2	84	3	15	4	16	5	67	6	2	7	12
	0	37	1	7	2	2	3	3	4	89	5	82	6	8	7	12
	0	98	1	22	2	74	3	30	4	50	5	55	6	8	7	26
	0	78	1	62	2	49	3	81	4	77	5	57	6	77	7	5
	0	42	1	22	2	76	3	31	4	77	5	44	6	95	7	89
	0	9	1	16	2	76	3	100	4	2	5	21	6	31	7	48
	0	63	1	96	2	99	3	23	4	88	5	54	6	13	7	31
	0	80	1	12	2	55	3	27	4	34	5	39	6	80	7	16
	0	93	1	40	2	34	3	12	4	100	5	29	6	11	7	73
	0	94	1	60	2	100	3	36	4	50	5	17	6	40	7	24
	0	51	1	90	2	72	3	7	4	19	5	75	6	53	7	21
	0	77	1	82	2	84	3	90	4	6	5	47	6	56	7	17
	0	11	1	66	2	22	3	7	4	14	5	4	6	40	7	58
	0	46	1	57	2	55	3	48	4	2	5	49	6	15	7	66
	0	75	1	14	2	30	3	95	4	85	5	81	6	28	7	40
	0	79	1	60	2	62	3	45	4	54	5	16	6	68	7	59
	0	38	1	53	2	98	3	38	4	31	5	64	6	45	7	89
	0	80	1	14	2	65	3	98	4	59	5	58	6	52	7	100
	0	58	1	16	2	2	3	74	4	17	5	49	6	11	7	86
	0	54	1	24	2	62	3	92	4	68	5	45	6	100	7	95
	0	24	1	94	2	12	3	9	4	45	5	16	6	57	7	64
	0	68	1	28	2	1	3	77	4	54	5	51	6	69	7	55
SSD
M0
0	29	45	12	10	23	28	43	5	17	38	3	12	36	49	16	51	15	22	15	30	25	57	47	30	40	59	30	43	45	60	6	44	26	39	64	42	16	48	37	
57	0	56	33	47	1	32	32	53	65	22	7	41	45	54	6	56	31	52	55	57	8	56	31	21	48	55	52	30	61	18	4	54	12	49	32	4	64	31	30	
32	17	0	31	34	24	18	53	26	9	63	41	16	45	70	37	46	36	45	40	22	28	45	42	55	12	52	34	48	26	52	66	48	63	60	68	31	37	66	46	
27	36	36	0	19	6	47	16	30	21	23	7	25	25	69	41	12	15	36	47	34	18	15	8	20	39	60	38	26	7	2	32	31	18	33	64	22	41	62	14	
46	56	28	48	0	12	1	19	23	35	22	38	30	29	30	13	18	33	45	1	32	26	16	1	59	54	55	23	38	33	44	3	24	22	49	50	14	34	55	37	
34	56	44	42	28	0	34	29	11	23	54	3	18	33	49	22	51	21	42	54	36	31	48	43	47	57	8	5	44	43	66	47	43	30	45	72	49	22	17	35	
43	70	11	51	10	6	0	50	38	48	11	46	45	26	57	7	59	5	26	52	61	6	48	46	54	21	27	57	33	28	36	46	27	52	32	65	56	2	17	12	
1	22	27	51	5	49	47	0	49	45	14	15	30	44	21	59	23	23	44	7	17	50	50	47	7	45	70	38	29	37	61	35	30	68	6	7	60	34	54	28	
17	39	36	25	31	21	17	36	0	6	43	29	1	25	38	5	40	4	25	37	19	14	46	47	30	40	48	19	32	34	49	58	33	51	28	64	51	5	51	33	
29	51	48	11	14	4	29	46	6	0	55	41	13	37	50	17	26	16	25	20	2	8	29	36	35	52	58	31	44	42	32	53	34	45	40	69	52	17	63	26	
25	46	9	27	40	4	29	26	6	18	0	23	10	3	46	17	5	16	37	7	31	26	53	22	30	1	56	28	14	42	12	24	5	28	40	14	32	17	22	23	
9	1	1	46	57	75	76	8	57	65	12	0	54	41	33	6	35	20	35	67	36	18	62	60	49	56	66	50	41	20	31	34	36	47	47	34	5	42	46	40	
2	45	23	21	55	68	8	45	50	62	46	39	0	28	41	43	43	7	28	58	74	6	55	50	67	43	33	4	18	37	83	48	18	54	34	58	36	47	36	48	
13	61	2	22	66	58	43	22	59	43	58	11	41	0	35	70	37	56	34	21	49	30	64	37	70	49	73	52	2	30	84	61	39	58	58	30	80	48	39	42	
50	46	7	29	47	46	47	3	48	31	51	7	55	52	0	59	1	58	36	62	44	48	28	36	66	23	68	16	7	21	48	44	31	57	22	63	68	12	34	6	
31	49	14	25	8	35	31	10	8	20	35	14	15	39	6	0	8	18	39	50	33	28	35	36	44	30	30	23	4	28	55	51	37	57	29	52	2	4	7	13	
48	33	17	54	72	13	56	48	36	48	35	62	43	60	76	47	0	46	58	49	51	39	1	14	57	22	56	52	7	61	39	38	13	35	70	54	59	47	68	45	
23	52	12	32	59	54	53	32	45	41	19	21	51	1	36	16	38	0	1	31	47	40	28	23	73	16	27	33	8	10	64	47	46	27	7	40	61	20	34	27	
50	60	3	42	45	35	47	42	27	20	26	46	34	29	38	28	40	37	0	44	33	20	41	5	63	62	60	22	24	26	63	29	28	6	61	66	40	35	34	27	
41	63	32	23	26	16	41	28	18	1	25	32	25	33	24	29	26	28	37	0	14	20	41	48	26	48	35	41	32	17	31	65	46	47	11	12	51	1	21	16	
50	9	15	13	1	54	43	57	45	42	48	51	34	51	60	29	13	36	2	43	0	42	45	27	51	37	81	3	46	48	80	45	25	10	51	36	14	56	56	49	
38	64	35	54	57	22	44	13	31	32	24	35	38	61	27	42	29	40	53	16	45	0	39	9	12	51	34	44	35	23	62	33	3	30	29	46	56	34	56	34	
5	5	3	56	53	52	39	5	25	37	11	51	32	56	53	30	19	35	31	42	40	28	0	3	14	24	61	50	3	50	80	27	26	24	42	59	63	36	34	60	
36	46	55	44	50	40	33	55	13	25	12	46	20	44	53	24	55	23	35	30	28	16	27	0	49	59	49	38	44	38	68	15	14	12	47	79	51	24	45	52	
56	6	21	32	56	60	37	17	62	45	63	21	40	51	13	65	15	53	17	17	17	40	28	42	0	37	22	30	15	29	62	54	12	8	36	61	49	26	48	20	
68	20	60	19	37	45	17	46	48	31	62	66	52	49	82	3	62	45	66	23	44	48	68	78	50	0	31	63	8	15	32	78	19	21	63	55	19	23	81	44	
40	26	9	44	17	56	23	47	48	41	47	46	55	50	59	29	46	43	1	59	54	7	14	26	16	59	0	43	45	47	45	50	29	23	45	44	34	35	14	48	
28	5	36	46	67	57	17	32	30	42	59	36	37	37	28	26	15	40	13	67	19	47	7	38	34	52	79	0	36	50	31	62	60	19	30	22	51	41	63	35	
24	43	13	16	46	36	32	11	9	21	42	22	16	2	46	20	39	3	24	32	34	26	51	46	30	39	50	4	0	33	43	61	48	50	30	5	63	16	44	48	
11	35	35	59	1	52	5	44	49	37	40	52	55	51	44	30	46	59	73	43	50	32	32	32	52	25	37	61	42	0	68	45	6	12	11	54	30	53	3	51	
28	23	27	4	64	54	34	3	67	63	41	36	12	16	58	38	60	2	23	46	59	5	50	45	7	26	49	30	13	32	0	36	44	5	20	55	9	42	56	1	
23	8	12	32	3	36	21	32	38	21	37	9	45	1	45	30	47	9	30	5	13	40	39	16	12	45	27	62	12	35	55	0	39	37	36	24	55	43	49	52	
28	28	32	36	42	32	28	45	5	17	46	40	12	36	49	16	7	15	27	9	30	14	55	25	1	51	59	30	21	45	31	49	0	46	39	55	51	16	62	37	
22	14	30	2	40	57	28	58	30	42	28	47	6	27	61	29	5	27	7	42	10	26	44	8	8	56	8	24	36	53	69	10	17	0	53	12	56	36	56	42	
16	43	15	23	14	35	12	33	41	53	57	62	42	44	81	35	72	32	25	56	66	35	68	50	37	39	75	16	11	62	19	50	65	35	0	67	27	43	79	31	
34	46	23	38	41	31	56	33	33	16	57	32	40	12	56	20	53	42	52	42	29	2	56	54	2	70	44	25	23	51	39	78	60	55	67	0	2	44	25	51	
25	47	32	27	30	20	25	44	2	5	3	3	9	33	46	2	28	12	9	8	18	22	8	31	38	48	9	27	40	42	48	55	41	35	9	57	0	13	59	41	
9	50	13	35	27	52	35	9	50	37	23	13	57	27	5	22	7	60	3	29	43	43	34	28	29	2	40	22	13	27	54	50	14	29	28	42	56	0	6	12	
2	40	8	33	36	26	31	52	27	11	13	30	34	58	52	38	48	37	47	42	24	18	7	5	57	73	10	52	44	52	54	29	28	26	43	31	65	38	0	36	
26	48	26	31	14	26	26	2	3	11	46	26	10	28	18	14	20	7	28	10	24	1	47	50	6	42	10	28	6	3	16	58	30	32	34	59	36	14	25	0	
M1
0	45	41	14	11	22	22	26	28	31	27	40	5	53	2	17	37	35	34	38	41	6	30	69	54	42	14	39	17	15	49	5	55	44	21	33	5	14	18	21	
19	0	49	30	29	27	14	14	16	9	15	41	35	37	30	5	26	27	24	43	38	30	30	54	29	16	19	40	33	1	47	17	12	34	36	8	10	23	47	23	
22	56	0	41	34	32	32	41	27	39	49	52	59	66	41	40	49	20	44	47	44	38	40	20	39	41	7	3	38	39	58	52	37	56	8	70	15	26	52	37	
36	21	10	0	37	50	14	14	16	4	15	41	40	33	29	5	31	22	24	46	41	31	30	11	35	16	17	34	30	40	42	17	28	47	28	21	33	33	42	23	
53	35	41	30	0	59	14	14	16	41	15	28	40	48	30	5	31	24	24	45	41	3	30	57	53	40	9	27	31	32	47	17	43	56	36	52	46	2	35	9	
5	51	45	51	54	0	46	61	47	35	7	32	15	42	21	55	34	59	35	49	45	58	23	62	60	16	38	30	35	64	60	39	20	45	43	42	42	6	39	35	
43	31	32	26	43	37	0	10	12	35	9	37	36	26	14	1	9	5	20	48	19	29	26	40	45	36	9	18	47	39	43	13	35	44	14	30	24	29	33	1	
24	52	38	7	37	35	35	0	35	34	10	46	35	30	26	43	2	48	47	38	33	10	28	58	54	4	27	29	15	61	49	18	57	2	32	33	18	38	48	23	
43	47	47	5	50	40	59	65	0	48	33	16	51	45	5	56	29	63	22	51	44	54	19	63	39	69	3	17	80	77	59	18	44	40	45	60	73	8	41	60	
12	32	42	23	18	21	20	20	22	0	21	23	46	39	14	11	35	33	16	6	25	22	36	68	38	46	15	16	43	51	17	15	49	62	19	17	38	21	40	28	
28	49	59	41	46	1	44	55	51	48	0	41	10	57	44	46	57	56	51	24	43	43	21	23	69	39	20	46	50	1	35	48	29	30	40	48	27	29	40	49	
29	38	44	31	2	2	17	17	19	39	18	0	27	35	31	8	27	27	27	43	4	6	26	1	16	9	12	24	34	30	36	20	18	37	7	24	45	5	31	12	
33	41	38	42	36	44	38	24	40	6	39	31	0	10	50	29	55	7	16	25	32	35	54	42	16	38	34	23	48	2	36	3	31	37	47	60	51	23	8	1	
41	34	12	50	19	46	34	26	36	12	20	5	32	0	24	25	39	44	44	55	42	23	50	26	72	21	29	35	48	52	17	34	43	18	21	72	66	18	51	28	
53	50	29	54	37	35	35	52	51	4	4	48	44	61	0	43	34	48	47	45	38	41	43	83	34	55	8	47	41	44	9	14	74	87	17	73	18	22	36	40	
51	26	44	21	52	50	5	5	7	34	6	32	31	39	21	0	22	18	15	45	32	42	21	53	55	31	14	31	60	52	38	8	34	47	27	43	37	24	46	14	
2	58	45	37	44	34	19	32	23	51	36	13	27	26	9	28	0	1	31	48	9	36	46	36	25	36	35	44	48	23	41	40	33	54	23	4	25	19	29	28	
42	54	59	31	58	39	29	33	26	51	29	34	5	48	29	24	40	0	41	56	29	21	27	1	13	22	21	24	46	8	20	22	3	28	18	39	46	43	11	17	
4	34	25	30	59	59	64	64	16	41	35	41	39	33	20	55	38	77	0	76	24	27	35	32	52	53	20	42	27	42	56	43	49	29	49	54	61	33	64	69	
1	19	54	10	38	45	48	45	55	20	54	10	35	26	55	44	65	25	20	0	12	39	69	58	41	63	2	54	30	47	4	56	40	60	63	57	58	41	52	33	
3	54	33	17	51	49	33	33	35	50	34	51	1	50	34	24	41	40	43	65	0	5	49	25	21	46	36	48	55	13	10	36	18	29	42	23	32	38	18	26	
29	63	4	47	69	48	40	37	33	39	40	2	37	35	16	49	27	53	20	43	38	0	48	31	72	9	32	34	6	47	31	33	14	27	48	75	63	43	53	28	
36	6	41	22	9	19	24	24	8	51	16	33	50	55	22	15	41	34	34	28	47	13	0	24	38	45	19	34	41	42	39	9	41	38	39	58	56	12	14	19	
25	37	55	14	41	51	16	16	18	35	17	43	24	31	27	7	23	29	26	39	27	4	10	0	34	5	16	7	66	13	49	19	1	20	1	54	48	35	39	24	
29	27	56	30	15	54	16	14	16	30	13	41	40	50	30	21	33	2	40	57	17	19	27	37	0	36	21	28	47	28	49	16	28	19	38	29	48	18	24	25	
8	42	42	33	49	68	58	33	19	18	50	35	19	14	10	52	6	54	49	22	17	30	40	42	51	0	11	13	49	45	33	46	41	48	38	54	65	22	39	7	
26	14	35	38	31	47	22	22	24	51	23	49	22	31	38	13	39	35	32	59	1	28	36	48	44	48	0	12	53	34	16	25	41	52	44	46	30	34	41	31	
38	56	5	47	29	15	44	44	46	16	44	46	52	25	58	35	61	30	25	30	49	9	52	65	77	53	39	0	50	62	30	47	48	47	62	60	27	32	31	39	
7	53	31	42	38	13	32	45	29	31	32	24	15	3	43	41	32	30	41	36	18	36	40	45	35	40	24	54	0	44	36	25	6	31	38	14	26	29	20	34	
43	12	1	52	48	51	63	55	54	41	49	34	49	13	39	54	41	41	20	35	26	24	70	55	43	23	44	45	48	0	46	10	56	41	50	28	49	24	54	22	
37	39	67	8	36	48	38	31	39	16	39	43	9	46	10	29	18	51	48	64	12	39	54	31	10	52	46	34	6	47	0	41	48	18	48	57	31	39	44	46	
5	32	16	42	35	19	18	4	34	50	35	32	32	52	11	27	35	31	29	49	33	39	4	45	6	48	35	41	5	28	60	0	23	46	40	56	50	26	40	27	
37	48	42	22	51	57	12	30	17	47	12	42	9	46	31	21	29	25	40	68	12	29	20	28	55	49	4	38	67	47	44	5	0	11	34	50	44	34	25	21	
36	63	33	2	44	42	37	46	47	46	27	45	16	25	38	37	30	50	15	37	16	34	36	14	43	16	39	37	32	14	43	42	31	0	31	27	25	19	52	35	
52	32	51	13	42	25	45	53	44	51	45	11	42	23	58	46	45	58	13	64	37	43	14	60	48	60	37	67	71	22	56	36	19	38	0	27	48	42	50	28	
48	57	27	40	26	24	24	36	26	33	37	27	51	53	27	27	4	37	13	40	51	30	32	72	7	44	34	26	30	59	51	39	63	36	16	0	7	1	34	29	
25	37	41	34	3	1	1	18	20	10	18	32	38	35	23	9	18	14	13	17	28	7	9	49	50	21	11	27	7	36	28	21	40	53	23	39	0	6	21	6	
27	45	15	21	63	64	27	45	47	46	44	2	26	28	25	36	44	31	46	19	38	47	61	62	30	53	15	1	56	73	30	45	45	60	13	65	59	0	9	36	
23	36	16	30	57	61	58	12	32	29	62	33	49	48	30	59	44	10	57	61	47	61	60	45	38	56	6	43	49	52	62	59	47	38	19	30	51	18	0	32	
27	26	32	36	59	69	32	50	37	6	32	36	29	35	31	41	27	45	46	19	32	6	28	20	16	9	24	34	40	10	30	25	6	31	37	70	59	43	4	0	
M2
0	38	26	23	27	33	28	36	4	45	57	46	16	39	37	59	49	63	38	56	69	8	30	2	47	1	13	30	52	39	23	41	32	14	48	28	27	39	44	12	
21	0	9	31	25	8	36	4	35	50	36	53	45	47	30	61	50	73	35	64	29	40	5	47	28	39	39	38	51	49	44	66	51	42	47	68	35	38	23	59	
17	11	0	60	9	27	20	44	61	29	27	64	48	60	1	45	79	41	72	48	51	36	27	35	36	50	21	49	54	46	58	28	52	26	21	64	46	22	26	62	
38	38	42	0	43	41	3	35	2	61	38	21	32	14	58	37	47	43	49	31	58	25	35	14	49	6	35	5	40	16	30	57	48	30	23	44	2	27	25	28	
41	41	17	46	0	13	6	30	50	22	25	51	34	46	23	31	67	73	74	34	37	52	40	44	66	36	28	35	40	32	51	36	64	12	64	50	32	8	12	48	
51	48	6	41	58	0	46	31	27	76	63	23	47	25	22	42	42	51	51	44	60	12	35	53	65	45	41	48	56	59	6	26	56	38	22	19	45	18	66	43	
12	12	22	24	50	21	0	9	28	41	34	22	12	40	48	32	39	44	50	5	59	26	36	15	44	7	37	6	14	3	56	37	44	23	49	52	3	1	21	36	
6	42	9	16	4	5	15	0	20	31	31	38	4	32	32	40	36	50	58	25	46	5	24	32	36	3	14	23	49	3	11	19	36	21	19	49	20	17	21	46	
9	24	19	9	26	32	14	9	0	43	24	32	9	25	20	48	42	54	37	38	68	4	21	25	14	17	27	16	16	27	41	34	31	13	21	27	13	38	11	11	
33	32	14	16	46	59	19	24	20	0	37	38	4	32	62	46	37	3	5	47	72	43	53	30	5	18	52	5	41	11	43	14	36	48	41	49	20	36	36	46	
33	44	54	27	55	61	32	28	25	65	0	5	44	43	48	39	39	33	33	26	37	54	55	43	76	9	6	34	41	11	3	14	60	4	7	42	31	27	54	40	
15	33	69	55	55	70	35	54	59	47	34	0	59	63	51	35	42	15	15	8	24	63	37	48	73	56	31	61	23	33	29	43	75	19	57	52	58	23	46	55	
38	41	1	3	33	46	6	11	7	25	43	25	0	19	60	42	24	48	53	34	62	30	40	19	23	5	40	10	40	21	35	16	23	35	28	36	7	30	30	33	
35	39	23	34	52	55	39	40	38	57	18	7	41	0	43	12	60	21	35	28	44	41	23	28	59	40	1	8	11	52	47	34	24	39	21	53	38	32	61	37	
16	44	43	51	21	39	9	41	22	48	51	10	44	62	0	36	43	38	38	9	24	52	60	16	72	37	47	7	12	35	52	50	54	9	18	62	35	24	38	52	
18	33	21	18	22	28	14	31	22	35	46	29	11	34	9	0	44	10	33	42	64	28	43	22	3	14	24	13	47	24	42	36	27	9	32	3	10	34	33	7	
56	40	28	25	29	35	30	8	29	30	41	32	18	41	50	37	0	49	40	53	69	52	62	37	32	32	30	32	54	43	1	43	34	16	16	30	29	42	46	14	
23	29	9	17	39	41	22	14	21	18	43	22	44	33	4	55	23	0	29	43	51	30	40	19	35	11	46	10	36	15	41	69	10	37	42	12	7	46	30	40	
9	64	49	40	53	44	45	49	44	23	9	41	42	32	74	60	46	58	0	62	69	36	36	34	35	26	47	25	63	36	24	17	13	40	48	54	22	61	45	38	
5	57	59	45	45	60	50	69	49	67	61	53	49	53	41	25	32	37	56	0	56	53	75	47	63	46	41	52	41	63	68	46	65	23	70	51	49	13	48	45	
23	25	31	5	50	48	10	32	9	55	38	28	21	21	42	43	43	44	21	16	0	19	42	21	53	13	42	12	6	23	7	46	53	10	30	44	9	5	32	35	
4	61	11	61	65	26	66	67	48	57	38	40	60	42	54	74	85	60	68	51	23	0	40	46	8	45	57	43	54	6	55	77	24	2	35	47	65	35	66	56	
66	27	42	43	20	38	31	51	47	46	27	40	43	46	34	21	3	21	38	59	62	28	0	33	31	1	52	24	42	35	62	61	59	23	42	34	21	3	36	39	
11	42	44	48	46	7	53	61	52	33	39	28	41	1	46	31	24	17	4	4	57	22	44	0	19	16	4	29	32	15	51	22	45	29	42	25	47	19	54	37	
17	42	23	48	52	1	13	39	6	6	1	8	41	61	45	47	10	19	12	20	45	54	48	49	0	42	4	42	44	6	36	47	46	37	40	43	39	19	57	37	
57	42	20	22	41	40	25	30	26	42	33	44	10	32	3	61	43	54	52	53	30	6	50	8	42	0	41	3	10	40	40	35	9	29	47	25	26	45	28	52	
55	4	47	15	26	44	20	52	19	49	13	28	46	23	8	54	25	36	54	48	65	24	42	21	56	5	0	12	54	23	37	59	62	7	40	20	9	4	32	42	
62	68	36	39	47	26	42	47	43	46	31	61	27	52	43	78	25	56	45	55	58	61	13	16	32	1	34	0	7	48	52	14	34	46	64	60	43	60	18	44	
50	23	32	41	10	28	21	37	45	17	10	38	39	54	38	41	58	66	61	43	52	42	52	31	13	23	36	22	0	3	33	51	55	27	34	25	19	15	20	35	
28	16	11	13	43	45	1	21	17	35	51	35	1	13	38	5	34	20	58	29	52	40	18	29	12	15	24	19	38	0	11	26	33	43	32	46	17	5	40	43	
53	25	29	13	30	36	18	3	17	48	53	36	19	29	44	14	14	26	25	46	72	40	50	29	51	17	32	20	55	31	0	26	35	10	6	27	17	42	40	15	
35	22	47	36	54	53	34	27	25	72	20	29	43	38	61	38	38	50	49	50	19	63	73	28	75	41	56	43	36	4	2	0	59	15	20	51	40	37	63	39	
35	48	17	36	43	1	22	13	40	3	27	19	36	48	67	37	37	15	47	28	33	48	11	52	68	10	30	43	42	48	1	49	0	33	13	12	40	43	14	38	
11	3	34	31	35	24	36	44	35	51	48	54	24	47	32	34	41	13	46	27	48	58	59	25	56	38	37	38	60	47	49	13	18	0	56	36	35	42	52	20	
16	60	32	34	25	43	36	32	38	2	28	45	22	29	52	25	43	3	60	9	67	47	59	38	1	30	30	28	14	40	57	22	54	34	0	50	26	9	42	34	
9	29	17	14	18	13	19	17	18	12	19	37	7	30	27	25	8	51	29	42	60	41	17	14	3	21	20	4	21	32	3	32	23	5	31	0	18	10	6	3	
45	57	45	20	46	52	25	55	24	62	34	17	35	36	54	46	43	45	45	38	54	21	31	10	45	2	37	1	49	12	52	60	51	33	45	47	0	37	21	31	
9	3	52	49	38	56	49	62	53	65	37	40	42	13	43	29	3	41	7	2	38	44	6	51	67	40	1	41	22	57	48	50	57	27	54	55	44	0	24	49	
33	42	20	22	17	35	25	30	26	44	1	38	10	22	45	53	43	63	50	53	58	49	43	38	42	24	4	29	16	40	36	35	40	26	40	37	26	30	0	24	
50	25	13	10	14	20	15	23	14	32	44	33	3	26	35	49	36	50	25	43	56	37	47	26	35	17	16	17	39	28	42	28	19	1	35	15	14	27	31	0	
M3
0	19	28	30	17	3	36	11	38	52	60	16	6	47	59	21	48	46	23	21	41	37	40	52	39	19	24	23	50	57	37	45	43	39	36	15	29	34	39	6	
14	0	29	45	48	4	47	11	17	43	60	29	3	48	63	4	68	52	59	55	43	58	31	57	48	20	41	24	39	36	63	24	44	69	6	16	30	29	42	17	
47	21	0	54	36	35	33	46	6	19	22	13	36	41	55	35	49	29	40	16	18	45	40	18	9	40	31	35	40	20	32	26	5	34	16	47	41	45	19	43	
20	28	65	0	35	47	40	43	16	52	21	28	22	13	51	7	33	1	16	61	19	20	40	7	49	8	24	12	54	53	11	53	59	27	33	30	34	24	27	15	
17	44	61	48	0	50	54	31	65	70	36	34	4	55	17	45	6	43	56	49	43	12	53	49	24	55	64	44	67	28	57	16	74	59	11	33	9	63	57	57	
46	6	15	49	49	0	43	1	25	44	47	38	9	35	49	8	54	38	45	41	43	56	43	43	34	6	27	10	37	45	49	51	30	55	23	2	16	46	28	42	
27	23	32	36	55	7	0	18	42	4	17	54	26	36	66	11	12	39	10	54	34	42	55	45	51	23	44	20	27	44	50	14	4	66	5	7	1	44	29	38	
44	7	57	33	5	32	48	0	55	60	49	28	34	43	47	20	36	56	38	48	9	42	43	16	6	37	63	6	49	49	40	12	57	2	7	43	33	6	51	53	
27	28	56	48	20	32	56	26	0	46	45	39	18	27	24	36	29	46	58	74	35	28	7	50	38	13	40	49	18	36	22	18	44	62	56	41	22	35	47	22	
32	37	6	40	41	44	46	55	22	0	23	29	51	46	71	40	65	34	11	32	34	61	56	34	25	54	41	17	56	36	43	42	21	5	32	56	57	56	24	18	
46	6	28	51	4	18	33	29	44	56	0	50	33	60	21	36	35	51	27	54	13	41	47	49	19	34	55	38	62	57	53	45	4	48	40	30	38	19	41	65	
38	13	49	39	4	24	1	35	44	24	37	0	31	12	46	17	32	11	25	56	29	39	18	17	4	33	21	3	34	47	25	30	24	64	21	27	21	38	4	25	
24	41	13	37	8	43	22	23	29	34	45	13	0	22	50	16	33	10	20	39	28	34	22	16	17	19	6	35	15	33	24	44	28	50	33	43	42	34	36	21	
31	38	65	45	42	40	24	45	60	4	58	43	46	0	3	36	55	30	10	20	34	47	16	36	24	25	35	60	37	22	36	46	31	10	13	41	37	49	20	27	
4	21	30	44	42	5	46	16	40	47	62	49	24	23	0	23	57	45	54	36	58	16	25	8	49	21	30	25	14	32	52	17	37	24	38	17	31	59	42	25	
18	39	25	3	22	50	26	17	40	39	18	7	49	18	51	0	38	23	38	51	41	24	27	29	30	17	11	29	9	27	37	56	40	55	38	45	45	40	30	20	
17	36	44	3	28	41	34	47	23	24	49	36	29	39	36	35	0	29	16	3	32	17	34	35	39	31	18	40	56	22	19	11	28	21	33	38	32	13	21	13	
23	27	65	43	30	42	46	38	61	66	54	27	49	8	49	2	29	0	11	56	14	62	40	2	50	18	39	37	49	52	10	48	67	49	28	29	40	23	22	10	
6	40	49	20	38	24	20	35	44	43	49	42	31	26	67	20	40	14	0	30	9	53	37	20	57	34	21	44	34	31	25	30	43	48	28	36	40	38	4	23	
50	30	60	50	48	35	28	41	39	40	62	30	23	33	67	31	39	25	36	0	26	37	28	31	48	25	12	40	74	33	13	41	22	15	27	32	26	26	15	27	
31	39	53	45	3	49	27	22	17	43	10	7	10	35	45	19	1	37	10	55	0	40	4	18	30	50	37	29	59	56	41	37	23	60	39	53	37	54	29	37	
18	30	39	47	37	14	35	25	49	42	49	46	1	35	49	19	40	39	12	44	9	0	19	45	58	6	48	4	32	50	52	57	54	55	47	26	40	36	31	43	
43	23	18	60	44	15	18	26	31	8	11	21	34	1	57	19	29	28	31	44	19	36	0	34	16	15	2	33	59	44	6	13	33	46	29	25	36	19	31	17	
28	32	60	48	35	35	48	15	55	52	59	32	5	9	53	7	34	1	16	51	19	45	45	0	55	23	32	42	33	44	15	20	63	54	2	34	45	15	15	15	
15	19	28	44	16	3	44	14	38	57	33	28	22	29	51	21	36	38	9	44	24	39	56	7	0	8	40	14	20	22	11	42	43	57	36	15	9	24	28	31	
33	31	54	50	16	29	47	40	56	49	23	27	11	2	16	12	39	6	21	60	23	31	50	12	50	0	49	47	59	49	20	57	26	22	26	1	50	33	32	20	
50	38	53	52	34	30	4	41	17	16	40	55	26	14	43	11	15	34	33	40	34	59	4	40	24	1	0	43	50	30	41	37	23	32	15	29	24	17	49	3	
32	25	43	41	31	39	46	50	13	18	15	40	21	41	25	46	62	40	11	56	35	68	18	18	62	12	47	0	60	57	51	36	15	34	38	40	65	64	30	11	
2	69	38	23	21	66	42	1	43	54	69	61	50	2	63	49	52	49	33	64	52	12	29	38	40	39	26	60	0	11	59	51	53	42	53	56	41	55	52	4	
16	28	52	32	35	32	6	15	57	29	38	13	20	16	75	9	37	43	35	26	12	26	36	35	36	48	40	35	7	0	42	39	29	9	30	32	2	55	36	18	
30	10	63	52	33	38	30	49	53	53	42	10	45	37	64	34	34	28	35	45	6	61	40	21	33	41	35	20	62	35	0	44	53	63	42	12	23	6	18	42	
18	40	16	34	37	60	51	17	1	6	45	39	32	18	46	29	62	48	21	42	36	28	42	7	35	48	35	50	9	27	23	0	31	4	36	38	53	36	40	20	
38	12	46	34	4	21	11	5	15	34	47	39	1	23	46	9	35	11	22	47	29	31	17	17	53	31	18	37	50	51	22	16	0	62	25	14	12	35	1	25	
41	21	35	43	43	30	32	34	43	40	27	21	27	37	71	20	42	29	27	1	17	41	32	2	4	29	16	31	47	37	4	42	24	0	31	23	30	17	19	16	
52	22	61	64	43	49	33	55	53	51	35	44	37	44	52	45	33	39	31	11	10	36	12	40	59	39	26	46	63	4	27	48	36	29	0	38	40	40	29	41	
13	8	18	34	32	26	23	11	18	18	41	41	32	13	53	30	34	53	44	44	46	23	23	2	23	20	7	19	4	22	57	54	33	26	25	0	27	7	47	15	
7	19	28	29	51	3	44	14	38	57	37	28	22	48	25	10	11	36	9	54	19	69	53	39	47	19	40	23	50	3	11	28	43	68	26	15	0	24	28	4	
32	36	66	53	27	41	34	12	45	46	53	27	20	12	17	37	34	31	20	3	13	15	32	37	50	5	18	46	23	39	19	47	28	21	5	33	32	0	21	33	
28	27	36	26	25	11	24	22	31	36	54	29	18	13	54	7	34	1	12	57	19	62	24	7	44	21	8	31	54	41	12	17	39	52	15	23	37	25	0	15	
56	60	29	49	60	55	72	66	30	58	60	52	66	60	50	68	56	68	56	55	27	75	61	57	48	57	69	9	58	17	62	28	3	73	52	6	73	75	58	0	
M4
0	36	68	47	49	21	7	47	48	32	11	41	61	44	42	22	78	43	37	56	73	55	53	37	51	53	75	16	11	79	51	35	35	61	59	3	49	25	43	72	
23	0	46	14	42	33	60	18	3	50	34	35	42	9	37	49	8	42	18	15	42	28	38	32	46	1	54	42	46	36	36	61	51	44	2	60	19	52	38	39	
21	21	0	2	25	55	34	24	13	45	52	9	33	35	26	15	9	20	14	33	42	49	34	54	4	39	31	13	39	2	1	27	16	4	34	33	42	40	23	11	
32	42	32	0	13	9	31	25	45	33	43	13	44	57	20	46	67	54	33	24	10	68	28	15	24	47	57	30	50	33	22	48	37	39	59	44	59	45	19	43	
43	21	11	16	0	22	10	61	48	45	54	33	33	36	26	44	46	33	51	54	44	62	35	62	4	49	46	9	43	39	1	27	16	41	38	41	38	24	13	48	
51	11	45	31	53	0	68	33	49	6	14	25	36	55	28	57	39	67	12	31	16	15	32	23	37	9	33	12	34	50	44	70	33	9	13	52	37	12	29	8	
40	35	18	34	49	40	0	28	35	8	64	23	47	50	6	21	33	45	23	42	56	68	22	36	4	43	7	56	10	16	45	41	52	41	58	33	56	54	18	50	
44	29	31	24	12	10	30	0	64	65	6	41	41	44	34	2	58	43	63	62	46	68	43	71	24	29	54	29	51	59	9	35	24	10	6	9	58	44	18	68	
70	34	41	29	22	46	21	38	0	47	52	37	46	40	39	2	63	39	63	46	27	2	6	50	31	53	28	14	56	61	14	31	29	71	51	54	64	44	25	13	
49	42	59	18	46	30	27	18	34	0	36	22	49	31	13	28	55	16	26	1	37	30	24	8	22	35	44	7	52	15	22	40	37	32	34	37	13	16	14	18	
18	31	10	35	25	11	43	35	32	24	0	29	32	32	29	29	2	31	8	5	23	30	20	32	37	45	67	42	6	38	34	23	31	40	54	61	71	36	38	47	
66	8	34	3	18	28	36	15	46	24	34	0	35	17	11	19	19	2	24	43	7	29	22	6	20	21	21	3	36	52	27	53	42	30	44	27	58	17	8	34	
58	2	27	22	8	6	26	23	40	31	28	7	0	10	18	18	45	9	31	28	56	21	29	13	20	23	55	20	47	45	17	1	32	37	32	42	54	14	19	41	
33	28	53	39	42	1	51	39	20	17	51	8	60	0	34	14	71	34	47	31	25	61	45	29	43	45	15	45	3	1	34	26	43	40	4	32	38	39	18	35	
64	20	32	35	13	43	31	46	58	11	63	15	24	33	0	49	14	20	54	13	65	18	52	36	25	39	3	30	64	60	22	48	37	34	39	7	59	30	34	21	
36	49	45	28	26	3	44	25	57	36	46	48	60	51	23	0	36	50	36	16	54	54	24	18	32	49	37	43	30	71	29	42	44	42	54	47	30	36	12	69	
55	48	21	36	28	6	46	45	37	25	8	25	42	24	44	38	0	9	29	3	28	30	49	57	5	28	54	15	50	25	37	21	44	42	51	56	62	25	19	30	
72	61	54	56	57	42	50	31	60	17	61	43	25	7	47	55	51	0	73	69	49	21	34	55	22	11	43	3	44	42	41	67	56	25	34	60	48	67	24	24	
44	54	17	11	59	37	40	11	47	18	35	35	8	62	5	41	25	61	0	3	55	65	4	24	38	31	57	22	50	28	35	53	50	47	66	41	68	66	20	54	
31	31	41	32	22	48	10	14	32	37	31	10	45	13	27	2	8	12	58	0	41	30	13	40	31	26	23	23	31	13	31	4	16	43	1	16	53	17	26	44	
62	5	51	7	32	56	39	28	43	47	41	20	41	21	37	31	48	22	41	41	0	35	61	50	41	34	36	1	58	56	41	14	56	25	24	58	59	6	39	54	
65	42	38	26	33	12	4	13	47	39	42	21	29	10	26	4	46	23	5	24	23	0	25	39	42	37	48	34	47	45	41	15	56	1	46	25	16	21	11	46	
43	31	37	32	22	22	20	50	7	35	31	10	45	13	12	21	9	12	51	31	59	41	0	40	31	26	62	23	50	45	31	4	6	12	35	8	63	17	29	37	
76	43	49	8	37	20	55	8	71	16	26	59	40	57	3	62	57	42	16	35	70	61	14	0	12	30	40	51	46	52	46	55	42	22	65	27	65	68	4	56	
39	36	60	3	51	36	22	1	27	52	58	15	22	1	21	21	15	41	82	56	48	70	24	64	0	23	4	19	38	8	47	33	61	39	28	39	43	27	29	42	
39	21	43	16	25	32	34	20	15	28	38	33	33	28	15	44	33	35	28	33	27	63	26	10	24	0	46	7	27	63	1	27	16	34	1	39	3	31	16	9	
52	12	13	41	38	25	3	43	29	19	47	26	56	29	38	29	48	28	51	2	34	57	36	33	43	42	0	7	66	41	40	20	5	15	28	56	10	32	39	8	
52	47	15	11	18	25	36	31	15	34	70	50	59	25	47	15	30	54	55	19	51	28	17	42	30	62	67	0	62	43	27	53	42	45	63	7	27	50	39	52	
11	6	39	17	20	16	29	17	44	2	35	25	49	28	12	4	49	22	25	44	69	39	23	7	21	23	49	33	0	61	29	19	44	31	29	36	54	32	13	42	
28	22	46	47	37	63	44	62	13	52	44	1	60	28	42	7	65	27	72	42	34	56	60	54	46	41	23	38	31	0	44	19	47	33	50	25	34	32	15	28	
58	6	29	1	10	40	19	58	44	45	39	18	18	21	11	29	35	20	59	39	29	49	20	48	22	34	31	27	28	56	0	12	1	47	23	26	56	25	31	52	
67	25	35	26	16	42	23	44	49	31	25	4	39	7	21	15	65	6	52	25	53	35	48	34	25	20	56	17	44	42	25	0	40	39	29	63	57	11	23	38	
44	35	57	19	38	33	11	9	68	1	47	26	47	29	3	37	64	28	49	47	46	57	49	52	11	42	7	39	57	64	15	20	0	48	6	55	37	33	45	7	
41	32	6	30	27	11	45	18	26	8	57	14	31	40	28	20	16	39	7	22	47	4	27	38	36	14	17	44	12	7	15	31	30	0	36	38	28	44	7	41	
7	34	57	37	59	35	58	56	45	41	41	21	83	51	51	34	38	52	64	31	9	53	20	46	60	62	21	10	20	61	62	44	77	11	0	27	87	19	52	47	
5	31	21	23	2	32	20	23	51	31	41	33	33	36	18	22	20	35	31	50	46	64	7	13	14	45	55	19	50	49	11	27	26	37	38	0	48	33	12	58	
62	33	49	36	30	46	48	36	14	44	54	20	29	43	27	64	25	30	44	13	7	59	9	26	40	49	68	41	66	77	24	50	39	50	57	46	0	62	32	62	
28	40	6	34	31	57	38	56	35	46	40	19	54	22	1	30	41	21	40	40	40	9	20	49	36	35	63	32	59	34	33	13	48	36	44	37	72	0	33	43	
46	41	66	52	55	51	64	45	33	37	22	21	62	48	26	27	84	47	51	62	54	12	58	42	56	58	4	56	16	14	52	39	67	53	64	13	54	52	0	48	
3	18	18	27	3	33	21	41	23	48	59	34	38	42	35	25	43	31	14	33	55	40	6	31	11	50	55	20	29	27	12	33	27	48	49	20	43	35	12	0	
M5
0	33	57	33	48	54	66	54	55	14	30	1	33	28	80	11	54	72	16	41	39	57	11	33	5	61	60	66	17	57	26	70	34	32	8	46	44	45	66	15	
6	0	57	38	36	40	38	48	41	38	43	56	53	47	4	16	20	2	29	37	47	53	36	17	30	44	5	59	29	34	14	37	24	32	48	19	34	33	22	11	
31	36	0	24	23	14	39	32	51	45	52	43	40	45	60	49	47	9	30	36	53	44	35	1	37	35	28	31	53	41	61	60	63	29	44	33	41	30	13	51	
36	15	43	0	7	11	42	39	11	51	42	35	47	29	3	37	8	35	20	36	39	42	30	14	24	8	41	53	38	56	8	64	57	17	29	37	21	27	18	53	
70	38	16	28	0	41	15	48	40	41	53	39	46	2	43	52	4	29	35	52	12	43	55	17	53	26	44	59	22	61	46	53	53	51	29	10	53	11	12	67	
68	28	28	47	19	0	47	35	21	57	12	52	41	10	79	41	43	37	36	23	51	51	27	28	27	41	14	66	13	50	21	46	78	59	51	22	1	36	20	32	
24	54	56	46	50	54	0	31	59	46	48	63	64	24	61	45	27	10	43	27	48	64	9	28	5	51	55	27	30	42	66	66	1	40	57	60	53	46	61	11	
22	67	52	58	55	60	58	0	61	1	64	56	37	77	25	63	32	72	50	33	58	52	40	33	45	12	25	79	55	23	67	8	69	27	8	21	87	58	60	57	
63	4	57	30	48	3	44	32	0	68	14	56	23	28	14	7	62	32	65	47	64	6	48	57	51	17	43	85	28	27	50	54	68	57	80	51	30	46	49	61	
37	11	38	26	49	37	9	58	77	0	49	35	52	17	10	7	49	18	23	3	7	49	51	27	17	5	54	52	9	32	50	64	19	48	49	41	32	50	18	50	
25	17	43	47	40	28	24	54	20	55	0	12	17	62	86	19	54	38	61	13	23	51	29	53	14	9	14	1	9	57	46	38	34	32	1	38	47	20	25	41	
4	12	62	68	60	49	21	66	40	13	33	0	13	72	33	66	44	55	40	35	83	17	55	62	71	68	67	63	47	61	55	62	37	64	8	84	32	74	49	56	
26	21	13	43	57	13	41	29	36	41	51	42	0	49	27	40	29	26	62	34	39	27	17	37	25	67	10	60	35	4	60	24	1	7	70	27	40	28	47	44	
67	24	33	49	1	35	31	55	17	59	58	17	45	0	64	26	25	28	32	56	33	42	36	24	33	32	51	8	39	15	17	51	71	48	38	13	37	4	11	57	
17	10	57	37	30	58	55	40	59	55	7	45	49	52	0	39	36	43	25	1	18	51	32	17	26	52	23	47	6	72	10	46	50	47	44	51	30	20	50	57	
40	53	65	40	68	43	21	21	65	22	57	69	47	79	35	0	46	41	44	38	67	20	51	53	41	81	73	75	41	26	46	71	70	34	72	54	66	56	59	16	
58	25	45	40	52	7	17	65	6	51	19	6	53	43	9	18	0	31	66	29	26	54	27	58	60	73	23	61	26	63	51	51	19	61	82	55	34	12	53	57	
20	21	32	7	17	46	10	23	36	7	46	36	48	20	22	44	15	0	44	28	16	25	18	15	19	41	23	35	29	3	57	55	60	1	22	21	14	39	41	57	
56	7	18	45	36	55	59	52	50	39	82	60	16	58	48	39	33	46	0	53	11	12	36	21	30	56	45	45	59	41	14	23	23	37	32	57	34	33	54	71	
43	31	78	17	42	35	9	56	17	80	44	16	65	64	5	74	30	54	34	0	36	35	69	54	1	43	36	62	38	65	47	39	16	54	55	38	62	57	42	70	
61	6	33	15	41	32	28	36	57	60	37	41	46	30	37	23	65	24	15	23	0	35	7	26	35	29	31	5	10	19	19	2	71	51	53	36	39	24	38	65	
9	10	37	70	25	37	5	41	49	48	63	49	42	46	32	21	14	51	18	42	42	0	25	10	19	5	37	31	18	53	3	58	23	24	37	19	13	11	43	39	
12	7	61	2	44	7	11	58	6	58	45	51	11	43	54	44	15	58	42	55	66	36	0	34	1	6	6	32	32	2	27	38	51	62	61	55	34	39	41	25	
47	14	19	39	1	32	17	10	29	62	40	40	46	23	54	35	25	29	8	14	33	43	57	0	15	34	6	60	43	61	61	38	43	51	43	31	54	8	12	29	
17	16	49	71	57	13	30	41	60	25	51	8	52	49	21	19	70	35	15	54	58	20	25	42	0	31	40	7	52	15	35	32	39	57	46	22	15	14	18	37	
63	58	49	53	13	15	48	66	57	61	19	67	52	35	73	68	37	62	46	10	31	23	7	50	5	0	55	50	54	9	62	46	60	78	37	10	42	44	45	6	
25	52	42	4	51	6	4	23	7	45	37	62	69	26	69	9	33	62	54	55	32	76	53	60	31	35	0	25	26	63	53	3	59	81	40	46	33	39	52	5	
58	10	25	56	50	10	6	61	57	56	47	59	66	46	70	1	61	20	43	56	65	64	11	35	44	7	50	0	49	52	28	49	62	39	62	20	37	2	56	44	
44	27	13	46	42	42	36	1	39	59	30	60	31	64	14	22	47	38	15	9	20	27	42	27	36	39	37	15	0	70	20	42	41	25	40	8	40	11	49	39	
30	40	45	23	27	4	43	10	51	41	42	66	54	40	79	53	51	28	34	29	43	22	53	5	23	42	23	73	25	0	51	46	69	58	48	52	26	34	20	37	
71	3	43	63	18	56	41	34	53	41	64	42	35	40	78	25	42	44	11	35	35	37	18	3	12	38	30	41	41	58	0	52	67	74	30	48	16	15	36	53	
40	53	14	56	45	17	59	34	47	40	50	10	37	41	57	48	35	20	49	4	43	34	59	29	50	25	56	40	44	11	64	0	73	42	34	50	44	58	3	47	
19	21	54	48	86	66	56	47	16	59	38	49	9	41	55	24	36	72	83	45	19	44	42	67	16	38	57	77	44	15	73	67	0	25	38	45	71	20	65	67	
3	52	35	40	45	43	18	6	19	18	55	19	51	50	45	27	6	41	71	11	62	9	1	59	2	46	51	63	12	47	69	71	55	0	55	4	70	24	24	70	
68	48	72	76	36	75	11	28	11	13	61	44	18	58	41	56	52	41	51	6	68	56	59	48	30	46	63	51	62	47	41	20	63	49	0	66	61	15	45	11	
46	17	21	43	32	49	52	3	28	55	55	41	48	54	16	39	23	31	25	42	49	45	32	17	26	14	24	29	54	62	10	56	72	53	31	0	30	29	14	35	
37	11	51	19	26	52	20	33	4	36	31	50	43	17	45	33	50	7	9	20	14	45	26	11	20	46	38	49	32	39	4	60	71	37	38	4	0	23	44	17	
60	15	47	41	30	55	49	46	38	10	42	44	47	52	23	37	54	27	23	47	47	49	4	15	5	16	42	53	2	50	8	2	22	55	38	60	28	0	48	61	
42	51	62	37	47	19	40	45	58	37	31	54	18	30	50	66	36	1	60	50	24	15	40	31	31	6	53	59	25	33	62	81	63	23	15	43	39	60	0	51	
55	56	67	14	52	63	11	25	62	42	22	62	63	23	57	69	26	6	68	38	23	60	53	50	49	53	58	70	64	38	59	4	3	36	5	56	49	56	31	0	
M6
0	28	48	52	3	41	46	42	36	35	37	50	38	39	5	24	47	22	40	46	43	43	16	5	23	5	19	32	44	47	63	26	4	6	25	40	48	43	42	39	
30	0	56	60	18	16	5	45	33	28	2	5	46	37	35	17	42	30	6	26	39	29	22	51	53	19	16	29	27	13	34	37	47	48	13	1	36	51	4	44	
30	47	0	46	19	10	40	22	19	51	17	30	13	20	36	43	17	46	32	21	1	35	46	37	3	45	35	4	24	39	30	31	53	17	26	46	31	23	34	9	
47	45	37	0	58	39	24	34	55	67	6	49	39	73	41	60	34	45	56	54	27	63	66	7	54	54	46	12	25	58	31	55	53	62	63	14	75	18	30	54	
11	23	36	10	0	11	13	20	19	36	1	25	22	9	55	13	27	18	45	16	24	30	42	4	3	27	15	4	24	39	40	27	46	17	32	9	31	39	53	35	
53	30	50	46	34	0	8	20	37	38	23	15	21	48	30	12	40	24	35	6	19	20	32	31	25	21	20	21	36	4	39	17	39	34	8	11	6	32	39	25	
55	12	72	65	53	10	0	56	45	69	26	46	22	58	51	51	63	65	41	37	10	51	11	46	39	40	51	2	60	26	39	48	30	28	9	60	39	24	43	26	
15	38	7	58	27	25	44	0	34	38	52	27	47	59	57	22	69	31	15	35	41	12	44	52	51	28	17	30	3	22	1	41	48	58	22	65	45	52	62	45	
45	9	16	42	33	10	36	40	0	7	39	31	35	40	61	23	60	43	21	31	23	44	48	47	41	26	29	42	27	28	37	10	32	27	13	59	37	31	36	50	
47	1	32	18	31	19	5	44	18	0	23	8	1	34	28	16	60	6	23	34	7	31	25	27	36	2	1	1	13	30	11	16	2	33	15	10	30	27	38	23	
26	17	28	8	32	15	1	1	30	34	0	33	15	30	63	33	43	2	34	24	3	2	31	23	32	28	13	26	9	41	32	12	18	16	4	53	42	23	36	19	
28	20	57	50	16	14	10	47	43	7	41	0	27	37	14	15	56	31	4	24	37	26	1	36	32	17	26	37	16	11	54	17	37	34	11	56	34	38	19	43	
27	49	58	57	15	13	41	49	4	38	17	15	0	27	45	14	54	39	3	23	1	4	23	37	30	16	25	1	47	10	30	34	50	37	5	51	33	23	28	34	
45	43	1	56	24	13	36	27	24	27	7	26	15	0	56	45	32	41	34	17	3	31	26	3	8	43	27	14	5	40	32	28	7	22	41	38	36	25	6	28	
45	22	33	37	24	26	31	27	21	20	22	35	23	35	0	9	32	7	25	31	28	28	52	28	8	33	4	17	29	32	57	17	35	18	12	51	33	28	27	24	
48	27	38	27	6	1	25	46	37	35	23	15	28	40	45	0	40	12	24	6	19	20	32	33	39	11	20	21	47	23	48	17	24	34	3	30	30	32	43	25	
7	45	47	32	18	12	35	9	30	32	56	9	1	54	39	30	0	35	19	39	45	42	26	46	14	32	21	34	35	26	31	33	52	28	26	24	39	54	29	49	
58	10	21	66	42	32	33	35	23	27	36	35	11	23	59	35	50	0	55	26	30	40	52	16	26	21	6	19	47	46	59	5	27	22	33	51	35	16	31	12	
22	44	58	52	10	8	36	45	37	33	35	10	39	58	40	9	52	34	0	18	31	21	27	55	47	11	20	33	42	5	60	29	49	46	5	50	28	44	45	37	
39	18	46	32	21	3	11	33	23	24	9	1	17	41	31	32	26	20	21	0	5	6	18	40	34	19	6	7	33	15	34	3	25	20	28	38	16	18	29	11	
47	45	54	59	35	4	38	40	35	51	8	28	4	43	58	34	45	47	23	19	0	33	37	28	21	36	33	34	42	30	21	30	52	30	30	42	43	14	25	25	
10	37	11	8	26	21	27	32	44	3	40	1	30	18	31	4	57	32	21	23	36	0	18	37	33	18	27	24	33	28	58	2	24	19	23	37	15	9	27	28	
18	31	55	43	17	13	3	20	38	23	17	17	12	30	31	16	5	41	5	25	1	28	0	37	22	7	27	38	17	12	30	36	17	17	12	16	7	23	34	14	
24	22	33	47	30	27	35	26	35	39	19	25	18	35	55	29	11	7	18	16	29	30	42	0	25	16	18	31	8	25	27	17	15	34	25	4	40	28	23	16	
24	39	20	35	3	29	52	6	3	35	50	26	6	27	39	47	11	39	36	35	34	49	43	60	0	49	25	27	8	33	43	45	56	1	43	30	15	54	46	53	
25	4	45	9	28	18	38	4	28	51	5	28	18	18	51	11	36	39	37	19	6	33	45	42	12	0	33	8	33	42	35	30	51	26	30	47	27	23	39	38	
55	18	29	51	50	25	16	35	6	10	29	20	19	31	42	43	58	3	40	34	13	48	37	24	34	29	0	2	48	29	42	13	20	30	41	40	18	24	34	17	
13	50	44	42	37	37	49	40	3	46	47	23	40	24	23	42	45	40	43	41	50	11	14	22	21	36	26	0	42	6	3	20	42	35	24	57	49	41	9	54	
33	46	59	2	30	22	39	35	36	40	33	29	27	18	59	29	20	33	18	20	33	3	46	22	40	25	19	32	0	25	57	9	31	26	25	50	42	30	35	26	
39	23	18	22	41	30	21	44	24	27	36	13	21	10	43	44	49	23	33	19	32	28	30	44	25	46	33	34	35	0	44	30	27	36	40	14	43	16	48	13	
40	27	1	59	27	41	38	30	22	46	49	41	10	19	63	41	35	32	44	32	45	46	35	48	11	23	25	38	21	3	0	11	33	22	39	54	39	22	37	49	
53	32	49	46	29	17	25	15	32	38	23	15	24	42	42	15	40	34	35	6	19	20	32	22	16	1	20	21	37	29	41	0	7	2	13	40	18	6	11	25	
19	14	50	38	43	31	41	46	43	30	35	18	31	7	24	43	45	41	38	22	19	22	8	3	27	10	31	37	42	25	48	33	0	41	10	38	46	41	13	41	
2	37	48	56	35	30	45	51	7	16	20	19	38	50	47	13	46	22	35	35	48	49	36	18	53	9	33	7	51	34	29	32	53	0	32	53	34	43	54	17	
7	18	51	11	34	30	14	14	32	36	27	37	37	57	27	36	42	29	25	38	39	48	54	50	18	38	15	28	39	32	48	39	46	32	0	57	44	50	48	43	
21	18	5	34	19	26	41	22	19	35	31	23	15	31	53	23	8	3	33	34	38	48	40	24	3	29	14	27	24	40	3	13	35	4	15	0	31	24	39	20	
45	13	41	49	24	20	28	6	24	41	26	18	4	31	13	32	32	30	32	9	22	23	35	51	8	35	23	24	19	11	51	19	31	22	35	11	0	35	44	28	
69	32	42	37	54	28	30	44	1	10	32	34	28	45	37	56	59	17	47	25	16	39	2	38	45	20	3	16	62	25	22	27	34	44	52	53	32	0	4	31	
9	43	44	59	18	16	39	30	15	27	20	18	6	11	48	17	32	28	6	26	4	29	35	40	11	19	14	27	28	13	33	30	45	25	13	48	36	26	0	37	
41	12	53	65	29	27	55	12	23	31	46	29	35	58	59	28	28	43	17	37	30	40	33	5	48	30	39	52	44	24	59	48	23	62	13	40	47	51	59	0	
M7
0	24	39	27	45	27	8	41	18	20	23	40	40	53	12	15	54	20	21	38	4	29	40	45	34	52	7	36	15	14	33	24	42	8	46	36	39	24	6	43	
11	0	37	20	36	34	28	15	33	14	27	34	12	27	6	9	21	35	18	29	28	3	34	25	17	46	19	7	9	8	12	25	35	11	40	47	33	9	34	26	
45	74	0	81	48	62	20	49	58	68	57	26	15	67	60	63	55	47	25	70	66	64	68	66	62	44	72	32	63	42	23	58	65	50	68	14	4	57	2	6	
41	32	45	0	43	29	30	7	4	44	53	12	34	34	36	36	17	58	45	62	24	30	39	24	58	55	19	23	39	38	37	57	25	25	44	16	32	29	30	36	
9	35	64	5	0	37	49	26	21	49	44	31	30	31	41	25	14	5	47	60	43	33	36	33	14	40	38	42	37	27	42	54	44	44	33	35	45	48	14	53	
41	32	28	10	58	0	54	26	12	5	19	33	32	4	36	39	41	24	2	26	43	31	45	43	39	12	43	32	3	19	40	35	42	27	10	21	17	41	13	20	
22	49	6	24	39	20	0	19	42	24	26	41	7	23	17	20	13	41	22	32	32	7	31	29	25	2	29	47	20	5	16	39	32	1	37	29	19	6	17	21	
21	25	45	27	26	43	38	0	45	24	33	42	44	22	16	16	54	44	25	42	4	10	44	4	38	56	23	36	19	18	19	42	42	5	24	37	43	9	44	16	
17	11	46	46	43	30	34	41	0	15	24	40	40	51	12	15	45	2	40	34	43	29	40	15	12	12	29	37	15	14	12	35	13	17	46	24	33	39	22	6	
21	4	50	43	50	34	48	29	47	0	39	16	35	22	29	32	24	29	41	1	46	26	44	42	38	20	33	30	24	18	35	48	27	34	47	39	41	32	10	49	
12	39	41	41	16	52	29	36	9	15	0	35	14	11	7	10	21	36	18	33	26	24	35	2	29	47	3	39	10	9	33	51	52	12	41	52	34	34	35	38	
32	55	55	34	26	39	49	29	52	27	25	0	30	40	27	30	34	51	32	36	39	17	30	26	17	43	44	59	30	4	26	25	47	25	36	50	23	29	35	58	
26	66	42	20	45	50	64	41	38	52	9	46	0	36	51	12	19	65	43	75	51	52	28	15	60	32	43	57	52	53	47	36	59	56	69	50	53	56	35	29	
4	16	55	42	36	29	46	2	56	31	24	29	15	0	29	15	56	42	39	14	19	25	29	19	23	11	31	42	31	3	7	22	3	20	35	25	32	24	34	27	
4	31	33	33	49	44	21	28	51	7	22	27	27	40	0	2	54	28	31	25	36	16	27	32	21	39	16	31	2	1	25	48	44	4	33	56	26	26	27	30	
45	60	24	38	9	33	53	28	56	48	21	29	23	25	40	0	8	27	53	66	45	38	30	45	49	52	32	65	43	42	15	7	26	15	34	39	12	45	35	39	
23	50	52	35	12	63	40	26	53	26	41	29	40	3	18	21	0	45	50	44	43	35	8	43	27	58	10	50	21	20	36	26	47	23	36	65	21	23	46	49	
12	22	33	28	6	6	29	23	3	15	30	25	35	25	7	10	8	0	7	33	15	11	30	33	9	43	24	21	10	9	5	30	39	12	41	52	34	34	15	38	
30	50	14	52	51	50	43	12	32	49	26	19	18	30	41	41	53	10	0	53	29	35	31	29	25	44	48	45	36	5	44	21	47	30	37	37	27	30	25	29	
8	23	37	50	55	21	50	16	39	50	26	3	31	9	43	29	59	16	48	0	33	33	31	29	25	44	42	42	22	5	42	38	14	34	34	33	37	30	36	45	
13	23	19	37	15	47	30	32	23	16	3	12	36	29	8	1	39	37	35	14	0	20	36	23	30	48	14	6	11	10	29	52	12	13	42	31	20	35	30	34	
10	37	34	12	28	50	27	7	30	12	19	33	33	19	5	8	43	29	10	31	20	0	33	17	27	45	22	37	8	7	4	27	50	10	39	42	32	29	32	36	
10	37	9	39	26	46	19	31	4	13	28	33	33	19	5	8	2	26	26	31	42	22	0	31	27	28	22	37	8	7	31	42	37	5	39	18	22	9	20	24	
28	39	28	30	46	53	45	25	46	30	37	31	32	37	23	26	49	24	2	42	38	13	45	0	14	48	40	55	26	19	22	35	16	28	51	51	10	15	39	24	
14	8	57	40	49	21	39	12	41	35	24	26	29	8	27	27	48	53	31	46	29	23	29	29	0	3	38	15	23	3	11	52	33	24	35	55	11	28	34	41	
13	33	38	21	30	2	30	16	39	16	21	36	34	28	8	11	40	34	12	27	15	4	36	26	21	0	25	33	4	10	13	36	14	13	42	51	5	13	36	39	
37	7	3	46	8	35	32	41	54	40	15	38	27	53	32	14	47	24	37	40	12	29	52	51	24	17	0	28	17	26	35	51	47	12	58	26	16	35	14	18	
46	18	31	57	35	57	60	19	2	26	43	36	28	26	41	44	9	24	5	31	36	40	30	36	42	61	33	0	44	22	49	27	57	37	18	16	44	41	42	46	
22	8	41	24	40	21	39	19	34	24	31	17	9	23	17	20	41	30	15	2	32	7	42	29	39	57	34	8	0	19	16	39	28	22	48	47	22	36	44	48	
24	42	63	41	38	28	52	36	59	31	4	32	9	42	30	29	43	58	39	31	18	24	9	46	3	22	44	49	33	0	33	35	26	35	15	49	15	8	14	61	
47	41	60	53	14	35	28	13	36	50	22	35	15	48	42	28	43	58	39	55	15	36	42	12	64	68	49	10	45	44	0	49	53	31	14	50	38	35	1	42	
37	57	62	35	54	26	54	40	43	30	45	57	58	28	32	35	38	21	36	51	21	28	46	50	33	8	49	53	28	34	27	0	38	37	61	65	29	37	60	63	
13	43	16	6	53	36	45	27	24	45	39	32	30	43	37	39	37	12	37	38	12	40	20	40	4	31	39	8	15	18	46	59	0	3	50	36	26	43	27	31	
50	20	71	36	56	51	67	49	47	47	26	25	1	53	45	33	58	60	45	32	47	37	38	22	32	51	58	25	9	12	4	64	51	0	29	65	41	28	28	65	
36	46	63	65	50	40	25	50	50	23	25	4	59	4	31	34	24	12	54	48	47	48	46	64	7	41	25	39	34	33	49	8	56	36	0	11	49	58	57	50	
8	33	50	29	33	47	34	24	22	14	8	43	35	24	22	25	7	46	27	28	31	12	26	2	31	50	31	18	5	11	21	30	48	27	43	0	15	9	33	53	
37	52	5	45	47	52	19	40	32	45	22	19	20	14	38	41	57	46	24	58	53	28	66	36	60	34	55	24	35	40	10	57	64	43	66	28	0	3	16	20	
21	14	6	24	40	29	35	19	42	2	31	33	30	21	16	19	50	41	22	27	32	7	15	29	38	11	1	40	19	18	16	39	13	13	10	29	4	0	17	21	
18	32	44	48	18	10	60	21	15	22	54	41	33	42	41	6	25	54	39	26	38	31	47	29	22	17	49	32	3	43	39	2	47	9	58	5	38	40	0	50	
35	32	19	48	49	12	48	43	18	48	44	30	22	36	41	44	23	26	39	15	24	31	45	53	39	51	11	32	3	23	40	39	37	46	7	3	32	48	30	0	
