40  6  1
6
	0	73	1	18	2	54	3	44	4	70	5	72
	0	50	1	9	2	13	3	63	4	64	5	22
	0	51	1	30	2	26	3	13	4	30	5	7
	0	62	1	52	2	52	3	7	4	89	5	77
	0	45	1	34	2	84	3	5	4	56	5	33
	0	15	1	78	2	45	3	97	4	70	5	47
	0	25	1	74	2	2	3	87	4	94	5	61
	0	74	1	90	2	49	3	72	4	94	5	97
	0	71	1	1	2	51	3	45	4	30	5	48
	0	94	1	56	2	43	3	54	4	35	5	86
	0	89	1	64	2	46	3	9	4	64	5	34
	0	88	1	18	2	14	3	29	4	4	5	46
	0	10	1	94	2	39	3	56	4	28	5	77
	0	90	1	51	2	46	3	55	4	97	5	98
	0	98	1	87	2	16	3	64	4	17	5	82
	0	49	1	19	2	72	3	70	4	6	5	45
	0	80	1	17	2	41	3	61	4	45	5	5
	0	83	1	48	2	58	3	79	4	36	5	36
	0	58	1	37	2	49	3	96	4	34	5	4
	0	55	1	28	2	29	3	24	4	41	5	65
	0	68	1	53	2	100	3	9	4	15	5	49
	0	68	1	81	2	52	3	76	4	58	5	56
	0	5	1	84	2	32	3	6	4	92	5	22
	0	86	1	73	2	42	3	4	4	27	5	49
	0	22	1	18	2	76	3	29	4	78	5	71
	0	22	1	74	2	53	3	96	4	6	5	89
	0	65	1	62	2	23	3	11	4	45	5	78
	0	62	1	59	2	68	3	59	4	18	5	84
	0	22	1	21	2	55	3	38	4	16	5	96
	0	2	1	33	2	5	3	12	4	8	5	71
	0	83	1	56	2	86	3	54	4	87	5	24
	0	31	1	16	2	97	3	33	4	83	5	33
	0	34	1	29	2	72	3	5	4	86	5	43
	0	75	1	99	2	19	3	58	4	54	5	26
	0	49	1	96	2	71	3	72	4	85	5	34
	0	92	1	1	2	64	3	21	4	30	5	24
	0	44	1	43	2	85	3	74	4	23	5	51
	0	80	1	47	2	99	3	74	4	4	5	2
	0	98	1	57	2	11	3	19	4	10	5	9
	0	42	1	60	2	44	3	49	4	51	5	88
SSD
M0
0	36	22	32	21	13	11	9	26	27	22	12	31	37	31	33	26	16	34	33	19	11	20	1	32	39	18	10	40	17	32	39	5	29	32	29	33	28	14	44	
29	0	5	7	22	27	29	3	9	25	13	12	29	38	31	22	33	2	30	46	19	25	36	9	7	31	23	26	1	15	11	12	23	9	27	10	31	36	27	20	
12	22	0	26	7	11	27	4	17	3	25	32	9	26	29	1	24	17	32	5	1	9	4	25	4	28	14	15	12	10	21	7	9	13	20	18	26	25	25	10	
43	10	7	0	39	21	1	22	6	27	20	41	32	41	12	27	26	31	5	14	44	28	34	27	5	24	26	23	34	18	28	34	28	5	33	41	34	33	33	41	
42	3	23	10	0	26	27	18	38	34	33	39	32	31	9	26	32	24	3	7	34	28	39	28	42	23	26	29	24	18	28	12	30	9	16	47	6	24	33	30	
15	14	13	27	8	0	30	36	39	21	23	13	22	9	3	23	24	28	6	23	16	16	2	23	16	40	12	13	24	8	21	31	2	11	6	24	16	23	5	29	
20	24	8	7	14	2	0	30	34	4	9	23	17	25	16	32	21	9	2	11	24	13	8	6	33	32	2	14	23	3	21	8	17	17	7	30	15	7	18	35	
25	4	9	19	30	32	26	0	33	26	19	31	18	11	39	2	17	31	18	10	2	14	25	19	28	19	12	15	21	4	14	21	9	15	9	36	20	41	19	7	
8	36	9	29	25	15	6	1	0	35	30	6	29	39	8	17	16	21	6	18	31	25	19	30	12	24	23	26	41	15	14	39	11	28	22	1	3	15	13	36	
19	2	12	31	12	13	6	1	43	0	21	34	26	31	26	40	15	3	22	9	3	20	6	27	20	35	16	17	38	12	15	12	15	15	25	14	4	14	9	5	
35	22	33	43	28	5	29	28	44	3	0	33	42	29	23	2	29	20	1	30	7	17	22	36	2	26	32	26	31	28	29	19	22	31	23	19	3	31	25	24	
13	36	22	19	1	10	13	4	24	31	1	0	2	19	11	42	20	3	14	28	16	3	13	31	31	21	20	24	25	19	9	1	11	8	7	21	27	34	10	24	
1	28	12	7	7	8	29	15	12	19	22	29	0	7	26	30	8	3	29	22	39	15	1	22	19	9	11	12	13	7	22	17	10	10	23	16	15	22	22	12	
41	46	36	38	28	17	21	42	31	14	47	32	36	0	15	13	40	4	1	35	11	9	33	12	48	7	43	37	31	39	23	26	23	18	38	21	42	42	17	11	
7	14	9	23	11	12	26	25	10	35	19	33	18	24	0	41	22	22	16	26	18	3	5	19	8	17	12	15	25	4	1	34	9	14	8	2	20	26	19	32	
24	37	12	35	2	8	22	3	38	42	18	27	25	32	7	0	22	9	3	32	39	25	11	30	39	32	21	2	14	17	12	35	18	20	29	33	28	2	8	17	
25	37	21	35	18	12	31	6	36	7	10	15	30	36	30	10	0	30	16	12	21	26	12	5	4	6	14	23	33	16	9	12	21	16	32	32	26	10	31	35	
26	11	24	40	21	22	18	36	17	35	15	23	34	27	28	36	28	0	25	2	16	29	15	22	8	15	21	26	34	21	10	18	24	19	37	28	31	22	16	28	
8	31	14	5	12	13	12	6	14	10	27	26	26	37	7	22	30	2	0	27	25	2	6	13	28	9	11	17	29	12	20	31	15	15	28	28	28	27	27	7	
26	22	6	20	8	24	16	40	23	32	4	29	15	1	3	31	19	28	6	0	32	11	22	16	20	30	9	4	4	1	25	4	7	5	9	33	17	11	11	27	
17	19	5	29	6	11	29	39	19	14	4	31	24	35	27	3	28	32	28	25	0	18	4	6	6	1	14	15	7	10	25	25	13	12	26	23	26	3	25	31	
23	21	22	30	23	24	45	4	38	25	10	8	30	17	40	41	3	15	12	38	2	0	17	21	18	29	27	28	34	23	15	23	9	26	24	24	17	19	34	39	
8	22	6	20	1	2	23	34	36	32	16	23	15	26	20	31	19	28	23	16	33	9	0	16	29	34	5	6	27	1	16	38	4	4	17	17	17	16	16	22	
27	42	26	29	21	22	5	26	21	26	13	43	35	46	39	44	37	34	32	36	1	6	15	0	14	18	25	2	12	21	8	32	23	24	17	37	37	36	24	2	
30	26	10	24	25	13	27	11	23	5	11	14	19	14	31	25	23	4	29	40	35	15	26	12	0	2	13	2	7	5	11	23	30	28	21	21	21	7	20	24	
17	31	11	9	1	11	32	32	28	14	25	9	7	15	29	32	25	20	5	25	18	1	4	10	25	0	14	15	19	10	7	2	12	13	17	4	13	25	25	29	
27	23	7	7	3	18	9	29	23	31	3	41	16	18	9	18	20	29	2	7	42	12	23	17	40	10	0	13	28	2	33	29	31	11	18	25	18	41	17	16	
18	5	16	25	11	12	32	33	16	10	26	33	8	25	20	29	16	21	33	19	34	3	5	26	27	27	15	0	23	11	26	6	14	14	27	27	27	26	26	24	
21	12	27	22	32	33	17	31	44	6	24	36	36	16	40	44	38	32	7	41	6	32	26	21	17	20	15	33	0	22	40	25	35	35	32	13	30	15	37	25	
23	19	3	17	25	26	20	37	34	29	13	40	12	29	33	37	16	25	34	33	38	8	19	13	36	31	6	9	24	0	34	35	28	28	14	37	14	40	13	34	
19	27	11	25	33	16	24	8	25	33	21	42	18	34	34	2	24	23	37	22	17	16	27	3	6	11	9	17	19	6	0	25	33	36	22	35	22	35	17	4	
16	29	14	10	9	10	16	14	25	20	23	7	23	8	1	13	27	32	10	24	40	17	3	15	17	41	11	14	12	9	6	0	10	7	12	23	25	24	24	26	
17	26	10	24	10	11	27	38	28	15	20	6	19	35	11	13	23	8	15	25	12	15	4	20	12	23	9	15	1	5	25	8	0	13	21	26	20	2	9	31	
20	45	22	10	24	19	11	2	16	13	38	26	28	9	13	12	31	8	3	26	48	32	18	32	5	28	5	18	34	24	15	40	27	0	23	28	2	1	24	45	
10	30	14	17	9	9	24	4	32	25	24	3	23	33	22	39	27	14	12	4	6	17	3	9	3	8	13	14	32	9	18	20	12	12	0	25	25	3	24	7	
14	28	12	23	7	8	19	35	42	13	22	20	21	20	22	37	20	20	25	22	39	15	1	22	35	1	11	12	33	7	22	25	10	8	23	0	23	17	19	18	
8	38	23	33	18	15	25	36	1	37	23	7	16	31	4	3	34	28	19	25	5	26	12	22	29	30	22	23	24	18	33	43	21	21	28	21	0	24	6	35	
1	33	4	25	20	21	42	43	21	30	17	26	34	12	25	7	9	24	34	20	41	28	14	25	37	7	16	25	41	20	35	11	23	2	21	27	18	0	16	41	
16	25	11	28	9	10	31	14	10	36	24	31	23	34	28	34	27	16	11	23	41	11	3	23	10	6	1	14	15	9	4	10	12	12	25	11	25	24	0	30	
7	14	20	4	7	16	37	45	5	19	30	29	29	4	28	20	33	38	6	22	40	9	9	11	29	7	16	20	12	15	5	23	18	13	22	31	29	16	30	0	
M1
0	22	28	23	5	17	24	38	24	32	8	1	25	26	24	15	42	19	28	9	4	31	2	25	35	14	40	33	31	2	23	26	14	34	14	20	3	26	41	13	
12	0	10	5	12	38	6	22	6	6	12	11	7	8	6	6	35	17	3	16	3	30	7	14	26	9	19	15	23	17	3	22	4	22	5	2	19	8	30	10	
12	19	0	8	15	34	9	4	9	1	15	14	21	11	9	29	24	13	31	22	24	9	1	24	26	27	5	18	26	32	21	10	4	25	33	5	22	11	8	22	
33	22	19	0	5	31	20	22	15	37	21	20	27	19	5	17	34	6	34	28	18	12	27	31	28	5	6	13	17	36	22	27	30	23	15	31	18	15	45	20	
22	5	12	7	0	17	8	30	8	17	14	13	20	10	8	20	43	19	17	21	17	23	9	12	34	23	11	4	25	29	17	21	18	21	15	4	21	10	33	10	
30	38	5	27	1	0	28	9	28	9	25	15	9	1	28	28	32	27	5	34	25	4	29	22	22	23	27	26	5	13	23	23	39	23	28	24	10	30	8	37	
39	24	4	10	14	6	0	22	25	35	9	30	14	22	22	34	46	22	14	14	2	32	5	5	35	42	39	13	29	32	14	38	23	30	35	21	34	27	17	12	
26	11	15	11	3	1	12	0	11	3	17	16	10	11	12	26	33	22	9	24	23	36	13	25	11	29	25	21	28	24	19	11	24	15	17	8	21	14	27	25	
36	15	3	1	29	31	18	37	0	27	5	4	11	5	23	30	34	10	27	12	14	27	22	37	45	29	15	31	40	36	26	25	28	15	29	19	12	7	41	16	
34	17	5	3	9	15	20	18	1	0	7	4	13	7	25	27	22	2	29	2	16	29	24	25	32	29	17	9	6	38	7	27	20	17	31	21	6	9	31	18	
30	33	5	23	21	9	18	33	21	34	0	26	33	2	25	39	12	32	7	27	36	24	20	23	26	12	23	30	40	6	31	23	25	23	40	39	26	29	35	8	
27	6	25	18	27	46	5	37	21	13	11	0	22	19	21	13	35	32	9	16	8	26	22	15	23	7	34	30	34	25	4	37	19	37	20	17	34	23	38	25	
3	23	10	12	19	24	13	25	10	16	16	11	0	15	13	33	14	21	12	6	25	36	14	22	21	31	14	12	10	18	4	29	11	26	35	9	17	15	37	11	
30	9	4	18	17	38	2	37	16	19	22	21	9	0	24	24	16	18	9	29	21	38	25	15	19	11	17	23	41	20	4	40	22	19	23	20	29	21	7	8	
23	11	16	25	26	3	26	25	26	26	32	31	27	22	0	25	11	31	14	20	23	19	9	34	11	10	2	23	43	37	23	34	24	18	25	22	25	4	34	21	
38	29	25	20	29	24	15	24	21	35	15	8	27	23	24	0	14	21	31	7	17	21	22	39	1	11	32	33	10	43	6	33	19	25	20	20	32	26	26	7	
40	20	23	21	19	24	9	4	19	35	25	24	31	12	4	10	0	14	32	9	22	5	24	41	3	17	22	26	32	36	2	28	11	13	28	22	12	6	6	20	
18	24	14	2	7	4	22	35	25	11	7	10	28	10	1	31	14	0	36	38	4	36	26	15	34	17	35	9	42	14	32	40	4	32	38	21	13	9	22	10	
6	2	7	7	23	16	17	2	5	17	11	10	3	11	17	17	24	16	0	18	14	33	18	7	29	8	2	14	34	26	14	31	15	13	16	13	8	11	1	21	
13	1	20	13	16	25	16	26	16	13	17	21	16	3	16	9	5	27	13	0	13	11	17	24	10	6	29	25	9	14	2	16	14	32	15	12	29	18	17	19	
33	12	20	18	26	28	20	10	16	27	20	21	25	11	20	27	4	19	24	29	0	26	21	20	5	30	32	23	37	37	23	24	25	26	26	16	29	22	27	16	
29	13	8	14	16	32	15	34	15	28	21	1	17	17	1	28	24	26	25	25	25	0	16	30	38	26	31	4	22	36	23	5	6	6	3	11	28	17	13	10	
31	34	9	21	1	22	19	24	19	40	12	16	23	2	18	17	3	22	36	21	14	14	0	9	6	9	25	4	3	12	22	1	22	29	31	20	17	26	17	21	
38	24	4	20	38	40	37	38	18	2	24	20	30	24	38	7	25	29	34	31	25	6	13	0	27	17	34	25	36	12	32	44	37	34	3	35	13	19	33	33	
19	11	9	4	11	5	5	5	5	26	11	10	17	4	5	25	40	2	12	7	17	29	3	20	0	23	21	14	22	26	11	15	21	6	25	1	16	7	7	16	
25	13	15	10	17	1	11	27	11	28	17	16	23	13	11	7	18	15	18	24	25	39	1	4	4	0	27	20	14	36	9	27	25	24	27	7	24	13	8	24	
30	22	16	8	18	40	3	30	16	29	22	21	27	18	16	5	33	16	34	24	31	35	8	31	25	34	0	21	30	36	18	13	5	32	35	12	10	18	34	8	
34	18	13	16	39	11	5	30	23	33	29	16	12	15	14	3	35	34	30	18	30	23	27	34	23	33	18	0	32	28	28	32	31	39	32	29	29	11	35	29	
7	31	35	30	30	28	2	10	31	16	8	7	4	33	3	17	6	1	34	32	29	27	27	30	17	28	1	18	0	27	12	34	17	5	11	27	1	12	7	25	
1	23	9	12	20	21	23	5	10	25	16	2	4	16	22	10	31	7	29	13	15	30	21	12	30	20	26	33	4	0	8	5	7	2	1	24	9	14	26	2	
33	31	10	34	9	35	18	17	35	23	41	20	43	33	9	10	35	32	15	2	38	27	21	45	12	18	26	34	18	41	0	23	23	14	4	31	11	17	10	36	
21	17	2	4	13	11	2	14	7	30	4	12	7	9	1	27	23	5	29	4	22	9	8	22	17	25	14	16	1	35	19	0	5	23	15	3	20	9	5	20	
14	2	21	6	21	43	17	4	17	1	23	22	18	3	9	17	2	28	14	27	11	8	18	25	22	12	5	26	22	28	9	22	0	32	14	13	30	19	25	21	
21	27	14	5	15	31	17	30	17	42	23	15	29	19	10	37	13	28	17	10	11	29	4	32	8	20	13	4	8	41	4	33	33	0	17	13	28	19	12	13	
20	7	6	4	15	28	20	16	2	11	8	7	14	6	6	22	6	8	19	15	8	28	23	16	26	23	18	22	25	27	18	28	11	18	0	18	15	10	29	1	
17	13	7	2	9	35	3	27	3	28	9	8	15	5	3	23	38	14	25	16	18	31	4	18	29	21	19	12	20	37	15	19	26	19	27	0	16	5	40	16	
14	23	8	2	7	8	29	9	30	8	32	28	5	4	1	38	14	12	2	34	8	31	8	24	21	29	40	42	34	34	23	47	27	18	27	34	0	37	37	41	
12	2	9	6	14	15	17	27	5	2	11	10	17	11	8	2	28	16	14	9	9	9	18	15	22	18	17	26	11	28	14	20	15	21	11	13	18	0	39	21	
26	34	15	21	12	15	19	22	24	44	21	20	24	2	18	28	1	22	30	8	17	23	25	33	19	16	31	21	18	31	10	1	22	29	31	20	23	24	0	26	
13	2	4	3	23	13	17	3	17	10	19	1	18	19	3	17	41	16	4	26	14	41	18	9	27	9	3	19	14	17	14	33	15	33	16	13	22	10	17	0	
M2
0	16	6	20	26	4	27	20	15	30	6	8	10	13	7	29	32	25	15	24	21	24	9	20	9	13	17	29	30	2	37	38	21	12	10	7	13	8	5	10	
10	0	27	12	18	13	24	38	24	28	1	19	20	38	15	39	5	30	42	28	12	32	19	28	4	23	11	27	28	12	22	21	16	1	6	4	23	1	3	5	
39	28	0	30	12	32	45	12	16	10	14	17	41	17	27	18	34	23	15	9	8	39	41	47	18	41	25	6	15	38	26	6	12	42	16	15	34	40	15	44	
17	23	38	0	32	30	28	35	17	9	8	12	26	42	31	32	27	26	39	32	24	25	6	7	8	2	20	40	9	5	30	17	11	5	13	30	12	7	22	13	
15	32	20	45	0	5	28	36	22	42	26	29	5	43	8	3	21	35	45	39	24	18	23	22	5	27	21	35	43	43	43	2	14	23	23	31	20	42	19	1	
8	19	24	3	15	0	24	32	14	12	22	25	9	32	4	18	32	21	2	35	27	13	7	21	8	7	18	40	25	25	39	25	30	27	24	8	16	17	34	9	
25	34	46	44	12	19	0	33	35	17	43	20	41	14	39	40	14	10	16	45	11	42	20	2	23	22	28	14	38	13	30	48	32	23	9	15	5	40	29	21	
34	11	4	14	35	7	48	0	28	37	25	4	16	32	32	8	29	41	44	5	36	26	7	44	28	38	25	17	1	27	39	8	2	17	30	22	21	6	27	28	
4	3	41	28	5	17	24	2	0	8	4	15	5	37	4	35	21	31	8	35	6	21	32	15	3	39	21	25	24	28	38	19	24	17	18	1	31	8	1	21	
11	31	23	34	19	35	37	23	30	0	19	17	46	33	28	25	31	12	24	25	39	18	27	34	30	31	5	32	6	20	33	1	22	20	27	25	4	13	30	18	
1	15	18	12	24	22	16	11	15	31	0	24	24	30	3	34	31	28	3	6	29	20	21	8	18	10	15	21	33	18	41	12	29	28	26	9	21	29	8	9	
26	3	12	14	29	4	34	24	10	38	9	0	36	34	14	18	21	33	41	33	28	8	24	38	20	32	22	43	43	21	37	37	32	17	22	4	3	17	19	21	
23	16	31	37	27	30	22	2	27	12	30	12	0	18	18	12	10	26	36	32	13	2	29	26	28	32	2	30	6	37	10	36	29	17	27	30	29	30	6	34	
29	34	49	3	26	33	12	24	1	31	41	27	1	0	42	9	28	2	30	19	25	20	1	9	37	31	26	24	28	27	26	35	37	21	23	24	19	5	43	26	
31	22	31	33	5	10	4	19	29	23	2	5	14	20	0	15	12	11	22	15	17	1	12	8	4	28	10	20	39	19	36	27	10	16	15	7	11	36	14	2	
12	14	16	27	22	16	33	39	22	17	27	10	26	7	13	0	5	22	37	40	22	6	1	13	13	14	14	25	26	3	13	15	22	13	11	26	14	20	1	11	
16	36	11	43	39	26	45	33	7	41	42	19	3	29	38	37	0	22	35	22	31	22	14	12	22	21	27	20	4	12	23	25	7	22	20	35	8	18	29	20	
45	27	34	40	27	32	22	37	15	41	3	19	36	12	6	28	34	0	21	31	32	23	10	26	8	30	14	19	30	34	40	12	29	10	21	24	29	4	36	22	
19	29	4	37	29	32	41	32	34	32	13	14	46	44	28	34	26	41	0	39	26	33	14	25	17	18	22	23	10	7	33	6	1	17	3	21	18	28	16	15	
7	35	36	10	25	34	31	18	26	16	46	31	24	28	42	3	42	25	14	0	43	26	31	35	34	10	39	2	13	24	36	48	30	34	25	24	2	13	36	32	
16	15	27	3	23	33	31	2	8	26	28	15	32	3	11	35	26	33	9	31	0	28	7	22	2	19	23	26	2	8	41	19	25	12	16	16	19	23	2	16	
16	18	27	21	27	2	13	6	25	32	24	1	38	5	18	4	27	15	2	12	1	0	11	17	14	15	19	29	2	4	38	11	23	14	12	19	15	14	7	12	
22	10	45	21	8	18	9	22	41	16	8	22	20	25	31	41	25	2	9	18	12	18	0	13	8	5	30	25	34	15	2	24	4	18	20	11	14	24	20	23	
4	5	45	30	25	31	11	32	1	30	19	29	10	27	21	28	1	6	29	35	12	27	25	0	13	6	26	19	27	26	12	39	1	15	22	22	18	11	21	14	
13	10	49	20	28	36	21	26	3	13	11	40	11	37	19	42	9	33	2	18	34	12	31	25	0	16	29	27	32	35	17	44	18	24	7	5	26	24	7	26	
25	2	40	27	32	10	18	24	37	27	16	21	1	34	30	11	20	30	36	43	27	4	26	22	19	0	26	21	8	27	37	36	21	16	21	19	2	16	18	11	
9	16	14	32	23	22	9	13	24	28	7	4	18	25	6	13	14	21	11	31	22	4	25	13	26	24	0	17	19	18	12	43	15	28	20	22	10	14	3	24	
15	5	33	30	8	28	35	41	12	32	18	10	7	25	16	15	10	5	14	12	7	32	10	21	13	14	18	0	14	3	6	1	13	13	11	14	14	19	20	2	
31	11	12	35	18	12	4	37	6	17	20	23	32	20	2	33	20	15	8	33	10	19	26	8	12	19	7	20	0	19	1	34	28	25	9	3	10	25	7	13	
7	19	28	26	22	20	41	34	23	24	25	2	34	40	21	22	32	36	29	32	14	24	2	13	5	6	10	30	32	0	35	46	14	5	3	20	6	23	12	3	
1	16	23	36	24	30	35	29	24	23	22	13	33	41	15	10	14	39	36	23	33	16	20	28	31	39	25	22	1	41	0	13	26	4	4	19	30	17	3	33	
35	17	8	37	22	27	15	12	7	26	19	22	18	23	1	32	29	19	29	32	9	2	8	19	21	39	5	28	29	30	7	0	25	31	22	24	22	29	4	19	
40	21	30	30	29	20	28	4	28	36	14	4	28	14	8	29	27	5	16	25	20	2	36	8	24	40	8	20	14	32	29	15	0	6	24	22	4	5	11	4	
16	4	35	29	8	21	29	31	30	26	4	17	10	18	12	24	22	39	30	8	10	25	35	33	8	35	2	32	21	28	30	38	5	0	18	16	15	18	20	22	
40	28	15	1	32	40	41	27	6	48	12	41	34	21	33	3	13	25	18	27	29	46	34	23	2	15	26	1	45	47	49	28	17	5	0	40	25	24	38	40	
13	32	1	41	17	28	18	7	22	8	24	17	28	34	31	31	34	22	14	19	5	13	17	22	9	1	22	28	27	10	13	6	29	16	18	0	21	21	19	18	
30	22	27	18	15	24	3	22	17	2	6	23	14	19	2	18	17	15	21	8	16	19	25	7	17	23	9	12	8	18	17	44	4	28	14	15	0	24	9	20	
37	23	16	32	24	24	10	32	30	8	24	6	34	26	6	20	21	22	8	31	23	2	32	14	21	34	26	26	29	25	39	36	10	5	9	18	17	0	30	14	
25	2	32	22	10	27	21	27	10	14	15	22	26	37	1	32	20	25	39	32	26	18	29	25	19	32	11	13	14	27	32	36	12	16	21	19	28	14	0	19	
16	27	4	21	30	26	18	10	27	31	27	30	33	34	9	40	7	26	4	12	16	5	28	15	29	9	25	19	29	26	18	36	20	4	29	15	25	41	39	0	
M3
0	15	24	2	8	13	12	15	2	18	10	25	6	14	14	12	10	23	22	14	15	27	24	16	18	17	4	8	15	33	20	33	28	20	13	16	18	36	20	21	
15	0	20	21	31	9	15	9	24	24	7	20	16	20	11	22	14	16	15	4	14	2	8	8	14	27	6	18	18	2	13	2	18	19	16	18	20	22	2	11	
36	35	0	27	7	11	32	29	15	17	16	35	24	30	14	10	22	16	16	7	26	20	30	9	15	13	26	23	17	32	19	4	29	21	5	5	2	11	26	6	
32	10	23	0	26	21	3	16	1	16	18	16	25	19	13	29	7	22	14	5	6	26	26	7	13	9	8	17	16	25	18	34	19	11	15	20	22	34	18	16	
32	26	22	28	0	28	30	34	3	5	14	32	24	25	2	16	26	18	9	30	30	20	25	3	9	14	19	11	5	20	7	30	18	11	2	17	15	33	24	12	
23	19	22	29	1	0	29	29	9	11	15	24	11	19	3	22	11	19	2	28	14	15	19	4	3	20	13	17	11	1	5	28	12	17	8	3	15	7	6	13	
14	24	12	19	19	29	0	29	27	9	5	8	4	13	19	18	14	15	4	19	16	5	7	27	24	5	34	16	22	33	12	20	6	20	26	30	21	21	15	16	
27	32	29	27	25	22	20	0	3	35	13	13	26	26	26	15	10	26	25	39	7	26	26	33	23	6	16	18	17	41	24	35	19	15	11	27	22	14	23	24	
15	36	11	31	14	22	11	30	0	18	17	19	27	8	12	30	5	16	13	11	18	8	8	6	12	8	33	14	20	17	23	17	1	12	8	29	22	16	13	12	
11	26	8	24	24	15	17	1	32	0	10	16	22	15	1	30	25	1	20	5	4	6	4	30	13	16	29	15	14	23	9	25	17	25	17	24	18	25	15	21	
12	10	15	5	22	27	7	26	13	21	0	17	31	12	17	21	17	13	14	17	15	8	5	15	17	21	20	2	8	31	2	25	9	6	22	25	14	24	1	2	
34	9	24	2	20	30	12	14	10	14	13	0	19	7	8	12	15	17	9	14	15	17	27	2	8	18	4	18	16	31	24	14	20	20	10	10	18	32	20	11	
4	18	2	7	6	21	17	21	14	16	9	1	0	30	13	11	18	13	20	19	6	26	23	14	20	23	22	17	16	31	18	19	27	22	13	20	17	21	19	20	
12	14	17	9	28	21	19	26	10	21	14	17	31	0	17	9	23	12	21	16	15	10	5	22	28	7	24	25	18	31	5	27	15	27	24	35	19	30	24	9	
17	31	29	30	25	33	2	2	31	25	16	32	13	26	0	15	33	20	12	19	30	32	20	5	10	24	27	25	27	20	27	19	25	26	11	1	28	10	26	14	
17	32	26	27	34	36	16	43	8	30	13	26	13	26	22	0	20	1	1	5	24	29	14	19	25	38	19	2	30	17	24	38	31	20	19	31	28	21	11	24	
4	20	37	22	44	23	14	33	4	38	15	32	26	32	28	29	0	31	27	33	27	12	29	24	25	31	37	26	32	6	26	3	33	30	32	23	22	18	19	23	
26	14	28	39	15	19	1	19	17	9	34	33	13	8	22	6	37	0	22	31	22	1	36	23	23	29	8	2	20	4	16	37	29	8	13	20	22	38	12	31	
26	24	28	19	22	17	21	30	26	21	5	22	20	26	19	31	17	27	0	22	2	22	19	13	4	8	8	13	12	15	3	4	23	20	16	14	22	36	15	16	
41	28	3	34	23	27	11	26	31	14	20	4	3	28	2	1	20	24	16	0	32	30	34	9	15	14	18	29	22	23	26	9	38	35	16	18	18	27	30	18	
17	27	28	42	11	6	13	19	19	21	30	11	10	29	18	20	30	19	9	46	0	19	29	19	25	30	19	2	1	36	23	38	22	27	18	11	26	28	9	28	
21	34	13	28	7	4	29	20	15	17	17	24	27	32	4	21	31	1	13	9	21	0	31	6	12	25	7	23	17	18	19	2	25	20	14	19	21	27	1	15	
1	32	6	37	24	16	10	32	32	10	35	6	20	6	6	29	23	2	10	15	4	22	0	28	20	21	32	15	14	20	21	23	15	24	24	24	8	24	22	15	
28	26	31	21	31	29	23	40	28	37	7	25	17	28	2	32	33	11	3	23	23	24	21	0	2	15	36	16	24	47	18	23	25	22	4	34	22	27	17	5	
3	26	17	25	9	34	27	9	17	19	11	22	5	14	15	28	15	7	18	12	22	14	12	11	0	15	13	22	3	17	8	17	7	1	14	23	8	7	21	20	
16	26	1	9	6	14	10	32	14	16	25	22	12	22	13	24	23	26	6	21	22	18	18	14	20	0	24	22	16	4	10	18	29	22	13	15	16	25	17	4	
25	29	9	41	23	18	18	27	31	32	34	23	13	21	30	32	21	8	21	29	3	21	21	31	7	35	0	14	1	19	29	18	14	37	27	1	3	29	21	28	
2	22	11	21	16	11	1	16	24	26	16	23	13	2	11	34	35	19	12	31	9	21	11	5	11	22	36	0	19	28	17	28	29	2	13	20	24	14	26	14	
27	22	6	23	6	3	19	27	5	5	22	26	23	20	3	27	2	17	18	13	30	2	20	11	17	25	19	22	0	31	18	23	13	22	5	21	6	28	23	20	
10	40	37	23	37	8	27	16	23	39	22	38	28	14	17	14	36	23	18	15	36	2	29	11	17	13	25	31	29	0	33	24	28	31	19	25	25	22	1	15	
30	6	30	13	3	28	18	8	11	6	22	35	32	33	8	24	17	13	17	25	21	22	24	11	17	22	15	2	13	8	0	35	26	10	10	14	21	31	21	20	
27	36	10	19	8	16	23	29	16	9	25	4	20	20	15	29	21	28	19	16	1	20	20	16	2	7	22	12	7	15	5	0	13	4	15	21	19	27	19	25	
9	36	5	31	8	24	18	27	16	13	17	13	23	2	14	24	3	10	18	21	12	2	2	16	13	27	32	23	18	28	20	11	0	24	15	23	16	10	27	18	
2	22	21	5	12	31	15	28	13	22	28	15	35	21	17	33	19	13	25	17	18	37	9	19	25	16	20	28	1	35	19	28	30	0	7	24	23	28	30	23	
29	23	26	7	29	27	12	30	15	7	24	22	26	17	19	13	4	20	20	19	20	23	23	13	11	23	9	28	21	39	8	17	16	25	0	21	23	23	14	3	
13	9	13	19	3	28	22	32	11	13	22	15	29	4	9	24	11	13	17	27	16	10	6	11	13	22	5	16	12	28	15	19	3	19	10	0	18	18	32	20	
14	31	8	15	26	26	23	38	23	5	34	12	1	5	19	14	13	14	23	27	17	29	7	23	19	23	11	28	23	31	17	25	28	30	22	11	0	19	1	27	
20	23	11	6	19	19	2	29	14	2	28	1	32	13	24	30	14	21	10	18	19	11	13	20	24	22	21	30	10	7	12	22	6	24	26	29	13	0	20	22	
1	33	25	28	29	32	9	27	3	19	14	18	24	30	9	1	37	4	10	30	17	21	28	3	9	22	5	23	17	35	24	26	29	29	2	5	5	29	0	12	
16	38	20	32	23	33	33	37	18	14	19	1	32	17	17	29	8	25	8	36	27	17	17	11	17	15	28	7	17	30	30	26	10	12	19	23	27	21	14	0	
M4
0	18	5	18	9	26	10	23	5	33	8	33	27	22	19	13	5	24	28	21	31	27	15	19	33	19	24	14	17	17	21	33	15	17	24	8	20	22	3	39	
24	0	21	25	10	15	29	10	32	27	38	6	5	39	1	32	21	23	13	18	35	24	25	26	25	16	25	1	29	11	22	12	9	6	12	21	20	24	19	22	
3	23	0	3	6	10	38	22	12	28	44	42	24	24	10	37	30	19	31	33	14	22	18	19	27	14	35	23	33	36	23	32	31	11	41	7	42	26	31	36	
25	24	11	0	23	9	32	18	27	26	12	31	22	7	4	37	24	7	31	35	1	23	12	27	27	36	6	26	23	37	25	26	4	5	4	25	27	27	32	35	
33	13	18	23	0	28	30	30	39	8	7	10	33	34	11	34	25	15	17	42	27	27	9	30	33	23	24	24	12	19	26	7	34	3	15	11	6	34	5	14	
29	7	15	13	16	0	14	12	31	21	17	2	25	7	27	5	17	14	9	15	31	5	20	25	9	15	3	16	14	17	13	8	32	1	18	25	12	7	12	16	
33	11	17	23	28	19	0	23	20	33	21	6	22	43	24	19	17	19	13	12	16	15	25	29	29	19	24	20	27	9	27	12	10	8	27	18	15	30	19	36	
12	20	18	16	35	24	14	0	34	27	35	28	29	32	1	8	10	19	21	9	35	25	23	28	6	26	26	23	17	20	16	21	30	7	11	22	15	10	15	33	
25	8	21	19	20	12	26	25	0	33	17	17	25	26	7	27	26	17	20	9	14	14	26	2	34	21	1	5	3	9	6	23	6	19	4	6	20	13	18	37	
23	26	31	11	26	30	42	23	13	0	27	21	10	32	36	30	25	19	28	9	4	26	24	34	9	24	28	26	22	20	6	27	13	24	30	6	37	23	25	35	
20	12	10	8	11	8	34	14	26	7	0	20	16	25	12	6	21	2	23	10	22	14	15	12	3	6	4	16	9	12	11	13	25	19	19	20	13	2	7	9	
23	1	12	26	29	32	35	16	34	23	35	0	19	37	21	41	11	19	3	28	25	17	15	19	19	9	33	10	27	23	18	2	28	31	30	31	29	20	9	31	
29	7	13	20	35	11	14	9	38	29	41	2	0	32	27	18	17	22	9	14	30	23	21	23	4	15	23	10	21	10	23	8	34	21	17	20	8	14	15	37	
4	7	6	26	24	16	9	15	17	21	35	2	5	0	7	12	17	23	9	10	23	11	12	25	15	15	27	5	6	12	15	5	2	6	8	21	19	26	11	5	
26	16	3	8	35	26	11	15	30	9	30	17	13	23	0	17	3	20	10	14	31	7	19	21	27	22	8	5	13	16	4	5	23	21	27	4	24	6	11	15	
23	24	17	13	39	19	26	4	42	18	47	30	17	18	33	0	31	5	34	11	38	23	21	20	37	29	18	35	31	34	2	34	21	14	7	21	1	24	29	36	
2	25	12	21	30	33	3	19	25	2	36	33	21	33	23	10	0	4	2	27	34	5	31	18	30	11	7	41	32	25	18	34	28	30	23	4	5	38	11	5	
23	9	22	18	4	21	30	20	5	5	18	21	8	4	2	35	22	0	22	18	1	21	7	23	24	13	23	6	25	11	21	24	9	22	19	16	23	18	23	3	
20	13	24	24	1	23	21	25	13	1	6	8	27	38	22	15	23	14	0	28	37	21	27	16	9	21	8	21	29	20	23	12	13	31	28	21	22	25	21	35	
20	11	22	17	30	32	22	23	4	21	1	6	10	30	27	13	21	22	13	0	10	26	25	14	29	18	3	20	5	22	1	12	17	4	25	23	20	30	19	38	
18	29	18	34	7	20	31	4	38	39	21	24	7	13	23	42	12	36	27	34	0	7	5	30	32	25	16	11	33	30	15	30	18	41	19	32	19	35	16	42	
32	13	27	1	19	15	37	25	33	19	22	26	28	34	30	15	19	14	30	7	6	0	26	8	28	31	12	24	13	28	23	5	8	18	28	18	18	23	14	22	
21	16	14	8	11	19	38	20	3	15	27	17	2	1	24	41	25	28	24	14	13	20	0	9	15	12	1	27	13	16	15	15	9	23	3	9	11	6	11	28	
14	20	18	16	38	18	2	10	11	12	48	35	18	32	1	32	21	32	12	18	35	23	16	0	7	18	20	23	17	20	19	21	28	19	17	17	9	10	14	18	
35	20	22	15	41	26	22	28	37	11	12	18	32	8	2	36	6	6	6	10	43	26	22	38	0	28	27	24	32	23	23	24	34	34	37	3	28	25	30	34	
8	39	26	16	27	43	31	2	28	8	24	34	4	26	6	40	24	17	13	15	36	2	42	4	13	0	18	28	36	39	3	28	22	16	45	19	24	29	34	16	
5	19	17	15	28	5	30	14	16	28	35	24	8	21	20	4	28	15	19	2	34	33	22	1	34	25	0	6	16	8	12	20	29	19	17	7	11	9	4	26	
18	22	11	26	12	31	30	23	41	37	25	30	36	29	24	13	17	24	28	17	18	36	11	9	40	29	37	0	32	22	7	2	29	33	26	3	1	37	8	34	
16	22	28	11	24	11	28	8	31	16	32	17	12	9	14	12	28	13	1	23	2	10	22	12	21	2	16	17	0	1	11	23	20	2	19	2	9	20	24	24	
35	13	24	6	38	2	47	12	22	17	35	8	31	33	19	24	23	4	3	17	28	29	16	23	22	21	7	22	10	0	16	14	32	3	36	2	31	21	15	33	
33	11	2	19	14	15	5	25	35	24	35	6	29	30	22	33	21	17	13	20	23	27	25	16	29	19	4	11	5	5	0	9	16	11	4	15	16	14	19	15	
16	14	17	24	23	18	22	10	35	12	5	9	12	14	9	26	6	25	16	1	1	10	21	12	8	2	13	12	1	18	8	0	30	19	29	19	26	32	22	9	
5	23	21	23	18	31	38	9	21	8	8	30	11	33	13	17	13	24	15	7	43	9	36	11	20	1	25	23	32	22	10	35	0	23	29	26	24	36	8	4	
29	7	18	14	9	14	41	22	12	29	24	2	23	35	27	36	17	16	9	18	16	23	21	25	10	15	19	16	15	4	5	8	6	0	36	14	24	26	15	31	
18	17	15	13	17	27	17	12	14	18	30	23	14	10	16	32	26	18	4	4	8	12	19	14	8	4	10	21	14	17	1	18	21	4	0	25	26	7	12	13	
25	14	12	10	33	4	26	8	26	15	12	30	11	30	25	39	23	12	5	12	29	17	13	22	39	20	23	15	11	14	13	15	34	21	4	0	13	4	9	1	
5	11	16	27	15	30	30	13	26	15	35	6	14	5	11	41	21	28	13	26	29	12	3	1	24	5	29	20	28	31	14	12	5	9	31	4	0	21	19	12	
22	6	4	2	25	16	28	20	20	21	42	22	22	22	17	31	15	18	17	4	21	20	9	14	31	12	21	17	3	6	5	7	26	13	17	14	19	0	1	29	
19	5	3	8	14	13	29	24	34	29	47	20	36	39	6	33	26	16	15	29	32	30	18	34	28	30	19	28	14	4	11	26	31	15	11	14	29	29	0	38	
15	20	28	12	34	6	7	9	18	15	16	36	6	29	12	13	23	24	20	22	38	9	29	11	2	1	25	4	24	20	10	5	29	23	5	25	14	20	15	0	
M5
0	9	17	10	30	22	16	18	24	16	14	30	31	21	28	16	22	14	4	29	6	6	11	26	18	14	13	29	19	21	38	3	12	21	25	22	3	11	16	6	
14	0	38	32	25	22	27	1	26	26	23	38	9	14	10	2	4	30	17	11	29	6	24	26	6	43	26	11	17	3	26	3	25	30	41	48	14	21	29	16	
15	20	0	20	23	25	15	21	31	14	28	27	37	15	16	22	5	17	18	12	30	20	23	23	16	13	15	12	27	6	25	26	24	23	25	36	15	9	13	15	
11	23	47	0	8	20	6	27	11	17	6	40	31	3	27	22	19	6	25	26	10	12	30	11	16	34	28	11	34	28	4	30	30	11	8	27	10	12	27	34	
38	34	31	43	0	42	14	10	15	27	20	29	37	14	14	24	43	20	39	41	14	48	30	29	34	26	35	46	16	7	19	35	11	39	19	34	30	35	40	10	
36	23	39	17	8	0	19	9	21	18	33	35	36	26	21	22	26	27	23	17	5	10	19	16	20	32	25	15	42	7	38	43	31	29	27	26	32	13	28	41	
1	18	26	17	19	1	0	24	29	11	13	13	22	8	4	23	32	26	13	36	8	18	3	31	27	29	4	23	26	32	11	13	21	28	29	9	22	20	21	8	
19	13	28	31	19	40	26	0	20	13	7	16	6	30	9	25	32	16	13	17	14	15	20	12	27	17	19	24	17	32	4	30	1	5	7	12	6	20	2	29	
22	18	27	1	24	3	28	6	0	18	25	21	38	17	4	30	26	8	15	6	13	20	3	17	29	11	24	11	32	22	25	35	18	24	19	6	3	22	7	2	
4	25	28	31	31	17	31	17	17	0	16	28	23	19	20	26	9	35	22	16	33	13	2	24	22	28	31	16	30	5	31	13	25	3	26	3	12	26	14	21	
31	22	21	14	34	4	28	33	23	25	0	7	28	3	27	16	21	30	17	8	39	14	24	27	29	6	12	28	19	28	1	26	25	14	23	30	26	22	17	15	
14	8	40	3	21	18	6	5	7	10	25	0	4	16	1	18	21	11	15	17	15	11	19	14	12	19	22	17	9	22	32	33	15	21	16	28	24	5	4	29	
21	27	8	35	27	27	11	30	21	13	16	30	0	5	22	28	11	32	24	3	36	23	31	36	21	28	16	18	3	10	37	3	32	35	6	6	9	24	28	26	
43	15	30	15	23	27	10	20	22	9	25	5	7	0	33	19	33	3	17	23	29	30	4	6	11	9	26	29	33	23	31	3	25	9	5	21	26	4	20	16	
12	34	43	8	38	34	29	34	43	28	6	18	43	32	0	28	27	37	36	25	36	23	43	37	28	43	6	30	28	10	16	31	9	39	42	13	1	23	39	5	
29	6	30	13	12	31	8	18	18	7	11	17	31	7	18	0	19	14	1	9	10	16	4	13	9	18	10	26	33	13	29	31	8	9	4	19	10	2	3	30	
5	13	41	23	19	21	18	28	28	17	18	29	38	5	6	12	0	21	8	2	20	24	15	23	8	35	17	2	44	27	21	38	16	21	32	39	5	12	20	10	
5	1	21	16	17	20	15	24	2	14	30	29	32	18	19	24	8	0	21	15	11	29	28	12	16	37	30	6	37	13	23	26	6	10	7	3	18	9	25	23	
25	1	29	14	22	32	9	19	16	8	6	22	26	13	23	18	15	9	0	22	28	20	3	18	10	23	5	22	32	15	30	26	4	25	20	27	5	3	8	30	
33	4	30	17	9	35	12	22	7	11	27	32	35	36	25	7	30	20	19	0	18	15	4	32	6	11	18	20	33	26	27	29	1	27	24	12	23	6	22	1	
13	15	18	4	27	29	23	33	30	22	20	36	3	13	14	15	3	15	10	4	0	32	17	31	16	10	19	10	4	29	29	23	18	29	5	22	13	17	22	17	
11	2	45	22	14	27	17	25	19	16	24	4	21	6	12	15	1	1	14	8	26	0	21	16	14	21	23	8	29	8	16	15	17	2	14	12	11	11	6	1	
17	18	4	7	26	33	13	23	33	12	20	29	34	17	7	22	7	21	20	14	13	4	0	15	14	4	26	3	7	17	33	28	11	3	27	28	17	7	15	7	
38	8	25	13	21	31	8	2	2	7	20	8	21	6	33	14	28	16	10	4	17	3	17	0	9	3	19	35	19	22	29	10	18	14	22	28	17	2	18	36	
29	30	49	30	3	6	25	21	20	24	24	6	16	16	46	34	46	2	28	30	38	21	35	26	0	11	33	23	4	20	15	8	36	16	45	7	13	19	35	38	
13	13	28	13	17	8	5	18	29	7	1	20	31	32	10	10	33	16	15	20	16	4	15	11	6	0	24	40	20	16	29	11	22	25	23	29	21	2	11	19	
17	17	14	14	23	20	24	14	24	17	6	20	41	17	18	13	7	23	17	10	13	19	9	11	5	21	0	14	29	7	31	26	17	23	14	44	17	18	6	22	
34	23	20	22	31	45	24	36	6	16	17	28	3	3	29	33	24	30	25	17	36	27	32	20	26	27	34	0	40	31	36	36	25	13	26	17	34	20	14	13	
12	21	22	16	46	45	8	27	32	33	31	47	25	7	18	28	23	46	36	10	35	11	39	45	15	42	42	13	0	35	15	36	27	23	18	17	2	38	35	38	
19	8	28	34	33	33	29	17	3	28	8	33	37	11	2	26	9	23	22	16	9	29	23	29	22	25	31	3	5	0	35	33	19	20	7	5	11	23	19	1	
17	28	24	28	36	13	6	16	3	22	18	41	3	27	28	32	17	13	27	8	42	7	30	23	24	23	16	17	29	20	0	2	9	10	28	18	27	17	33	14	
19	8	30	15	23	6	10	20	28	9	25	7	30	8	20	19	9	18	17	13	27	1	24	6	11	14	17	16	16	21	27	0	25	7	32	27	19	4	20	15	
32	9	41	33	10	42	30	32	32	12	27	26	19	1	9	6	27	17	17	21	33	30	24	16	5	3	26	6	28	12	20	7	0	26	21	41	26	24	17	12	
31	14	24	8	6	32	9	19	31	8	10	30	18	28	4	11	21	17	11	22	28	32	18	29	1	29	20	23	1	23	4	30	19	0	5	7	20	3	19	36	
30	13	44	13	21	31	8	3	28	7	1	29	31	5	17	15	20	2	15	1	27	27	22	25	9	22	10	27	2	22	5	31	23	7	0	29	16	2	15	35	
27	30	24	41	18	4	20	28	12	42	40	14	8	37	41	40	35	43	30	11	27	19	30	20	37	21	39	12	38	37	36	5	38	11	19	0	30	37	35	7	
11	2	8	35	33	27	4	25	34	27	16	30	33	23	24	26	13	32	23	20	20	21	25	26	8	14	19	20	37	21	7	27	2	29	8	20	0	24	16	21	
39	9	40	9	17	27	4	14	31	3	19	28	37	28	29	13	29	12	11	17	23	27	18	24	5	26	20	36	45	18	25	34	19	21	26	25	20	0	14	41	
21	2	35	20	8	30	15	25	9	2	12	5	26	19	6	21	21	15	2	6	13	4	9	1	16	6	11	28	30	21	36	27	2	8	3	33	11	9	0	18	
17	27	28	6	33	28	22	24	2	21	4	30	29	20	6	30	31	27	22	26	12	28	2	6	19	28	6	5	7	18	39	33	27	25	28	4	1	16	16	0	
