40  4  1
4
	0	3	1	36	2	11	3	61
	0	78	1	75	2	10	3	37
	0	54	1	8	2	12	3	76
	0	55	1	71	2	55	3	74
	0	90	1	37	2	89	3	52
	0	44	1	61	2	57	3	92
	0	79	1	40	2	36	3	47
	0	58	1	29	2	59	3	3
	0	71	1	95	2	18	3	58
	0	7	1	88	2	94	3	53
	0	16	1	86	2	83	3	67
	0	52	1	20	2	12	3	56
	0	95	1	99	2	52	3	5
	0	80	1	82	2	87	3	25
	0	96	1	79	2	89	3	7
	0	19	1	63	2	4	3	14
	0	12	1	39	2	58	3	84
	0	80	1	95	2	31	3	63
	0	80	1	28	2	58	3	96
	0	29	1	27	2	65	3	51
	0	40	1	53	2	35	3	37
	0	97	1	48	2	68	3	58
	0	36	1	60	2	85	3	16
	0	11	1	72	2	79	3	28
	0	38	1	68	2	29	3	56
	0	65	1	76	2	9	3	41
	0	3	1	64	2	75	3	92
	0	19	1	94	2	11	3	89
	0	68	1	46	2	56	3	76
	0	28	1	70	2	48	3	66
	0	62	1	34	2	59	3	90
	0	5	1	66	2	18	3	52
	0	69	1	25	2	20	3	67
	0	12	1	24	2	85	3	13
	0	3	1	13	2	17	3	10
	0	86	1	87	2	71	3	3
	0	27	1	64	2	30	3	28
	0	91	1	75	2	43	3	75
	0	95	1	39	2	93	3	75
	0	10	1	19	2	74	3	92
SSD
M0
0	29	34	19	58	26	37	22	10	50	26	14	26	27	36	63	26	44	30	30	36	20	2	32	50	12	4	12	31	25	46	23	17	47	16	7	37	16	30	15	
29	0	46	30	39	35	32	31	7	51	35	8	43	39	56	6	7	36	42	29	36	39	34	13	34	44	23	29	24	6	36	26	36	23	28	39	15	40	5	45	
23	46	0	6	1	28	48	39	36	52	47	24	32	29	25	53	21	49	25	32	38	37	28	37	52	38	30	17	38	3	44	49	43	31	18	33	39	40	36	21	
30	6	29	0	16	21	33	20	28	21	33	17	35	22	41	4	27	30	29	25	31	30	14	36	32	32	37	22	37	20	32	50	10	31	11	40	7	28	42	42	
16	8	37	14	0	24	27	16	25	31	29	1	20	6	34	5	29	40	39	15	47	4	21	36	16	31	23	16	14	36	23	6	36	66	27	26	33	31	13	9	
14	13	9	25	41	0	17	39	27	5	32	31	14	44	27	31	27	14	13	26	30	28	19	15	31	12	21	29	25	23	50	17	34	36	33	24	20	33	24	32	
62	58	48	60	78	43	0	41	39	74	31	16	34	35	48	74	54	13	44	22	70	50	47	59	64	58	69	39	60	24	65	52	20	78	59	72	47	61	54	23	
17	49	11	31	64	46	13	0	25	56	17	34	39	28	56	68	38	49	50	42	47	36	22	38	33	32	24	32	51	45	41	43	37	59	36	27	11	36	50	35	
40	23	25	22	40	17	40	26	0	31	30	13	40	18	37	1	23	40	35	21	27	22	25	31	29	28	42	11	33	16	31	45	53	24	7	44	12	35	38	40	
2	34	31	24	59	22	5	27	15	0	20	19	27	32	41	22	31	2	1	19	41	25	7	37	19	17	9	17	36	11	38	28	22	52	21	12	8	21	35	20	
39	38	5	18	31	18	42	37	37	59	0	35	41	39	46	35	35	39	24	15	46	3	8	23	52	11	46	39	40	27	27	32	32	31	39	49	49	58	39	30	
16	41	11	14	35	36	19	35	23	7	13	0	34	39	55	19	5	14	15	5	32	2	21	9	33	31	17	25	22	25	36	35	30	37	29	12	6	35	20	34	
13	25	24	27	4	33	16	38	26	4	3	30	0	3	49	33	27	6	12	28	31	3	18	37	30	3	20	17	20	22	15	19	12	37	32	23	2	32	26	31	
30	32	35	34	63	27	34	23	11	22	27	23	8	0	21	44	33	17	30	31	37	21	33	39	34	10	5	19	34	26	21	26	18	48	17	40	1	31	33	23	
40	22	36	24	45	28	30	50	16	31	56	24	50	29	0	40	3	40	22	25	32	37	10	34	30	39	47	29	20	27	6	55	60	37	18	21	27	40	18	43	
29	3	21	25	20	10	32	6	25	37	10	9	31	14	33	0	19	36	17	17	23	22	34	13	9	24	36	14	29	12	11	42	33	57	3	24	23	15	34	20	
33	46	59	11	30	41	15	54	46	66	58	14	35	22	39	29	0	44	43	10	25	22	26	61	52	48	40	48	5	28	27	40	53	38	47	43	37	25	3	51	
47	63	26	3	57	30	50	45	48	65	64	10	15	51	15	41	43	0	25	48	33	51	52	31	49	18	42	47	60	63	54	63	55	79	54	57	24	54	58	44	
48	56	61	40	31	8	51	16	16	39	60	35	44	32	38	68	35	11	0	47	20	54	9	45	15	61	38	28	52	56	10	56	21	21	50	54	16	46	34	47	
11	7	26	9	45	18	39	16	24	33	24	14	40	19	31	23	24	5	4	0	28	8	16	39	13	26	18	19	9	17	47	1	31	61	8	21	29	30	8	29	
54	17	13	36	68	40	43	46	44	48	59	36	39	3	22	75	46	57	50	44	0	40	43	46	71	51	58	26	52	39	15	44	37	50	30	18	12	39	51	28	
13	17	13	19	54	31	47	38	26	43	34	20	33	32	41	30	34	8	46	20	17	0	18	28	58	28	20	28	19	30	29	11	33	63	21	23	42	32	18	31	
19	17	39	19	35	31	28	27	15	43	31	27	46	27	25	51	21	24	42	10	25	25	0	9	12	32	9	23	19	11	24	11	22	52	21	9	18	37	18	37	
5	37	42	10	15	34	8	16	18	58	34	22	34	24	44	42	1	12	29	23	12	28	10	0	55	20	12	5	18	21	39	31	25	46	24	15	45	24	16	23	
13	9	47	1	2	18	28	36	26	35	26	30	42	43	33	32	21	32	35	12	32	36	18	9	0	10	20	11	11	36	45	3	24	55	32	23	32	26	10	31	
26	22	11	24	50	43	43	43	39	48	10	43	36	51	28	47	36	47	11	25	47	29	31	24	60	0	33	38	24	53	50	16	2	57	45	36	20	45	23	25	
22	24	27	26	57	19	30	15	3	43	19	15	51	20	39	58	25	43	35	23	29	13	27	31	58	30	0	11	26	18	45	18	10	40	9	32	30	40	25	40	
17	40	43	14	27	35	20	28	19	53	24	31	45	36	52	54	13	13	5	8	24	29	22	1	31	16	13	0	7	33	15	34	26	56	25	27	46	10	28	34	
40	65	29	30	24	28	34	57	47	31	15	27	54	25	55	48	7	6	29	29	18	12	22	32	20	42	44	12	0	34	46	59	57	57	25	7	46	41	22	58	
42	25	51	41	31	66	21	12	20	37	64	27	48	61	80	66	32	46	45	54	18	17	36	26	45	57	49	42	49	0	27	68	62	69	61	52	52	9	47	55	
14	27	33	29	30	25	13	39	27	23	43	21	43	26	45	15	29	32	22	29	35	31	19	39	36	4	21	26	29	24	0	21	34	15	15	24	36	28	28	32	
5	1	39	3	39	34	39	30	18	27	18	22	34	35	25	35	18	36	35	4	44	28	10	40	46	20	12	20	3	33	54	0	25	55	24	15	42	24	2	23	
16	23	4	25	47	15	19	25	27	7	10	11	41	10	7	8	21	16	15	19	25	14	17	36	33	26	23	16	25	14	38	17	0	40	5	26	22	35	24	34	
25	45	54	15	38	20	28	20	12	16	43	2	31	36	53	40	2	25	24	14	35	36	30	12	9	28	32	8	19	34	37	44	45	0	44	35	31	37	10	43	
40	42	15	19	54	7	40	29	19	31	35	3	46	8	27	54	13	40	32	11	17	16	45	28	46	18	40	8	23	6	42	36	53	63	0	50	18	33	28	58	
22	18	42	20	21	34	1	30	18	44	34	20	19	13	42	52	35	52	50	18	44	28	12	39	60	37	12	26	20	17	37	12	25	55	24	0	45	41	16	34	
27	19	48	24	44	16	30	45	40	18	45	14	1	50	36	36	30	27	22	12	9	49	18	18	44	42	34	34	47	29	3	42	47	64	46	37	0	3	38	45	
48	11	51	37	45	6	25	59	50	55	33	25	64	10	7	35	44	44	36	39	53	33	1	32	5	47	44	12	38	34	46	46	17	36	33	17	36	0	53	65	
16	14	23	16	34	15	27	7	27	39	31	11	45	16	35	48	20	31	40	17	2	24	21	8	49	26	23	16	16	14	50	8	36	28	5	26	26	35	0	34	
50	60	44	48	67	11	52	8	6	41	50	32	1	37	15	50	25	32	35	35	38	38	55	57	67	47	57	37	42	35	32	57	68	75	26	60	14	44	40	0	
M1
0	33	55	2	3	69	39	41	61	41	10	50	45	11	39	36	42	1	7	16	62	31	45	43	48	28	40	46	85	60	51	48	18	16	28	53	29	4	44	12	
74	0	59	50	49	6	55	51	48	48	64	12	55	62	36	31	68	36	18	32	57	10	56	46	71	57	33	7	6	28	18	73	80	55	35	49	28	2	46	56	
27	7	0	44	50	10	50	54	48	12	2	67	83	64	54	70	47	52	12	74	59	79	24	32	12	80	63	73	88	46	13	61	21	56	58	4	54	64	72	51	
78	22	97	0	49	75	43	51	2	57	73	21	27	46	64	69	68	68	60	44	44	60	41	55	71	57	53	6	61	23	44	50	81	47	35	39	90	3	53	67	
76	29	68	35	0	29	16	49	43	49	75	25	5	74	54	44	69	17	16	68	50	25	54	43	8	65	45	46	45	64	48	50	91	68	43	28	17	61	4	20	
48	46	31	67	39	0	51	78	63	51	41	39	53	26	49	84	63	52	46	26	32	36	60	37	51	64	58	2	21	77	46	38	60	18	70	43	76	44	17	60	
87	10	52	35	38	70	0	45	12	71	62	58	7	49	32	3	28	7	54	30	44	71	67	33	33	42	10	48	88	65	16	52	47	81	39	64	13	69	78	54	
53	34	59	4	49	35	53	0	18	23	41	6	19	42	61	60	19	45	5	8	57	10	43	40	40	2	40	27	65	58	29	44	74	49	37	50	47	61	8	36	
16	13	67	42	39	50	1	41	0	33	12	26	24	12	5	36	58	48	11	47	62	78	25	47	7	47	51	30	73	39	49	4	70	16	25	66	53	48	39	64	
40	62	53	5	51	37	73	41	30	0	37	70	54	12	74	48	53	40	7	50	67	4	29	33	61	59	43	29	9	48	44	67	27	28	64	45	49	79	57	51	
76	62	47	24	66	65	37	34	43	67	0	62	79	60	69	56	26	19	62	32	32	73	47	5	8	13	64	31	86	66	68	17	30	57	67	15	83	85	70	44	
60	8	61	44	25	73	37	27	68	16	32	0	23	42	35	51	44	57	41	26	31	61	63	14	47	33	16	1	59	42	3	63	48	23	11	49	56	63	14	27	
78	37	58	2	65	55	52	67	37	58	40	37	0	63	58	69	15	76	46	7	69	9	44	5	6	73	29	47	7	63	60	12	33	59	51	49	5	23	66	71	
11	28	19	41	33	37	14	35	56	27	29	5	48	0	60	48	52	48	39	2	15	64	39	39	39	41	34	9	51	67	28	34	48	29	19	31	67	51	12	41	
24	23	8	60	5	6	50	70	64	28	18	63	47	2	0	71	63	20	28	52	67	67	40	30	3	67	70	59	33	62	13	20	37	21	74	20	59	21	41	51	
48	11	61	38	2	22	50	37	13	16	40	61	44	52	74	0	31	32	55	46	46	64	65	23	39	29	9	40	22	1	65	18	5	40	21	40	13	45	43	59	
72	52	37	71	14	52	18	54	62	4	32	76	56	42	4	61	0	65	57	63	86	63	58	63	50	60	68	63	86	13	57	25	66	77	38	40	41	86	12	71	
30	2	36	60	69	43	66	32	48	8	46	30	27	57	2	27	56	0	56	21	37	13	58	10	17	63	53	13	25	58	53	48	53	37	58	48	32	35	64	73	
59	64	49	4	16	67	38	53	67	55	40	78	56	62	49	30	40	12	0	70	41	39	10	8	40	67	60	46	61	25	36	58	78	66	45	61	14	78	32	73	
94	5	67	77	51	81	18	66	65	66	6	75	45	72	74	45	31	53	45	0	84	86	10	81	37	80	5	13	57	41	57	37	77	89	60	15	63	56	57	37	
9	27	12	47	6	30	59	25	68	28	19	40	48	43	53	60	63	2	32	33	0	63	17	36	14	53	38	38	23	51	33	24	41	47	31	24	46	49	4	57	
36	16	1	12	59	19	46	17	4	21	11	26	65	62	59	12	56	31	21	54	15	0	33	3	16	48	57	47	7	31	22	47	30	59	57	13	63	60	15	47	
59	42	56	75	61	54	64	72	10	53	55	75	65	20	51	1	63	9	67	55	48	36	0	70	38	18	43	14	78	52	77	9	42	33	66	30	51	34	76	43	
61	38	68	49	31	47	64	16	49	68	63	46	64	17	10	75	44	9	25	35	49	55	35	0	62	47	53	42	61	59	44	68	28	4	65	59	63	33	52	77	
4	36	21	42	12	8	27	50	19	20	18	64	28	19	18	55	62	41	41	20	13	45	53	55	0	7	52	55	69	14	23	40	50	56	57	33	7	16	4	52	
9	25	10	47	39	28	47	72	6	30	20	85	16	26	61	39	60	24	30	2	65	61	39	50	30	0	34	42	43	38	31	66	39	61	73	22	72	49	78	57	
79	43	56	42	31	74	26	51	78	51	50	59	69	44	69	26	71	50	10	17	55	57	48	46	74	40	0	56	53	63	55	23	68	57	38	29	52	63	55	22	
58	46	35	38	53	53	28	37	28	51	40	29	19	5	10	15	8	46	55	39	41	11	67	33	39	34	42	0	66	60	52	20	5	12	42	27	29	78	17	64	
78	40	64	55	47	20	67	22	51	74	41	42	35	10	57	51	55	23	33	22	16	15	59	52	48	40	54	29	0	10	52	26	29	6	66	64	30	45	59	79	
57	7	22	60	42	1	50	48	46	37	32	1	43	50	56	31	35	9	42	32	47	23	54	22	25	47	16	22	11	0	18	5	27	1	32	21	39	67	26	40	
61	25	81	36	3	69	3	33	55	27	28	20	45	50	61	27	60	44	4	52	53	59	42	27	48	49	32	38	56	15	0	40	47	63	27	68	27	26	37	4	
75	42	40	25	15	22	44	17	23	30	45	50	47	32	19	74	28	42	16	20	54	56	33	52	28	23	9	34	3	59	32	0	59	8	1	18	8	37	4	57	
67	30	34	8	26	52	58	28	25	24	10	52	43	34	44	46	1	30	48	28	31	67	65	3	9	34	58	48	63	41	55	15	0	10	12	10	71	72	44	68	
56	10	71	62	17	64	52	36	21	54	40	18	50	80	73	73	57	10	30	7	22	62	44	22	62	22	25	14	74	71	41	69	31	0	49	49	44	42	52	49	
85	44	62	20	1	50	54	3	50	55	45	38	33	18	59	67	20	55	37	12	54	42	49	40	23	9	44	43	47	72	31	76	45	78	0	28	46	50	26	43	
14	64	61	11	42	19	19	65	71	66	40	44	6	61	61	42	50	51	41	54	74	51	28	1	68	71	52	65	65	54	5	36	34	66	49	0	55	54	43	43	
64	23	29	37	37	27	36	38	60	38	39	47	56	54	5	33	14	49	9	48	66	69	47	38	44	45	37	37	71	44	48	13	10	45	23	41	0	50	42	9	
66	42	50	46	54	51	48	50	29	50	26	24	52	57	39	2	7	5	17	44	4	52	49	41	47	59	49	45	26	17	47	41	13	13	44	23	16	0	8	21	
40	43	28	27	28	46	38	30	48	14	38	49	37	32	86	36	47	35	44	39	78	20	60	12	11	36	51	12	74	21	6	80	57	80	14	40	56	66	0	44	
38	2	79	37	18	67	8	10	57	10	62	19	28	35	67	5	37	55	15	29	70	49	53	31	40	26	9	15	64	68	20	17	62	62	4	45	57	22	14	0	
M2
0	10	28	27	39	43	37	57	41	36	37	17	32	42	25	6	9	42	29	16	40	52	25	21	45	36	32	47	29	24	51	9	39	19	32	42	44	46	33	3	
32	0	8	48	42	23	26	37	21	16	34	16	12	34	24	30	35	32	19	40	39	46	5	1	54	51	42	27	23	4	48	29	20	47	35	22	24	43	34	19	
27	29	0	35	23	34	6	17	1	28	14	21	28	63	4	35	34	20	1	38	44	37	13	29	34	31	22	7	39	43	33	46	56	27	35	2	4	41	53	2	
31	42	41	0	56	67	31	50	34	3	6	20	45	62	53	34	51	29	27	44	39	28	57	47	63	24	55	54	31	23	42	43	72	34	39	38	57	39	30	31	
45	27	45	22	0	46	23	31	39	42	19	39	37	7	11	12	61	53	38	22	62	34	40	31	9	9	45	39	39	24	57	28	47	23	24	23	1	46	27	29	
28	40	33	34	68	0	43	27	46	44	32	12	42	54	45	26	31	57	42	36	35	31	54	16	57	48	57	43	37	51	28	48	5	35	60	31	49	46	38	42	
23	35	28	5	53	64	0	42	41	13	27	7	6	49	29	10	43	14	8	20	30	42	38	29	33	42	38	47	32	11	45	42	65	52	40	20	27	14	28	37	
23	25	10	15	29	19	28	0	23	24	32	22	10	19	26	36	30	17	23	34	45	49	27	13	30	22	2	3	25	7	49	41	44	36	31	24	26	63	32	24	
19	12	24	16	48	28	35	46	0	35	23	3	34	45	36	17	39	53	15	27	26	38	27	10	46	49	50	43	20	24	62	39	37	48	57	38	39	44	38	27	
26	28	12	53	19	22	30	41	25	0	38	45	50	63	28	43	33	20	22	37	57	3	30	39	33	47	21	6	40	42	57	46	27	16	34	26	13	64	1	26	
22	28	21	48	55	53	20	32	34	38	0	6	47	36	33	20	42	48	17	30	29	41	15	38	16	10	27	40	31	25	49	29	58	24	25	11	37	60	32	30	
4	16	9	42	44	49	27	32	22	20	8	0	37	30	21	2	24	41	22	12	11	23	30	21	34	34	35	28	13	27	47	24	46	33	47	23	25	42	23	18	
42	26	44	19	44	6	33	45	57	7	19	36	0	32	38	35	62	56	33	45	45	69	13	37	19	29	34	59	26	13	42	48	56	8	5	26	44	45	47	13	
47	31	38	49	54	38	56	46	15	57	41	36	32	0	22	36	45	46	48	46	13	71	46	42	3	32	39	57	53	45	12	50	61	22	10	16	49	61	46	52	
34	41	5	50	34	51	9	34	18	9	11	18	45	19	0	32	51	30	18	42	41	53	30	46	29	44	17	24	39	55	50	40	62	44	36	19	21	4	31	19	
57	32	30	56	47	65	27	54	43	58	38	58	31	43	15	0	76	62	22	6	52	68	24	15	44	28	55	49	47	21	41	47	62	42	43	42	46	36	50	44	
33	20	38	14	39	53	43	16	19	34	32	40	42	30	39	20	0	27	10	30	60	46	35	31	25	52	26	13	51	34	20	53	20	46	41	46	54	60	53	42	
24	26	38	26	30	47	13	53	14	21	46	35	43	61	54	41	17	0	27	17	12	1	28	37	31	36	9	4	42	40	66	7	56	49	32	50	2	52	31	34	
58	16	34	20	62	18	48	45	47	39	54	42	38	42	28	19	39	9	0	29	21	41	31	27	61	51	22	44	49	30	5	1	23	7	49	48	30	46	25	45	
27	10	28	53	41	23	46	46	21	23	31	11	18	43	23	25	25	25	39	0	34	11	2	21	13	50	49	34	15	2	47	47	24	32	10	42	44	63	8	39	
25	29	21	23	6	40	39	6	31	34	21	9	44	35	22	22	20	33	24	32	0	36	35	40	5	11	18	19	7	26	37	4	34	25	26	25	3	13	28	22	
59	41	54	19	40	60	67	10	66	56	33	53	60	41	70	61	64	23	55	65	26	0	44	51	11	23	24	53	29	38	29	35	65	36	38	37	56	41	45	36	
13	34	27	33	31	60	40	26	14	36	26	6	44	19	28	9	33	56	35	19	5	11	0	28	45	41	53	42	31	34	35	33	4	25	56	18	43	5	24	27	
47	41	52	51	21	25	10	16	57	59	35	31	30	38	38	19	51	16	45	29	54	48	47	0	8	25	44	40	56	40	1	44	71	21	40	39	19	28	43	45	
38	56	56	60	28	72	66	25	26	45	9	35	77	1	30	48	24	22	59	52	29	52	41	51	0	61	7	57	34	54	54	58	38	59	76	35	36	53	14	45	
27	9	27	29	47	34	39	17	40	35	1	21	28	53	39	35	47	35	30	33	44	56	24	20	48	0	33	21	42	6	43	10	39	5	6	5	43	55	13	11	
7	28	18	45	3	61	36	47	26	12	41	21	50	60	8	24	27	29	31	34	44	56	43	39	57	54	0	37	46	42	25	27	53	37	50	17	34	37	18	10	
9	11	29	47	15	44	19	57	14	10	54	35	33	46	45	26	16	3	33	20	46	35	13	22	16	47	4	0	27	25	54	29	41	39	17	43	36	64	53	23	
28	40	33	26	53	40	19	41	23	22	16	12	50	41	43	24	48	48	44	11	35	25	52	5	22	56	49	34	0	49	69	48	34	39	56	14	49	64	8	3	
35	37	54	46	21	17	5	62	12	36	53	33	45	63	56	37	42	29	11	46	23	51	39	40	42	65	27	15	50	0	60	55	67	39	23	6	61	55	65	49	
36	6	6	39	41	37	24	35	19	32	32	20	28	6	22	34	41	38	19	44	6	34	21	17	46	49	40	25	15	2	0	45	33	31	9	20	22	9	7	20	
66	67	35	1	70	75	29	64	48	54	35	68	71	66	38	73	20	15	2	42	58	47	13	24	45	50	5	50	78	65	58	0	73	64	65	45	48	27	6	37	
38	40	48	9	44	73	47	2	30	39	47	27	54	43	45	34	45	32	60	44	50	6	42	51	45	66	32	18	23	54	79	58	0	10	46	6	39	74	13	52	
42	24	42	24	42	49	27	32	50	50	16	36	43	38	1	46	14	50	38	34	1	45	39	35	8	6	44	36	43	21	58	23	25	0	21	9	12	16	28	26	
20	4	22	58	56	11	40	23	35	30	34	30	5	48	16	13	40	46	33	23	45	47	19	15	61	25	56	41	37	18	20	40	34	5	0	36	22	53	25	33	
43	45	16	34	49	17	25	20	29	43	19	49	10	76	32	45	16	37	29	12	25	35	41	56	50	36	20	23	52	51	61	39	69	49	43	0	2	11	53	30	
40	22	40	10	60	15	14	30	8	11	14	29	11	66	48	43	30	48	37	46	40	3	37	33	61	4	46	34	20	19	56	23	52	17	19	18	0	21	21	2	
22	24	2	44	28	48	20	31	15	23	28	32	15	46	12	5	5	16	15	15	48	31	26	6	16	37	17	2	40	30	39	42	15	41	30	16	18	0	48	8	
51	32	50	3	3	60	51	28	63	58	44	52	54	76	34	66	15	50	37	2	54	2	47	18	77	82	40	69	1	19	85	17	45	26	53	64	48	50	0	59	
23	33	11	53	37	57	29	40	24	9	25	7	51	49	27	21	38	25	24	29	30	42	35	40	38	15	26	11	32	30	20	34	63	29	30	25	18	31	37	0	
M3
0	69	38	31	45	3	47	37	4	58	50	35	74	56	68	62	45	52	25	3	61	58	38	36	9	27	44	48	67	69	19	50	86	49	17	47	74	63	52	37	
61	0	51	26	36	64	37	71	34	17	46	64	86	26	57	40	39	55	40	20	56	25	38	47	29	50	68	45	66	31	52	7	54	11	47	56	17	52	15	29	
1	24	0	25	5	28	35	20	30	25	1	32	7	40	6	8	5	26	19	41	4	31	8	22	40	26	26	16	32	25	65	30	15	30	20	17	12	34	35	21	
21	14	48	0	25	49	48	45	45	11	39	4	14	43	57	22	8	3	58	48	38	47	31	16	14	1	33	37	39	32	51	13	33	37	27	57	68	25	58	17	
40	44	6	33	0	49	35	6	37	64	31	18	65	44	19	47	33	21	19	44	21	28	32	16	22	17	13	4	58	38	50	38	64	18	5	35	27	32	21	25	
20	45	49	28	56	0	47	48	23	36	60	37	35	25	78	19	59	63	13	21	67	44	43	58	8	59	54	47	38	47	63	28	52	58	48	78	83	62	32	39	
23	24	4	47	39	18	0	51	35	28	58	21	63	23	54	11	22	31	57	54	50	36	35	22	34	27	9	34	48	60	48	36	32	50	3	18	16	51	18	23	
38	50	1	24	5	47	33	0	35	55	61	9	63	42	55	38	31	12	10	35	44	23	45	7	55	8	4	22	49	29	48	36	57	9	3	33	68	23	12	23	
50	47	13	36	17	59	45	9	0	28	59	21	75	54	22	24	4	24	22	23	9	18	35	19	67	16	16	34	24	25	60	15	57	21	15	45	54	35	2	35	
47	49	25	48	29	23	49	21	24	0	41	13	80	63	24	57	19	21	34	40	41	47	37	31	34	32	19	40	64	47	69	4	55	33	24	42	18	37	36	19	
24	47	11	17	27	71	55	32	40	48	0	44	60	59	48	31	38	47	28	13	16	9	39	8	44	42	39	14	19	22	42	36	48	2	38	55	61	58	47	58	
19	4	40	6	37	68	32	55	50	46	14	0	20	58	63	29	10	36	53	55	44	53	37	30	53	16	39	37	11	2	43	31	40	43	25	14	17	47	18	24	
2	52	29	13	24	52	38	52	40	59	38	26	0	44	38	42	36	40	47	44	55	32	12	27	28	47	14	39	20	13	53	34	26	18	8	38	53	22	39	28	
23	7	40	7	43	13	64	60	20	38	10	72	51	0	46	49	66	57	10	64	63	39	38	36	50	28	67	34	27	69	13	41	56	55	63	52	56	67	59	62	
38	18	11	17	15	57	43	7	33	53	30	19	73	38	0	36	13	13	20	45	10	18	6	9	44	16	14	9	33	39	58	28	59	19	13	43	25	33	22	32	
14	12	40	22	47	50	66	39	26	3	74	51	78	39	49	0	26	38	38	44	66	11	10	49	59	50	46	14	39	35	71	32	21	41	45	48	51	48	37	58	
24	51	22	1	33	49	17	43	62	4	31	3	69	28	42	34	0	20	56	53	51	15	11	14	60	9	50	58	40	47	41	33	64	27	30	19	52	14	38	29	
16	33	19	23	23	51	41	15	15	31	55	27	75	60	54	14	44	0	28	28	48	22	38	11	17	26	22	40	67	28	15	43	46	8	21	51	37	41	30	21	
59	70	31	30	11	80	72	42	24	61	42	23	56	54	47	44	25	50	0	30	51	29	22	52	4	50	47	33	51	35	3	44	52	15	48	54	63	14	49	64	
47	16	29	33	7	68	53	25	50	39	73	37	79	38	45	22	36	19	8	0	62	4	6	35	10	33	32	50	35	38	10	28	56	18	31	59	20	44	33	31	
5	35	28	34	7	20	20	24	31	34	47	31	45	31	10	17	28	24	37	3	0	35	23	26	26	11	31	26	30	44	39	45	47	34	13	2	42	49	25	12	
50	59	36	47	43	59	45	35	21	22	11	33	72	54	35	33	43	41	48	12	52	0	48	34	4	46	42	24	75	1	35	48	67	32	15	45	67	61	18	22	
42	40	14	47	45	54	49	37	51	31	51	37	59	16	23	14	43	12	50	63	40	39	0	38	33	46	44	39	13	63	54	6	49	46	19	49	25	22	11	39	
24	42	5	21	9	51	37	1	39	40	65	12	67	38	54	23	35	16	14	39	9	27	15	0	20	6	8	26	44	29	52	30	22	13	7	37	56	27	16	27	
19	39	42	24	34	45	27	38	7	31	39	50	56	7	24	38	44	44	38	1	3	23	37	40	0	47	42	25	59	29	45	59	41	9	44	42	54	58	53	17	
14	1	38	33	53	39	19	45	42	50	36	35	77	1	48	62	30	4	36	58	42	57	59	36	67	0	11	48	35	27	9	11	41	43	17	47	55	46	50	22	
19	15	55	45	31	29	41	70	47	35	5	10	77	26	66	18	55	51	54	46	64	18	42	59	5	38	0	24	71	55	22	59	45	35	40	29	8	43	14	23	
46	38	31	37	35	40	53	27	53	43	7	39	49	46	13	48	33	33	40	44	4	20	18	29	23	4	15	0	47	59	54	40	45	39	33	43	39	53	42	52	
8	44	7	19	8	58	16	44	13	35	14	32	72	22	50	18	29	25	33	24	3	18	23	33	44	12	34	45	0	24	48	45	14	4	14	3	50	17	26	13	
48	63	21	19	53	41	77	65	8	8	6	45	60	36	51	37	70	28	40	47	28	42	12	66	55	52	72	65	41	0	55	34	72	45	47	62	53	5	39	27	
70	68	42	48	40	20	43	59	44	59	79	53	86	44	45	42	1	40	48	66	54	47	12	60	44	62	6	25	41	36	0	34	75	40	47	73	53	32	39	67	
16	66	17	40	21	16	45	13	17	29	75	25	55	44	52	42	43	28	26	44	37	39	13	23	46	24	20	31	42	34	64	0	46	25	19	27	54	16	28	34	
8	35	28	19	30	56	32	24	44	41	10	11	1	40	10	48	17	30	37	47	27	8	18	1	34	13	20	26	12	19	57	40	0	24	12	42	9	28	39	32	
44	42	44	2	12	67	53	47	25	33	59	41	75	44	33	16	23	33	16	13	32	1	40	42	36	56	54	44	69	7	31	56	51	0	23	53	46	72	62	43	
25	49	11	58	46	34	20	38	22	52	48	8	50	29	47	35	18	42	51	45	45	45	32	9	57	29	45	21	61	62	35	23	59	50	0	20	70	46	36	10	
2	38	23	44	46	52	15	38	40	29	65	26	68	47	65	12	23	19	36	55	63	37	36	27	72	6	45	39	65	39	53	41	47	29	8	0	50	44	20	7	
16	16	35	42	6	66	5	52	54	43	66	19	41	61	38	26	37	33	18	10	55	8	50	41	27	20	59	25	66	33	39	55	9	43	22	11	0	7	34	21	
27	1	22	21	26	7	19	18	51	28	60	17	76	25	42	11	39	33	23	56	59	36	35	28	56	29	25	39	48	45	42	41	8	30	24	22	55	0	25	29	
40	11	30	23	33	69	62	26	46	54	23	17	36	65	54	37	44	29	37	34	47	22	53	10	26	37	32	51	30	28	52	55	11	8	32	62	65	20	0	8	
51	2	68	35	38	15	58	66	48	43	38	49	59	3	74	26	25	65	36	37	64	24	50	64	36	28	7	54	55	56	8	46	4	36	59	48	50	40	1	0	
