40  2  1
2
	0	50	1	65
	0	24	1	5
	0	83	1	63
	0	50	1	61
	0	88	1	77
	0	45	1	8
	0	39	1	50
	0	37	1	42
	0	3	1	92
	0	4	1	71
	0	39	1	81
	0	64	1	6
	0	15	1	93
	0	33	1	41
	0	43	1	75
	0	56	1	72
	0	18	1	64
	0	24	1	42
	0	98	1	19
	0	15	1	33
	0	87	1	30
	0	36	1	23
	0	85	1	6
	0	46	1	86
	0	21	1	59
	0	90	1	13
	0	1	1	43
	0	69	1	64
	0	11	1	13
	0	39	1	88
	0	72	1	4
	0	100	1	78
	0	41	1	60
	0	22	1	36
	0	92	1	47
	0	26	1	66
	0	27	1	41
	0	1	1	33
	0	2	1	79
	0	51	1	41
SSD
M0
0	30	42	36	11	45	31	15	22	31	16	34	2	17	16	34	24	28	22	21	14	29	26	34	26	33	26	3	31	24	28	28	31	15	28	31	27	24	30	11	
29	0	7	13	24	16	14	14	29	8	6	14	16	17	16	22	5	24	10	23	26	24	8	18	18	5	16	16	1	16	15	3	25	27	24	29	2	20	35	29	
20	6	0	21	25	46	15	44	31	9	31	6	11	5	7	13	34	25	15	24	9	11	21	19	19	17	25	3	31	17	13	32	33	43	34	29	19	29	26	35	
25	16	33	0	13	4	17	7	18	17	25	8	12	15	14	31	29	16	16	26	13	19	22	5	25	19	12	15	17	2	24	17	10	19	36	18	14	10	31	19	
17	3	20	27	0	37	20	7	32	20	1	28	15	20	17	24	20	19	19	8	13	1	6	20	24	22	15	23	15	17	27	20	28	22	39	12	17	13	31	16	
7	27	16	24	6	0	9	31	3	12	10	17	1	1	4	12	26	25	13	27	10	26	17	4	1	21	9	22	26	17	9	25	27	5	27	2	4	21	26	29	
21	12	29	12	17	35	0	26	20	1	24	1	8	28	9	15	25	12	7	16	10	9	11	11	11	11	8	16	13	9	8	13	21	6	32	25	10	6	24	15	
1	33	36	25	8	34	16	0	29	22	26	14	27	22	30	36	21	14	22	6	35	10	8	31	22	7	27	17	12	30	29	4	34	38	14	29	21	30	25	24	
16	21	33	18	22	41	12	29	0	6	4	11	14	34	14	18	20	21	7	21	21	20	18	16	9	15	3	25	20	14	3	19	26	25	28	6	5	15	20	24	
25	32	42	8	12	34	2	37	24	0	19	36	4	24	4	10	25	12	2	11	15	12	8	6	6	6	12	28	33	4	3	28	37	40	30	30	10	26	25	35	
33	22	31	40	36	16	4	10	19	28	0	14	15	2	35	40	25	26	23	16	32	37	27	31	31	32	20	14	38	10	5	36	17	40	41	3	12	37	37	33	
25	9	16	18	22	20	12	19	6	6	11	0	7	4	14	20	29	22	12	15	20	16	18	12	16	16	12	21	6	3	6	28	30	5	5	15	7	24	29	33	
22	13	30	21	23	36	14	27	5	14	12	17	0	5	5	17	26	11	5	18	13	26	19	17	9	16	9	17	14	11	11	11	22	23	11	14	11	7	28	16	
23	30	1	17	15	10	15	21	14	9	11	21	17	0	17	23	37	25	15	9	15	25	21	19	19	19	20	7	8	17	16	9	24	18	15	8	22	32	30	24	
26	31	12	26	30	31	20	9	23	14	30	16	3	23	0	24	2	27	20	7	11	9	25	24	7	4	21	17	19	22	12	18	20	30	17	3	2	25	25	15	
4	11	31	16	32	29	11	6	24	21	7	20	5	13	25	0	10	22	22	24	11	17	19	8	24	16	18	22	7	19	26	8	21	23	10	10	5	24	2	1	
14	13	26	15	15	11	14	27	13	14	16	27	9	29	11	28	0	9	5	23	13	18	19	7	14	13	1	15	14	11	13	14	22	10	1	7	3	7	25	10	
11	20	38	29	31	2	22	6	30	22	5	2	10	14	10	1	34	0	18	14	21	25	3	25	18	4	17	25	22	19	29	22	7	16	36	37	19	15	29	24	
21	29	9	19	10	30	20	8	32	14	23	22	22	18	22	28	1	28	0	2	11	28	14	24	18	13	15	11	9	22	17	11	26	5	20	9	17	23	31	13	
4	21	31	13	17	27	7	11	24	1	21	20	9	1	9	15	25	17	1	0	20	11	13	11	1	11	9	22	7	9	8	18	13	26	25	25	11	15	17	9	
25	33	30	34	35	27	20	1	28	22	1	40	29	22	4	6	22	29	4	6	0	27	34	28	5	26	14	17	27	19	26	28	3	34	29	13	4	27	37	30	
38	30	38	17	31	37	21	35	32	15	31	4	18	4	17	10	24	31	11	30	18	0	23	11	9	25	27	24	33	10	22	33	32	43	12	5	13	40	36	35	
39	27	34	37	36	15	19	32	38	40	22	17	18	23	38	20	28	12	35	24	32	48	0	14	24	22	31	43	32	33	19	1	32	18	33	2	33	36	44	13	
15	8	25	16	18	24	9	20	7	9	14	5	4	15	6	11	19	8	6	18	8	2	14	0	15	11	2	12	7	3	1	7	17	24	28	1	4	2	25	11	
21	7	24	23	27	29	17	24	2	11	9	16	19	29	11	23	13	3	12	26	3	16	23	2	0	12	8	9	13	17	8	3	13	18	32	3	10	20	25	29	
25	23	23	34	3	6	26	32	30	22	18	8	10	11	5	8	21	15	22	6	4	25	19	19	22	0	24	5	26	30	29	19	5	36	15	21	16	32	13	22	
12	38	29	33	26	40	20	25	35	44	28	38	26	38	43	37	16	25	3	42	25	16	40	29	12	11	0	21	36	14	11	15	42	31	27	20	1	40	23	33	
17	23	6	31	27	35	18	27	33	24	24	25	19	6	21	28	6	23	2	33	3	34	29	24	32	7	19	0	18	16	28	24	21	34	15	6	21	17	19	26	
17	23	13	22	31	11	24	2	17	24	3	2	19	5	21	25	21	23	8	23	23	21	29	22	17	16	4	4	0	7	8	11	13	15	19	25	6	17	28	26	
1	23	7	25	1	22	23	12	8	17	7	18	5	10	6	8	9	30	18	15	5	17	18	6	20	26	14	6	13	0	14	8	26	15	10	10	5	24	2	25	
20	26	2	8	11	24	34	15	21	30	16	15	26	15	31	37	34	23	7	16	2	34	26	14	1	29	17	17	2	20	0	24	26	25	18	2	19	27	41	32	
20	3	31	1	20	24	10	16	24	4	3	26	10	19	12	4	15	15	10	15	18	5	16	7	7	14	7	29	27	8	11	0	27	39	15	15	9	29	7	38	
5	6	24	33	32	24	27	12	43	21	21	5	29	24	2	28	20	35	7	8	39	29	31	27	24	25	13	35	24	5	25	23	0	43	30	34	15	36	33	32	
26	17	5	31	3	21	21	18	29	31	11	19	9	9	29	10	14	34	7	32	17	21	23	12	26	21	13	10	27	28	9	12	30	0	14	14	9	28	6	18	
22	13	30	21	23	36	14	27	21	11	8	5	1	10	11	25	26	13	13	23	13	26	7	9	16	16	9	17	14	11	18	13	12	29	0	16	8	7	30	16	
19	5	27	35	29	15	6	4	14	23	7	21	21	13	17	20	23	22	10	29	29	20	35	2	17	18	6	28	30	5	18	22	15	23	34	0	8	23	30	4	
18	32	26	16	28	27	33	40	27	31	11	25	9	12	29	10	7	26	29	32	17	9	23	12	4	12	26	3	27	23	12	12	14	3	14	12	0	28	6	9	
14	5	22	13	15	28	6	19	18	6	17	19	1	21	3	20	18	5	5	15	5	18	11	16	14	8	1	9	6	3	13	6	14	21	25	22	3	0	22	8	
32	26	37	34	31	25	27	32	21	23	3	17	1	21	21	12	6	26	21	24	9	13	15	4	25	29	19	30	19	24	27	4	22	31	6	6	1	20	0	29	
30	33	1	40	33	13	16	5	42	41	28	32	26	31	42	3	13	17	9	25	18	15	35	9	22	29	17	31	19	9	29	23	9	41	31	2	19	38	23	0	
M1
0	29	21	25	14	5	2	20	19	31	13	2	6	6	14	9	18	36	26	18	24	2	38	12	11	25	21	19	21	13	41	23	23	28	28	18	16	10	14	21	
10	0	37	12	32	41	20	22	11	39	19	22	33	26	21	3	20	2	34	15	37	21	24	32	16	6	37	26	16	24	17	23	24	21	41	9	14	11	21	19	
14	13	0	13	23	4	20	8	18	30	9	14	14	10	21	21	19	20	25	20	5	22	15	18	23	24	27	18	27	42	35	33	25	37	28	17	3	14	6	20	
19	23	7	0	11	2	2	23	16	8	20	40	12	24	19	12	28	30	5	18	21	3	3	16	32	27	23	16	20	5	24	21	16	5	20	1	9	21	11	13	
14	30	30	15	0	14	39	6	24	10	11	41	24	9	22	23	43	1	15	30	33	6	34	14	28	25	3	28	37	37	27	34	40	7	16	20	25	39	23	30	
18	28	8	26	36	0	29	36	6	18	18	36	2	14	9	23	39	30	13	8	11	10	31	6	40	20	22	6	15	41	48	34	40	28	20	5	3	18	1	8	
20	5	34	20	3	41	0	13	18	25	6	16	31	29	31	9	14	5	38	23	36	31	28	26	2	16	25	33	8	11	27	27	13	24	24	19	20	9	31	29	
14	22	20	1	23	32	2	0	18	30	22	14	24	22	18	24	4	8	14	37	30	8	15	21	14	2	35	17	28	8	8	14	5	20	1	3	4	18	18	5	
4	30	27	30	18	31	18	3	0	11	14	6	26	19	20	20	36	20	21	25	32	3	11	16	14	4	4	7	33	25	13	26	9	17	28	23	18	14	20	17	
14	9	25	26	35	25	14	33	25	0	10	23	12	19	6	12	26	13	27	29	6	35	33	30	26	20	10	25	30	38	31	18	37	12	23	23	28	4	29	9	
26	11	2	2	16	29	20	2	2	5	0	4	25	17	24	12	10	18	21	17	25	7	16	14	13	22	19	9	2	3	9	34	26	7	2	17	4	12	37	11	
27	32	15	40	6	19	34	12	21	30	5	0	16	7	36	30	44	39	24	32	38	36	37	4	3	21	16	33	31	27	36	41	16	39	36	32	22	2	28	35	
32	17	30	34	7	15	22	15	29	18	27	26	0	9	18	11	2	24	20	5	32	23	20	20	2	26	10	13	4	14	13	31	15	8	34	28	1	29	13	3	
27	18	13	20	1	28	33	5	27	3	21	34	23	0	22	20	36	25	21	37	29	8	11	26	3	24	31	16	27	38	7	29	24	19	28	23	27	30	28	17	
23	29	14	19	29	40	30	29	11	20	26	31	17	27	0	32	24	36	6	4	31	22	23	16	29	28	36	25	15	15	16	8	36	31	7	26	36	19	24	23	
19	4	1	21	32	22	14	20	20	37	6	20	31	14	1	0	29	11	35	5	40	12	25	30	25	4	16	24	17	18	26	32	1	4	32	18	23	20	7	25	
38	23	29	35	33	33	13	2	5	4	26	22	34	13	11	31	0	2	23	12	12	28	25	17	6	13	24	8	15	14	18	43	22	25	11	34	20	30	1	34	
8	8	34	22	9	41	4	5	13	9	32	26	16	32	25	16	26	0	13	23	36	34	37	30	7	19	10	6	8	37	30	23	22	24	37	22	27	15	34	30	
19	4	33	15	24	41	17	19	20	27	6	19	30	23	19	12	29	11	0	19	12	7	16	29	8	3	18	33	25	33	26	32	29	20	33	18	22	5	10	14	
7	35	21	4	10	10	17	9	11	4	8	19	20	23	19	11	27	31	12	0	20	18	2	24	11	3	22	19	33	49	21	3	15	10	6	2	21	13	4	24	
28	21	18	22	13	2	20	3	16	15	12	1	12	4	19	29	13	22	23	18	0	20	26	11	10	26	23	16	25	26	24	21	23	35	30	15	13	9	11	18	
19	4	15	21	29	18	26	18	20	13	27	21	28	25	25	12	14	11	39	6	6	0	33	30	11	15	29	32	8	8	26	5	11	3	32	18	13	20	8	28	
42	27	13	38	2	45	27	14	28	16	29	31	32	21	42	3	19	34	4	32	35	20	0	38	31	26	14	11	48	41	28	12	7	16	11	6	15	28	33	37	
4	26	9	29	17	34	28	11	41	31	28	33	16	25	33	17	12	26	3	36	2	24	9	0	30	21	6	26	28	29	24	27	22	1	26	21	23	23	7	15	
30	43	12	15	13	36	31	29	38	18	22	11	21	24	20	1	42	14	37	44	6	39	27	21	0	30	8	29	29	38	22	3	21	38	17	27	12	19	2	40	
26	29	24	26	15	28	1	3	30	20	14	3	14	7	3	37	39	17	18	31	31	2	31	13	12	0	25	33	21	33	24	30	25	5	44	39	10	11	3	8	
3	28	15	24	9	7	28	14	21	25	13	24	3	15	4	12	28	35	13	12	23	19	3	11	33	29	0	10	10	32	1	8	16	13	19	10	14	32	16	5	
8	12	41	3	9	40	37	3	8	28	1	35	44	29	38	12	36	7	36	9	30	10	41	38	33	23	33	0	33	23	34	38	41	1	12	26	31	2	38	36	
22	10	13	27	8	40	5	8	25	19	34	37	10	40	30	18	35	17	30	2	15	35	33	9	31	21	8	35	0	36	26	32	12	3	25	24	29	18	36	31	
27	12	9	9	10	38	17	5	28	23	30	19	3	15	7	11	10	19	12	10	36	18	2	26	28	3	8	19	23	0	28	20	15	21	19	14	23	27	15	8	
16	29	16	34	11	20	34	9	16	25	10	40	12	10	11	12	28	33	13	31	18	14	3	34	35	35	23	5	16	27	0	21	16	21	20	12	16	35	29	14	
35	40	30	48	30	33	27	22	45	2	14	18	4	19	13	12	10	6	41	32	1	42	31	28	14	45	36	23	17	2	29	0	27	33	19	13	44	18	21	31	
33	24	16	13	15	36	37	14	27	7	12	27	8	32	16	16	32	15	1	37	25	27	7	37	28	23	27	16	37	33	41	25	0	28	24	8	26	4	23	28	
17	27	19	21	14	3	31	15	17	12	13	2	13	12	20	21	42	34	24	19	18	9	17	12	11	21	24	17	13	27	30	8	17	0	31	16	14	10	12	12	
6	26	23	40	15	29	27	27	30	29	32	29	6	33	29	7	32	25	7	37	36	28	7	3	3	13	9	24	43	47	23	5	20	16	0	19	12	8	29	34	
13	26	4	38	6	7	19	23	21	2	17	6	14	19	8	14	20	33	4	14	26	25	7	4	15	26	27	21	27	26	32	13	5	13	24	0	18	14	16	16	
34	29	5	42	21	36	33	2	34	38	28	35	1	2	3	1	20	36	8	23	4	20	16	45	3	19	6	23	34	18	14	5	20	16	28	7	0	31	34	32	
29	24	11	32	20	16	13	21	16	2	18	20	9	23	20	15	37	31	1	26	31	27	16	3	5	13	20	18	24	40	9	6	29	18	3	25	27	0	11	27	
35	28	21	41	12	22	1	19	34	26	17	19	10	10	19	13	29	23	14	12	19	18	4	24	2	3	24	21	6	25	38	22	17	3	21	16	6	13	0	24	
21	6	17	23	12	1	31	4	15	26	5	33	11	14	1	13	29	13	14	17	9	19	4	9	16	17	24	15	24	16	6	14	14	26	21	14	12	3	10	0	
