40  4  1
4
	0	67	1	41	2	71	3	78
	0	100	1	46	2	83	3	6
	0	97	1	87	2	34	3	48
	0	92	1	27	2	81	3	64
	0	95	1	8	2	90	3	27
	0	18	1	10	2	10	3	24
	0	30	1	35	2	8	3	39
	0	19	1	35	2	88	3	79
	0	63	1	92	2	82	3	28
	0	45	1	1	2	81	3	39
	0	59	1	39	2	47	3	6
	0	99	1	7	2	28	3	62
	0	20	1	72	2	64	3	12
	0	18	1	61	2	47	3	87
	0	62	1	76	2	96	3	74
	0	86	1	31	2	27	3	74
	0	14	1	34	2	61	3	75
	0	76	1	60	2	90	3	52
	0	51	1	96	2	69	3	29
	0	24	1	41	2	49	3	68
	0	61	1	5	2	34	3	63
	0	34	1	37	2	37	3	55
	0	41	1	69	2	75	3	5
	0	15	1	66	2	18	3	86
	0	18	1	6	2	91	3	74
	0	49	1	43	2	84	3	55
	0	19	1	26	2	27	3	84
	0	88	1	68	2	31	3	50
	0	47	1	89	2	9	3	47
	0	88	1	87	2	13	3	39
	0	14	1	3	2	69	3	86
	0	68	1	89	2	83	3	59
	0	85	1	86	2	51	3	55
	0	1	1	79	2	9	3	14
	0	66	1	86	2	91	3	64
	0	44	1	93	2	80	3	78
	0	15	1	49	2	87	3	6
	0	86	1	74	2	81	3	4
	0	91	1	53	2	47	3	98
	0	39	1	10	2	63	3	37
SSD
M0
0	37	83	17	31	41	19	74	52	67	19	46	43	24	79	28	28	11	43	45	54	18	50	22	61	45	60	29	54	60	4	25	38	53	55	60	63	22	13	22	
7	0	4	26	40	5	12	52	8	54	55	60	34	10	57	57	33	30	37	31	59	50	33	10	47	5	24	60	27	52	42	29	26	28	28	46	13	57	64	49	
75	71	0	69	45	69	27	41	11	58	47	73	50	52	45	4	35	21	63	13	33	71	57	86	44	67	75	58	62	22	32	4	83	67	73	20	65	11	63	15	
74	54	67	0	9	72	50	25	64	37	48	57	49	69	16	12	34	75	47	61	45	55	56	71	67	80	72	71	26	54	49	27	4	84	16	92	49	63	88	51	
78	56	65	41	0	41	55	46	7	18	61	61	53	23	59	78	38	39	68	4	18	76	60	42	35	10	25	49	67	44	70	47	49	58	64	59	70	24	65	11	
36	51	62	3	27	0	47	52	5	31	34	37	11	32	35	70	55	52	14	34	36	27	10	74	38	42	1	70	23	36	19	20	61	56	5	52	44	34	41	26	
21	42	34	78	30	60	0	25	30	49	45	57	41	48	30	33	71	45	47	63	45	55	44	65	46	69	42	71	5	53	49	26	34	18	31	29	14	74	66	67	
47	33	40	50	4	29	6	0	21	5	4	13	54	25	2	48	48	45	3	46	1	11	57	56	64	50	28	27	41	10	5	45	25	40	52	61	5	61	68	23	
63	6	70	74	44	73	68	46	0	69	11	38	60	75	54	8	59	6	58	12	26	21	63	34	43	66	56	14	62	9	66	18	50	37	48	82	70	55	27	2	
58	60	14	82	42	67	9	19	48	0	42	27	64	44	40	70	67	64	41	65	39	49	67	83	69	80	60	63	19	1	43	65	10	41	50	68	32	71	81	18	
40	72	47	24	26	3	8	38	26	46	0	6	32	52	37	43	62	41	35	26	57	48	24	58	9	24	22	10	39	27	40	12	72	14	23	32	52	28	50	24	
10	70	38	81	19	70	47	22	16	35	34	0	30	44	13	36	67	13	44	65	42	46	33	89	35	61	34	64	32	33	36	77	62	7	24	80	42	15	55	54	
5	56	35	74	38	53	16	21	18	45	44	22	0	53	42	68	69	37	43	71	41	51	60	53	7	11	38	67	39	28	45	68	48	63	68	75	28	67	48	40	
45	40	64	54	35	61	14	60	58	41	63	58	20	0	74	47	5	2	77	3	71	64	23	56	34	51	65	48	49	26	65	28	53	36	56	18	50	80	75	42	
62	68	67	67	2	46	11	16	1	40	3	48	45	47	0	72	30	19	2	41	9	46	52	70	12	6	18	62	44	45	40	53	10	59	69	70	40	5	41	43	
69	68	28	53	42	45	60	61	68	68	3	50	53	28	18	0	51	14	14	32	53	26	67	22	11	50	18	69	14	57	8	41	38	57	59	64	58	51	52	26	
26	66	56	35	50	42	37	42	39	66	65	43	1	37	63	28	0	57	58	49	56	52	8	37	19	32	50	61	42	49	50	9	34	50	37	44	38	61	60	52	
23	39	48	71	3	50	64	54	27	10	55	44	53	37	73	59	57	0	51	24	74	69	56	42	55	13	39	63	42	46	40	51	31	30	73	72	11	72	78	48	
49	68	27	90	44	74	14	65	62	21	59	54	24	49	52	77	72	69	0	42	53	88	64	43	51	55	18	65	49	25	89	61	54	62	24	47	58	28	58	43	
56	82	37	72	8	79	47	54	42	62	47	74	38	44	70	59	23	57	76	0	53	66	45	49	7	30	38	21	39	65	50	46	62	30	36	46	54	59	48	15	
1	53	49	75	29	58	14	10	50	34	12	10	24	3	31	68	26	23	32	24	0	40	44	76	24	10	3	55	49	20	34	3	54	49	57	39	34	36	31	28	
51	64	70	56	40	48	13	68	41	73	26	50	31	31	48	9	16	51	3	47	2	0	15	67	49	56	14	9	48	67	11	39	11	60	44	67	57	38	39	29	
42	46	14	46	28	38	50	40	44	24	16	43	39	21	61	45	44	29	40	42	7	3	0	31	20	46	51	46	41	47	1	50	25	16	46	57	28	43	56	19	
63	80	91	78	56	85	60	75	32	63	58	66	38	28	64	71	29	48	23	49	65	53	48	0	62	62	30	90	44	66	90	4	1	59	80	64	54	63	70	33	
40	57	37	51	13	69	57	58	45	64	50	49	24	44	47	68	67	64	67	46	41	82	38	80	0	55	13	72	14	72	35	56	49	64	43	80	29	46	23	15	
56	68	43	23	65	64	5	60	15	50	2	67	47	67	58	68	32	80	13	87	55	34	54	83	61	0	64	50	40	45	47	55	60	53	66	57	40	10	73	8	
45	31	69	58	7	37	44	60	58	68	63	17	20	12	15	52	35	32	69	14	16	62	53	54	25	31	0	59	57	56	74	24	41	36	60	48	68	14	21	6	
66	79	29	84	33	63	50	65	79	1	58	73	41	56	72	35	37	44	73	54	45	45	1	73	31	25	38	0	63	47	43	11	18	58	86	70	70	71	15	58	
44	45	54	49	43	41	24	60	18	7	19	46	19	24	33	45	33	44	43	11	30	36	33	22	34	17	45	56	0	15	4	10	19	45	55	40	17	25	15	22	
43	77	66	29	42	8	52	40	8	56	55	60	18	58	61	48	55	24	1	60	41	5	36	57	11	49	27	26	2	0	45	46	50	41	31	36	58	36	51	44	
60	64	65	31	47	23	38	59	46	65	1	28	35	6	70	64	29	26	25	27	61	68	47	46	58	31	42	61	60	42	0	52	62	35	37	42	74	57	56	4	
41	61	59	14	30	43	18	57	49	49	7	58	16	39	64	43	1	59	73	29	66	40	23	52	7	47	38	74	23	64	60	0	37	65	52	59	33	19	29	40	
3	69	62	23	33	13	42	17	36	41	4	49	29	20	38	60	43	40	2	1	37	47	41	21	32	52	27	46	54	46	41	40	0	55	36	49	41	60	67	40	
25	67	32	85	11	64	48	23	31	31	26	55	22	37	44	28	60	26	45	58	43	38	25	93	27	53	47	69	24	34	47	81	67	0	87	73	47	58	47	60	
67	102	61	2	54	92	30	85	71	60	74	93	52	45	40	79	37	20	62	66	24	92	59	24	70	39	60	91	65	54	59	43	40	78	0	47	74	59	10	34	
56	76	53	5	32	49	65	72	64	81	52	15	31	57	52	66	24	5	61	65	60	75	46	75	1	11	32	91	27	79	37	47	68	83	62	0	48	65	42	34	
46	13	22	66	32	45	51	44	1	52	47	45	41	19	47	49	42	39	61	40	48	59	46	36	44	63	13	66	45	55	47	25	5	20	65	55	0	46	53	38	
72	34	48	42	33	27	74	50	27	59	7	16	56	45	71	24	68	65	54	66	57	53	9	62	45	87	39	58	41	70	51	37	31	46	17	81	11	0	73	1	
31	63	38	55	17	59	36	11	19	35	32	43	8	43	32	34	6	32	33	64	31	40	13	57	15	39	46	57	30	24	35	15	17	5	57	32	35	58	0	48	
35	76	35	92	48	82	76	60	68	33	63	78	59	74	81	65	61	38	68	55	18	75	60	112	42	67	73	18	61	67	84	25	88	36	71	64	84	14	33	0	
M1
0	38	37	12	37	35	66	25	65	15	58	36	40	64	48	37	44	62	38	38	13	47	41	30	46	26	63	18	68	25	24	36	22	8	33	44	11	28	57	26	
47	0	47	60	47	47	34	35	42	25	76	48	31	35	46	87	33	29	56	70	38	70	8	9	13	34	48	3	58	39	34	46	2	34	29	55	28	53	22	51	
9	28	0	62	10	31	42	39	38	29	35	86	36	7	42	28	36	21	1	33	42	6	42	36	19	21	61	32	28	43	38	21	35	27	35	50	60	30	5	39	
37	41	14	0	37	48	71	28	65	18	19	45	40	65	43	71	17	59	53	43	28	25	41	3	43	26	24	21	60	32	24	36	51	53	46	43	42	27	63	41	
7	36	7	57	0	13	39	23	20	13	45	84	18	23	34	64	18	17	51	15	26	58	24	18	1	3	44	16	56	27	22	3	49	12	17	43	44	41	18	21	
38	56	30	64	24	0	71	51	52	41	22	73	50	55	44	46	22	49	54	47	29	39	56	46	33	35	21	44	33	32	50	35	46	44	49	25	29	44	12	17	
8	55	64	45	62	59	0	61	90	55	66	33	9	57	25	32	51	82	14	67	41	15	39	58	71	54	90	58	34	57	49	61	34	57	33	12	60	51	12	54	
36	13	55	60	67	61	82	0	84	71	61	48	36	63	3	38	52	61	64	24	39	75	67	33	72	6	22	62	19	52	56	16	61	51	54	70	78	52	81	52	
6	67	56	34	41	26	64	54	0	44	58	83	14	54	52	82	58	48	82	26	57	75	55	64	32	52	57	47	69	58	53	48	69	55	48	61	16	49	34	53	
21	22	21	45	21	34	59	9	49	0	62	76	24	52	40	82	28	46	37	44	12	64	25	29	30	25	65	2	63	13	8	20	35	40	30	29	30	27	47	25	
26	53	45	41	30	14	13	44	43	39	0	53	55	7	37	65	43	31	42	53	17	63	13	34	39	30	18	42	17	30	48	4	40	45	55	43	53	29	19	15	
10	40	39	5	29	19	33	27	57	17	39	0	42	60	41	75	46	54	26	41	1	57	43	18	38	14	50	20	25	19	26	38	24	29	39	31	48	16	41	14	
12	50	21	38	6	25	34	22	34	27	53	75	0	4	42	69	8	1	28	29	3	66	27	20	15	16	33	29	51	18	10	17	26	26	31	15	3	14	30	16	
36	6	43	38	36	24	1	31	21	21	54	26	39	0	42	68	50	25	50	4	27	9	32	44	9	39	55	24	58	29	23	35	50	21	25	48	18	42	40	40	
33	52	52	50	37	46	75	36	57	46	63	85	40	24	0	13	62	39	13	13	24	68	40	41	46	27	77	49	56	5	24	36	47	28	8	55	46	39	14	37	
16	8	24	6	24	29	60	12	27	2	52	41	27	55	9	0	31	49	32	47	7	58	28	24	33	20	57	5	66	16	11	23	30	35	33	32	33	6	50	20	
42	43	20	46	36	2	75	30	64	20	34	47	40	20	56	27	0	61	29	4	33	38	46	50	45	46	33	23	9	29	29	41	33	56	51	21	41	48	24	29	
46	53	15	41	53	55	69	12	72	47	75	29	33	84	50	14	50	0	62	71	37	49	73	54	62	50	69	44	61	31	56	63	60	9	64	52	60	19	76	38	
28	58	53	23	38	37	51	24	66	35	57	11	31	48	53	62	8	15	0	46	19	75	61	36	47	28	45	6	43	37	44	21	42	47	55	49	66	34	59	32	
39	20	26	1	65	60	30	56	86	46	9	34	68	55	39	81	36	79	42	0	42	53	33	31	71	51	34	49	41	25	52	52	59	63	74	71	70	55	67	55	
4	55	38	30	23	17	48	42	51	32	45	81	49	54	35	73	49	48	20	46	0	66	55	12	32	8	48	21	60	13	41	34	18	23	33	26	56	10	39	8	
25	26	25	49	25	38	63	13	53	3	30	80	19	56	11	35	32	50	41	48	16	0	29	33	34	29	69	6	67	17	12	24	39	44	34	33	34	8	51	29	
6	78	65	43	50	44	4	55	53	55	20	31	48	34	62	71	54	60	47	73	22	54	0	39	44	35	75	48	63	15	64	10	32	50	17	12	58	37	15	35	
28	14	6	53	29	42	67	17	57	7	70	54	32	36	1	57	36	54	45	52	20	42	15	0	38	33	25	10	30	16	16	28	43	48	38	37	38	35	55	33	
28	29	28	52	28	28	32	16	56	6	60	83	31	16	27	84	35	10	44	51	19	51	17	29	0	24	59	9	70	20	15	27	42	47	10	36	37	34	25	32	
19	46	57	72	51	17	64	10	54	52	12	93	67	14	48	39	43	48	71	69	46	26	63	21	40	0	19	25	44	3	53	34	33	38	56	52	39	3	39	44	
21	9	36	45	21	34	34	20	49	42	62	75	24	37	30	21	46	25	37	44	12	64	25	29	30	25	0	38	42	30	8	8	14	3	30	43	30	27	42	25	
27	34	35	6	20	41	29	39	48	29	52	70	24	51	29	70	30	31	41	32	23	58	52	36	29	31	25	0	73	20	38	31	46	2	22	45	7	23	5	5	
32	54	24	58	51	45	14	39	60	31	8	72	18	2	56	80	25	63	48	63	23	8	36	40	60	27	65	34	0	41	39	51	46	51	52	25	10	38	61	36	
37	41	40	55	40	18	44	28	68	18	50	43	25	28	39	66	41	10	56	53	31	63	29	41	6	2	49	21	43	0	27	39	27	41	22	48	49	46	1	44	
10	42	25	34	10	23	48	9	38	31	51	65	13	41	29	71	35	35	26	33	1	53	14	18	19	14	54	27	63	19	0	9	24	29	19	32	19	16	36	14	
26	56	42	21	27	35	5	28	38	33	55	9	32	58	16	64	29	10	42	50	17	20	33	32	36	30	46	36	3	13	16	0	15	45	38	47	34	32	52	30	
29	30	29	51	29	42	67	17	57	7	51	80	32	57	33	14	6	23	37	44	20	72	33	20	38	33	53	10	45	21	16	28	0	48	38	37	38	21	55	33	
36	37	36	55	36	36	40	24	64	14	68	90	39	24	35	18	43	18	52	35	27	59	6	37	2	32	31	17	33	8	23	35	49	0	18	36	45	42	23	22	
14	34	29	38	14	27	17	13	42	31	55	33	8	41	33	26	21	35	30	37	5	57	18	13	19	10	32	31	64	21	1	13	28	27	0	36	23	3	40	7	
22	75	74	63	63	58	61	62	91	52	9	97	31	55	23	72	65	8	81	45	56	12	61	56	72	69	42	46	65	66	61	52	79	59	25	0	31	9	20	63	
40	43	42	35	34	49	63	30	62	20	63	23	45	64	45	62	49	19	56	57	31	41	46	48	42	8	70	23	55	34	29	41	54	46	51	41	0	46	20	19	
39	31	43	63	39	50	77	38	67	57	56	94	8	67	54	68	64	61	37	43	30	82	41	47	45	43	21	56	89	48	26	3	53	10	5	58	48	0	52	43	
31	51	2	38	24	45	42	5	52	33	1	84	50	46	36	12	50	49	41	13	27	89	22	44	33	35	58	36	24	8	34	35	32	6	49	58	56	42	0	9	
12	37	20	43	5	26	52	24	33	14	58	86	31	36	17	77	31	30	33	28	8	71	37	25	14	16	57	17	69	5	23	16	31	25	30	39	45	23	31	0	
M2
0	8	30	44	71	85	83	50	53	57	29	47	47	102	65	103	37	69	18	28	10	34	62	68	28	75	61	56	57	42	91	47	56	11	61	83	79	45	33	2	
34	0	73	51	22	4	47	45	39	65	23	52	52	75	59	32	25	34	28	53	5	25	13	15	77	66	51	34	40	17	52	38	67	60	3	28	41	42	77	51	
40	14	0	16	82	64	84	44	47	54	50	13	35	72	64	39	4	50	57	63	74	71	73	52	53	18	69	30	72	67	55	81	48	36	5	88	30	70	35	33	
42	14	21	0	41	23	65	50	51	44	15	11	16	49	51	44	38	15	23	29	36	54	21	35	6	23	42	48	4	33	67	50	46	2	26	30	32	36	50	26	
64	2	50	65	0	17	61	59	32	54	36	48	7	86	5	43	38	47	44	61	25	51	66	29	17	28	65	54	53	37	79	51	55	74	74	41	14	61	34	65	
49	51	66	38	8	0	34	61	26	56	9	38	38	61	64	18	11	20	17	46	69	24	51	2	64	60	38	39	26	22	52	24	73	47	47	14	44	34	68	38	
28	58	24	39	54	86	0	40	49	49	23	35	68	37	43	93	35	28	33	22	41	32	30	54	22	23	22	18	56	1	87	78	34	5	56	83	54	26	53	62	
25	34	68	51	43	25	69	0	61	70	44	39	26	66	9	23	39	40	9	64	40	59	68	37	7	95	48	32	61	39	62	17	70	49	82	49	11	3	78	51	
41	43	20	23	3	57	52	53	0	63	19	49	14	53	9	10	48	52	11	28	61	42	31	20	18	60	51	38	57	30	43	12	74	1	15	74	32	35	68	24	
65	79	61	9	36	18	29	22	54	0	16	58	40	73	76	46	12	48	45	59	38	52	67	30	59	51	59	55	28	38	67	52	46	42	75	42	72	48	36	26	
74	34	52	15	48	30	38	58	9	22	0	42	23	53	89	53	16	60	31	55	49	25	76	42	68	4	50	64	12	47	17	34	29	51	18	51	28	4	72	42	
73	5	52	66	41	23	67	71	59	13	42	0	71	84	34	51	4	9	50	35	60	57	63	35	50	87	71	53	59	55	79	40	7	33	21	47	52	31	11	66	
1	80	33	50	62	47	46	44	49	67	36	80	0	54	81	75	64	45	17	64	4	57	22	59	36	77	2	54	57	39	39	71	19	59	64	70	90	59	102	48	
36	11	27	16	30	53	50	52	44	58	25	43	48	0	53	81	16	47	36	35	56	70	35	61	4	76	4	12	67	39	85	36	66	8	15	20	48	42	82	22	
9	54	17	67	7	53	56	71	48	62	72	21	31	98	0	60	4	58	74	4	89	5	70	24	63	46	60	58	61	41	63	36	56	64	49	77	50	31	57	60	
58	6	57	1	93	89	97	16	32	26	12	93	78	16	57	0	75	69	10	15	24	81	19	65	19	48	55	16	71	85	31	71	88	63	65	37	5	30	39	66	
44	55	23	29	21	3	42	6	34	57	22	47	29	62	55	28	0	9	9	31	57	32	8	10	21	42	46	49	17	35	37	37	77	4	55	27	20	38	29	16	
56	36	8	58	70	54	67	52	16	44	52	3	63	68	28	57	24	0	54	26	33	57	8	35	37	1	16	14	58	57	77	70	38	45	47	65	50	62	9	30	
33	55	64	21	59	76	90	45	54	54	61	81	26	65	47	22	12	33	0	42	39	37	34	72	68	67	62	23	61	6	80	83	75	54	89	22	21	31	32	76	
70	36	55	24	30	39	34	38	26	75	50	34	51	79	39	67	27	5	52	0	47	24	28	2	10	25	38	52	39	43	101	7	49	47	47	63	69	34	73	38	
74	86	38	12	78	78	85	6	11	29	52	56	20	63	60	78	26	92	19	61	0	60	63	90	51	90	84	76	93	65	48	105	91	34	77	39	99	21	95	103	
65	60	62	39	10	67	52	77	73	33	51	34	52	56	80	40	66	40	59	30	47	0	67	57	60	4	31	55	40	38	83	86	69	43	72	74	8	63	15	26	
38	5	22	63	46	28	67	50	10	66	19	33	67	29	59	56	49	15	31	30	17	6	0	35	20	47	53	49	62	34	60	61	68	3	46	52	51	37	58	69	
50	44	46	31	17	19	14	57	6	59	30	49	31	59	53	47	40	36	32	26	63	4	52	0	44	45	18	32	19	23	81	17	56	27	27	43	49	14	53	18	
34	53	25	23	24	6	50	57	40	51	3	41	23	56	55	34	27	15	30	33	85	40	22	18	0	54	49	52	11	37	67	40	76	6	57	30	60	40	61	41	
47	9	59	42	20	59	83	14	68	50	22	90	80	25	4	87	80	20	17	56	39	19	6	67	76	0	53	18	68	20	47	66	89	80	32	83	54	45	24	79	
67	52	4	54	33	86	94	21	22	48	9	51	20	25	66	77	36	16	65	72	42	41	35	67	62	56	0	25	68	54	73	64	64	45	35	92	61	60	73	19	
11	58	10	59	53	55	50	47	42	76	40	57	55	60	10	44	48	51	9	37	13	40	42	18	67	62	8	0	55	55	58	53	92	50	49	79	5	20	79	54	
68	54	31	3	56	38	52	37	58	31	2	21	3	36	68	66	53	58	10	34	71	41	89	50	55	42	29	78	0	61	54	72	56	65	63	30	56	48	60	21	
14	44	45	54	40	89	71	26	35	35	53	72	54	87	29	79	82	14	44	23	48	18	16	53	61	59	43	4	42	0	93	74	56	84	84	69	40	12	70	57	
33	11	23	20	59	50	47	45	54	54	22	33	30	70	48	27	51	33	32	31	67	37	8	39	14	58	50	23	61	6	0	74	68	4	53	74	45	31	39	75	
22	5	58	60	30	12	56	50	5	69	31	28	60	78	3	40	33	42	39	68	80	46	73	24	9	82	60	54	48	44	74	0	63	60	4	36	14	56	67	60	
16	43	25	21	63	56	60	42	47	41	20	39	21	26	28	84	59	63	2	33	2	50	42	28	28	44	20	58	9	43	72	63	0	12	33	48	74	46	78	34	
31	58	10	60	75	75	82	55	65	70	9	57	55	93	47	83	38	49	19	18	81	53	48	50	8	60	41	37	50	22	73	74	64	0	42	89	73	25	79	77	
13	49	35	21	43	45	40	52	32	49	20	16	13	54	35	35	48	12	28	52	59	30	66	8	56	58	4	56	9	49	62	13	6	53	0	48	67	40	55	34	
42	46	50	22	54	57	71	54	63	50	21	17	22	55	52	61	21	42	29	37	58	46	28	63	67	42	37	14	10	15	23	85	15	50	58	0	50	12	56	40	
33	63	28	22	18	57	56	40	1	50	21	40	22	55	1	85	66	11	29	42	26	36	35	69	63	61	48	23	10	6	28	66	37	46	6	49	0	31	17	40	
16	60	36	21	65	68	39	13	82	68	35	27	47	36	41	85	59	33	45	44	37	37	14	76	11	64	43	55	76	38	54	87	62	17	68	75	82	0	16	34	
64	64	23	8	23	5	49	51	41	31	24	31	47	74	43	33	26	35	10	61	11	39	66	17	79	75	22	54	35	37	21	29	29	62	10	12	31	49	0	8	
1	37	47	69	56	68	44	64	33	13	52	55	44	68	55	63	79	51	75	67	82	62	17	53	74	62	16	48	57	31	26	88	81	57	46	26	33	56	56	0	
M3
0	34	57	28	77	44	19	68	45	45	60	10	64	1	21	86	57	63	29	92	17	60	55	25	27	65	20	39	26	76	71	63	2	56	51	77	44	62	9	53	
70	0	33	8	75	50	24	48	5	42	47	66	34	72	34	67	69	23	34	66	23	48	43	47	15	54	43	41	20	61	64	51	45	16	30	37	32	38	60	41	
75	26	0	40	43	7	42	26	37	12	35	54	16	40	38	51	44	22	42	54	35	21	50	3	37	60	39	47	28	12	34	24	64	22	12	52	5	54	48	14	
59	75	23	0	34	74	53	68	54	36	83	63	39	21	19	44	48	78	45	101	73	7	73	74	60	62	40	83	25	68	48	67	78	65	25	84	53	58	21	61	
70	87	34	52	0	69	46	31	53	9	47	69	47	72	48	17	68	54	22	50	36	29	52	33	31	70	25	22	26	7	77	20	41	32	55	49	48	21	14	10	
71	83	9	41	42	0	48	26	29	46	41	23	55	42	7	37	62	19	11	60	4	27	33	37	76	36	8	63	41	8	3	14	33	28	18	50	11	44	54	20	
55	76	27	59	23	52	0	31	37	59	2	73	55	27	45	28	6	12	46	46	36	53	52	20	66	7	68	46	26	41	24	37	34	65	56	65	49	21	10	6	
57	40	41	15	51	45	61	0	34	67	4	41	26	29	17	30	76	32	51	50	38	24	54	43	34	57	21	39	28	64	25	39	21	62	28	67	51	23	17	28	
69	40	23	31	42	36	36	15	0	43	37	48	1	50	21	55	62	59	1	46	4	40	35	40	22	82	50	8	10	46	31	21	12	62	20	46	49	5	38	23	
99	56	45	30	69	59	81	37	67	0	65	89	90	40	47	36	49	61	88	87	16	41	32	18	77	60	59	23	32	40	72	43	43	50	73	71	66	27	60	47	
47	68	31	51	88	44	71	23	29	57	0	91	47	19	61	20	66	77	41	73	28	53	44	67	58	94	60	38	18	54	52	29	57	57	48	57	41	13	7	33	
85	86	61	40	47	41	13	53	43	52	54	0	72	41	13	80	58	28	10	25	18	38	43	50	81	59	73	79	40	59	13	18	50	41	22	70	24	43	36	19	
56	28	56	32	29	23	23	35	39	34	64	35	0	62	41	73	63	46	56	50	41	27	22	27	9	69	55	61	39	39	18	16	60	50	43	33	36	72	70	10	
48	66	42	67	67	16	27	34	69	29	57	18	26	0	4	65	72	9	51	22	39	42	40	53	47	26	22	39	29	48	10	40	73	44	34	42	27	24	49	36	
37	56	37	12	13	4	51	8	28	19	69	1	16	70	0	13	4	13	39	76	32	55	50	55	37	64	33	60	31	36	31	27	61	56	33	4	39	27	54	38	
60	83	9	64	92	64	80	17	33	69	76	12	62	92	82	0	101	76	40	10	36	31	71	39	76	89	13	69	70	69	35	42	33	79	66	44	62	66	47	61	
56	25	8	39	8	63	55	40	36	16	78	55	65	16	65	12	0	20	26	77	7	6	61	35	46	50	60	57	35	30	29	14	37	47	41	68	61	30	24	37	
69	41	38	45	34	5	36	28	52	4	70	48	1	71	4	50	30	0	40	63	33	40	35	40	22	41	4	6	10	30	31	29	62	57	8	41	40	33	60	23	
84	47	22	1	65	43	28	14	4	13	69	34	33	23	53	54	73	45	0	34	19	44	35	52	42	74	51	40	1	21	63	20	24	62	52	33	45	4	18	24	
78	72	48	76	66	38	62	24	69	24	63	61	32	51	54	51	25	76	67	0	30	5	11	43	23	52	70	4	28	67	51	24	76	50	40	56	33	82	19	35	
72	82	50	18	58	55	30	27	55	46	35	55	70	49	1	61	66	58	52	54	0	21	38	31	79	60	26	1	38	40	39	11	92	22	12	55	5	54	48	14	
41	40	67	24	6	47	55	64	51	42	58	1	69	41	38	26	26	16	43	77	60	0	68	21	61	83	18	55	54	26	9	47	16	45	35	68	28	54	28	37	
62	70	55	75	65	22	87	8	74	8	80	60	101	35	38	74	70	63	51	59	14	4	0	63	79	73	54	70	12	54	35	8	75	35	57	76	50	67	86	19	
2	93	65	71	6	32	62	47	25	2	80	45	54	16	46	17	17	75	54	75	53	43	34	0	64	19	58	55	44	40	23	47	65	58	3	17	67	54	47	43	
34	79	48	28	72	51	35	52	11	48	76	67	40	28	57	14	17	44	40	51	5	11	48	55	0	37	80	39	47	39	61	58	3	72	27	65	55	42	40	11	
75	72	55	26	33	68	50	47	4	33	69	11	33	57	53	77	67	65	33	1	36	16	67	39	34	0	82	40	11	12	56	5	44	85	52	54	68	37	53	55	
51	33	23	47	39	24	31	32	38	8	3	53	56	28	23	29	49	62	42	70	37	37	52	47	23	43	0	20	16	5	51	38	66	5	9	5	21	22	16	30	
81	86	12	85	70	46	8	50	63	72	28	16	76	53	50	46	36	59	70	18	39	52	78	58	92	54	78	0	7	60	43	56	66	82	59	6	65	47	4	53	
46	90	16	82	50	61	45	39	28	76	65	32	57	22	68	37	65	77	57	58	54	65	70	4	51	77	79	49	0	6	87	13	68	58	76	48	69	39	66	50	
24	96	39	51	5	59	71	60	54	33	31	84	79	56	23	49	100	53	21	69	17	53	72	27	52	32	57	54	51	0	86	52	63	64	66	3	59	50	44	30	
28	47	20	30	48	42	42	12	23	18	42	54	7	67	45	50	58	65	52	53	17	42	33	46	10	80	18	59	7	43	0	18	60	51	12	34	55	2	35	22	
75	70	48	56	72	54	41	40	60	45	34	76	40	26	39	15	3	55	52	53	45	20	56	2	61	59	33	64	35	39	70	0	87	21	11	54	4	30	47	13	
56	67	62	41	67	42	62	28	42	28	56	74	27	55	10	82	19	71	11	67	34	24	15	23	48	69	74	78	32	39	55	28	0	41	33	72	26	44	45	27	
40	93	69	54	79	52	39	61	25	12	32	74	54	45	4	37	67	55	50	51	57	18	68	28	66	24	82	43	30	37	79	21	65	0	9	52	2	51	45	11	
41	45	41	27	28	40	40	33	56	51	25	52	5	50	48	51	41	41	44	44	38	29	39	39	26	4	70	67	4	48	35	18	42	30	0	7	13	23	38	4	
69	95	40	62	84	18	53	32	27	3	66	65	56	76	38	71	26	51	32	47	12	52	53	60	77	58	50	40	27	50	45	5	55	20	43	0	36	22	11	7	
65	98	61	46	71	44	31	53	50	35	24	66	59	49	29	50	75	47	42	43	58	10	74	20	68	49	74	66	27	29	71	13	81	11	1	44	0	43	37	3	
90	88	14	39	81	50	93	6	64	40	84	80	63	67	70	46	74	60	83	56	11	36	27	52	80	77	43	75	1	37	61	12	54	67	47	40	60	0	29	16	
51	41	57	30	51	64	7	31	52	48	20	18	73	29	40	46	52	58	62	30	40	30	70	40	10	50	27	50	44	7	60	1	65	22	21	49	14	39	0	23	
78	95	55	19	71	22	44	66	63	19	37	66	60	62	42	57	72	7	44	3	18	10	79	33	81	32	54	26	34	42	40	26	51	24	14	48	7	56	50	0	
