40  6  1
6
	0	79	1	54	2	27	3	75	4	51	5	31
	0	44	1	4	2	49	3	1	4	13	5	52
	0	31	1	11	2	26	3	38	4	16	5	6
	0	76	1	19	2	47	3	87	4	36	5	69
	0	41	1	54	2	64	3	90	4	86	5	30
	0	37	1	15	2	10	3	98	4	8	5	93
	0	29	1	88	2	49	3	58	4	48	5	97
	0	38	1	26	2	91	3	35	4	76	5	75
	0	52	1	19	2	71	3	5	4	11	5	71
	0	9	1	70	2	65	3	89	4	88	5	36
	0	54	1	82	2	17	3	16	4	80	5	8
	0	80	1	74	2	62	3	50	4	17	5	100
	0	70	1	12	2	90	3	5	4	23	5	27
	0	22	1	80	2	54	3	2	4	27	5	23
	0	76	1	58	2	76	3	36	4	94	5	19
	0	62	1	20	2	53	3	67	4	62	5	46
	0	20	1	79	2	7	3	76	4	39	5	91
	0	3	1	49	2	91	3	70	4	77	5	63
	0	77	1	83	2	32	3	26	4	83	5	97
	0	31	1	47	2	97	3	54	4	53	5	87
	0	8	1	86	2	91	3	4	4	75	5	87
	0	75	1	56	2	70	3	45	4	49	5	37
	0	28	1	100	2	34	3	73	4	48	5	84
	0	51	1	99	2	39	3	63	4	94	5	91
	0	6	1	82	2	65	3	26	4	9	5	78
	0	27	1	92	2	45	3	24	4	25	5	77
	0	46	1	10	2	78	3	98	4	77	5	81
	0	60	1	70	2	83	3	76	4	6	5	93
	0	32	1	55	2	10	3	39	4	25	5	90
	0	15	1	52	2	100	3	75	4	8	5	88
	0	32	1	65	2	55	3	75	4	4	5	54
	0	59	1	51	2	26	3	68	4	15	5	26
	0	95	1	98	2	93	3	63	4	40	5	38
	0	87	1	83	2	94	3	74	4	96	5	35
	0	87	1	54	2	24	3	88	4	49	5	33
	0	32	1	34	2	67	3	62	4	64	5	7
	0	38	1	87	2	35	3	68	4	6	5	54
	0	49	1	94	2	89	3	49	4	91	5	84
	0	17	1	14	2	15	3	67	4	43	5	23
	0	98	1	68	2	6	3	7	4	70	5	81
SSD
M0
0	51	53	7	54	1	39	61	17	32	27	46	43	12	36	48	74	33	30	52	39	18	48	43	25	52	65	62	51	62	77	26	15	73	63	45	42	58	61	55	
71	0	49	60	78	32	70	20	67	61	50	50	57	66	22	1	9	53	32	63	37	63	18	7	58	75	48	57	57	54	19	7	5	14	7	54	53	65	61	3	
56	20	0	13	5	21	28	41	33	13	42	35	24	43	17	29	57	23	32	33	29	49	3	24	6	19	12	43	64	59	10	2	27	48	35	42	23	39	58	60	
70	28	33	0	5	17	23	69	29	9	4	49	1	39	3	25	13	41	28	29	25	70	31	20	2	53	28	39	26	56	53	47	23	57	48	49	19	35	14	50	
65	8	42	30	0	20	78	64	26	6	23	3	17	36	53	48	61	50	61	14	44	24	53	52	51	71	36	36	78	33	43	1	35	22	59	64	46	22	80	41	
63	55	15	57	37	0	21	44	41	54	47	38	14	75	58	74	87	48	52	35	54	45	49	15	52	14	27	60	61	24	56	48	47	55	78	7	24	80	73	17	
65	5	40	50	58	18	0	51	24	4	33	55	15	34	34	50	58	36	69	34	20	76	29	42	43	60	50	10	55	79	59	56	33	5	31	55	36	30	92	28	
53	35	27	38	58	38	49	0	30	38	21	49	18	56	17	54	5	24	57	35	8	7	17	5	31	72	44	53	43	50	42	47	47	52	32	12	24	34	3	39	
38	24	31	49	62	47	80	72	0	33	10	55	7	8	3	65	76	59	25	69	43	101	52	49	42	42	68	38	78	65	72	11	5	42	61	52	58	11	74	51	
67	32	27	71	63	5	63	80	11	0	35	42	2	21	66	77	85	65	57	77	71	87	61	57	64	56	45	21	82	66	46	60	20	40	83	49	66	17	87	59	
45	43	23	26	36	34	49	40	10	26	0	5	23	49	23	42	81	12	40	45	18	37	27	37	19	11	28	56	51	85	34	56	33	53	42	24	34	31	69	57	
28	32	64	19	62	47	61	52	53	33	54	0	42	8	4	73	2	50	44	59	46	55	14	58	50	68	41	11	50	47	11	58	40	44	69	11	58	59	62	57	
49	30	53	17	30	25	59	48	37	17	17	39	0	47	21	33	39	20	36	31	4	76	13	26	10	41	16	47	39	73	57	25	31	48	28	2	20	32	74	65	
24	44	39	32	32	17	67	68	23	3	47	25	14	0	60	72	63	42	14	49	48	94	44	28	49	38	38	28	70	78	58	72	32	52	58	22	28	29	44	27	
51	6	25	52	32	37	40	6	25	52	35	48	29	71	0	29	46	38	36	46	22	51	31	40	45	49	56	79	30	8	66	39	29	49	46	56	7	27	47	47	
67	30	58	52	66	37	73	51	56	52	35	45	49	75	25	0	56	38	70	49	22	70	13	44	45	43	54	4	20	42	51	34	19	48	46	48	38	24	34	13	
83	10	42	75	49	54	41	56	42	62	49	66	46	37	76	55	0	87	44	71	90	82	34	61	68	47	19	28	28	25	73	56	22	68	61	49	66	87	85	57	
30	30	47	11	53	19	58	25	31	11	16	44	8	34	15	27	68	0	30	30	3	70	12	22	4	69	42	41	38	72	56	52	25	47	27	16	19	31	54	42	
47	30	33	5	52	1	6	44	26	6	15	38	17	30	36	32	27	18	0	29	2	52	6	24	25	52	52	36	37	62	50	66	35	40	20	37	18	30	23	55	
49	53	36	31	54	42	40	34	38	34	17	3	12	57	8	8	63	20	26	0	4	63	13	26	27	59	50	64	33	39	57	69	48	18	28	39	1	32	75	20	
37	41	58	22	42	30	47	36	26	22	5	33	19	45	26	38	77	8	41	19	0	64	1	14	15	58	47	52	27	61	45	63	36	36	16	27	8	20	65	53	
60	4	12	41	48	49	65	55	61	41	46	61	38	54	45	37	57	27	60	60	33	0	38	17	34	53	4	71	68	63	29	45	41	7	10	46	49	45	70	51	
82	40	36	21	54	29	32	10	35	15	50	4	26	45	25	37	53	53	40	17	37	55	0	32	14	29	18	45	51	32	16	43	35	64	27	55	31	41	51	66	
99	69	42	58	78	4	62	32	9	28	69	51	29	58	23	53	71	72	78	21	56	76	19	0	61	55	23	58	46	65	32	72	57	12	74	35	53	19	41	58	
62	20	37	1	48	9	50	61	21	1	30	52	12	31	5	17	73	33	20	21	17	79	26	12	0	60	53	31	52	67	46	70	15	50	40	41	11	27	58	63	
27	45	35	38	71	46	11	3	38	38	36	54	8	60	28	54	46	24	57	55	28	48	34	46	31	0	10	20	54	69	76	68	6	15	52	43	44	56	44	34	
50	49	30	36	37	42	15	41	30	29	41	11	33	4	37	52	50	22	40	22	28	79	37	46	29	46	0	54	63	13	59	44	47	49	52	41	44	51	20	41	
103	62	26	24	33	3	28	35	26	53	51	54	30	69	57	8	54	80	6	73	69	6	59	41	46	54	66	0	60	9	7	40	67	47	54	46	63	13	58	48	
82	8	57	21	44	23	70	72	4	21	50	30	32	51	17	30	18	53	40	41	37	89	46	32	14	71	57	23	0	63	66	59	35	66	43	61	31	47	77	55	
80	53	2	35	9	14	41	16	2	35	64	53	6	48	39	45	48	56	13	55	51	61	36	46	28	52	42	65	36	0	43	16	49	51	60	58	45	61	45	24	
75	33	38	14	45	22	63	20	32	14	12	27	25	44	18	30	15	46	33	34	30	12	20	25	7	73	49	44	61	21	0	15	28	63	42	7	24	40	19	18	
5	36	68	54	75	41	20	68	64	53	59	77	51	63	28	70	6	40	37	73	46	61	55	9	47	70	20	54	54	51	92	0	48	19	9	49	46	30	86	20	
46	30	39	11	56	17	10	5	20	3	40	49	14	2	15	27	48	43	30	31	27	50	36	3	4	62	57	33	62	60	7	54	0	7	50	46	21	29	46	51	
51	51	28	48	64	50	48	28	56	36	28	50	45	11	52	34	71	34	47	67	40	32	33	41	41	10	47	43	72	40	64	61	43	0	50	18	56	34	59	60	
15	64	28	45	35	40	67	42	28	45	3	42	32	29	49	3	74	31	39	55	37	42	10	56	38	67	56	25	62	11	33	42	55	57	0	50	53	47	56	46	
63	61	60	26	86	19	34	40	20	42	49	5	13	67	19	58	72	30	44	62	36	79	32	21	35	70	40	72	22	80	35	82	50	59	43	0	46	56	81	55	
13	35	35	8	42	19	1	49	35	32	40	3	39	61	28	17	78	50	46	52	46	30	55	43	25	20	11	40	69	18	76	49	46	4	61	49	0	58	48	57	
59	65	22	55	29	34	54	36	22	38	15	60	26	13	59	65	35	42	33	52	48	71	56	63	48	16	15	63	45	5	63	26	49	2	52	57	40	0	65	44	
82	43	7	35	43	18	29	40	43	35	62	36	46	36	39	51	13	57	54	32	51	64	4	46	28	57	46	47	61	51	22	40	49	63	59	32	45	14	0	19	
59	30	12	15	48	23	46	38	35	15	27	29	26	33	19	31	45	39	34	35	23	37	32	14	8	8	40	45	58	81	53	37	29	50	47	55	25	41	15	0	
M1
0	45	35	37	60	12	56	66	61	98	57	32	58	41	46	48	57	28	17	32	60	28	72	87	61	28	38	12	11	55	51	71	64	84	17	80	39	46	64	30	
73	0	37	61	70	75	76	71	93	100	68	77	60	13	51	40	33	66	63	58	31	76	54	42	12	38	66	18	52	8	77	59	23	47	50	34	80	85	33	72	
66	65	0	54	68	54	50	44	45	52	62	35	12	30	66	33	56	18	82	42	38	70	40	77	54	66	18	81	63	37	34	25	42	64	61	51	35	44	44	45	
50	52	72	0	17	52	8	10	18	51	72	28	95	69	76	38	88	49	85	72	68	53	37	72	20	39	71	67	53	30	91	31	8	56	8	24	6	5	65	34	
47	29	70	26	0	69	53	47	15	89	62	45	65	46	69	52	17	46	65	51	42	50	61	75	45	36	28	51	45	41	108	69	27	47	31	58	51	26	26	46	
24	18	59	10	46	0	37	39	34	80	30	49	46	35	70	21	43	13	83	5	53	69	66	64	34	55	32	40	63	28	24	55	37	64	26	53	35	34	55	3	
14	51	67	50	40	80	0	49	17	39	50	21	46	66	52	72	42	48	31	28	30	16	2	69	67	38	4	66	30	23	91	31	39	32	28	43	69	6	11	48	
20	71	36	23	39	60	50	0	37	54	36	70	59	48	74	2	100	65	91	80	53	59	1	36	30	55	65	57	17	59	72	72	7	45	32	66	20	47	34	50	
13	49	71	79	4	68	88	83	0	55	95	49	67	66	69	77	74	12	84	55	31	16	47	71	65	2	72	71	47	61	88	54	7	40	45	60	87	84	28	12	
68	62	34	48	84	29	75	29	78	0	54	38	57	38	64	57	40	28	36	49	74	68	56	71	52	32	44	19	72	24	36	70	41	60	70	80	33	72	55	47	
44	30	71	32	68	36	59	21	69	64	0	32	24	17	25	11	53	56	56	39	5	68	33	76	13	47	15	52	60	1	75	56	42	40	58	43	47	34	41	54	
43	30	26	29	12	4	56	58	53	89	46	0	49	36	33	40	45	32	97	24	65	34	7	68	46	10	51	52	65	42	43	62	56	40	45	68	54	40	67	22	
56	86	77	46	49	54	73	64	76	28	38	86	0	23	86	36	90	49	80	74	14	46	84	76	30	79	101	82	65	93	93	60	73	62	63	27	11	20	46	68	
51	51	67	54	70	36	81	5	53	32	22	72	28	0	76	33	76	25	67	28	16	67	24	67	26	57	56	73	36	12	75	50	38	38	34	49	51	60	17	54	
12	100	90	62	18	78	21	54	32	8	41	10	38	73	0	82	53	63	25	25	64	67	1	48	26	53	69	78	77	88	21	67	58	71	83	27	5	43	79	41	
13	54	92	1	37	38	28	30	38	63	14	48	92	26	52	0	82	66	84	58	80	37	57	92	40	59	70	35	34	50	68	51	28	23	28	44	22	25	85	54	
81	64	81	12	42	78	12	41	49	81	87	59	41	39	52	53	0	22	73	98	67	70	68	29	2	44	75	46	84	61	18	62	39	78	39	40	19	21	96	22	
36	40	10	18	24	7	45	22	26	73	35	8	33	51	8	16	22	0	85	27	56	61	49	10	56	47	11	24	17	30	46	28	45	7	45	56	43	42	37	25	
11	6	40	46	39	55	46	75	16	31	59	8	63	23	61	25	43	47	0	68	41	51	64	49	22	37	69	28	54	18	32	45	15	21	39	3	65	28	43	47	
59	43	18	47	54	27	61	71	31	81	51	29	41	59	60	26	50	23	78	0	57	33	37	43	50	52	12	65	43	31	63	53	57	59	13	57	63	49	38	42	
1	13	1	34	62	9	61	52	39	20	54	47	24	30	27	37	45	30	37	22	0	18	25	59	29	55	30	35	33	25	14	37	40	64	50	28	29	42	50	27	
19	27	68	28	34	10	44	57	26	50	41	74	10	44	35	7	2	38	21	30	36	0	84	73	17	47	57	49	32	39	49	48	27	50	51	49	26	42	64	28	
7	38	13	30	61	5	57	59	38	31	50	52	36	39	68	41	63	11	78	25	62	73	0	31	54	46	42	26	29	48	44	49	7	67	7	73	55	9	68	23	
46	56	51	1	37	72	28	30	38	11	36	46	36	15	4	28	77	69	5	63	37	51	57	0	40	58	39	56	37	13	54	51	28	3	28	1	26	15	18	39	
72	74	85	3	39	51	30	32	40	28	61	50	108	48	26	48	75	71	69	71	59	69	59	32	0	19	84	89	75	46	24	12	30	22	30	46	28	27	76	40	
47	42	83	40	53	31	67	69	49	90	4	26	75	25	93	35	4	51	46	51	70	13	64	60	58	0	45	13	3	54	70	69	67	61	67	17	41	64	51	49	
75	37	72	83	71	76	39	49	90	85	50	7	45	54	38	77	28	69	64	14	35	87	76	83	53	56	0	59	35	9	77	31	44	37	33	35	68	27	16	94	
36	65	100	76	70	58	33	77	59	60	71	35	73	29	36	62	11	65	59	42	14	71	78	111	81	45	18	0	63	33	95	59	72	54	61	63	16	55	44	76	
49	96	74	62	50	90	89	19	68	88	81	26	85	77	37	47	82	79	76	94	80	24	6	22	70	89	70	35	0	72	99	66	52	58	77	14	17	86	79	95	
54	36	21	35	40	15	62	20	64	78	11	30	44	53	12	48	71	43	3	35	14	26	47	45	3	45	50	58	24	0	36	55	30	26	22	4	20	38	5	33	
56	76	26	35	44	91	41	10	72	74	72	14	42	67	99	38	23	42	74	79	55	35	30	42	66	17	55	2	8	43	0	39	43	35	53	26	56	32	36	70	
79	71	23	11	47	82	1	40	48	70	78	41	46	64	42	66	62	52	6	33	69	17	67	43	45	69	24	87	37	43	68	0	38	71	38	54	36	35	50	64	
3	63	32	7	2	30	34	36	44	77	74	54	55	73	28	64	17	58	48	29	81	50	63	2	46	57	61	40	68	52	69	14	0	18	8	50	8	2	82	25	
41	45	75	36	16	86	59	65	37	34	49	83	20	55	100	68	41	61	64	63	30	72	31	77	61	29	82	67	43	57	59	7	63	0	63	28	11	52	78	47	
36	45	86	15	19	70	42	44	4	70	52	26	64	62	57	19	47	35	83	33	53	39	52	37	54	25	9	18	49	28	72	50	30	40	0	54	40	39	34	35	
47	76	87	14	2	85	41	43	46	67	65	61	95	29	103	66	73	77	31	62	32	75	49	15	22	51	84	21	28	63	51	18	41	10	41	0	39	38	60	67	
69	33	74	57	22	90	72	82	67	64	16	40	24	50	3	36	40	85	86	23	50	44	62	44	49	70	23	55	57	42	55	64	60	47	9	63	0	56	49	79	
38	35	76	61	2	50	76	79	6	43	43	50	3	38	80	51	72	23	28	68	29	17	1	81	45	27	44	57	29	47	85	75	32	65	12	42	26	0	53	37	
71	26	42	66	54	73	51	44	61	60	53	41	25	43	78	70	52	71	83	88	5	62	66	67	42	26	66	48	5	33	87	36	14	7	3	18	48	57	0	82	
41	14	55	6	42	73	33	18	43	38	67	53	30	24	69	33	33	20	27	76	40	26	12	60	30	56	80	15	61	26	58	56	22	58	33	14	31	30	51	0	
M2
0	36	43	35	66	50	22	31	44	44	64	46	44	31	50	35	20	50	55	53	34	52	13	1	20	32	20	56	45	2	48	32	49	32	14	21	21	3	3	26	
1	0	20	63	28	68	50	21	46	57	65	47	41	25	47	63	48	63	79	58	36	54	41	29	48	41	4	54	73	30	76	17	77	58	42	49	49	31	31	27	
79	49	0	23	53	51	11	5	32	11	51	10	19	47	55	22	7	37	62	31	42	39	23	17	4	32	38	46	69	56	69	14	36	12	64	35	38	20	16	13	
9	37	54	0	46	20	22	67	45	18	12	48	54	44	34	47	56	41	31	6	36	11	32	19	53	55	46	53	18	11	49	51	49	43	11	30	31	39	39	33	
66	25	20	20	0	3	20	51	12	24	58	33	46	1	49	30	31	24	14	10	32	18	47	51	44	41	44	67	4	28	35	43	35	16	60	24	17	3	40	26	
62	12	46	7	16	0	50	51	32	34	45	30	60	53	36	17	36	41	1	60	47	59	36	38	56	45	61	54	65	49	62	48	63	57	56	37	38	20	39	13	
73	38	28	62	49	45	0	39	39	3	67	15	46	24	20	37	22	16	3	51	34	54	38	40	5	77	5	51	40	27	71	34	51	24	9	38	53	26	5	56	
36	56	56	63	63	70	60	0	30	74	61	43	70	85	65	61	46	76	74	34	30	56	13	64	39	64	71	2	59	65	65	58	75	67	77	74	48	21	49	23	
39	37	44	6	54	56	17	66	0	39	21	51	45	13	43	36	21	51	55	59	24	44	1	49	7	52	7	55	47	44	4	33	36	33	20	43	46	25	4	31	
68	34	44	55	70	85	54	4	24	0	59	34	42	45	54	33	18	48	34	60	25	44	1	31	18	52	10	59	44	41	41	30	34	30	75	46	46	22	1	52	
58	8	70	82	29	65	41	43	16	65	0	19	25	65	5	42	27	39	71	77	61	18	27	55	47	49	52	45	73	45	70	39	56	14	82	5	29	11	30	4	
37	48	57	70	45	65	29	48	28	33	47	0	55	39	33	47	32	40	28	29	41	22	14	60	19	50	10	50	13	66	44	24	23	45	78	33	26	16	35	9	
14	53	44	58	49	63	39	2	49	63	69	63	0	33	38	37	37	43	3	61	51	45	2	40	7	13	61	11	45	5	51	49	66	49	55	53	38	24	20	46	
26	63	45	26	49	41	24	2	53	41	63	54	47	0	38	5	52	42	3	47	30	20	57	40	42	31	24	47	31	26	62	12	52	60	5	34	44	41	56	34	
42	50	62	71	61	54	18	1	47	22	62	48	32	28	0	23	8	38	17	1	30	16	24	21	20	39	6	47	2	6	33	20	33	29	65	22	15	25	17	28	
5	5	48	50	56	33	54	62	24	72	31	67	56	63	24	0	32	41	44	50	66	33	45	29	27	64	52	40	77	34	37	44	21	17	46	12	5	35	35	52	
66	35	52	59	72	68	55	64	51	64	70	35	17	38	62	8	0	23	54	71	33	25	9	21	19	60	24	42	55	42	69	5	22	14	50	21	54	23	2	32	
9	28	74	35	44	18	40	58	36	55	3	39	44	65	22	31	20	0	29	85	55	38	36	12	41	14	51	60	69	10	84	32	49	34	50	25	37	26	24	19	
53	50	13	42	14	28	50	41	36	48	63	28	28	79	3	55	46	8	0	36	56	26	62	5	43	71	77	28	62	22	80	53	75	27	31	18	75	58	55	51	
85	70	77	68	55	51	56	10	38	41	57	39	31	16	10	27	31	51	62	0	52	31	42	59	24	92	62	60	88	30	44	24	60	23	75	59	44	13	37	19	
63	13	6	55	76	50	36	37	46	35	30	3	51	72	52	51	36	44	61	50	0	22	52	38	36	49	66	22	49	41	70	46	63	44	37	4	11	22	19	45	
26	26	77	74	60	62	2	59	39	2	20	37	62	75	42	44	42	67	54	74	33	0	43	8	13	85	56	61	65	31	9	54	71	51	34	42	36	27	46	20	
62	45	9	22	71	50	28	40	13	27	33	45	31	38	19	57	42	47	27	28	40	9	0	40	39	17	33	79	12	66	43	49	43	44	57	32	11	22	37	38	
62	12	67	32	41	15	55	73	57	4	70	55	38	36	43	29	14	44	26	44	54	14	30	0	20	70	41	63	76	25	44	26	43	35	71	26	36	44	23	38	
42	43	64	52	21	35	11	75	9	49	18	37	29	50	36	20	5	32	46	83	45	37	21	6	0	23	36	54	67	54	73	17	34	26	47	33	42	35	14	39	
52	40	71	47	60	58	40	7	12	44	65	56	22	50	58	44	41	71	39	40	52	38	28	29	64	0	34	85	24	65	55	48	45	56	56	33	36	47	50	50	
10	39	62	38	60	55	5	56	7	55	14	50	56	68	36	47	57	56	57	53	1	49	50	12	52	69	0	61	50	39	81	59	17	45	19	36	49	40	40	35	
36	18	53	63	29	46	9	61	34	61	1	37	43	49	23	53	42	47	56	57	35	36	45	64	42	17	19	0	41	56	72	50	3	32	10	23	27	29	25	22	
87	38	50	59	49	42	6	55	35	10	54	36	32	16	40	54	39	39	5	6	18	4	39	42	30	27	60	57	0	59	21	51	21	22	64	10	3	13	42	16	
18	59	18	5	35	48	14	49	59	39	64	54	41	62	67	32	17	1	32	35	57	40	33	45	43	76	48	66	70	0	32	29	28	38	52	45	9	47	26	56	
11	61	37	10	7	41	49	58	82	65	68	7	57	33	52	59	58	32	52	32	21	45	51	39	50	70	58	36	75	40	0	44	87	70	52	8	59	32	41	64	
87	59	50	48	52	37	49	51	31	43	50	25	59	7	54	50	35	20	48	59	2	65	35	12	49	54	60	11	73	19	79	0	64	56	42	63	37	19	32	12	
68	78	3	52	30	63	24	34	53	40	57	39	11	2	45	51	36	53	13	29	71	49	6	46	33	57	46	10	52	67	2	43	0	20	61	63	24	49	45	42	
2	35	54	59	11	78	26	60	41	32	30	11	42	60	52	34	19	30	19	30	33	9	35	30	19	61	49	60	74	31	69	31	48	0	43	47	47	23	2	22	
84	34	19	29	38	12	23	50	42	27	34	43	49	33	12	39	46	13	22	23	1	21	46	38	47	44	46	18	7	35	38	16	23	38	0	5	20	30	49	23	
39	35	81	56	65	39	45	7	50	83	69	51	71	80	15	20	54	55	36	88	88	27	40	59	74	91	18	72	86	40	31	66	71	32	80	0	19	23	57	31	
57	26	50	21	30	4	64	22	46	48	59	44	50	26	50	31	26	1	15	74	53	58	42	52	52	59	36	42	59	63	76	38	17	41	28	51	0	20	35	27	
6	48	74	40	19	26	33	64	62	37	69	62	59	43	64	53	53	11	29	33	14	31	46	34	53	31	32	13	17	35	48	65	48	49	47	37	30	0	36	43	
68	18	59	42	63	77	38	47	60	73	72	44	26	47	71	17	2	32	37	65	16	34	18	30	2	69	33	43	64	25	52	14	31	14	59	30	63	6	0	41	
75	53	60	73	34	58	31	33	13	78	32	14	41	62	36	32	17	47	61	79	51	49	17	45	37	68	42	35	63	60	61	29	46	38	72	45	19	1	20	0	
M3
0	83	51	87	73	97	43	43	53	71	61	83	48	27	60	68	62	51	42	72	71	49	45	48	39	19	72	1	27	42	77	29	65	15	80	63	52	79	59	92	
50	0	29	56	69	40	5	32	27	4	30	9	39	17	51	42	15	41	13	24	62	39	16	12	24	53	31	47	49	32	27	52	56	17	5	41	42	3	33	66	
14	77	0	69	33	10	24	72	62	82	73	32	76	67	65	48	20	73	45	41	96	54	75	90	64	90	59	75	82	41	81	29	12	45	83	4	41	16	55	74	
56	73	41	0	30	89	13	37	61	65	71	64	27	64	39	60	29	58	83	71	43	14	62	63	31	41	51	71	61	38	94	75	44	58	23	2	56	51	40	80	
42	6	36	57	0	41	12	36	34	11	37	16	46	24	58	49	22	1	20	31	60	46	9	19	31	29	38	54	56	39	34	59	18	24	12	48	49	10	40	73	
18	28	42	18	52	0	34	42	56	14	51	38	33	26	45	60	30	28	42	8	5	1	45	41	38	46	57	58	28	28	56	62	18	34	34	66	49	13	11	18	
37	56	20	57	53	68	0	16	35	51	45	56	53	45	52	38	16	42	70	53	24	18	73	69	9	41	2	54	7	47	82	46	62	10	37	40	19	32	41	57	
36	5	18	62	43	46	11	0	33	10	6	5	2	23	14	46	16	36	19	30	23	5	22	18	17	16	26	52	25	13	31	5	19	21	2	1	30	9	18	55	
18	44	58	101	66	85	50	5	0	49	43	45	42	49	54	10	10	34	58	66	63	14	54	57	54	56	19	71	62	18	46	37	59	43	26	31	28	48	1	34	
40	19	3	50	65	51	23	23	20	0	50	19	59	7	71	18	35	44	33	28	27	26	31	20	36	68	35	62	45	22	15	44	44	37	23	45	32	23	26	59	
62	74	45	66	49	74	29	50	80	47	0	19	77	51	48	72	78	14	21	36	75	59	16	63	58	63	89	55	3	23	78	90	25	51	60	6	31	13	67	64	
1	52	51	33	22	26	13	51	69	32	71	0	72	35	68	65	47	37	66	1	14	56	63	23	62	57	62	77	23	37	80	91	43	70	49	75	40	22	15	42	
31	45	11	58	36	59	46	5	54	42	46	43	0	39	7	69	9	30	51	39	18	42	30	31	43	9	19	82	41	6	71	45	12	55	42	41	24	26	11	48	
55	54	22	66	72	68	14	14	32	59	53	54	51	0	63	47	47	35	68	71	63	20	71	60	27	59	56	53	57	13	77	54	68	54	51	49	23	51	38	71	
34	49	17	64	36	65	27	9	11	48	50	49	1	45	0	26	15	36	57	45	24	30	36	37	49	15	25	53	47	12	29	7	18	59	42	36	30	32	17	50	
46	19	31	56	5	60	23	23	41	24	50	29	44	7	56	0	35	34	12	39	55	29	36	32	29	17	51	46	11	22	47	63	42	37	25	37	32	23	27	9	
37	44	17	19	42	65	28	11	49	48	52	17	1	45	13	17	0	36	57	45	24	48	8	37	19	15	25	88	28	4	72	51	18	31	48	19	22	32	17	54	
14	74	38	60	64	35	36	36	50	23	32	51	62	20	55	35	34	0	43	39	1	42	64	80	20	45	54	14	24	24	69	76	51	47	36	51	28	9	27	64	
27	27	28	59	56	42	20	20	38	32	17	18	57	4	69	40	43	2	0	52	28	26	4	40	11	65	44	8	36	19	51	60	58	38	33	2	29	31	44	54	
44	45	14	4	58	62	51	27	66	50	45	55	17	61	29	18	31	52	59	0	40	49	52	7	19	31	41	68	41	15	36	41	34	30	5	50	2	48	30	35	
9	69	33	57	65	81	33	33	51	23	68	73	57	17	64	66	29	19	83	49	0	39	86	79	46	71	49	67	19	19	64	73	74	62	31	57	40	4	57	59	
52	14	44	55	7	55	8	46	42	19	43	24	54	32	66	14	30	56	28	17	39	0	31	27	37	65	46	12	62	38	42	16	26	32	20	56	17	18	38	37	
54	69	7	10	10	16	56	57	47	74	44	28	94	46	70	46	62	44	16	32	56	47	0	77	17	74	27	20	47	56	86	35	57	41	75	44	53	61	53	84	
30	43	12	56	49	60	30	17	7	48	42	41	48	34	11	22	22	46	57	68	71	26	31	0	48	62	31	83	43	30	9	49	62	55	20	5	40	47	13	46	
26	28	46	22	19	34	34	44	56	33	59	38	68	34	40	3	36	7	42	18	13	4	45	41	0	40	60	54	4	36	56	65	59	1	34	5	43	21	46	71	
5	59	59	87	86	56	65	67	69	64	87	69	59	70	22	84	66	8	73	29	79	88	33	72	84	0	83	53	83	70	68	31	72	22	65	20	21	57	63	93	
44	58	24	25	22	33	38	18	56	41	59	56	8	22	20	57	22	13	62	52	31	31	16	44	28	22	0	66	54	19	46	58	25	55	55	54	37	39	12	56	
33	40	18	65	43	66	26	12	10	45	53	50	2	10	14	25	16	37	54	39	25	29	4	38	32	16	17	0	48	13	61	52	19	24	41	46	10	33	16	30	
50	66	3	58	7	51	26	26	38	5	65	28	43	10	6	38	53	2	80	74	66	32	57	43	39	21	62	65	0	25	71	49	16	36	63	45	24	57	25	77	
10	73	24	71	66	1	2	33	41	64	7	42	70	69	43	51	35	37	44	34	62	53	4	86	23	57	42	73	20	0	18	73	23	50	70	29	54	36	14	63	
10	11	41	15	26	6	17	27	39	16	42	21	36	29	48	17	27	26	25	36	50	30	28	24	21	29	43	41	51	44	0	58	28	29	17	52	54	15	27	1	
13	67	33	38	1	81	58	28	18	72	24	59	48	57	60	33	33	54	61	76	71	34	56	16	77	62	32	89	43	40	21	0	65	30	36	46	19	30	24	57	
59	28	55	64	60	69	20	47	49	33	12	38	39	46	2	33	44	42	42	53	62	47	44	41	38	30	38	7	31	15	11	45	0	5	34	34	59	19	44	18	
20	2	24	59	13	43	8	18	30	7	33	12	8	20	20	45	18	36	15	27	13	42	19	15	16	22	32	49	23	19	3	27	2	0	8	3	37	6	24	61	
24	77	48	10	80	38	48	40	57	38	81	34	61	32	29	72	44	34	91	64	11	54	14	87	51	75	64	13	34	34	24	39	12	77	0	72	33	19	63	67	
45	57	25	30	60	45	17	17	35	22	7	42	54	1	66	50	50	37	41	33	66	23	39	63	30	36	59	56	26	16	55	53	48	8	54	0	12	36	17	74	
23	77	19	79	64	15	62	55	51	41	35	70	90	53	63	66	21	50	72	68	32	63	12	16	82	18	75	75	18	28	68	73	13	41	67	57	0	26	57	90	
51	32	31	4	56	29	38	25	60	37	30	42	15	50	27	30	29	47	35	22	38	35	34	34	22	29	38	69	49	26	16	35	32	9	38	4	41	0	31	22	
52	51	63	33	87	46	50	55	73	56	52	31	48	39	60	57	62	37	9	38	63	38	39	53	46	62	72	43	41	54	78	24	32	46	57	37	17	55	0	89	
50	3	33	60	58	44	9	36	31	8	34	13	28	21	40	42	19	18	17	28	51	22	20	16	13	21	35	51	43	36	31	56	26	21	9	44	46	7	19	0	
M4
0	75	72	61	62	68	15	60	69	39	53	53	73	19	67	1	55	4	55	52	48	58	43	6	54	66	72	62	34	50	52	67	60	53	21	49	27	63	19	42	
49	0	56	44	1	55	50	35	59	38	2	37	29	50	55	37	45	31	22	14	7	34	31	22	18	8	5	26	41	16	29	74	48	31	41	38	35	60	73	6	
43	23	0	36	37	48	36	21	3	34	32	27	32	63	48	23	25	54	23	33	43	17	27	3	14	38	41	12	22	9	22	21	34	55	28	4	11	28	20	11	
84	22	39	0	36	82	6	24	58	60	37	61	36	30	60	72	21	13	26	49	42	60	51	57	53	43	35	15	60	51	64	76	37	57	46	59	41	56	26	41	
29	31	53	24	0	70	2	15	70	34	19	65	11	29	28	51	32	22	26	18	39	18	4	53	2	4	27	15	55	60	7	76	37	49	11	16	41	1	57	26	
9	3	72	60	17	0	28	51	15	54	18	16	44	62	44	33	42	47	22	30	15	29	47	38	34	24	21	42	34	32	45	33	40	18	21	54	51	39	32	22	
39	61	62	34	67	50	0	25	56	75	29	28	40	24	6	45	4	24	50	28	50	49	26	78	33	57	28	46	58	64	17	74	52	49	79	26	53	2	73	38	
39	42	29	36	56	31	18	0	48	64	57	55	48	69	50	38	24	81	61	39	54	18	28	48	59	63	15	57	61	39	51	44	79	57	55	47	41	68	65	27	
30	9	50	38	23	53	46	35	0	39	24	57	18	54	40	9	23	51	26	36	29	3	36	44	24	30	27	37	8	14	27	7	34	50	23	36	50	69	6	28	
74	29	87	36	30	66	56	57	35	0	13	30	64	30	58	23	69	30	46	33	10	49	32	64	60	50	47	48	18	58	71	51	25	64	7	70	69	53	35	48	
20	27	59	6	15	18	41	21	41	17	0	24	17	55	39	24	38	12	45	21	41	51	22	62	35	41	23	34	60	56	13	59	48	19	47	22	60	47	58	46	
52	24	51	51	38	47	44	23	11	57	36	0	40	69	11	31	45	62	16	5	18	25	38	59	46	27	42	20	30	36	49	29	7	31	45	58	22	6	28	43	
40	31	19	62	17	83	39	24	38	46	46	50	0	52	42	51	39	10	26	58	51	18	40	38	2	26	49	15	55	44	57	53	37	65	34	39	24	63	55	26	
42	36	69	60	50	25	61	35	27	50	7	20	27	0	48	31	17	60	9	42	48	41	74	58	52	20	54	50	37	52	65	45	44	7	53	58	59	17	33	55	
44	38	21	7	35	27	49	46	40	35	12	51	49	30	0	34	54	56	48	65	50	54	64	34	51	52	54	37	59	46	59	58	14	24	20	41	48	65	57	48	
22	29	48	30	19	18	29	17	41	33	11	18	45	70	33	0	37	33	23	14	41	48	20	46	32	28	11	45	35	8	13	59	42	19	19	22	53	41	58	37	
39	33	51	5	45	22	33	41	29	57	48	1	57	66	6	25	0	54	7	11	36	15	52	49	64	27	51	36	48	54	43	47	25	6	51	2	40	24	46	33	
38	34	52	37	35	36	42	27	51	37	35	48	39	1	51	33	41	0	29	36	54	36	34	41	20	44	23	18	39	12	25	39	40	35	54	34	44	45	61	6	
22	24	60	48	38	59	44	41	70	45	29	42	66	26	59	41	16	68	0	44	44	67	32	53	51	45	4	51	47	20	33	43	66	60	59	31	16	15	81	43	
7	10	39	36	24	47	71	30	18	34	9	12	47	69	25	13	38	54	45	0	8	32	9	45	41	31	28	47	34	9	22	36	19	41	51	31	51	35	13	29	
55	13	55	49	27	60	48	11	71	17	28	46	39	48	57	42	50	37	39	31	0	60	36	48	44	6	31	36	11	21	34	44	37	28	39	43	20	59	30	32	
12	46	48	58	59	35	6	47	56	3	36	49	56	2	20	59	14	35	38	32	4	0	24	20	25	49	18	38	66	73	41	74	19	36	64	25	51	46	49	24	
66	28	7	48	16	65	22	21	26	46	43	44	33	52	5	46	4	54	23	54	48	18	0	26	2	26	46	12	30	32	45	44	34	49	51	27	34	51	21	26	
39	33	63	47	37	22	41	44	20	13	11	39	49	59	52	40	7	64	52	47	38	8	8	0	55	54	51	48	39	36	36	38	63	48	51	45	13	52	37	30	
68	20	67	68	25	88	28	13	59	35	35	54	25	41	31	40	64	46	15	47	40	7	32	42	0	15	38	4	44	49	51	65	26	60	48	60	30	57	46	15	
70	21	58	72	35	67	29	14	60	5	34	56	16	17	80	71	61	31	16	48	41	56	36	29	41	0	30	5	75	50	63	47	27	20	8	72	31	61	77	40	
33	50	53	45	61	57	49	43	37	48	48	9	35	77	37	44	52	24	42	31	44	43	37	58	27	51	0	40	50	23	36	10	33	57	26	45	21	32	54	11	
72	10	57	61	24	78	18	3	49	61	25	46	15	69	72	60	68	36	5	37	30	45	36	45	40	31	28	0	64	39	52	67	16	54	39	61	20	59	66	29	
31	16	51	43	30	73	29	14	35	64	31	57	26	70	21	39	32	47	3	28	36	36	47	51	20	37	34	5	0	45	58	8	1	43	24	27	31	43	52	35	
26	42	32	20	56	31	57	13	51	17	17	35	70	77	31	13	21	52	47	16	38	63	14	51	62	63	59	49	19	0	5	52	45	57	34	14	37	58	67	21	
18	70	60	13	69	78	55	4	65	94	8	61	81	68	22	44	21	43	67	7	29	54	5	57	55	78	50	60	83	69	0	68	47	53	69	5	72	55	58	30	
8	31	28	20	36	60	39	24	12	43	27	65	10	52	18	20	46	43	26	58	31	18	43	47	2	26	26	15	31	37	50	0	37	71	1	48	41	63	29	26	
57	52	29	51	66	49	42	23	48	36	45	44	47	48	62	44	22	48	4	47	68	20	34	48	59	6	45	36	50	23	36	66	0	51	6	45	18	57	65	52	
44	36	55	55	10	27	44	29	50	33	25	24	41	46	12	52	77	60	11	46	49	23	48	7	7	4	21	20	49	65	67	48	42	0	31	75	44	38	62	4	
27	21	46	69	35	10	34	30	33	6	36	34	49	40	37	51	60	35	40	48	33	45	65	55	29	11	39	41	52	50	57	49	44	36	0	66	67	57	48	40	
26	20	54	13	34	9	45	35	32	39	35	33	47	77	53	35	43	60	39	16	32	46	27	55	39	41	38	52	24	14	27	22	50	35	38	0	56	56	49	17	
51	43	57	45	43	56	22	38	48	42	21	20	50	61	48	38	46	71	40	41	44	62	10	31	60	48	39	29	44	17	30	66	44	38	59	39	0	33	59	46	
74	37	64	1	12	64	43	45	44	45	44	43	56	57	71	3	50	50	47	64	57	58	33	34	49	15	37	36	44	40	53	62	45	30	48	53	17	0	61	56	
48	15	54	47	29	64	56	1	7	53	27	10	36	13	5	27	3	59	43	32	35	1	24	50	42	36	33	47	26	32	45	25	8	23	6	16	49	33	0	17	
54	30	72	51	36	84	30	9	60	46	45	32	30	52	42	51	54	35	26	54	50	18	25	53	2	24	48	15	55	59	62	76	37	69	42	71	41	55	51	0	
M5
0	55	48	38	29	39	28	55	62	13	41	45	55	2	63	2	84	38	17	36	50	60	50	52	56	34	87	13	48	64	5	53	22	48	87	23	47	28	36	6	
53	0	68	59	91	89	71	13	14	75	45	40	25	61	66	31	88	72	32	97	67	2	2	58	10	41	63	8	80	51	57	57	54	34	19	48	17	1	58	12	
43	21	0	9	32	35	88	44	33	1	67	62	73	25	52	76	50	59	46	83	52	24	34	11	53	59	60	45	6	12	72	49	3	63	73	76	41	37	25	47	
52	30	25	0	63	62	60	30	5	32	16	65	9	45	47	52	16	51	34	24	51	45	25	42	36	45	37	20	9	43	41	8	28	81	31	37	55	28	42	46	
65	55	65	47	0	58	79	19	42	23	52	69	13	49	43	55	84	50	70	21	55	49	61	62	44	81	66	87	28	44	45	40	26	57	69	73	10	7	16	57	
40	12	58	48	81	0	64	71	54	65	57	83	14	50	74	73	74	19	64	66	56	50	66	54	67	67	53	62	70	38	46	69	55	25	9	77	6	49	47	76	
73	87	60	70	73	86	0	76	91	31	86	89	36	23	47	38	100	69	85	37	78	72	70	70	40	61	41	77	72	71	31	48	69	66	59	50	67	59	69	36	
45	61	92	44	16	82	75	0	69	43	60	84	10	46	70	68	50	64	24	67	52	46	64	32	63	30	63	4	73	45	42	67	6	82	66	52	51	52	43	68	
48	77	64	18	92	81	105	58	0	6	63	53	74	18	73	79	24	63	76	90	75	27	59	45	81	64	74	66	48	76	45	65	26	66	37	84	63	1	71	72	
6	40	25	4	63	66	65	18	64	0	61	48	58	4	40	39	77	45	34	66	71	31	17	3	39	22	69	43	37	43	42	23	34	66	38	51	49	33	47	42	
48	6	33	45	56	38	36	6	37	40	0	51	39	64	57	28	35	33	10	55	43	50	1	39	12	24	85	51	45	41	34	4	41	88	73	13	31	47	30	22	
52	1	32	47	3	9	77	52	48	39	44	0	46	14	42	76	72	60	1	54	63	1	20	49	31	40	45	41	40	50	46	23	14	40	19	65	29	30	49	34	
60	24	55	7	40	48	67	37	32	38	23	47	0	9	33	59	44	40	41	66	15	9	27	62	26	48	26	49	63	8	5	30	14	45	29	44	41	15	6	47	
72	50	23	38	51	40	64	46	62	30	72	87	69	0	72	39	61	23	75	49	81	53	63	40	40	77	89	74	35	41	87	34	32	40	90	66	22	13	48	57	
60	38	11	26	49	43	20	61	50	18	50	29	73	28	0	86	61	38	63	99	30	41	51	28	44	76	77	62	23	29	89	62	20	80	90	71	1	46	42	24	
40	43	29	44	23	45	67	24	30	36	53	5	56	1	31	0	51	38	71	64	21	46	14	46	32	55	39	75	41	32	30	28	17	28	65	74	46	37	4	45	
52	58	43	3	53	43	33	58	63	50	44	39	30	60	13	25	0	70	56	46	40	1	53	34	64	21	83	41	55	50	31	23	31	25	54	10	18	44	63	8	
35	46	23	23	55	64	35	20	49	30	32	1	13	44	61	68	75	0	5	36	42	49	12	40	17	23	48	74	28	41	33	44	32	85	4	12	63	8	34	28	
61	11	52	59	41	4	64	23	29	19	38	56	45	48	30	43	81	37	0	26	71	32	47	58	31	52	62	71	4	31	5	27	56	71	64	41	50	23	3	34	
23	28	1	16	39	40	38	49	40	8	44	60	41	2	59	56	57	48	53	0	6	22	15	18	9	44	25	49	13	1	59	6	7	2	52	39	46	1	32	54	
52	2	42	39	72	50	58	14	49	49	48	43	5	17	19	79	56	14	66	88	0	5	1	59	44	44	58	8	10	40	37	60	46	11	61	69	39	47	38	44	
14	20	32	46	64	52	50	20	40	39	6	1	12	47	31	42	49	47	24	69	41	0	15	19	26	2	65	3	44	12	44	18	41	2	34	27	45	54	44	36	
54	38	11	26	49	52	70	61	29	12	75	34	25	15	34	2	15	61	22	11	12	41	0	28	70	8	58	61	3	29	48	66	20	76	81	47	22	51	42	63	
1	1	44	43	42	46	58	33	28	9	40	57	37	20	19	17	25	38	49	64	37	51	13	0	32	63	63	45	7	32	37	2	53	64	46	55	39	54	4	38	
15	37	10	25	28	51	69	39	49	7	25	78	10	34	68	48	3	37	35	35	28	40	34	27	0	45	33	45	22	28	17	37	19	19	60	46	57	52	41	52	
19	33	50	46	61	51	8	57	32	15	43	15	40	52	46	52	56	2	61	61	19	4	52	40	63	0	93	44	49	20	39	5	46	36	69	18	12	29	38	34	
97	51	62	77	2	76	57	51	58	55	62	30	45	68	61	64	68	68	55	53	64	71	51	7	62	45	0	85	14	20	55	58	58	89	13	34	42	39	34	50	
83	21	63	4	74	45	92	28	7	41	49	76	27	63	71	41	2	75	67	73	69	38	7	38	25	76	30	0	75	62	59	61	63	77	83	70	52	52	44	44	
10	47	20	35	37	61	50	21	50	27	48	62	27	43	47	12	2	39	58	77	27	50	57	37	52	38	80	54	0	6	1	48	29	62	83	27	67	61	24	43	
36	74	89	4	19	86	76	52	64	59	60	58	62	69	59	69	73	81	59	13	33	90	65	98	80	22	46	80	72	0	14	72	10	36	73	53	49	26	65	56	
75	45	77	58	75	60	78	68	38	33	54	54	24	31	54	6	74	13	20	87	66	60	4	72	74	13	31	70	4	59	0	66	65	23	80	55	58	44	56	11	
18	26	34	15	52	58	52	26	57	41	12	61	9	37	69	48	28	47	30	75	51	23	21	9	32	35	62	21	18	44	41	0	43	62	65	33	45	51	42	42	
80	54	81	83	95	38	84	4	73	88	40	86	87	62	102	76	25	81	29	103	11	72	49	50	60	72	31	57	69	89	82	52	0	74	81	61	7	21	78	60	
74	60	69	70	28	40	78	72	3	32	64	74	36	72	39	90	93	25	52	42	74	72	15	28	29	7	70	12	81	30	68	66	30	0	26	85	59	65	69	82	
65	35	16	31	45	37	58	35	12	23	21	77	14	44	48	57	64	62	39	47	56	46	30	33	41	46	11	67	28	34	24	33	25	85	0	35	40	56	47	51	
73	58	75	59	36	71	16	63	84	73	67	35	25	61	45	67	83	58	83	58	23	30	72	64	47	4	78	70	72	48	14	29	21	69	81	0	65	27	58	9	
19	28	55	57	71	54	58	28	12	62	14	25	51	52	60	50	56	55	11	44	25	65	23	51	18	23	92	45	60	61	41	16	63	69	83	35	0	69	33	44	
58	4	43	55	58	48	46	16	46	50	2	20	31	67	31	38	45	43	20	65	32	58	9	49	22	34	79	61	36	48	44	14	51	40	53	23	41	0	20	32	
45	16	26	41	15	19	40	53	3	33	39	30	36	51	4	75	55	11	51	37	53	45	48	36	5	62	36	48	38	5	60	1	35	84	38	60	24	45	0	18	
43	76	62	41	81	29	75	49	27	1	63	85	60	41	56	76	71	77	63	71	57	49	54	22	21	59	42	72	19	71	70	25	8	37	13	52	53	67	43	0	
