40  8  1
8
	0	79	1	66	2	72	3	97	4	29	5	26	6	11	7	44
	0	7	1	8	2	36	3	93	4	38	5	24	6	43	7	10
	0	62	1	67	2	55	3	54	4	11	5	21	6	43	7	22
	0	16	1	98	2	14	3	90	4	19	5	8	6	74	7	82
	0	88	1	97	2	76	3	80	4	90	5	78	6	93	7	63
	0	44	1	50	2	90	3	24	4	57	5	84	6	80	7	31
	0	42	1	24	2	86	3	96	4	38	5	27	6	48	7	88
	0	3	1	28	2	45	3	9	4	46	5	27	6	24	7	4
	0	11	1	19	2	52	3	82	4	34	5	24	6	27	7	68
	0	45	1	72	2	32	3	15	4	67	5	60	6	9	7	41
	0	48	1	100	2	68	3	73	4	29	5	96	6	95	7	14
	0	21	1	37	2	96	3	67	4	59	5	99	6	93	7	73
	0	48	1	73	2	82	3	54	4	18	5	81	6	87	7	72
	0	57	1	43	2	89	3	33	4	89	5	93	6	14	7	10
	0	9	1	79	2	8	3	52	4	6	5	77	6	21	7	15
	0	19	1	13	2	91	3	21	4	18	5	72	6	2	7	35
	0	7	1	36	2	47	3	29	4	80	5	81	6	20	7	38
	0	84	1	19	2	30	3	70	4	75	5	87	6	3	7	5
	0	62	1	83	2	6	3	76	4	74	5	34	6	30	7	52
	0	5	1	30	2	99	3	50	4	18	5	56	6	93	7	36
	0	5	1	26	2	18	3	11	4	41	5	68	6	40	7	80
	0	87	1	47	2	73	3	47	4	12	5	8	6	2	7	100
	0	51	1	75	2	59	3	66	4	20	5	44	6	99	7	43
	0	46	1	54	2	33	3	63	4	87	5	26	6	28	7	22
	0	65	1	98	2	67	3	85	4	6	5	2	6	34	7	65
	0	86	1	60	2	80	3	9	4	18	5	90	6	58	7	68
	0	30	1	55	2	59	3	18	4	17	5	100	6	72	7	55
	0	63	1	41	2	54	3	95	4	85	5	21	6	89	7	42
	0	19	1	49	2	56	3	11	4	63	5	59	6	57	7	11
	0	58	1	83	2	57	3	29	4	47	5	28	6	40	7	82
	0	59	1	64	2	93	3	5	4	17	5	7	6	67	7	6
	0	39	1	32	2	66	3	7	4	6	5	45	6	78	7	48
	0	5	1	13	2	46	3	26	4	82	5	24	6	36	7	87
	0	38	1	29	2	57	3	7	4	81	5	81	6	33	7	19
	0	6	1	79	2	44	3	78	4	58	5	84	6	70	7	66
	0	13	1	61	2	19	3	85	4	74	5	63	6	18	7	89
	0	72	1	63	2	92	3	41	4	14	5	100	6	67	7	14
	0	19	1	100	2	77	3	68	4	38	5	75	6	47	7	57
	0	47	1	20	2	88	3	62	4	57	5	66	6	37	7	57
	0	80	1	50	2	8	3	46	4	48	5	7	6	54	7	21
SSD
M0
0	62	11	35	46	65	3	18	43	52	33	39	54	30	34	10	36	35	23	30	32	18	1	36	44	27	8	41	29	21	18	47	23	38	11	47	11	18	18	26	
33	0	46	39	30	54	44	20	45	50	35	28	48	41	25	37	24	27	25	23	4	2	17	20	37	29	26	49	28	10	33	23	51	40	53	19	18	14	15	50	
28	64	0	15	52	75	34	45	32	44	12	53	23	28	58	67	50	49	16	44	46	45	47	43	43	13	51	37	32	4	1	45	37	44	25	51	28	1	19	31	
10	53	53	0	38	45	22	19	37	13	16	31	11	15	35	54	28	27	19	22	24	34	25	28	36	28	25	49	48	30	19	36	15	16	58	39	49	53	10	31	
41	71	61	15	0	51	14	38	39	4	47	34	38	18	37	12	59	48	4	53	48	23	27	59	30	12	25	43	59	54	46	52	46	47	41	31	70	48	9	25	
57	49	47	31	48	0	64	56	17	2	35	35	58	38	12	31	53	33	22	47	40	30	50	44	31	30	34	23	34	46	41	30	40	28	40	48	19	33	38	63	
32	43	40	6	57	28	0	41	11	24	38	27	33	31	36	11	47	28	41	41	43	24	44	44	36	37	47	42	43	49	29	24	34	27	22	42	16	29	28	53	
37	43	46	32	44	47	21	0	22	59	12	54	55	38	13	57	29	15	2	60	41	24	22	26	32	6	3	56	35	32	10	35	53	17	41	53	50	37	48	67	
57	21	47	49	42	44	40	47	0	29	39	47	51	30	44	24	52	31	52	51	32	2	45	48	14	15	49	43	22	38	35	2	44	5	57	20	46	37	43	74	
29	49	31	40	35	2	35	23	17	0	16	4	37	45	33	52	25	24	28	19	21	30	22	25	33	32	27	46	45	27	30	30	12	33	46	15	26	32	11	20	
17	41	44	7	23	43	38	14	26	22	0	17	34	38	30	32	13	27	19	7	4	33	22	13	21	23	15	49	28	10	27	39	18	28	29	19	15	33	26	34	
26	47	6	37	19	5	24	34	41	51	45	0	34	45	19	51	22	40	22	16	18	54	28	22	30	35	24	21	41	24	37	54	58	29	46	33	43	43	8	7	
43	21	50	23	40	54	8	19	17	32	34	38	0	30	4	39	34	25	19	33	14	30	44	39	23	28	19	47	26	20	32	12	34	19	32	29	42	28	37	22	
43	44	7	24	10	48	21	27	12	9	42	22	6	0	5	47	39	26	29	33	33	25	36	26	16	35	20	30	27	12	37	25	26	21	30	39	11	29	34	29	
36	46	45	10	33	46	48	35	24	39	42	32	37	17	0	45	39	12	15	38	19	37	41	44	10	32	13	34	13	25	26	31	31	7	19	34	42	15	26	45	
32	61	44	6	48	43	14	30	39	35	38	17	29	1	6	0	36	27	30	44	34	52	47	49	25	14	27	12	28	40	41	25	37	22	34	49	57	30	32	45	
34	36	32	8	52	54	46	22	47	37	16	50	35	39	33	26	0	36	27	46	47	45	23	51	21	31	24	53	32	53	34	60	39	12	56	19	14	36	34	55	
30	48	38	41	36	37	33	9	34	30	24	11	59	28	25	57	26	0	14	20	33	36	18	26	34	18	15	47	26	39	22	1	52	13	53	48	47	49	35	39	
36	41	41	23	57	27	40	37	9	48	31	43	34	13	32	7	8	26	0	42	31	21	38	46	34	35	39	21	40	30	24	22	35	23	47	9	29	9	43	69	
5	29	40	16	11	56	35	24	49	39	24	32	43	47	28	34	1	31	18	0	8	38	10	1	9	14	3	53	32	14	37	47	47	20	56	23	22	37	42	22	
24	48	46	30	21	45	35	11	36	41	26	19	57	48	27	28	15	18	16	14	0	38	29	20	28	20	17	40	19	1	24	49	58	31	46	10	23	24	48	41	
44	49	4	21	17	59	39	31	30	50	29	39	48	19	4	6	6	25	16	34	15	0	36	24	23	39	26	22	26	21	29	36	31	20	32	30	27	28	39	25	
33	39	24	37	5	56	18	15	40	9	30	41	28	32	31	12	29	33	20	23	34	26	0	29	8	24	21	43	51	6	17	53	25	35	13	49	47	20	11	50	
12	36	40	23	18	9	42	27	27	46	31	13	30	43	17	33	8	38	25	2	15	40	1	0	16	21	10	36	39	21	40	40	40	14	39	30	29	41	40	29	
30	42	60	41	36	60	60	49	45	62	43	48	63	45	51	48	26	44	27	20	33	45	35	21	0	35	28	65	44	39	15	58	32	18	20	27	15	27	12	47	
3	54	50	26	35	15	44	40	55	55	34	46	2	29	36	11	11	42	15	37	39	25	40	25	33	0	41	14	37	14	52	55	30	30	64	37	21	53	38	64	
41	64	13	47	11	47	52	28	35	28	43	24	74	47	44	45	32	35	33	31	12	48	46	5	45	37	0	57	36	18	4	14	43	48	35	27	33	41	42	52	
20	46	43	31	28	47	41	25	28	38	39	21	50	62	41	42	16	9	5	12	9	41	15	18	26	25	20	0	33	15	38	13	5	35	60	24	37	38	13	28	
32	14	50	41	1	40	30	6	31	53	21	31	41	23	22	40	27	24	11	26	7	23	31	32	40	15	12	2	0	13	19	44	42	8	43	22	32	5	36	33	
20	44	41	4	26	13	27	28	28	25	36	19	20	35	43	21	16	3	33	10	12	41	13	16	24	29	18	13	36	0	39	41	3	20	41	27	37	41	11	37	
19	43	40	23	25	44	16	27	27	15	38	18	47	52	38	44	15	14	32	9	11	15	12	15	23	28	5	17	10	17	0	40	2	34	52	14	20	31	10	36	
16	11	33	20	29	3	51	37	57	49	43	6	47	42	43	22	42	36	42	39	22	20	5	27	15	4	8	33	12	24	13	0	32	39	23	37	36	30	30	34	
12	36	33	23	18	37	42	20	20	38	31	11	40	54	35	37	8	7	25	2	4	33	5	8	16	21	10	29	28	10	33	33	0	27	55	19	29	33	3	29	
18	5	4	29	24	4	31	7	10	43	22	17	8	18	23	21	14	13	12	8	10	14	11	14	22	16	13	35	18	16	19	23	1	0	42	4	30	21	9	35	
23	47	44	34	29	48	34	31	31	49	17	22	37	28	44	48	19	18	25	13	15	44	16	19	27	32	21	40	32	21	1	44	6	21	0	30	28	1	1	40	
31	66	58	30	48	66	26	38	35	26	40	46	40	31	11	55	37	4	35	41	22	48	47	24	30	31	33	51	33	28	2	48	37	27	25	0	31	4	25	64	
13	37	39	24	19	14	41	32	51	37	18	40	3	28	33	8	9	38	26	3	16	1	18	9	17	22	11	39	40	22	21	52	26	5	14	31	0	21	21	30	
8	44	35	41	32	60	14	37	12	52	17	34	17	8	44	47	31	30	42	25	27	25	28	31	30	38	33	28	12	7	50	25	18	24	72	42	8	0	26	41	
46	43	13	25	30	46	47	23	11	13	28	47	50	32	6	46	31	27	28	36	34	22	48	42	24	32	28	49	28	22	36	24	46	20	34	42	14	30	0	60	
18	42	40	29	24	33	34	27	10	23	37	18	37	28	26	44	14	10	2	8	11	23	12	14	22	27	16	18	32	17	23	23	2	26	16	26	28	1	10	0	
M1
0	5	47	30	15	13	61	36	21	11	39	30	55	18	38	11	62	19	26	43	35	35	1	41	34	23	5	46	10	33	28	25	25	38	57	16	42	17	9	44	
45	0	34	48	2	50	48	35	8	5	26	57	42	44	39	40	49	6	13	43	49	29	61	28	46	21	45	48	45	20	15	12	32	25	44	41	36	4	57	44	
43	15	0	29	25	43	71	42	31	28	38	22	59	9	38	15	52	29	24	6	46	42	13	42	39	44	29	50	60	38	13	35	29	43	63	32	49	27	16	56	
54	67	27	0	38	7	62	46	24	56	19	5	21	34	24	52	53	17	22	54	51	45	14	24	63	7	68	5	5	52	31	60	43	32	5	33	56	33	48	19	
10	34	2	41	0	10	67	31	50	47	34	67	56	23	56	55	60	48	42	6	47	20	66	42	29	59	32	63	22	51	34	54	42	46	8	30	37	46	4	6	
59	43	47	61	44	0	69	19	47	27	55	37	1	15	8	29	24	35	57	65	44	57	52	15	61	46	59	26	60	21	55	50	43	76	77	62	44	52	36	6	
14	85	46	43	72	47	0	47	20	66	6	67	10	55	6	57	21	69	23	57	26	41	81	40	6	12	59	23	66	25	56	60	66	71	23	20	27	42	20	12	
40	25	16	61	3	26	37	0	39	34	43	37	41	55	67	62	1	39	46	73	15	60	60	35	44	17	73	39	64	22	8	32	65	46	70	56	69	37	36	20	
34	51	7	33	61	48	68	39	0	62	57	48	57	56	60	61	22	37	37	74	44	2	56	1	20	17	61	21	48	79	17	21	27	55	17	45	32	55	72	17	
13	24	45	29	34	58	36	49	40	0	8	78	12	38	47	38	8	38	45	68	36	37	40	37	28	30	49	48	58	29	5	33	52	56	9	57	47	36	31	54	
14	25	44	54	35	64	18	48	41	38	0	48	50	25	48	61	7	25	4	62	14	32	72	23	43	16	74	64	51	10	41	18	43	52	39	62	49	37	42	54	
26	54	60	52	64	38	25	61	69	67	25	0	56	83	50	74	61	68	68	79	31	48	65	14	55	61	30	64	74	51	61	58	88	37	18	31	54	66	59	48	
36	45	53	69	24	42	68	30	27	16	41	51	0	5	36	9	30	21	66	58	38	48	9	10	26	38	44	41	25	4	38	40	21	43	30	32	21	33	52	24	
21	46	25	64	56	43	45	67	31	59	28	5	52	0	39	71	69	38	67	74	39	52	10	51	34	19	64	36	67	56	12	41	22	43	38	56	33	58	49	67	
51	56	57	12	53	49	46	31	36	37	71	57	41	31	0	38	60	54	51	17	33	34	59	53	37	46	51	53	17	48	41	3	32	8	66	66	43	26	50	67	
17	25	31	49	2	22	46	14	5	38	43	48	31	22	14	0	43	23	46	60	18	26	30	25	44	18	66	22	32	10	18	20	1	54	35	35	29	27	30	41	
19	58	49	52	36	59	40	5	30	67	6	34	56	19	43	67	0	12	73	49	20	51	61	10	49	29	63	44	27	55	38	16	38	50	48	56	51	7	48	18	
20	31	28	45	5	28	70	10	47	44	1	67	37	19	14	62	38	0	52	18	24	31	36	35	41	24	32	27	59	46	24	26	7	48	31	38	20	43	51	19	
62	69	21	46	28	32	81	48	50	8	80	64	44	67	49	32	63	64	0	83	33	51	55	66	17	62	66	21	30	55	13	10	45	27	61	40	54	44	61	18	
7	15	26	50	22	15	71	40	31	12	37	71	65	48	50	63	69	17	6	0	60	39	30	6	12	32	66	49	59	15	38	26	43	48	46	39	46	27	13	20	
6	52	53	28	36	29	80	29	39	45	41	19	10	37	31	21	4	52	36	39	0	28	41	7	3	33	67	37	66	44	52	40	35	19	69	28	35	29	2	58	
23	36	34	60	16	26	66	1	28	16	40	8	20	34	53	76	30	20	28	52	29	0	25	24	58	29	71	33	64	51	29	31	12	65	10	43	59	48	57	49	
59	36	45	38	46	28	65	28	19	49	53	3	42	36	34	34	57	33	1	38	28	27	0	13	26	29	70	33	28	29	29	31	12	24	46	27	34	48	1	55	
36	11	12	19	21	28	65	33	16	24	3	11	46	15	33	6	40	25	32	60	10	3	49	0	21	21	6	30	21	29	3	31	20	44	52	6	34	23	23	52	
15	31	53	44	41	63	83	48	27	44	39	58	57	57	20	66	68	19	15	18	62	48	66	36	0	60	68	14	44	59	26	12	45	24	63	28	56	43	61	53	
9	42	25	24	46	39	70	15	58	48	49	51	48	41	59	57	44	40	56	20	35	48	39	56	60	0	64	39	48	65	5	26	18	30	52	32	4	7	63	11	
39	53	14	41	15	62	48	75	27	62	40	58	68	38	44	54	68	46	74	48	68	46	27	4	39	63	0	29	11	15	61	5	68	39	20	1	49	39	65	7	
58	33	35	2	42	30	51	31	49	35	25	3	39	28	36	36	56	31	16	21	26	13	38	54	55	26	70	0	34	48	26	28	9	62	43	43	27	45	54	26	
52	32	52	42	42	2	14	38	40	2	44	33	9	50	5	58	46	30	29	57	25	19	37	4	30	25	60	29	0	60	25	6	8	9	42	42	2	40	45	7	
40	32	1	22	42	48	65	37	26	45	24	13	48	65	22	30	36	28	39	3	61	40	22	39	45	61	58	65	64	0	53	31	44	65	62	72	67	36	46	53	
7	54	22	27	28	51	64	33	33	52	24	43	13	17	8	61	20	4	33	19	47	48	24	31	21	2	55	50	1	64	0	7	30	41	54	28	43	41	34	42	
45	53	51	4	37	52	64	49	40	40	42	22	35	57	7	22	55	31	47	68	53	9	58	27	2	53	24	57	1	45	53	0	36	2	54	51	12	2	44	57	
36	11	31	35	21	8	50	38	27	24	29	49	17	47	42	51	34	9	32	46	4	47	16	37	33	4	60	8	39	39	4	6	0	40	21	21	48	23	32	47	
14	80	20	48	58	26	73	36	73	74	34	22	4	48	63	62	51	55	16	40	60	17	34	37	38	44	42	83	23	47	33	78	75	0	49	39	17	26	13	79	
39	47	58	76	54	47	9	67	53	44	39	12	32	35	39	72	38	49	38	2	37	53	16	38	39	37	63	56	59	32	50	58	60	80	0	44	60	59	45	26	
55	35	3	17	4	19	69	62	51	33	31	56	14	46	11	56	25	33	56	70	28	43	10	61	36	28	58	32	35	62	28	2	11	12	5	0	46	36	45	21	
25	33	18	22	3	30	20	33	8	36	4	50	29	41	35	57	48	31	47	11	18	2	38	28	31	26	23	30	46	17	26	13	9	47	43	26	0	45	6	14	
71	46	39	63	1	43	61	62	62	21	57	11	33	40	7	81	36	44	67	43	39	14	51	53	45	7	18	43	60	24	39	27	22	61	52	56	49	0	61	71	
54	55	31	17	38	7	58	7	49	59	54	51	32	15	32	31	36	64	53	17	27	6	57	19	5	52	78	55	76	54	43	63	45	72	63	6	13	52	0	55	
43	59	59	5	62	35	13	35	45	55	12	11	44	37	43	57	44	38	60	45	55	34	56	47	33	49	3	60	4	62	46	40	47	33	35	34	41	46	8	0	
M2
0	40	46	62	30	3	14	66	52	71	84	49	10	51	66	44	26	1	40	27	64	20	5	51	12	74	37	75	47	55	50	56	33	22	19	45	47	34	51	47	
52	0	70	78	60	9	65	62	71	17	80	44	53	46	73	16	10	28	63	21	59	64	18	61	35	21	61	85	14	62	54	80	53	70	80	55	50	54	27	42	
28	39	0	30	53	54	77	43	40	42	24	25	56	48	41	28	33	44	8	25	17	15	19	42	3	48	21	55	30	27	18	11	39	1	4	34	15	13	47	18	
31	56	55	0	53	50	33	52	52	7	44	31	59	8	42	58	47	39	61	43	38	10	61	2	57	37	11	23	62	60	60	23	43	8	34	25	40	58	70	21	
38	22	75	30	0	23	2	35	36	51	79	50	13	32	69	74	34	2	88	60	13	11	66	38	59	11	26	67	47	40	82	41	84	34	66	48	43	27	73	41	
11	46	47	4	63	0	41	52	51	25	18	27	3	26	45	57	8	4	68	6	39	28	3	20	32	53	29	41	10	13	56	41	35	26	52	24	44	3	44	39	
36	13	8	28	15	56	0	10	31	49	51	30	40	36	9	43	29	65	32	51	8	31	46	26	8	27	36	32	29	19	42	4	12	28	7	10	28	68	55	26	
41	70	52	25	36	1	50	0	26	46	69	56	43	41	12	55	24	13	35	4	3	34	11	28	57	22	50	35	32	14	45	13	4	24	14	44	31	13	22	31	
36	50	63	15	52	6	35	6	0	36	14	54	62	37	34	46	52	46	42	55	31	39	49	31	23	42	40	12	19	58	8	52	19	2	41	13	17	32	35	29	
50	79	74	40	25	17	28	13	35	0	67	3	26	54	46	68	33	22	52	4	12	15	61	37	50	34	33	54	33	22	21	58	36	33	59	51	1	55	34	40	
36	6	78	22	49	51	20	36	6	36	0	43	83	44	59	58	52	70	54	41	59	46	6	19	10	19	47	59	55	18	22	13	50	44	12	61	8	54	69	57	
30	54	54	38	55	49	85	8	44	44	58	0	58	57	28	50	18	60	51	34	37	50	53	54	47	36	35	47	48	55	14	66	55	58	6	17	47	66	43	20	
2	35	72	41	17	65	52	37	42	60	65	51	0	23	70	26	57	15	31	44	56	38	51	41	30	35	2	51	42	71	41	50	11	63	25	57	38	48	16	39	
46	50	49	55	71	55	44	9	75	60	72	1	63	0	58	70	62	8	81	44	53	77	65	67	65	76	52	33	40	67	64	63	58	39	33	48	75	41	76	36	
35	61	59	11	46	53	58	50	51	32	63	50	23	21	0	35	41	59	15	34	42	14	50	27	61	53	36	15	12	64	25	36	26	26	5	24	11	83	69	25	
11	39	35	36	4	30	43	10	29	25	39	26	39	23	23	0	27	26	46	55	18	42	38	33	27	3	23	32	43	40	29	60	8	39	30	2	42	11	2	1	
37	58	50	55	56	80	61	71	27	57	46	9	30	73	44	55	0	36	67	80	27	34	29	4	64	39	80	28	27	41	1	80	32	43	57	66	46	54	40	55	
14	47	62	61	69	75	7	47	56	76	61	18	25	53	47	42	53	0	70	57	33	69	66	29	27	59	14	60	21	42	80	25	52	54	36	30	66	3	41	61	
14	57	38	16	39	40	63	29	38	28	42	29	42	38	35	14	20	44	0	39	21	1	29	32	40	42	32	50	40	43	4	15	25	38	22	20	1	77	65	4	
10	45	40	16	22	42	32	37	35	30	44	22	20	38	29	41	2	40	52	0	23	40	44	32	18	28	18	38	49	45	42	53	63	38	34	8	22	1	53	6	
20	49	44	10	45	46	57	41	5	31	48	35	48	32	41	50	3	50	64	64	0	34	35	7	80	42	35	47	61	9	51	35	67	3	54	49	34	63	75	10	
29	10	6	5	54	13	43	44	7	26	41	20	53	23	50	29	35	48	9	53	36	0	42	21	11	56	21	37	55	58	19	30	40	11	37	35	16	74	25	19	
20	73	44	50	28	42	20	2	50	34	48	20	18	66	41	6	36	50	64	28	27	33	0	52	62	48	40	19	57	49	74	3	3	5	21	50	2	60	26	10	
42	21	37	26	19	66	60	63	30	39	9	57	33	36	7	39	28	71	30	49	7	29	60	0	76	2	51	30	27	34	40	51	41	28	20	39	26	23	35	32	
40	79	47	25	58	19	47	63	5	46	5	45	26	4	12	55	39	78	35	54	18	34	50	41	0	45	50	35	32	45	45	32	33	39	25	44	31	52	17	45	
26	47	50	31	25	52	63	44	46	40	43	41	54	50	29	29	18	51	9	47	33	10	3	1	37	0	39	30	27	15	19	23	40	53	31	35	1	35	69	16	
39	62	37	54	53	16	56	66	44	60	66	18	44	75	46	58	38	70	62	49	26	60	9	51	42	54	0	25	66	50	19	18	5	47	34	25	13	2	70	51	
32	2	68	34	42	47	2	15	29	13	8	10	52	23	24	36	27	66	46	9	6	46	39	31	73	14	39	0	44	33	56	50	58	27	31	3	43	73	48	34	
48	26	62	38	10	24	76	68	33	59	45	63	63	60	32	53	16	39	33	72	10	4	63	35	37	52	63	55	0	33	29	54	27	29	45	59	40	46	24	38	
23	28	47	42	12	49	60	24	53	37	43	38	51	30	34	12	39	23	57	44	30	54	39	40	23	49	43	57	54	0	64	43	3	28	35	53	48	52	81	13	
23	20	47	1	26	49	13	44	33	22	51	1	34	23	3	6	39	33	26	22	30	25	61	17	15	16	26	15	23	49	0	38	30	22	16	35	22	49	8	13	
43	61	13	16	45	65	31	58	42	37	67	13	71	35	54	10	12	62	76	32	19	40	69	32	64	57	1	5	48	39	60	0	44	34	64	55	15	15	85	33	
41	68	15	23	2	54	70	15	12	18	48	53	69	45	56	68	57	71	78	25	48	9	71	39	73	64	48	43	33	70	53	48	0	43	42	35	12	65	62	31	
39	49	58	21	53	65	25	54	50	30	43	44	22	4	41	39	45	42	19	64	41	26	54	1	65	36	30	50	28	32	12	40	50	0	47	34	26	57	69	29	
33	50	66	5	53	23	52	66	59	26	25	11	72	27	46	47	66	58	69	18	46	18	17	6	40	11	15	36	47	46	79	27	5	27	0	44	38	52	35	40	
45	18	59	21	20	37	61	43	8	42	22	34	30	31	2	14	51	69	25	44	43	24	17	37	65	10	32	11	22	70	35	46	36	36	9	0	21	92	26	35	
30	59	38	50	55	33	56	51	3	6	48	39	58	24	35	78	45	60	58	42	37	48	16	11	21	46	50	13	10	59	43	20	69	57	24	60	0	67	31	20	
24	45	61	45	62	19	36	55	40	51	53	52	23	10	51	57	38	34	37	81	17	44	70	11	75	4	38	51	17	44	47	39	68	38	63	63	44	0	72	27	
4	47	88	50	11	66	50	43	37	49	51	40	7	18	31	42	80	45	54	26	62	53	46	22	12	39	48	9	51	15	4	30	47	65	38	10	33	43	0	64	
2	69	26	37	27	28	65	23	32	16	30	17	30	52	23	59	18	32	46	46	9	33	62	34	71	61	22	45	43	31	56	51	57	30	36	32	42	65	60	0	
M3
0	11	7	26	44	40	38	17	7	34	14	50	28	34	31	40	47	8	27	8	61	24	33	33	32	10	24	48	32	21	43	44	42	27	47	30	1	56	10	46	
22	0	22	12	65	43	57	63	6	65	28	14	70	80	27	70	83	53	73	35	60	31	68	57	48	52	69	70	78	26	67	62	82	58	80	47	40	52	81	19	
47	45	0	22	9	50	57	66	63	69	83	3	43	58	60	53	15	60	10	12	31	65	51	9	49	73	88	49	67	54	63	67	74	64	9	59	32	57	57	63	
39	36	33	0	44	22	42	51	41	42	37	33	35	59	30	11	30	34	32	62	50	55	44	59	39	50	9	23	44	32	39	21	9	47	51	69	62	33	28	64	
31	47	31	39	0	37	14	33	60	50	36	28	25	36	28	40	18	35	7	46	58	21	29	38	1	7	55	53	17	18	40	28	36	27	53	64	62	39	15	65	
18	11	8	36	38	0	35	14	54	31	17	9	3	31	52	10	36	33	24	44	32	39	54	65	27	31	46	12	29	26	33	15	39	24	44	61	60	27	32	58	
40	22	68	43	61	58	0	35	34	52	47	68	13	52	38	44	36	52	45	54	56	51	30	89	22	55	62	56	50	41	82	69	48	31	65	1	81	75	63	41	
10	28	40	13	27	14	12	0	34	8	25	24	29	8	32	14	22	31	1	24	41	25	34	48	6	11	29	50	6	11	44	32	16	1	21	38	37	31	19	55	
5	2	40	41	27	49	42	47	0	63	25	11	31	23	54	50	35	61	25	48	49	19	56	58	62	33	64	18	6	31	31	38	25	45	44	6	27	31	72	56	
48	5	64	48	4	52	50	29	12	0	49	62	58	46	45	52	59	69	24	9	62	54	35	25	22	49	46	62	30	49	66	56	19	39	59	58	14	55	57	53	
23	15	56	9	47	49	53	39	47	52	0	65	18	27	24	23	49	41	13	5	54	27	27	72	54	13	45	39	22	24	45	27	41	14	58	51	63	22	45	56	
27	34	32	35	37	51	45	29	52	40	24	0	21	24	24	36	34	15	26	6	51	17	26	65	44	3	51	35	5	14	33	15	24	23	46	57	18	2	50	12	
25	11	1	33	24	31	40	34	34	9	51	58	0	1	18	34	43	41	21	24	12	51	57	24	46	37	70	35	35	35	53	35	38	44	48	41	37	19	56	3	
27	20	42	28	24	37	6	29	34	7	17	55	15	0	16	36	40	31	12	31	37	17	23	47	44	3	36	59	28	12	19	1	41	23	32	18	3	13	57	44	
29	31	47	47	47	55	13	41	36	37	4	57	33	8	0	48	41	43	41	9	55	12	38	19	46	15	60	32	42	19	37	41	4	35	46	35	38	50	2	54	
7	21	45	35	27	40	10	34	43	29	20	46	18	35	51	0	5	2	15	39	36	38	44	54	24	54	54	52	31	12	22	4	13	23	35	60	58	16	1	47	
25	1	42	34	46	37	46	25	47	42	39	22	37	14	17	35	0	50	26	13	37	35	21	51	5	45	49	59	34	32	19	23	50	22	32	59	50	35	26	44	
17	8	51	41	43	19	35	35	47	52	52	21	24	52	30	27	45	0	15	52	60	23	10	2	21	9	57	55	50	20	42	52	60	29	51	42	63	64	12	67	
13	40	15	31	70	16	52	54	43	61	43	49	43	42	64	23	34	46	0	59	47	45	77	37	67	54	86	52	44	30	29	47	46	62	29	48	4	59	45	3	
11	37	12	14	35	22	25	4	6	21	24	30	32	21	45	15	34	23	14	0	3	4	43	46	19	24	26	33	5	4	36	18	24	2	34	27	50	30	32	1	
5	43	17	10	21	8	42	28	21	45	49	41	35	45	51	11	20	18	38	1	0	54	51	34	43	43	66	19	43	12	53	36	45	38	25	18	74	48	33	52	
26	35	23	34	36	51	22	28	40	45	36	54	15	15	23	27	32	30	28	26	53	0	25	37	43	2	29	51	43	13	35	20	8	22	7	59	51	32	49	4	
25	29	21	27	1	40	37	17	22	34	39	16	12	34	45	40	48	57	26	36	41	44	0	32	32	37	55	10	20	37	35	39	2	27	44	64	63	45	45	32	
21	42	33	26	5	24	34	44	37	22	25	57	51	17	18	27	36	14	49	9	5	45	67	0	38	53	48	35	21	28	51	38	40	48	41	34	36	15	49	24	
24	56	32	42	51	27	54	65	24	41	43	39	38	34	44	43	26	40	1	39	27	25	12	41	0	68	61	17	24	40	9	45	43	30	22	56	58	49	24	34	
15	32	47	23	25	40	33	17	44	34	48	43	9	34	12	24	28	19	17	34	42	5	14	56	32	0	39	63	32	2	24	49	42	11	37	48	63	57	45	49	
29	28	41	2	57	24	41	49	43	50	36	57	41	36	43	22	15	45	26	43	36	34	17	32	12	23	0	6	17	30	18	38	11	20	31	42	67	42	44	43	
12	44	44	15	22	35	42	39	36	55	29	67	55	29	17	16	39	22	49	21	43	34	67	61	51	59	32	0	10	13	46	41	29	3	56	40	65	27	38	17	
47	31	23	58	65	55	45	51	40	48	8	62	56	8	51	33	18	45	53	31	51	13	61	73	50	44	68	51	0	14	55	42	8	46	35	59	44	14	55	61	
12	44	27	15	40	12	2	8	36	25	40	34	39	25	47	16	39	12	18	26	30	28	51	30	23	28	34	45	23	0	12	41	33	3	25	40	54	48	36	37	
29	47	18	34	45	13	66	51	45	27	29	41	40	29	30	35	27	26	8	25	13	11	71	27	57	60	57	35	10	35	0	31	29	61	8	42	44	35	57	20	
33	12	34	45	16	29	35	23	32	18	9	56	7	39	46	33	41	42	4	41	29	27	33	43	38	43	61	51	20	4	11	0	39	33	24	58	47	5	51	36	
16	1	31	24	34	47	51	41	6	36	27	39	25	24	17	25	41	41	21	35	47	25	42	60	16	34	43	17	12	22	29	11	0	12	16	36	50	23	47	54	
2	34	50	5	30	44	32	40	26	45	30	57	45	41	69	6	32	29	42	16	33	46	59	51	41	60	24	48	22	3	44	31	40	0	57	30	64	43	28	47	
8	16	61	19	39	53	25	30	58	42	26	46	23	2	18	38	33	11	17	46	34	15	28	30	45	5	43	14	45	16	38	36	42	25	0	53	38	43	49	48	
41	38	30	40	42	6	61	44	46	39	35	23	33	41	2	40	14	37	20	37	25	23	20	39	48	61	20	36	22	30	7	19	14	52	20	0	56	31	56	11	
33	21	43	41	25	38	44	32	23	27	18	61	14	48	30	42	46	23	13	22	38	23	32	18	43	9	57	44	29	13	20	2	1	29	33	3	0	14	13	6	
59	68	58	22	76	46	61	40	1	57	25	6	3	50	75	63	60	41	50	1	47	55	57	13	42	60	61	66	31	49	87	69	49	50	70	65	65	0	21	52	
58	27	13	34	4	36	58	61	8	61	21	59	35	21	49	46	31	1	21	44	47	5	30	61	44	54	31	55	2	27	29	53	16	54	27	11	57	27	0	16	
2	27	35	51	31	30	19	38	44	33	20	36	13	38	47	25	18	43	19	20	30	28	48	44	52	43	46	5	27	19	12	8	46	48	25	46	12	20	47	0	
M4
0	51	29	43	18	7	4	44	43	34	2	32	10	5	46	45	57	49	10	12	29	43	58	58	55	27	9	13	48	45	68	56	22	13	20	4	38	53	30	28	
17	0	16	30	6	22	50	67	52	71	48	49	56	14	33	36	16	63	48	21	53	41	56	11	64	32	46	26	67	12	56	43	8	48	33	42	59	51	22	47	
39	55	0	3	60	24	42	40	30	44	33	39	33	5	6	9	33	36	42	16	26	44	29	28	45	5	19	8	40	33	29	16	58	25	16	26	32	24	9	20	
59	56	47	0	50	28	36	42	14	22	11	17	36	6	39	36	14	42	47	31	35	48	27	26	28	41	31	52	31	53	7	20	37	27	25	30	18	28	34	26	
3	22	48	45	0	36	36	24	33	18	19	49	42	14	64	57	45	49	13	44	12	63	23	66	35	48	30	45	19	41	68	63	54	29	40	28	24	63	14	51	
53	20	62	32	63	0	29	37	4	4	55	21	29	37	44	20	64	37	47	39	28	36	45	69	23	36	61	47	33	43	45	50	66	26	34	33	11	52	59	8	
33	20	45	41	51	27	0	2	27	64	22	19	42	21	62	62	43	7	17	36	37	19	69	69	20	33	36	32	6	66	59	25	51	51	34	12	47	54	39	7	
56	52	8	22	44	43	53	0	46	63	52	57	52	24	25	20	40	27	51	35	41	63	48	47	39	24	38	27	48	45	24	35	70	8	35	25	51	43	28	37	
38	34	31	4	40	20	50	22	0	45	17	40	29	29	6	17	37	13	19	20	29	5	25	49	23	31	23	18	32	5	30	12	37	50	1	22	34	14	26	28	
39	29	45	42	46	8	38	15	4	0	7	19	23	15	40	51	58	15	20	3	18	24	53	49	1	14	39	30	33	38	38	35	4	32	18	26	26	23	47	39	
47	37	40	45	10	43	15	21	38	56	0	1	42	49	31	48	61	44	40	34	34	64	52	73	73	13	60	59	46	63	47	49	32	33	41	56	24	49	54	3	
8	38	22	28	9	9	22	18	35	49	39	0	38	38	39	28	8	6	3	48	37	63	62	59	28	38	46	41	42	14	29	48	13	3	41	27	20	57	16	2	
6	58	41	31	39	42	9	24	18	6	37	39	0	40	50	41	29	25	45	38	27	15	30	73	65	41	41	28	32	57	40	60	47	5	13	39	10	66	31	38	
6	12	23	37	26	12	39	8	12	51	18	10	27	0	37	43	66	19	45	29	22	51	57	14	5	18	44	42	42	51	25	47	46	17	3	39	50	55	43	10	
38	58	69	66	66	13	54	53	50	34	46	61	65	57	0	59	33	49	46	19	17	59	70	65	43	47	29	39	28	57	30	61	68	50	4	44	64	12	57	31	
20	35	59	55	45	26	15	29	26	64	51	33	40	33	66	0	50	33	56	43	3	33	56	67	19	32	54	9	59	7	60	43	65	50	36	53	65	69	55	56	
29	43	12	26	53	22	32	15	22	29	39	33	5	28	29	32	0	29	39	34	32	35	11	51	15	13	42	31	49	10	30	39	13	24	23	49	30	47	15	27	
13	72	44	32	56	31	46	12	48	51	44	50	40	45	46	64	21	0	37	34	62	51	51	23	47	52	34	55	17	70	46	23	64	55	10	33	45	64	37	1	
37	34	36	40	60	13	13	20	13	22	46	18	28	20	36	33	6	9	0	24	23	21	18	61	6	3	22	34	23	42	4	39	53	23	22	42	54	12	23	23	
63	21	32	29	29	3	62	37	32	64	59	30	43	29	26	30	62	39	9	0	22	71	72	28	25	38	61	12	36	55	55	59	56	56	36	16	64	23	26	63	
20	57	32	34	54	27	37	51	46	62	40	22	38	48	49	4	65	10	12	32	0	49	12	55	41	48	32	31	50	29	60	21	26	61	39	31	30	25	34	38	
21	50	14	28	58	32	44	49	13	33	47	57	17	30	31	34	54	45	38	11	23	0	53	53	45	14	14	1	15	35	28	41	20	34	3	45	28	44	32	11	
44	49	43	2	22	28	17	35	28	43	8	38	20	27	27	57	35	35	58	31	38	48	0	23	21	34	31	5	18	61	28	20	23	43	7	30	32	20	2	40	
36	9	62	40	7	20	69	37	27	33	60	60	55	38	45	36	30	33	9	23	23	66	41	0	42	2	49	53	57	39	65	38	55	22	4	21	55	3	30	22	
32	22	38	39	65	1	31	8	1	40	42	12	16	8	41	52	63	8	45	18	11	40	46	64	0	7	47	48	35	40	42	36	68	25	11	46	42	49	50	45	
16	42	49	20	50	12	49	17	7	59	47	44	35	18	28	48	53	13	30	3	3	46	21	49	44	0	29	33	57	46	46	18	64	2	38	28	40	42	32	20	
11	61	64	39	55	31	44	36	17	22	16	46	43	37	40	47	38	32	49	22	22	56	40	68	39	1	0	52	38	19	57	37	22	16	33	44	25	58	30	39	
46	50	54	51	52	21	51	13	29	42	13	37	44	22	2	32	9	36	46	27	25	54	74	25	22	35	36	0	3	24	38	47	74	49	12	52	63	20	21	1	
41	34	32	44	47	13	43	20	13	33	8	24	28	20	48	46	57	20	54	28	1	52	46	56	6	7	35	3	0	3	26	24	40	5	23	34	46	61	38	40	
36	66	57	1	30	34	46	52	34	42	2	25	28	1	15	38	7	39	4	40	38	31	19	46	45	44	50	44	49	0	26	40	11	16	4	50	38	33	6	34	
50	61	89	61	56	33	12	52	53	55	60	33	63	26	15	12	41	57	23	40	33	63	41	52	49	50	50	39	7	37	0	46	73	3	1	55	68	33	10	2	
33	44	48	37	51	2	38	29	19	35	38	45	11	38	49	53	38	54	32	5	33	22	41	51	48	23	5	35	38	41	44	0	44	34	31	4	16	46	8	45	
42	59	33	36	69	33	39	48	39	30	58	44	18	49	14	6	53	23	46	39	27	51	66	72	43	41	36	33	37	9	26	50	0	41	24	52	15	7	51	45	
44	37	50	23	24	34	37	61	11	44	53	19	20	48	42	50	55	58	12	30	19	50	66	68	57	27	37	10	24	33	49	26	73	0	25	8	2	54	40	27	
33	4	57	44	16	53	11	51	39	44	12	42	26	27	62	19	58	2	63	39	13	35	27	16	56	23	5	2	21	12	40	59	44	34	0	41	47	67	49	39	
25	60	19	25	48	25	2	42	58	27	9	39	50	7	36	33	13	47	35	36	21	59	59	31	60	35	49	38	46	26	22	46	70	2	40	0	32	54	10	41	
28	50	63	7	61	35	21	46	40	28	37	15	4	32	26	34	39	47	41	14	3	37	50	52	54	51	47	44	8	37	33	36	63	27	9	23	0	44	50	52	
15	29	21	35	41	8	30	3	8	47	23	19	23	15	38	19	44	15	49	22	18	39	42	60	1	3	22	40	36	44	49	11	61	19	18	21	14	0	10	41	
29	3	42	54	10	27	1	36	29	29	60	40	5	29	35	23	22	13	39	30	39	32	43	52	22	35	30	45	45	48	63	19	22	28	36	29	33	53	0	10	
40	51	39	35	7	9	31	20	6	14	39	13	18	21	46	27	10	28	39	12	40	13	48	22	55	27	12	26	40	45	51	1	32	6	28	5	23	53	3	0	
M5
0	38	57	43	74	54	7	51	43	65	58	35	17	52	27	38	35	14	65	64	62	42	61	46	36	52	61	41	47	11	49	53	71	49	15	55	42	51	22	50	
42	0	66	44	45	51	56	11	17	43	64	35	25	48	52	10	13	1	52	38	53	52	44	29	60	24	59	14	45	45	56	6	41	49	17	29	56	52	60	68	
42	31	0	45	6	46	2	40	21	56	56	38	44	52	38	33	30	11	37	58	7	28	5	24	14	1	39	23	42	49	34	50	53	57	42	44	20	29	7	28	
10	17	39	0	62	47	12	52	48	45	64	47	19	1	48	43	40	42	37	51	57	55	46	51	41	48	29	48	52	47	36	19	78	54	12	4	47	41	8	36	
33	22	34	15	0	37	35	31	12	50	42	29	32	5	7	28	32	1	36	49	39	19	37	2	5	29	28	14	24	30	25	41	44	43	14	18	11	20	10	19	
19	19	31	33	42	0	37	28	9	47	14	17	28	40	49	25	29	39	38	33	16	16	34	12	2	26	9	11	42	27	22	25	17	36	20	23	8	17	7	16	
30	19	31	33	40	20	0	28	9	31	44	26	32	40	9	4	1	39	38	46	36	16	34	12	2	26	27	11	13	37	22	38	41	45	13	32	8	17	7	16	
4	31	50	6	70	19	18	0	19	56	49	30	28	15	33	49	46	44	45	65	19	44	23	25	30	16	37	39	45	41	18	9	7	11	26	18	35	41	22	44	
54	22	44	36	64	44	39	47	0	14	47	58	37	7	75	53	59	47	58	57	12	35	5	44	59	45	63	45	20	4	62	52	44	20	56	48	65	11	52	70	
39	25	45	21	72	76	37	42	44	0	45	28	14	26	21	22	28	50	45	55	38	30	30	42	57	15	50	40	71	2	50	48	70	40	16	21	30	58	37	65	
27	7	29	9	30	22	29	31	26	62	0	43	36	18	24	13	17	32	26	43	14	28	36	29	19	16	44	28	40	25	27	26	37	8	12	21	25	34	24	4	
42	23	42	57	29	16	50	30	38	39	31	0	46	31	36	12	2	39	2	13	9	27	35	16	33	15	23	16	15	44	46	25	46	57	3	29	39	48	30	3	
21	27	26	13	40	32	33	36	17	21	42	34	0	22	42	23	27	47	8	44	35	24	42	20	10	26	35	19	43	30	30	18	27	8	33	25	16	25	15	14	
21	21	33	35	29	24	39	16	6	44	45	28	34	0	34	27	31	41	40	48	17	18	35	14	4	9	29	13	44	34	24	30	43	47	26	34	4	14	9	18	
49	53	13	39	21	11	15	37	7	7	38	39	17	38	0	19	23	45	32	5	25	34	36	33	44	22	63	44	15	7	40	16	20	45	15	41	50	42	7	10	
23	30	52	5	53	49	2	18	31	52	19	48	31	14	38	0	2	19	9	55	55	38	1	34	24	1	42	28	41	59	44	9	28	16	25	15	30	2	21	34	
46	64	48	59	24	30	59	36	39	45	40	64	70	17	5	4	0	66	34	43	33	33	16	67	65	24	4	15	46	27	60	34	24	58	61	1	32	61	55	12	
40	57	38	43	40	45	55	10	38	60	65	31	3	52	23	44	61	0	13	59	56	44	49	8	40	10	38	49	27	21	37	46	18	6	15	8	46	25	45	48	
36	39	42	21	10	48	41	31	29	14	38	46	20	30	42	45	25	59	0	12	44	36	22	25	22	33	27	31	1	33	10	48	60	29	11	33	28	37	27	36	
22	10	13	4	40	22	24	17	23	41	50	59	7	7	49	38	2	8	41	0	24	5	39	42	44	15	41	15	46	3	32	31	45	41	18	16	35	1	20	47	
37	14	32	39	24	23	51	6	20	53	17	23	54	45	65	34	38	39	47	62	0	17	49	58	56	13	57	27	37	48	44	42	33	10	54	32	41	13	39	25	
35	47	7	30	34	50	30	4	10	28	62	55	29	39	40	43	25	39	28	37	12	0	31	38	31	2	51	2	33	38	19	40	32	42	29	8	22	20	14	34	
28	18	61	67	19	57	48	53	47	7	29	51	57	63	47	4	35	40	51	44	60	47	0	59	59	20	68	9	20	64	74	30	30	61	19	33	65	41	64	39	
6	30	43	24	40	32	37	20	4	42	42	38	4	33	45	10	27	46	36	55	35	28	25	0	14	26	4	23	40	2	13	36	53	15	14	36	20	29	19	14	
26	15	27	29	38	30	33	24	5	43	40	22	28	36	45	21	25	35	34	42	32	12	30	8	0	22	23	7	38	33	18	34	37	41	48	28	4	13	3	12	
37	34	26	35	53	29	49	52	2	40	25	42	38	9	14	58	62	36	43	65	18	40	31	36	35	0	60	44	16	30	47	19	2	35	48	44	16	37	40	49	
20	52	59	27	46	38	47	23	36	60	48	70	36	36	37	29	33	60	42	68	39	44	26	6	46	32	0	53	26	34	45	42	36	25	46	39	52	57	43	20	
57	46	31	53	24	36	54	29	25	50	71	49	54	53	17	41	50	63	53	14	31	17	54	32	29	26	38	0	10	43	44	65	9	43	48	33	35	44	34	43	
40	53	65	58	33	51	7	41	38	49	29	17	38	12	43	35	33	69	64	79	26	50	40	8	36	54	38	44	0	36	47	64	24	9	24	59	2	23	33	42	
22	29	18	4	45	53	7	15	21	39	19	37	31	13	43	38	35	50	26	25	23	3	42	12	27	13	35	13	44	0	30	31	43	10	24	16	33	31	20	41	
19	22	25	4	45	31	24	14	12	50	45	29	3	13	25	28	32	42	38	44	27	19	5	15	5	29	25	14	20	16	0	31	43	16	24	16	11	20	10	19	
37	26	38	40	45	41	32	35	9	2	51	25	39	35	56	5	7	46	1	47	10	23	38	19	9	9	34	18	1	14	29	0	34	52	25	39	15	12	14	23	
47	16	53	32	42	3	42	37	40	41	57	16	31	41	13	50	53	38	63	39	42	41	33	35	33	51	53	42	37	10	21	46	0	10	52	30	39	48	38	47	
4	29	7	9	34	44	21	31	19	55	15	36	29	18	48	35	39	26	48	56	35	19	33	22	12	29	37	21	2	8	32	20	51	0	29	21	18	27	17	26	
33	40	29	15	53	40	27	26	32	50	59	40	30	24	50	58	47	61	50	9	34	14	10	60	53	24	52	24	55	47	41	42	13	47	0	27	44	42	31	56	
23	30	29	5	56	55	25	9	51	58	40	52	32	14	61	49	33	55	17	63	50	37	55	23	44	47	4	47	20	21	49	23	43	18	10	0	50	54	19	49	
38	41	34	23	27	39	5	31	31	17	64	48	22	32	41	17	33	61	49	1	39	19	24	26	24	29	8	29	39	35	12	3	24	35	43	31	0	8	29	38	
6	5	38	46	42	16	39	19	5	43	5	21	42	14	27	31	42	30	59	37	20	23	15	43	33	33	41	16	47	33	50	14	46	38	46	15	39	0	38	47	
26	32	18	32	45	44	4	42	40	9	10	32	25	12	40	35	32	50	11	35	44	45	33	43	33	36	39	42	44	14	21	17	61	44	42	5	16	15	0	26	
32	69	32	53	19	11	40	20	28	53	21	65	54	59	46	2	6	64	15	48	14	17	25	61	56	5	61	27	50	56	44	15	36	51	42	33	46	45	39	0	
M6
0	56	25	30	21	24	43	22	1	11	26	30	22	39	48	19	1	38	22	35	31	56	23	28	33	48	35	51	27	2	27	24	33	27	21	29	14	13	17	23	
21	0	16	42	19	38	8	48	33	23	36	18	24	71	16	45	33	6	4	23	20	3	7	17	18	6	21	17	22	11	20	36	38	26	13	61	16	32	20	23	
67	3	0	69	43	36	31	70	32	69	69	38	48	13	32	65	71	26	43	43	60	49	3	63	24	9	46	63	36	29	41	19	39	57	33	29	36	43	66	30	
47	38	46	0	50	41	38	74	33	64	60	24	1	18	36	53	59	33	18	50	15	44	12	12	19	54	52	39	29	6	48	17	38	42	40	10	41	33	18	25	
24	38	34	29	0	34	38	47	6	10	37	33	2	74	2	54	36	33	38	35	51	34	38	39	49	10	34	48	2	37	28	23	24	26	7	10	35	9	46	58	
46	20	28	33	37	0	17	21	22	37	1	32	42	57	24	45	49	20	40	13	31	17	21	61	32	13	52	31	28	40	35	50	13	40	27	9	68	32	8	43	
45	16	36	35	32	37	0	34	57	32	61	9	37	46	25	54	31	15	41	32	29	12	5	58	12	61	37	26	43	35	30	45	47	35	22	52	6	41	29	26	
9	40	41	28	29	31	22	0	21	9	15	32	22	59	4	8	20	20	40	37	34	17	3	41	22	58	26	31	16	22	16	22	14	22	19	48	34	10	37	12	
51	57	58	15	36	65	55	23	0	43	10	29	13	73	21	53	42	53	57	43	35	50	37	58	52	20	18	40	50	64	61	56	5	6	53	49	47	24	13	57	
5	72	40	10	37	20	43	38	17	0	30	46	4	55	48	35	17	38	38	22	47	63	39	44	49	64	15	41	43	18	14	4	49	7	1	45	30	9	31	39	
15	7	16	28	32	46	41	44	27	37	0	13	15	51	14	11	23	36	12	47	57	46	5	47	25	7	29	59	19	28	19	45	36	25	35	32	40	39	43	15	
51	50	11	70	62	73	57	18	63	51	33	0	63	51	38	50	62	55	74	71	46	52	45	54	25	35	45	66	24	42	29	42	56	63	27	62	39	52	72	54	
38	55	54	51	15	42	31	71	37	60	51	53	0	31	50	55	50	41	8	28	38	66	20	40	49	51	45	47	35	41	56	48	49	13	30	18	21	41	44	59	
44	41	38	47	41	9	30	50	5	47	42	37	30	0	5	58	56	25	16	38	54	37	41	42	4	52	45	40	9	48	40	8	12	30	32	2	9	24	45	26	
44	15	30	35	15	49	16	24	28	30	20	26	4	71	0	53	56	14	15	12	28	11	15	16	26	33	54	25	26	31	29	39	1	4	21	45	45	40	35	46	
2	35	34	26	19	33	52	31	14	24	5	33	35	52	54	0	10	47	31	45	44	56	2	37	12	61	16	46	6	15	6	32	46	12	34	38	27	26	30	2	
11	44	4	45	6	3	22	1	23	33	16	29	37	60	27	33	0	17	1	15	44	42	28	7	35	56	44	40	37	24	6	4	39	36	24	8	36	31	39	37	
40	43	46	61	14	57	2	52	52	42	43	9	19	90	7	36	48	0	23	14	39	22	26	44	37	61	39	36	32	45	12	55	29	32	4	73	47	51	62	40	
21	42	42	45	38	4	27	50	33	43	24	34	12	71	32	17	29	22	0	36	33	47	21	5	31	63	13	61	25	24	23	47	11	31	29	47	46	45	38	21	
33	57	44	33	40	56	25	9	45	40	13	35	36	33	33	41	45	23	23	0	37	20	24	20	35	69	9	34	46	19	38	18	47	3	30	44	44	9	60	27	
34	47	25	9	15	49	6	56	46	20	15	16	26	81	11	34	46	4	30	21	0	1	5	48	16	50	13	15	2	24	19	33	33	24	11	74	52	30	41	36	
31	47	22	37	18	47	3	56	43	18	47	13	23	78	11	40	43	1	27	18	15	0	2	48	13	47	42	12	29	21	16	31	33	21	8	71	49	27	38	33	
49	37	58	45	6	29	47	18	25	47	25	49	6	6	25	50	61	45	36	16	41	42	0	35	24	12	35	41	29	61	58	28	32	50	5	22	22	20	11	18	
7	9	9	30	39	13	34	40	19	29	44	30	40	57	42	37	19	32	40	32	9	29	33	0	8	30	53	36	31	20	45	42	51	2	5	47	32	31	35	41	
25	52	6	23	32	56	32	54	25	47	28	42	52	62	40	21	33	30	36	47	44	27	25	60	0	58	37	37	19	38	29	12	35	35	37	61	50	49	45	25	
31	46	46	2	63	11	20	34	43	53	68	49	64	81	52	61	43	61	64	63	46	66	26	9	45	0	76	70	5	44	65	6	52	39	33	71	18	11	50	46	
59	61	50	2	63	3	27	64	71	80	53	67	40	70	65	64	58	55	55	57	61	74	61	24	60	48	0	64	7	8	67	28	29	54	52	32	26	48	62	68	
36	2	12	54	31	16	42	11	48	40	39	1	53	67	39	32	16	37	37	51	5	46	3	43	46	39	48	0	40	49	17	40	49	45	44	44	29	45	36	36	
34	49	3	58	37	8	53	33	46	56	37	27	67	59	46	30	12	49	33	17	59	48	31	22	4	24	14	62	0	47	3	36	3	44	55	40	59	53	46	13	
17	21	2	3	49	15	1	28	29	32	54	58	42	58	56	47	27	59	7	62	20	61	13	42	40	54	42	19	39	0	53	10	26	48	20	46	30	41	45	51	
9	42	17	33	26	40	23	38	21	31	12	40	42	35	53	5	17	47	38	9	22	51	9	44	19	59	23	35	13	10	0	8	24	1	41	32	5	31	37	9	
4	25	28	14	12	27	11	25	16	26	40	5	31	5	19	34	4	9	25	26	1	6	10	31	21	45	50	20	28	17	24	0	21	29	16	17	28	28	32	3	
42	43	33	21	4	32	14	52	35	29	48	24	32	45	7	51	54	12	22	29	20	9	13	30	23	32	51	23	9	32	27	42	0	32	19	8	55	31	7	44	
26	64	50	67	22	49	65	47	38	48	57	21	59	34	40	56	26	63	33	41	53	72	4	27	52	40	29	1	57	39	27	50	60	0	50	46	8	50	27	60	
22	49	30	10	26	26	11	38	34	26	25	21	31	39	19	18	17	9	35	26	23	6	10	38	5	10	36	20	26	29	24	8	17	29	0	32	16	19	27	22	
29	27	18	43	22	41	10	60	35	42	37	17	27	74	15	38	41	5	31	22	41	30	34	52	45	69	25	20	11	42	20	47	37	30	12	0	47	5	46	42	
46	37	48	49	37	50	28	46	46	52	42	4	26	27	1	44	56	23	37	34	31	33	37	33	12	55	49	40	48	6	38	49	23	26	30	36	0	46	8	30	
14	54	50	42	8	33	44	47	24	36	22	51	41	57	18	44	26	53	37	18	56	50	48	31	58	38	58	64	52	27	52	49	20	43	46	54	3	0	42	4	
1	12	37	27	33	36	6	34	13	23	12	33	34	51	23	31	13	21	34	38	35	18	22	40	31	26	32	32	39	14	36	9	31	39	28	41	26	25	0	35	
13	40	40	49	45	44	22	46	25	35	50	54	46	63	66	43	25	62	46	59	40	60	24	3	39	29	19	45	51	26	51	15	57	33	36	53	38	37	6	0	
M7
0	62	39	10	3	38	28	62	61	25	41	49	35	6	24	46	12	27	16	29	9	5	11	18	41	23	3	49	34	72	58	40	50	31	28	17	8	35	25	26	
50	0	41	50	66	40	22	42	50	11	4	46	42	48	20	35	54	34	35	44	59	5	55	57	44	23	46	50	31	47	53	23	12	53	59	29	40	52	26	41	
23	34	0	50	47	33	58	39	43	55	45	19	19	36	21	57	11	37	26	32	36	25	11	32	23	29	23	20	4	31	36	16	12	4	34	31	41	22	8	36	
28	74	67	0	49	50	5	64	50	62	35	22	48	51	3	15	47	42	50	27	1	40	43	41	8	61	39	31	45	84	43	11	34	44	48	51	23	20	2	41	
21	5	34	25	0	35	29	49	4	26	11	42	10	57	14	21	22	2	10	3	28	20	21	35	30	29	39	15	27	17	54	38	15	24	22	16	1	30	25	10	
45	47	16	11	13	0	49	71	50	60	33	51	19	64	35	45	42	22	16	57	63	57	49	55	55	49	6	58	36	65	71	18	25	37	61	58	36	56	45	30	
28	67	25	9	75	54	0	60	75	30	56	52	38	69	43	54	40	30	17	32	38	5	31	54	56	56	2	24	37	27	68	62	34	34	19	78	11	40	15	29	
5	24	43	35	27	42	56	0	66	26	38	60	43	10	28	50	50	44	52	46	47	9	45	12	35	24	52	27	51	32	65	44	46	48	47	18	25	54	48	43	
35	41	39	53	12	11	20	28	0	29	2	20	40	42	30	33	40	32	33	49	48	8	53	44	35	28	44	43	16	59	70	60	29	38	58	26	33	29	13	18	
24	43	48	33	32	1	24	15	4	0	12	14	32	29	3	43	20	24	32	27	7	28	8	5	26	22	38	19	40	43	1	50	39	42	26	37	19	48	34	11	
33	25	48	44	55	22	4	24	32	13	0	59	24	38	14	17	36	16	17	33	57	37	50	40	38	12	28	40	47	60	54	58	13	53	55	11	30	34	8	24	
4	31	28	17	34	15	43	3	27	33	30	0	50	17	12	15	52	51	37	3	43	16	49	19	31	31	49	34	54	28	20	29	53	53	45	25	32	61	52	30	
6	20	2	50	45	24	31	57	15	26	19	18	0	7	20	41	35	26	34	42	35	24	35	18	22	28	47	26	3	8	8	5	36	25	4	18	35	46	32	18	
30	64	23	36	54	22	43	47	46	9	25	40	23	0	8	30	30	37	45	32	27	45	38	55	32	38	56	38	44	76	45	24	48	34	43	1	18	47	35	36	
25	56	55	15	31	32	25	48	32	44	17	30	30	62	0	27	29	24	32	9	32	22	25	57	9	43	43	15	31	72	25	53	44	26	30	42	5	34	39	23	
21	53	34	24	54	33	33	58	7	20	30	36	3	1	19	0	26	6	14	11	28	1	21	39	38	13	39	39	24	47	24	29	8	23	26	1	1	30	12	14	
18	57	44	40	53	46	9	46	15	27	19	21	20	60	10	50	0	12	20	34	27	47	46	26	1	39	57	26	50	44	8	39	35	44	33	44	26	46	35	18	
29	42	27	38	43	29	22	56	55	52	30	48	3	67	8	35	15	0	3	30	36	45	29	28	32	22	47	38	35	43	48	49	18	32	34	55	9	29	18	3	
20	54	48	13	29	47	33	48	52	17	15	9	48	15	33	46	55	45	0	48	52	61	47	63	57	41	57	18	53	4	59	49	42	50	52	26	27	37	19	45	
27	63	56	38	38	50	53	74	57	47	52	14	34	65	28	38	34	26	34	0	5	14	10	32	52	52	10	23	33	38	53	29	49	30	20	74	7	36	49	25	
27	13	60	61	29	19	43	41	29	16	27	58	58	40	43	58	33	57	58	46	0	28	35	7	30	38	56	70	43	65	58	30	35	60	18	51	61	31	43	11	
37	42	48	43	24	1	73	68	58	34	56	9	8	50	35	68	26	51	47	48	50	0	52	41	19	43	38	45	18	4	72	8	39	24	11	61	32	30	50	50	
17	82	36	20	64	81	9	83	41	41	45	47	43	67	56	76	8	58	66	24	65	54	0	42	14	46	64	3	52	47	34	74	70	62	20	48	44	73	23	44	
38	37	64	59	5	56	38	29	66	39	20	64	58	43	29	51	65	50	43	17	58	42	63	0	1	19	54	59	49	59	69	46	39	55	15	45	49	40	14	43	
34	47	49	33	61	17	13	61	18	26	23	25	43	16	34	54	30	35	43	37	43	62	36	67	0	35	17	30	42	11	12	50	14	39	37	27	16	45	45	8	
52	79	47	42	43	59	52	71	50	53	44	57	16	34	12	54	39	41	49	30	18	37	41	20	36	0	6	42	54	51	52	59	47	53	49	45	32	17	56	49	
39	61	50	11	36	16	65	56	42	63	60	2	10	44	42	9	48	38	44	24	46	45	36	43	50	35	0	12	31	67	68	29	49	21	44	45	19	42	56	37	
10	64	8	2	38	61	46	47	64	19	37	31	49	30	48	68	41	49	56	55	44	9	41	62	53	59	53	0	34	52	61	46	39	34	64	41	58	52	38	39	
8	19	40	36	32	18	46	55	51	40	30	4	14	21	6	48	43	45	34	28	21	10	46	55	8	14	44	16	0	32	44	52	39	11	48	32	26	55	21	21	
46	3	49	60	65	46	28	37	28	24	10	34	25	51	30	41	6	17	25	52	54	18	51	50	45	36	52	39	44	0	21	36	25	25	30	4	31	50	3	25	
27	43	62	56	74	41	17	43	1	32	5	7	37	50	33	36	26	35	36	44	53	51	69	56	57	31	47	12	66	41	0	50	32	44	19	30	49	53	27	4	
19	47	42	53	24	44	18	38	2	28	8	43	18	18	23	39	30	10	18	45	51	51	44	9	32	2	34	53	50	58	37	0	33	47	46	29	24	44	30	18	
39	9	37	48	46	36	29	61	25	11	23	1	5	4	18	35	25	5	13	38	41	24	21	19	42	8	21	48	45	53	53	38	0	42	9	15	19	28	28	13	
18	34	10	34	32	45	44	25	25	55	36	22	39	39	4	46	30	31	4	9	48	31	17	38	28	41	14	34	16	59	44	48	9	0	49	47	24	53	40	39	
34	19	40	51	40	42	28	25	28	23	32	19	16	39	21	48	14	8	16	27	36	1	42	41	18	35	60	39	32	37	21	17	31	39	0	20	22	9	29	16	
26	44	52	18	48	55	10	17	27	47	41	55	38	31	49	12	36	53	9	44	58	27	40	33	49	19	60	48	40	53	65	37	15	62	63	0	46	75	59	14	
6	42	37	48	53	29	32	53	50	58	31	27	13	44	18	45	15	5	13	7	13	33	6	38	31	31	24	38	12	53	43	37	28	9	11	55	0	15	28	4	
37	24	69	70	35	43	36	57	20	1	24	26	54	36	45	50	14	54	23	15	10	30	8	47	1	50	21	26	39	60	13	57	29	61	38	31	58	0	46	23	
48	37	53	38	39	31	48	47	55	39	40	53	53	47	8	50	52	47	20	32	55	28	21	12	32	4	57	38	47	52	48	68	21	39	5	35	28	18	0	46	
49	18	57	31	64	20	11	40	50	33	6	30	44	54	34	28	1	36	37	19	32	33	64	56	40	6	40	60	59	75	45	25	33	28	28	31	44	44	28	0	
