40  6  1
6
	0	72	1	24	2	33	3	49	4	31	5	62
	0	51	1	82	2	66	3	89	4	73	5	29
	0	98	1	21	2	84	3	11	4	9	5	77
	0	86	1	86	2	95	3	71	4	67	5	63
	0	3	1	93	2	1	3	53	4	13	5	76
	0	55	1	8	2	93	3	66	4	47	5	42
	0	40	1	48	2	70	3	41	4	69	5	100
	0	64	1	94	2	20	3	81	4	30	5	15
	0	10	1	64	2	91	3	34	4	27	5	64
	0	55	1	73	2	53	3	52	4	40	5	37
	0	76	1	28	2	54	3	89	4	96	5	94
	0	51	1	91	2	71	3	68	4	97	5	15
	0	31	1	18	2	25	3	77	4	74	5	7
	0	62	1	33	2	8	3	78	4	43	5	46
	0	13	1	27	2	69	3	13	4	32	5	32
	0	59	1	9	2	17	3	49	4	95	5	84
	0	89	1	78	2	83	3	30	4	85	5	72
	0	63	1	98	2	7	3	43	4	38	5	25
	0	85	1	70	2	22	3	14	4	40	5	36
	0	4	1	68	2	82	3	40	4	2	5	78
	0	96	1	51	2	38	3	5	4	3	5	15
	0	55	1	18	2	86	3	26	4	79	5	71
	0	28	1	22	2	69	3	35	4	4	5	61
	0	31	1	13	2	13	3	4	4	72	5	10
	0	48	1	91	2	32	3	27	4	46	5	99
	0	15	1	13	2	60	3	17	4	2	5	89
	0	36	1	70	2	33	3	17	4	8	5	89
	0	68	1	1	2	28	3	94	4	87	5	20
	0	92	1	51	2	75	3	42	4	50	5	9
	0	97	1	73	2	83	3	37	4	80	5	23
	0	100	1	11	2	40	3	15	4	94	5	26
	0	22	1	49	2	50	3	19	4	45	5	11
	0	86	1	53	2	76	3	86	4	95	5	81
	0	60	1	3	2	96	3	78	4	89	5	40
	0	22	1	48	2	98	3	58	4	4	5	4
	0	95	1	35	2	19	3	1	4	79	5	31
	0	30	1	63	2	12	3	1	4	10	5	33
	0	32	1	29	2	58	3	46	4	24	5	66
	0	22	1	86	2	99	3	81	4	100	5	97
	0	37	1	60	2	86	3	48	4	1	5	20
SSD
M0
0	14	32	10	8	25	3	2	31	26	2	17	28	8	15	26	2	20	16	14	25	40	13	21	4	22	26	13	24	17	1	24	9	37	15	21	32	39	14	29	
30	0	5	6	25	34	1	27	34	20	28	8	38	26	24	21	35	33	15	28	6	9	30	30	3	4	40	24	27	40	38	36	22	14	1	20	23	30	15	12	
13	26	0	9	21	22	21	24	37	23	30	6	16	44	28	3	24	27	26	2	5	14	23	11	29	22	11	43	15	17	38	38	8	1	28	6	45	32	22	5	
16	9	23	0	3	10	6	9	26	22	2	8	7	19	10	6	3	15	40	18	20	6	8	16	11	6	23	23	19	27	24	2	21	25	22	16	27	23	9	26	
10	3	23	19	0	14	1	3	20	32	6	37	26	37	4	16	37	9	36	12	14	29	2	10	5	18	25	39	13	27	18	24	15	26	16	10	21	28	3	22	
36	31	20	16	32	0	12	12	29	26	13	34	7	34	1	10	17	22	32	9	17	42	30	18	18	27	22	3	46	22	14	21	15	38	20	33	18	17	15	25	
12	14	34	13	8	25	0	11	31	27	17	31	19	43	15	9	33	20	44	6	25	40	12	15	16	26	32	43	9	12	29	35	3	18	27	21	29	26	10	14	
34	25	30	15	28	27	5	0	9	10	21	15	15	5	11	27	5	5	25	34	14	16	33	24	35	17	32	29	36	36	25	31	18	3	3	17	13	8	16	24	
15	18	22	22	12	8	2	3	0	2	7	37	3	24	3	19	36	1	6	15	22	22	17	10	20	33	19	10	28	30	17	13	18	27	20	13	14	7	4	27	
26	30	20	22	24	10	13	5	9	0	26	31	22	13	1	19	41	10	25	32	20	41	29	7	10	10	18	29	3	4	15	21	16	34	29	15	18	25	15	2	
11	28	22	9	22	1	26	14	43	1	0	22	10	38	29	39	6	19	18	21	27	32	14	11	5	25	16	25	29	31	35	6	27	30	41	35	12	24	28	18	
41	15	21	16	28	18	9	17	30	23	27	0	23	17	2	9	20	1	13	9	21	39	30	13	36	7	23	2	43	15	16	22	15	31	30	22	2	26	16	19	
11	11	4	17	10	11	14	15	28	25	19	3	0	19	17	29	28	13	15	10	11	18	15	13	12	16	17	22	8	25	31	31	13	7	29	23	13	27	16	14	
21	28	5	2	33	6	30	31	20	6	32	32	33	0	18	37	14	1	32	31	31	31	8	40	9	12	13	40	27	40	26	15	19	29	27	31	13	8	32	27	
35	17	6	28	29	10	27	2	15	27	25	33	12	20	0	24	39	26	26	21	6	28	19	20	37	34	8	33	42	23	1	7	2	24	36	38	4	11	1	11	
5	6	16	38	29	25	6	23	10	22	2	15	10	9	23	0	41	21	22	34	34	14	34	13	33	10	7	30	21	5	37	33	11	30	40	26	34	27	24	18	
33	14	38	27	20	37	22	6	34	17	18	3	35	14	25	35	0	23	28	25	27	10	10	21	16	1	6	20	17	9	3	43	19	6	22	20	25	2	25	34	
22	23	14	11	18	26	22	6	14	17	2	15	7	6	25	27	31	0	29	4	27	38	23	13	26	1	13	30	17	10	18	37	3	45	30	1	35	31	24	30	
17	32	11	37	37	37	1	2	19	10	27	31	16	3	15	42	2	30	0	30	34	20	30	18	19	48	32	4	7	30	29	5	15	4	18	2	32	30	29	24	
42	37	40	3	31	18	35	37	36	17	27	21	10	38	30	42	23	24	37	0	37	32	17	5	39	16	22	37	41	11	40	32	2	39	22	20	43	28	16	32	
13	1	1	11	1	17	5	7	23	34	10	10	10	15	8	20	37	13	37	16	0	11	6	14	9	22	29	29	17	15	22	5	19	27	3	14	23	32	7	26	
5	26	36	19	20	14	24	7	39	33	9	26	26	46	27	28	39	21	11	12	3	0	15	21	4	27	15	42	19	27	13	18	18	2	36	23	43	12	21	42	
33	6	19	9	23	24	27	29	27	4	16	27	6	24	15	41	7	25	19	2	1	22	0	11	14	21	16	40	39	17	9	35	8	12	28	19	8	26	7	21	
30	34	4	24	28	30	21	19	20	23	25	28	33	29	33	29	7	31	26	31	4	28	6	0	33	7	30	34	40	1	40	19	25	42	11	26	25	37	34	36	
9	4	4	34	26	19	28	24	40	39	16	5	31	18	33	28	26	4	1	33	8	26	31	21	0	23	1	2	13	41	39	34	5	41	17	39	21	46	32	32	
19	12	32	13	6	23	6	12	24	1	15	6	19	7	13	25	16	18	40	9	11	37	11	18	14	0	21	26	22	21	20	33	3	35	18	4	24	27	12	31	
17	10	25	16	4	21	8	10	18	5	13	40	28	27	11	15	41	16	1	19	21	27	9	9	12	25	0	27	20	32	2	29	20	4	9	17	28	23	10	29	
26	19	21	20	13	4	4	17	30	15	22	34	27	9	2	31	3	17	41	28	21	19	2	26	21	34	23	0	29	26	16	22	16	27	19	26	3	13	16	19	
6	28	31	25	29	25	19	15	19	27	1	19	32	14	12	37	37	1	25	18	31	37	7	25	37	11	6	31	0	33	11	32	24	24	30	9	29	36	1	35	
5	5	1	29	19	14	6	21	8	20	11	29	14	5	21	37	42	19	24	32	36	8	24	28	21	24	21	28	10	0	12	22	5	20	27	13	32	25	22	34	
18	15	33	15	9	18	13	15	32	10	18	30	37	28	16	21	28	7	46	24	26	16	12	22	17	23	37	26	9	15	0	4	6	26	28	1	33	8	10	24	
23	5	7	32	10	18	14	16	20	21	19	4	33	48	17	29	10	22	36	25	25	31	3	10	18	30	38	4	26	3	31	0	28	28	29	23	16	29	16	35	
33	37	36	8	31	23	21	16	9	21	26	9	15	26	22	38	23	20	25	1	11	25	6	10	24	21	27	29	46	16	36	32	0	36	27	4	3	26	19	37	
47	25	13	22	34	31	28	17	36	21	27	34	16	15	23	14	34	11	34	46	42	43	16	40	40	46	19	34	9	26	8	8	34	0	17	19	39	30	24	10	
12	28	33	17	24	11	4	24	11	23	5	14	19	31	14	20	12	10	12	24	33	12	27	31	30	9	35	8	11	26	28	34	27	18	0	11	20	7	5	3	
14	8	28	24	2	1	6	8	25	37	8	34	31	9	9	21	9	11	29	17	19	34	7	15	10	23	4	29	10	32	1	29	20	27	20	0	26	33	8	27	
31	5	3	40	18	34	15	24	39	17	27	30	14	33	11	37	34	26	10	33	30	27	23	31	26	29	32	5	16	45	25	31	22	14	6	31	0	23	11	27	
28	6	35	20	22	21	10	16	3	15	20	33	16	36	16	5	11	9	11	19	35	21	10	9	18	14	5	23	38	13	28	9	25	19	28	20	27	0	17	40	
19	5	32	28	6	2	10	12	29	27	2	41	29	35	13	25	38	8	20	21	23	38	3	19	14	27	8	20	22	36	27	15	3	1	25	19	30	35	0	19	
17	17	36	12	36	14	28	18	24	12	26	7	37	25	33	15	38	26	5	42	26	4	32	1	1	39	48	39	29	32	26	17	12	10	22	17	17	41	32	0	
M1
0	16	21	1	22	7	9	35	21	7	38	28	12	24	9	18	5	27	18	4	22	27	18	22	7	19	15	4	28	19	38	2	19	21	26	26	19	19	10	14	
22	0	8	24	15	19	11	25	16	6	31	29	14	6	14	10	16	25	2	8	24	1	16	19	9	2	4	6	24	23	11	22	1	8	1	16	23	21	6	17	
21	1	0	21	1	33	38	1	20	34	26	27	39	3	29	20	1	30	23	30	29	6	35	13	2	33	10	33	41	3	12	20	4	48	28	9	28	5	12	1	
9	17	24	0	25	8	12	29	24	10	21	14	6	25	4	19	24	1	7	20	8	28	16	25	10	15	1	7	23	10	27	20	20	28	12	29	20	5	12	17	
12	12	27	16	0	3	6	21	13	10	31	22	25	9	37	14	29	22	20	10	27	18	28	6	12	29	17	17	23	14	27	22	15	15	2	3	15	11	17	12	
1	1	16	9	16	0	21	29	18	1	34	22	24	9	26	3	18	30	11	11	17	12	30	19	19	18	21	16	13	4	29	19	4	12	33	24	4	31	21	1	
6	26	14	10	11	22	0	12	16	9	19	20	14	17	12	1	24	28	9	11	15	22	20	15	9	21	17	6	32	12	21	17	19	4	26	21	19	8	2	16	
1	13	26	12	34	32	32	0	37	12	17	10	1	28	24	30	13	36	21	1	15	17	34	21	25	16	6	29	18	39	46	27	8	30	11	3	24	23	18	31	
1	40	18	23	13	32	31	24	0	17	22	37	34	18	30	32	29	23	30	29	45	34	4	44	29	37	30	26	6	30	34	27	30	44	43	23	25	31	18	16	
19	23	1	6	12	29	9	23	17	0	32	19	2	25	26	2	23	2	22	12	16	2	13	18	9	25	25	15	42	20	34	8	21	40	32	17	16	12	25	20	
18	2	17	9	6	34	7	28	19	5	0	36	5	26	21	17	27	4	6	5	29	8	5	20	5	3	13	2	10	2	36	14	12	20	18	17	30	17	7	18	
20	24	22	26	18	29	10	28	24	12	13	0	17	4	16	9	27	19	16	19	18	11	23	7	12	18	2	9	19	27	8	25	41	11	16	32	26	15	19	24	
12	13	19	19	23	13	29	5	22	22	13	18	0	30	39	15	29	31	2	25	29	7	24	2	27	5	16	24	28	25	27	31	25	22	19	19	25	4	31	17	
25	2	10	33	30	16	24	28	21	22	8	25	20	0	20	6	29	32	28	12	20	22	33	22	22	34	25	19	30	28	17	8	23	36	36	2	28	23	16	15	
25	34	19	14	28	40	31	40	22	11	7	7	34	25	0	19	24	38	14	5	23	31	40	26	17	5	18	26	36	16	13	14	23	22	15	6	30	39	18	20	
20	24	4	21	15	36	9	17	6	7	32	10	12	28	15	0	14	18	13	1	5	31	18	7	7	19	15	4	31	22	36	7	29	36	21	31	23	19	14	21	
17	24	21	16	5	18	9	21	21	7	38	1	12	15	24	29	0	8	14	17	39	23	18	22	7	19	12	4	39	1	17	20	30	36	15	4	4	19	7	19	
20	7	3	1	19	13	12	25	24	5	41	10	15	9	19	24	23	0	25	1	37	15	21	24	10	19	18	7	13	25	8	23	25	20	17	18	21	22	17	22	
17	21	2	32	15	20	6	14	9	4	34	24	9	4	21	24	24	24	0	14	23	12	5	19	4	16	6	1	34	19	6	17	22	22	27	21	15	7	9	5	
32	11	14	26	9	23	34	30	31	24	32	28	9	13	10	16	36	26	11	0	13	34	23	15	3	4	11	29	15	19	20	6	1	21	10	18	7	29	28	19	
9	7	4	12	26	2	24	3	15	1	28	8	12	19	30	13	26	39	21	2	0	15	33	15	20	15	23	19	5	10	30	29	14	20	11	29	14	30	29	11	
18	18	6	8	22	9	32	6	33	18	12	26	15	26	29	20	26	6	14	12	20	0	25	11	8	9	25	33	30	4	39	33	21	25	24	23	4	27	20	18	
26	14	20	5	24	31	15	15	27	10	40	44	18	33	30	25	21	33	19	21	37	10	0	28	13	11	4	10	37	20	38	15	43	28	26	22	13	5	20	26	
25	4	20	36	27	40	14	16	12	12	20	3	17	19	29	18	14	32	14	12	32	16	9	0	12	24	1	9	23	27	16	25	44	29	5	22	31	23	19	4	
14	31	35	2	9	24	23	18	3	21	15	14	9	31	14	35	4	39	23	25	41	34	32	29	0	32	5	18	39	3	28	34	36	18	27	40	36	31	27	33	
17	23	1	9	11	22	19	23	16	7	17	20	18	17	25	1	20	28	9	11	13	28	28	8	17	0	22	14	28	19	21	17	26	4	2	1	15	26	13	2	
3	18	12	1	25	10	8	25	16	11	21	20	16	27	15	1	14	13	23	11	15	24	22	17	11	18	0	8	15	22	19	15	22	30	22	8	6	23	9	19	
15	19	16	36	17	31	4	30	16	2	33	33	7	23	19	28	24	22	23	12	34	32	13	17	2	14	10	0	37	17	33	15	41	31	29	26	42	14	9	16	
4	3	27	29	16	35	31	9	29	24	22	8	5	33	18	30	7	13	2	12	41	19	31	12	13	18	22	31	0	5	1	30	25	20	16	6	10	26	29	10	
20	8	24	17	29	11	12	2	10	13	14	33	9	28	31	22	27	27	24	8	1	16	25	29	14	10	22	11	2	0	18	27	17	27	14	24	23	8	21	20	
1	26	26	26	4	32	19	22	17	21	37	7	26	22	6	26	30	22	14	29	29	7	19	9	22	12	10	19	28	29	0	27	36	29	13	17	27	15	20	26	
20	3	17	10	22	36	9	30	19	7	11	23	12	6	20	4	27	10	26	14	18	35	3	20	7	19	15	4	15	22	38	0	27	32	34	31	18	18	8	21	
18	17	16	1	5	34	36	38	34	23	28	9	39	31	23	39	36	21	23	34	30	24	19	9	32	29	23	31	45	40	6	10	0	18	27	11	1	3	12	16	
11	24	26	32	4	15	35	21	33	2	41	24	34	10	31	20	32	37	2	30	34	25	30	8	11	33	22	30	32	27	14	36	27	0	26	41	26	40	6	19	
24	18	6	30	27	42	16	28	23	6	10	30	39	10	13	19	18	42	2	29	24	30	34	19	7	8	17	32	24	30	12	15	10	24	0	22	36	32	33	23	
23	33	17	30	23	33	41	18	8	21	32	22	2	2	46	23	36	12	21	33	33	27	10	22	30	9	30	36	44	27	31	39	18	16	4	0	31	24	25	17	
20	20	13	20	22	12	9	35	21	7	10	4	12	28	24	16	19	27	26	17	2	12	18	6	7	14	15	4	33	21	9	1	10	21	24	28	0	19	14	21	
16	34	13	18	19	25	7	30	27	22	32	22	7	35	21	12	35	17	27	22	6	21	34	24	2	17	25	25	18	37	4	2	32	22	3	15	8	0	25	8	
21	7	16	27	14	25	21	25	1	12	29	6	24	2	27	3	26	16	12	13	3	1	24	18	4	19	18	16	34	23	24	10	31	7	33	29	14	31	0	3	
31	19	32	21	3	33	22	16	34	16	26	11	25	41	31	39	16	28	16	30	30	25	31	35	20	32	28	17	34	35	19	1	25	45	43	33	6	31	27	0	
M2
0	16	8	11	6	15	10	24	19	23	7	27	3	3	25	21	3	17	7	10	20	24	17	10	19	3	14	21	12	11	17	20	8	13	12	8	15	25	44	18	
17	0	27	5	14	13	31	33	10	29	17	19	20	14	16	28	11	1	12	10	16	17	16	15	13	38	4	11	10	2	14	28	2	1	23	16	21	10	6	27	
31	39	0	31	23	38	17	41	28	32	26	15	24	34	16	1	22	26	27	23	2	15	4	20	24	31	35	6	29	28	24	11	20	33	30	2	19	22	28	2	
20	2	18	0	14	5	32	31	30	29	17	15	20	14	16	28	7	1	22	10	16	15	5	15	30	38	3	11	17	19	14	28	28	24	23	16	28	4	26	41	
39	35	25	36	0	20	25	40	21	33	2	33	35	30	18	22	29	17	7	25	25	17	28	3	35	25	19	27	5	4	10	13	35	9	22	1	20	26	42	46	
38	5	11	44	23	0	2	22	8	14	20	9	29	23	25	25	33	10	27	19	16	26	34	24	39	16	19	20	5	28	23	29	20	33	28	19	32	4	21	12	
37	35	29	25	3	24	0	36	25	28	6	14	13	28	7	26	16	15	11	20	10	21	28	7	39	21	14	2	9	8	14	17	9	13	11	5	15	24	36	42	
25	31	34	3	18	8	34	0	34	18	21	10	24	18	20	11	28	5	9	14	4	21	1	19	9	4	14	15	24	19	18	15	22	21	19	20	5	14	33	32	
27	5	15	32	12	25	38	27	0	2	15	34	20	2	3	2	12	16	15	13	27	30	11	16	18	21	13	8	3	11	13	3	21	22	11	14	11	5	38	24	
28	1	7	22	28	6	6	21	15	0	30	32	31	21	9	25	29	22	3	26	16	12	42	21	26	9	25	23	34	23	26	15	11	14	24	4	6	4	18	17	
31	21	14	27	21	20	21	7	24	20	0	26	26	8	10	14	18	8	21	2	23	24	15	22	17	4	17	18	27	17	13	26	20	31	12	9	32	17	9	27	
17	35	41	15	15	36	22	49	37	38	14	0	6	29	33	31	28	26	9	1	11	33	28	19	27	5	35	33	1	19	26	29	43	25	1	17	34	9	36	15	
22	4	40	35	18	28	19	32	20	34	21	6	0	29	12	10	25	16	18	18	25	32	27	2	18	3	21	8	24	11	19	24	29	28	4	20	21	3	42	44	
34	5	18	33	9	18	35	30	8	20	12	24	10	0	21	10	2	6	5	12	21	22	23	13	8	35	3	10	15	1	19	10	24	19	1	5	18	14	34	36	
24	30	33	2	24	9	29	19	26	2	14	28	21	17	0	4	24	18	30	3	18	34	20	13	33	42	23	14	11	26	26	8	23	34	26	26	2	25	11	27	
13	29	22	13	8	20	33	40	20	14	11	23	6	16	17	0	4	8	9	12	17	17	18	2	32	24	17	6	14	13	19	20	2	18	12	10	1	4	19	24	
21	4	18	15	37	21	22	2	44	39	4	26	13	39	9	33	0	27	31	31	20	27	23	39	17	6	36	10	25	41	28	37	32	42	35	39	27	13	41	23	
21	19	32	32	6	5	24	43	22	21	9	11	12	6	8	20	16	0	14	2	8	9	17	7	22	30	2	3	12	11	6	20	38	16	15	8	20	2	21	43	
10	35	28	12	31	41	33	26	8	14	5	7	6	22	25	25	32	29	0	1	28	7	18	15	30	34	10	2	37	16	26	32	28	8	3	4	19	34	22	17	
3	15	37	47	30	26	44	29	29	37	33	35	29	15	6	24	25	17	28	0	24	27	41	16	21	2	26	23	36	8	25	33	5	40	24	3	24	26	16	33	
11	2	43	34	29	6	40	26	34	30	28	17	8	32	38	4	25	29	30	12	0	38	39	23	11	36	25	27	23	25	21	36	23	17	33	31	17	17	2	17	
15	21	21	43	7	3	29	40	24	6	10	15	26	8	16	26	18	22	14	21	23	0	28	11	24	33	10	26	13	5	18	21	25	17	17	9	7	8	35	25	
18	16	4	3	18	33	44	25	18	15	2	35	4	34	36	39	44	21	20	21	25	24	0	22	2	32	30	10	24	1	29	15	24	28	33	20	26	30	17	19	
28	19	29	20	3	13	18	40	5	19	6	19	20	14	2	26	24	1	11	9	16	17	12	0	25	26	10	11	9	8	4	9	39	13	6	5	6	10	29	33	
46	18	35	37	35	34	19	14	12	24	18	10	25	35	27	36	32	22	32	31	22	29	15	36	0	31	21	32	11	5	35	47	8	45	9	18	29	31	37	32	
38	26	21	18	17	24	30	46	18	29	1	30	3	14	11	8	18	12	21	21	27	7	36	21	30	0	16	22	23	22	2	31	27	6	23	19	20	12	19	13	
21	32	33	35	20	25	4	33	21	18	10	25	29	26	21	34	6	13	1	2	28	29	18	6	4	44	0	1	12	25	23	28	28	6	25	13	25	22	10	24	
29	5	4	6	6	27	26	26	25	32	9	29	32	34	25	24	20	24	14	32	24	24	17	10	17	32	26	0	12	11	17	17	24	12	19	8	27	5	29	12	
27	12	9	41	11	32	13	47	16	32	14	6	13	26	30	34	4	24	12	15	5	29	10	15	18	25	31	7	0	16	22	24	9	21	34	13	32	30	41	8	
16	3	17	6	35	2	2	6	13	41	5	21	32	20	1	10	8	31	33	28	13	44	21	28	18	30	14	22	35	0	4	15	29	45	13	30	28	25	21	4	
26	16	38	18	19	31	36	49	23	30	22	36	38	32	20	18	37	19	15	27	28	35	24	5	42	16	28	8	25	24	0	27	4	17	4	21	24	28	42	24	
33	30	2	15	35	32	37	4	31	31	16	28	29	22	15	15	32	29	1	24	22	15	16	34	33	28	9	25	25	31	22	0	34	14	2	27	18	16	3	40	
1	33	33	45	34	19	28	44	29	14	1	35	4	24	24	39	34	32	14	4	38	24	43	18	30	11	35	15	38	33	25	39	0	19	12	36	22	10	37	2	
31	37	35	46	22	9	42	26	6	19	8	20	40	24	20	24	34	25	12	34	2	38	30	26	34	22	34	14	28	27	24	28	21	0	27	24	9	34	21	8	
35	33	26	15	20	19	20	9	6	18	23	25	26	20	1	20	15	7	24	16	22	17	26	17	10	10	9	17	26	25	15	4	11	30	0	22	24	16	17	1	
32	45	15	32	27	39	22	20	7	23	30	42	18	35	34	2	9	27	28	11	5	5	30	21	15	22	23	25	25	10	3	35	21	37	15	0	20	23	22	29	
10	16	19	35	10	16	21	41	19	1	13	14	21	3	14	13	13	4	16	13	4	20	28	12	19	36	13	14	16	12	17	7	32	20	12	12	0	13	32	15	
34	19	2	26	25	37	33	36	17	38	15	31	1	42	11	36	43	37	2	25	41	31	1	23	25	29	34	22	31	30	4	4	8	32	25	27	33	0	41	39	
16	31	3	23	4	18	30	21	1	38	7	35	7	18	5	11	9	17	12	17	2	22	5	8	8	17	24	27	10	9	15	4	19	14	20	6	25	26	0	8	
27	7	28	27	29	1	45	33	2	35	31	7	27	17	36	4	25	29	27	33	29	29	19	23	7	35	27	19	35	20	17	35	16	35	24	5	22	25	39	0	
M3
0	27	11	27	24	18	20	30	2	23	16	30	28	16	35	19	37	2	21	26	34	26	23	31	32	34	18	15	21	15	20	25	13	40	23	9	26	21	14	12	
10	0	10	29	23	32	18	1	32	33	9	15	23	17	38	26	24	24	29	20	18	21	16	14	20	6	13	16	16	17	16	20	8	17	13	4	29	23	1	13	
20	11	0	15	2	46	10	37	36	31	15	19	43	18	41	7	34	21	37	22	13	32	1	24	27	27	30	27	31	4	16	41	25	21	1	32	38	12	22	28	
23	26	21	0	28	25	34	6	30	32	30	29	20	29	17	23	28	7	5	24	42	28	33	18	24	32	33	21	20	26	29	42	30	37	22	26	31	19	25	27	
11	23	18	26	0	34	19	21	10	15	15	30	24	18	12	23	31	16	26	14	10	10	13	21	13	6	5	10	17	4	17	21	8	17	25	5	3	18	7	19	
3	25	20	15	32	0	7	16	14	35	17	31	26	20	14	25	30	20	29	9	9	1	18	20	8	13	7	19	19	12	19	23	11	19	27	7	5	5	9	21	
12	3	19	23	4	9	0	30	29	36	4	27	25	19	13	24	8	22	24	2	29	17	23	16	14	12	6	18	18	6	3	22	9	6	26	6	4	25	8	20	
26	29	10	16	23	6	8	0	24	35	21	36	28	21	37	28	35	27	36	9	21	14	21	25	25	9	8	5	17	25	37	12	33	23	22	30	28	23	32	5	
21	35	33	25	28	10	43	34	0	26	17	20	4	29	27	14	10	21	11	26	16	29	25	27	16	23	3	27	2	21	2	44	14	27	23	32	44	24	18	21	
17	16	36	12	19	30	24	10	37	0	19	14	28	29	11	21	18	23	3	14	32	26	18	8	14	26	23	15	25	36	12	27	14	3	38	16	21	25	14	26	
22	21	9	26	22	7	30	41	8	42	0	7	5	27	28	5	30	14	26	23	33	28	21	28	21	2	4	26	33	24	4	37	25	4	21	21	19	32	23	27	
11	10	33	5	27	9	18	16	9	22	14	0	11	23	10	9	12	29	20	8	23	26	22	2	3	20	2	2	22	17	12	11	14	23	22	10	23	29	14	11	
17	12	20	15	31	3	25	13	37	48	35	14	0	13	32	38	29	38	29	36	36	28	9	37	33	21	13	23	4	35	23	27	15	31	11	11	23	8	6	16	
15	2	39	18	34	28	24	22	8	8	20	19	33	0	21	40	18	2	26	14	8	27	17	8	14	17	25	15	26	14	12	11	20	16	38	16	29	16	25	23	
10	22	27	31	30	24	7	29	20	30	27	26	23	17	0	45	25	6	30	11	15	3	21	15	7	33	13	16	1	28	16	20	7	33	28	4	26	23	8	6	
12	22	17	21	22	35	37	32	31	3	4	42	27	20	17	0	30	3	30	23	40	21	28	31	24	2	7	26	28	6	28	27	29	31	27	25	35	31	12	36	
17	29	10	19	23	32	27	34	38	25	25	31	13	28	30	28	0	37	39	23	10	29	13	21	27	19	24	13	5	25	28	10	20	31	22	24	22	18	18	25	
19	19	23	18	10	43	17	25	11	31	13	15	3	26	15	15	8	0	29	17	35	22	21	11	6	23	12	18	25	20	25	29	7	31	32	13	17	32	21	27	
13	25	30	22	33	13	21	10	20	13	41	23	11	20	38	4	35	6	0	38	26	9	24	37	18	25	16	2	19	19	18	23	11	40	36	7	32	10	6	20	
25	7	41	4	33	4	2	23	28	17	34	18	15	32	2	3	18	19	13	0	30	18	27	29	22	1	28	5	3	13	27	10	22	35	30	19	36	32	22	9	
2	14	33	11	35	38	22	19	28	26	10	17	33	27	28	39	16	31	24	8	0	14	4	6	12	24	21	9	13	37	13	24	7	27	39	14	27	3	31	10	
13	25	24	23	33	26	4	25	34	8	11	29	26	6	6	25	28	5	14	16	7	0	1	18	14	26	10	19	2	6	13	10	11	12	11	7	18	15	7	21	
5	34	21	25	15	13	24	11	33	33	17	23	37	22	23	36	36	30	40	28	15	29	0	26	6	24	18	20	16	36	30	34	22	30	6	18	16	5	12	30	
5	4	27	30	30	28	12	10	26	16	8	7	23	17	20	29	6	32	14	2	20	21	16	0	2	14	13	3	16	33	16	20	8	17	31	4	17	23	21	18	
16	19	26	28	15	37	27	5	15	25	20	17	23	20	17	13	4	26	21	17	13	32	22	11	0	8	22	18	31	14	11	30	23	3	6	19	32	2	8	28	
12	3	24	32	32	16	20	31	34	23	27	31	25	19	25	12	11	1	41	4	31	23	9	38	5	0	15	7	18	18	18	22	10	35	30	6	31	19	30	20	
1	15	38	5	8	29	23	21	7	27	19	18	3	28	17	40	17	24	25	6	31	32	15	7	13	25	0	13	19	9	12	31	19	7	3	15	28	34	32	29	
13	1	9	23	18	17	20	18	22	6	16	2	28	25	28	1	14	13	7	10	7	21	16	4	10	22	8	0	24	7	18	28	16	10	8	12	19	15	5	22	
14	21	20	4	33	32	20	22	30	38	10	33	5	8	1	23	32	20	40	24	11	4	18	22	21	4	17	15	0	11	20	24	12	41	7	8	27	16	22	20	
8	9	27	20	24	33	5	4	15	14	13	12	21	17	25	30	11	13	12	7	9	21	18	1	7	1	13	8	16	0	16	20	8	14	33	4	22	17	26	18	
8	19	42	25	42	20	27	25	33	26	12	22	31	13	10	22	21	4	29	10	26	26	29	11	17	6	18	17	24	31	0	35	23	13	11	19	27	31	31	8	
22	27	28	19	4	38	20	12	15	12	5	19	16	36	31	44	29	31	35	14	22	4	12	19	4	32	19	20	26	36	12	0	30	19	25	26	24	18	9	35	
28	29	35	44	34	39	5	26	9	22	15	42	32	29	16	29	18	35	42	40	44	32	39	43	19	28	22	34	10	10	17	38	0	28	34	22	20	34	4	32	
12	21	29	37	8	11	5	27	3	30	7	30	25	19	33	21	30	23	3	29	31	23	15	23	26	13	15	18	18	36	17	3	10	0	34	6	31	25	23	20	
24	26	14	28	27	36	24	31	27	29	5	29	23	34	4	21	23	9	9	22	32	20	23	18	5	36	6	25	18	20	18	19	24	30	0	21	39	8	25	23	
5	17	22	30	25	32	13	31	27	46	36	24	18	12	33	40	27	30	39	31	24	16	16	32	26	32	8	11	11	34	11	15	3	32	28	0	24	18	28	13	
7	19	14	23	26	30	15	29	24	45	11	26	20	14	8	19	29	25	23	24	26	12	18	25	9	7	1	13	13	27	13	17	5	13	21	1	0	20	3	15	
17	16	16	42	18	3	24	22	1	11	20	5	1	28	30	26	18	36	26	9	29	32	28	8	14	26	22	8	3	31	23	31	19	29	28	15	29	0	8	29	
8	19	10	20	20	39	21	36	35	23	34	22	26	18	7	25	5	24	36	27	32	12	22	22	27	6	16	19	14	4	17	10	11	21	7	7	32	8	0	17	
16	17	22	41	6	15	24	4	37	29	7	14	3	23	30	33	19	22	22	15	31	26	27	9	15	4	19	16	4	37	22	3	14	30	11	10	30	29	25	0	
M4
0	16	21	12	17	18	18	12	19	21	10	27	23	17	23	7	31	20	10	17	8	19	16	13	26	13	31	16	18	19	21	9	5	22	13	25	15	12	16	13	
21	0	12	18	11	28	10	12	9	19	16	24	14	15	7	11	29	15	10	6	17	27	24	21	20	11	28	10	6	10	22	17	19	11	10	9	12	3	8	7	
17	7	0	3	6	22	2	9	3	20	20	21	14	13	14	9	24	17	15	8	11	22	19	4	14	15	22	7	9	5	19	14	21	13	7	14	11	14	13	4	
18	19	25	0	4	21	22	16	12	24	21	19	4	1	8	2	22	18	16	9	12	23	17	22	6	16	31	20	19	13	22	11	22	14	20	9	15	16	15	17	
24	5	9	19	0	4	20	10	10	22	11	2	6	13	13	15	5	16	14	7	24	27	29	5	23	14	24	19	17	1	27	12	20	12	8	4	13	26	13	16	
6	5	14	9	10	0	20	10	12	10	7	22	16	6	16	16	28	2	13	10	26	19	11	20	19	2	27	9	11	8	16	16	23	15	9	20	15	16	15	6	
20	13	16	1	18	34	0	11	6	18	15	21	23	14	9	14	7	12	10	3	34	24	27	4	19	10	19	17	13	6	2	18	16	8	17	22	9	24	9	14	
13	12	5	6	17	17	16	0	4	17	14	7	21	13	18	23	30	11	5	12	20	16	3	14	11	9	18	6	10	15	4	4	15	17	16	12	18	23	15	13	
26	19	28	23	24	20	18	24	0	24	18	36	30	4	29	30	4	15	27	23	34	12	17	26	24	16	41	23	13	22	22	30	36	28	23	26	29	29	29	20	
44	45	30	42	38	19	15	18	32	0	29	31	29	16	19	29	14	37	23	38	44	16	44	6	7	45	36	37	36	42	2	33	22	37	37	24	34	44	41	34	
30	24	28	25	6	18	19	7	1	21	0	18	9	29	18	12	24	3	3	21	26	1	19	3	19	25	8	14	30	20	24	13	23	26	26	23	21	30	24	25	
14	16	4	16	17	19	15	12	5	21	18	0	23	3	16	15	31	6	11	17	8	19	16	17	16	13	6	16	4	12	15	17	4	6	16	14	15	12	22	13	
21	20	14	26	28	7	25	29	26	20	29	16	0	28	29	23	2	25	21	23	34	19	25	2	5	30	31	24	25	27	7	34	19	28	27	17	4	14	13	24	
20	15	9	19	5	22	19	6	6	15	17	20	11	0	11	10	17	12	12	5	26	26	18	14	4	12	17	4	6	9	16	10	16	5	3	22	11	8	10	1	
19	12	19	16	15	17	29	16	17	17	8	21	21	12	0	21	8	23	8	14	20	26	3	22	24	9	29	14	14	15	3	21	27	19	14	12	20	21	20	11	
16	12	10	16	6	2	20	7	5	17	14	13	12	11	8	0	24	11	9	2	10	6	18	16	15	9	18	5	7	6	17	7	15	7	5	21	8	12	8	2	
18	6	4	1	19	23	15	16	14	25	22	24	4	21	5	20	0	25	18	16	12	23	20	17	26	17	11	20	22	18	25	10	26	21	20	11	12	16	22	17	
20	13	20	17	18	32	23	13	8	12	15	23	19	14	11	6	10	0	12	5	21	26	4	18	21	10	18	17	2	8	9	14	18	4	7	13	11	24	11	14	
17	13	1	6	12	9	4	13	5	5	9	2	18	14	18	10	30	21	0	12	21	25	4	14	13	10	13	11	2	1	3	15	25	17	11	13	18	18	17	8	
15	8	17	12	13	30	27	6	1	13	10	16	18	9	4	9	24	7	5	0	33	19	22	23	14	5	20	12	8	2	18	19	11	3	12	17	4	19	4	9	
3	5	10	9	6	8	7	1	8	10	7	16	12	6	12	9	20	15	3	6	0	8	5	16	15	2	21	5	7	8	10	6	19	11	5	14	4	1	11	2	
25	19	14	22	10	27	24	11	12	25	22	25	16	15	16	16	27	12	17	10	27	0	21	20	19	17	30	9	11	14	4	16	4	15	9	19	16	11	15	6	
12	5	14	9	10	24	23	10	10	10	7	22	16	6	13	16	23	16	13	7	13	19	0	20	19	2	22	9	11	8	1	16	20	12	9	5	13	16	13	6	
20	13	14	17	10	27	24	11	9	25	22	8	16	15	13	16	4	19	17	10	20	15	23	0	18	17	20	3	11	7	21	16	23	13	9	27	16	13	15	6	
11	4	13	8	9	26	23	9	9	9	6	5	15	5	15	15	6	18	12	9	33	18	18	14	0	1	26	8	10	2	20	15	22	14	8	18	5	15	14	5	
8	1	10	5	6	23	20	6	8	6	3	18	12	2	12	12	24	15	9	6	30	15	15	16	15	0	23	5	7	4	17	12	19	11	5	23	12	12	11	2	
19	9	17	16	7	18	3	14	10	17	11	21	13	13	2	1	17	16	14	7	20	21	3	19	22	9	0	12	14	11	8	10	7	11	12	12	9	19	13	9	
10	17	21	21	17	25	24	18	19	22	6	29	21	12	6	16	27	19	20	17	14	25	22	4	9	14	30	0	16	14	2	16	4	22	9	24	18	13	22	13	
16	23	19	27	15	22	29	16	16	1	17	2	21	12	15	13	33	22	20	13	37	31	20	25	24	20	35	14	0	12	11	21	26	9	14	29	19	21	19	11	
16	9	13	13	9	6	11	10	10	14	11	24	15	10	13	15	27	16	12	7	33	12	22	19	18	6	29	3	10	0	20	15	20	11	8	15	13	9	13	5	
9	11	10	15	16	20	5	6	16	5	13	24	20	12	8	5	10	22	19	13	19	8	2	1	3	8	8	15	13	14	0	22	10	14	15	11	19	9	19	12	
25	11	20	26	16	12	20	17	5	4	18	29	1	21	8	11	29	22	5	16	20	29	17	15	8	23	23	15	17	20	17	0	23	21	4	21	22	22	19	12	
16	11	20	15	16	14	23	9	4	16	13	13	16	12	7	11	21	2	8	1	29	16	12	15	17	8	12	14	11	5	17	4	0	6	15	14	1	21	7	12	
1	23	23	15	19	24	23	20	12	28	16	31	12	10	6	14	15	12	20	13	24	3	32	18	28	20	28	16	20	6	10	14	26	0	7	32	19	25	19	15	
23	18	12	22	8	25	12	9	10	23	20	21	8	13	14	3	21	17	15	8	32	21	21	7	17	15	17	7	9	12	19	3	21	13	0	25	14	14	13	4	
14	16	21	20	17	19	9	11	19	21	11	10	2	17	23	17	27	10	14	17	8	4	16	15	7	13	23	16	18	2	13	17	29	2	10	0	7	12	22	13	
27	6	29	15	16	33	28	25	21	6	20	2	5	21	24	17	10	11	17	18	28	5	11	20	26	17	17	24	11	22	8	30	31	20	23	3	0	24	15	21	
1	13	13	17	14	16	7	9	16	18	15	24	20	3	20	17	8	16	11	14	5	16	13	24	13	10	10	13	15	12	12	9	25	18	13	22	12	0	19	10	
11	13	18	17	14	13	15	9	16	13	15	18	20	14	8	12	20	11	11	14	5	16	6	23	23	10	29	9	15	16	11	12	24	19	12	15	6	9	0	10	
18	13	7	17	3	20	17	4	5	18	15	18	9	8	9	9	21	12	10	3	27	24	16	13	12	10	23	2	4	7	14	9	16	8	2	20	9	9	8	0	
M5
0	48	13	12	30	35	44	19	29	38	21	13	34	10	16	1	20	4	15	38	9	18	20	49	34	20	32	31	37	26	31	23	17	16	24	21	1	2	9	29	
1	0	19	34	19	28	37	13	15	34	20	19	11	11	29	32	10	17	6	24	22	29	20	28	21	16	8	20	4	28	28	35	27	11	13	14	12	20	21	34	
27	26	0	18	16	13	39	25	23	25	19	1	29	24	17	31	21	25	24	7	21	25	35	36	24	7	24	9	12	18	19	4	24	35	18	22	20	26	29	4	
34	30	29	0	24	26	41	2	10	22	12	5	16	21	26	24	10	16	5	29	14	16	23	10	25	12	24	13	29	23	2	24	28	36	5	30	24	27	18	8	
9	31	27	16	0	31	12	39	30	26	25	14	14	35	32	34	8	5	32	27	27	26	5	9	19	3	22	19	38	22	3	19	30	31	26	19	12	28	13	23	
32	28	27	28	14	0	41	27	18	24	20	21	14	23	19	28	27	3	8	8	6	30	27	14	19	14	22	21	33	14	14	28	30	3	13	10	26	19	31	33	
10	25	31	32	37	32	0	18	31	24	5	20	39	42	23	25	14	38	12	32	34	36	19	32	8	2	29	43	29	13	4	35	1	45	35	28	9	48	3	3	
18	34	26	22	21	19	33	0	5	7	9	10	13	33	9	21	5	31	1	26	1	21	24	28	17	9	20	10	26	21	27	7	25	23	2	27	15	24	28	25	
36	18	1	23	18	15	8	3	0	14	25	23	14	29	27	3	18	4	11	9	19	10	35	45	35	25	22	28	13	15	3	25	13	35	20	22	14	6	30	14	
3	23	33	34	35	31	1	38	29	0	26	17	35	38	23	4	1	31	28	8	27	37	6	24	24	11	30	33	18	24	30	10	32	41	25	13	36	41	18	33	
25	19	17	28	23	15	35	16	10	24	0	11	16	33	16	24	20	26	17	29	14	30	18	11	26	5	19	13	13	6	23	3	28	4	5	14	6	27	13	27	
27	23	11	2	25	16	26	24	20	10	3	0	30	11	14	34	36	22	8	10	15	9	25	33	8	13	16	27	9	19	3	38	8	28	19	19	4	27	26	1	
44	29	6	19	1	10	22	19	19	21	4	2	0	28	11	34	38	13	25	6	24	26	14	27	25	22	1	23	26	35	20	21	9	14	15	36	21	18	31	18	
32	28	18	31	13	22	27	24	15	11	16	14	5	0	23	4	25	17	26	10	18	33	26	23	17	16	13	22	4	28	27	33	15	5	14	14	33	22	21	6	
7	20	13	14	34	6	38	23	6	35	23	10	33	13	0	20	41	18	31	33	28	6	13	21	9	17	17	34	5	29	28	45	33	9	40	15	25	9	22	17	
23	28	21	29	12	27	39	6	17	15	21	18	10	26	19	0	23	19	7	23	22	3	24	11	26	18	18	19	6	20	26	6	2	28	23	16	10	30	23	34	
41	26	20	17	15	24	18	32	1	17	18	16	7	18	25	9	0	25	32	9	20	1	28	41	21	12	15	15	12	2	34	16	23	9	20	9	26	10	29	32	
38	37	12	21	36	6	18	30	11	29	14	4	36	9	25	44	11	0	18	29	33	4	6	39	27	22	5	33	10	13	22	17	27	40	25	20	23	16	27	20	
21	22	7	20	33	10	22	19	11	10	35	29	39	32	18	35	15	17	0	13	13	33	33	22	16	16	21	14	28	16	19	33	17	35	28	38	25	28	32	1	
35	5	4	6	12	11	44	22	12	33	4	20	23	8	5	17	4	41	4	0	21	24	12	27	8	19	31	20	29	36	38	38	19	43	12	31	39	3	9	29	
39	41	17	7	30	39	36	6	26	28	13	13	22	39	5	7	6	18	22	32	0	30	27	48	10	21	8	28	31	42	31	28	9	7	23	36	12	30	12	29	
32	19	31	34	25	35	30	21	17	3	21	25	26	42	32	36	29	15	29	7	26	0	37	36	30	24	15	25	28	30	43	34	26	40	17	20	30	18	40	33	
31	1	17	27	19	5	40	1	16	23	22	20	11	41	20	18	21	31	17	24	5	37	0	26	23	7	1	20	34	32	18	19	27	24	18	9	20	36	29	34	
24	27	11	36	22	17	44	35	32	18	37	19	35	16	28	22	29	26	32	39	33	32	3	0	5	18	4	10	28	3	34	37	37	37	42	14	29	9	7	28	
34	29	17	26	12	21	33	9	6	22	2	9	4	3	22	4	29	10	13	17	10	29	19	27	0	3	12	9	11	5	27	27	20	21	1	21	2	12	28	11	
3	33	12	20	18	8	39	34	11	12	13	10	10	9	28	13	36	30	18	3	15	11	19	32	3	0	3	14	20	25	1	32	18	3	6	11	29	28	14	26	
36	18	23	15	15	26	28	9	27	31	12	19	10	12	6	21	28	30	25	18	7	40	13	25	7	21	0	9	22	6	30	31	18	6	26	24	5	22	34	35	
7	4	18	31	13	22	16	12	24	17	16	14	5	18	23	38	15	1	2	18	16	12	20	7	3	30	11	0	18	5	30	10	7	26	24	27	33	20	12	9	
20	39	6	28	47	23	24	11	2	33	9	11	39	11	34	36	31	4	17	36	14	27	22	42	23	3	3	31	0	15	29	33	25	35	28	1	27	15	8	27	
31	1	11	27	39	8	18	28	25	2	25	28	31	25	3	25	25	28	29	38	7	11	37	34	9	27	30	7	34	0	21	15	31	22	20	34	34	12	32	36	
37	33	10	2	25	27	17	34	1	32	12	13	17	39	32	5	30	20	26	2	23	6	29	16	26	21	25	22	37	17	0	29	33	38	14	31	3	33	33	11	
41	27	37	28	17	10	24	27	18	10	20	21	24	25	2	28	6	15	25	24	6	16	27	39	31	15	29	21	27	3	9	0	30	20	13	37	29	35	21	31	
34	30	27	27	22	31	43	31	17	29	14	21	14	12	25	38	7	9	38	7	39	8	1	28	6	24	22	31	35	35	37	41	0	28	36	6	7	4	19	8	
4	38	23	29	12	30	34	45	23	13	10	35	44	26	8	42	26	18	35	26	26	7	6	45	2	1	43	27	33	18	29	9	9	0	33	34	14	3	11	44	
31	28	20	21	15	18	32	24	1	17	3	4	7	30	25	15	26	25	8	20	5	28	28	22	17	3	15	4	20	20	22	22	23	27	0	21	23	18	32	20	
34	11	13	29	23	21	44	41	18	34	20	21	15	22	33	20	35	9	25	21	21	33	27	31	4	8	20	21	37	37	1	29	31	16	13	0	4	5	4	37	
8	31	4	29	11	2	32	12	13	12	14	12	3	33	21	27	26	23	20	16	17	35	24	34	4	8	11	7	13	23	29	9	19	18	8	23	0	24	30	27	
12	1	23	6	19	28	13	28	11	26	9	1	11	20	29	14	20	13	24	24	31	25	13	7	22	1	10	3	8	20	17	33	18	13	26	13	14	0	18	17	
2	7	29	41	40	36	38	34	25	14	12	34	47	34	5	37	35	5	29	14	25	3	31	22	18	22	26	42	14	35	36	30	3	30	45	24	21	10	0	33	
6	2	8	26	16	30	31	3	23	1	27	14	31	40	1	15	23	40	19	37	13	34	39	26	35	27	36	28	35	39	9	25	36	33	20	45	23	32	30	0	
