40  6  1
6
	0	36	1	78	2	31	3	68	4	78	5	53
	0	10	1	41	2	13	3	60	4	73	5	32
	0	17	1	47	2	64	3	25	4	85	5	58
	0	43	1	32	2	3	3	17	4	48	5	66
	0	46	1	26	2	29	3	92	4	81	5	17
	0	54	1	22	2	88	3	44	4	2	5	37
	0	10	1	92	2	78	3	51	4	12	5	59
	0	28	1	44	2	7	3	20	4	43	5	39
	0	66	1	84	2	58	3	96	4	33	5	14
	0	11	1	36	2	13	3	53	4	1	5	44
	0	98	1	83	2	67	3	92	4	40	5	29
	0	76	1	80	2	9	3	43	4	90	5	9
	0	83	1	75	2	50	3	7	4	44	5	87
	0	2	1	89	2	1	3	74	4	50	5	19
	0	53	1	11	2	3	3	97	4	62	5	12
	0	66	1	96	2	98	3	99	4	81	5	25
	0	78	1	8	2	25	3	89	4	19	5	61
	0	8	1	64	2	60	3	12	4	51	5	24
	0	36	1	26	2	14	3	79	4	7	5	50
	0	12	1	8	2	74	3	95	4	47	5	99
	0	30	1	28	2	34	3	40	4	31	5	50
	0	6	1	3	2	99	3	97	4	13	5	31
	0	66	1	15	2	66	3	17	4	33	5	65
	0	91	1	27	2	23	3	78	4	75	5	18
	0	10	1	71	2	32	3	42	4	89	5	67
	0	35	1	45	2	12	3	17	4	62	5	95
	0	81	1	83	2	71	3	9	4	7	5	53
	0	2	1	50	2	58	3	88	4	66	5	21
	0	53	1	17	2	73	3	73	4	78	5	49
	0	97	1	15	2	40	3	36	4	95	5	80
	0	73	1	43	2	31	3	86	4	61	5	79
	0	52	1	6	2	60	3	12	4	24	5	27
	0	11	1	67	2	49	3	68	4	88	5	76
	0	82	1	79	2	25	3	41	4	47	5	46
	0	9	1	7	2	15	3	80	4	40	5	86
	0	80	1	56	2	84	3	51	4	69	5	28
	0	89	1	8	2	49	3	46	4	18	5	12
	0	37	1	44	2	33	3	73	4	6	5	82
	0	31	1	92	2	57	3	46	4	16	5	98
	0	7	1	55	2	55	3	87	4	85	5	24
SSD
M0
0	52	75	59	90	72	43	46	33	54	61	59	15	43	30	55	54	85	54	25	77	54	60	7	38	55	47	56	47	46	53	77	78	53	47	12	49	44	63	61	
51	0	13	33	40	39	29	23	24	22	47	39	32	53	37	27	14	52	34	2	44	47	13	37	44	13	62	3	29	23	8	54	20	69	14	54	50	40	39	35	
38	62	0	3	62	47	28	30	34	35	45	9	20	37	9	62	39	59	69	67	61	60	51	46	58	40	67	25	48	58	46	45	50	78	36	45	56	10	32	26	
57	50	36	0	90	1	68	44	17	40	72	2	18	70	55	53	55	71	55	23	31	65	58	58	56	58	58	54	67	44	37	75	57	73	45	85	58	63	60	59	
65	46	33	38	0	6	59	3	38	31	63	59	45	34	45	35	46	25	35	19	66	56	13	50	61	47	39	50	56	40	40	70	17	60	36	23	35	60	65	41	
46	20	24	22	49	0	28	23	25	23	25	46	41	15	38	48	38	37	47	32	51	48	33	31	1	3	19	12	38	32	33	39	28	51	21	30	48	51	5	42	
12	54	54	6	41	19	0	61	40	11	8	28	61	29	14	35	1	41	51	44	55	36	43	8	47	2	55	38	50	53	32	70	76	76	25	60	47	66	77	46	
34	25	2	7	56	51	28	0	20	14	46	28	32	3	28	4	23	34	44	36	35	39	39	19	50	34	43	19	45	55	39	44	40	60	5	45	4	29	34	26	
42	32	55	34	62	39	20	35	0	35	38	48	54	59	2	46	31	34	25	44	51	43	27	38	13	32	31	35	54	2	49	50	15	69	21	59	54	69	45	39	
37	44	67	46	53	26	56	43	33	0	21	21	40	33	4	47	4	20	30	22	58	14	32	49	25	38	34	53	32	31	35	56	62	55	39	39	59	65	55	39	
42	61	28	2	41	46	36	11	30	23	0	5	2	42	38	43	38	29	39	44	45	36	41	22	45	34	43	4	30	47	22	83	37	64	15	55	43	55	73	6	
17	11	30	26	33	60	36	27	41	27	52	0	18	24	1	48	35	58	55	23	55	45	34	25	5	34	23	24	50	44	29	43	41	30	30	51	5	31	37	51	
12	24	47	26	46	4	18	27	35	27	3	19	0	57	14	50	25	56	12	20	50	12	44	36	5	30	23	9	35	29	30	17	32	65	20	15	57	21	19	41	
29	23	46	43	55	46	27	40	19	9	41	31	47	0	24	60	24	40	50	35	34	34	46	14	45	39	38	18	44	51	38	39	53	59	4	44	41	49	72	25	
51	36	58	40	7	19	49	28	41	31	13	34	45	20	0	40	41	40	50	48	1	56	27	36	19	38	7	22	37	13	39	5	15	75	26	58	59	50	43	24	
24	31	54	52	21	48	48	33	38	25	23	12	45	56	36	0	40	25	35	12	33	16	9	26	31	40	39	39	47	33	40	64	30	28	25	41	62	71	57	22	
41	8	31	46	39	46	39	39	31	21	17	17	30	10	24	18	0	52	50	18	46	10	31	3	25	31	43	21	22	25	26	51	23	71	16	35	53	58	36	37	
47	66	40	48	64	49	32	26	5	53	38	66	12	57	56	19	36	0	2	78	45	71	4	50	75	14	6	56	62	13	7	57	42	27	49	48	56	46	41	11	
24	44	2	18	53	31	2	49	38	23	20	28	39	41	26	47	13	25	0	48	67	47	25	20	37	14	17	44	50	9	40	64	48	60	37	10	59	8	51	44	
55	15	38	44	56	57	33	9	25	38	51	37	48	40	41	18	36	52	20	0	40	63	23	23	60	38	66	19	32	9	16	40	45	65	10	50	41	47	64	24	
38	62	63	54	66	2	38	51	51	7	35	39	50	42	9	9	22	38	48	40	0	32	24	56	43	50	52	62	6	49	8	57	12	69	48	31	77	19	23	36	
62	28	47	30	70	30	40	23	31	31	1	1	62	54	46	32	46	57	34	2	49	0	37	37	9	18	27	33	25	11	30	54	58	78	23	19	55	61	35	38	
50	39	13	33	50	49	28	33	49	12	39	15	41	50	9	42	27	43	44	12	63	37	0	46	22	40	40	43	55	33	40	45	59	78	34	62	65	19	54	48	
30	44	67	24	59	37	8	60	23	29	26	8	5	47	32	2	19	59	43	49	52	54	38	0	65	20	60	38	3	70	50	59	74	26	24	37	61	59	37	45	
43	9	32	11	59	49	21	12	43	12	39	44	51	43	27	37	27	43	43	21	63	37	32	39	0	32	8	22	48	42	27	56	39	59	33	36	44	59	22	54	
38	50	17	37	46	50	44	38	17	36	29	29	24	25	7	31	33	4	14	30	18	22	16	9	37	0	18	45	13	25	19	33	54	39	31	47	10	29	53	23	
33	24	47	26	59	50	31	27	23	13	38	16	26	2	28	52	28	44	54	36	38	38	20	18	5	43	0	22	47	55	42	43	8	13	8	48	45	31	32	29	
54	58	69	48	35	54	32	45	24	17	45	36	27	48	32	70	32	48	58	40	39	42	60	39	39	44	57	0	24	59	19	84	60	64	9	49	46	80	71	30	
32	47	42	26	15	39	10	18	23	31	16	20	42	47	34	50	21	41	6	21	38	13	35	8	28	22	4	13	0	30	12	38	23	30	8	30	45	3	4	3	
31	33	56	25	6	38	9	36	56	30	27	47	75	35	33	54	16	60	67	45	71	54	5	27	14	21	32	46	31	0	19	19	63	83	41	31	44	51	39	52	
62	65	63	61	80	53	58	43	60	16	48	44	67	60	31	74	31	47	57	49	45	41	52	76	52	63	24	43	53	17	0	4	51	48	54	53	75	11	18	28	
47	54	31	5	57	49	29	42	18	39	28	8	49	45	53	67	40	63	67	37	36	31	33	36	35	41	53	20	8	31	40	0	21	61	6	46	43	16	26	27	
49	52	52	54	43	61	43	28	54	24	56	56	61	59	39	60	39	41	43	57	78	49	1	58	33	55	51	65	28	51	56	42	0	71	56	74	60	79	65	13	
28	22	45	9	25	9	21	21	36	42	14	13	59	52	45	53	32	59	61	34	41	61	19	9	51	33	69	35	46	47	40	60	7	0	21	16	39	21	68	6	
36	49	51	30	42	38	14	27	6	24	32	18	34	30	38	52	25	55	54	22	21	49	54	21	46	26	64	5	31	43	25	68	42	46	0	31	28	70	74	12	
53	73	57	47	82	56	31	31	63	19	49	51	70	62	34	42	19	50	60	52	83	44	20	36	55	43	64	65	25	1	7	84	49	85	61	0	63	76	82	18	
8	44	47	50	79	54	34	23	57	17	31	31	12	36	32	34	32	48	53	21	51	24	4	51	39	46	57	52	55	19	49	73	33	7	42	49	0	74	65	8	
37	17	40	32	33	17	42	33	25	33	29	29	20	64	48	39	41	12	22	29	65	22	4	32	11	34	26	30	5	33	27	56	3	47	39	47	65	0	24	24	
13	31	54	33	68	41	28	34	19	34	46	10	26	49	49	33	39	6	16	37	59	59	18	46	12	28	4	44	37	27	16	3	56	15	55	16	66	37	0	25	
29	48	32	39	64	52	23	8	51	44	41	58	46	39	47	40	34	46	56	60	58	69	36	41	68	35	60	50	63	34	61	77	24	61	36	59	40	59	70	0	
M1
0	26	39	15	26	44	57	48	26	46	5	42	35	1	59	33	5	36	29	34	40	21	20	42	19	21	41	46	22	24	53	25	48	3	32	40	51	48	4	50	
34	0	28	13	24	31	33	46	45	60	57	17	20	51	4	60	3	42	37	38	58	39	38	39	67	26	19	44	47	22	57	35	58	4	50	10	45	52	35	27	
20	19	0	7	26	53	15	40	59	53	55	52	59	31	45	5	55	14	37	58	47	32	63	58	46	60	52	25	38	42	47	49	6	33	43	51	4	57	52	62	
23	9	34	0	26	37	32	1	56	26	55	34	33	48	54	15	32	33	37	46	33	14	45	32	43	24	34	63	12	42	62	31	20	37	25	14	4	18	59	23	
40	29	24	69	0	47	46	78	53	29	16	45	51	58	63	36	59	41	33	23	43	24	55	36	37	53	44	48	16	7	23	41	43	47	35	31	21	37	68	54	
35	28	2	12	34	0	52	45	53	7	62	16	19	40	3	54	51	45	47	35	10	51	54	1	41	25	65	7	56	61	8	34	29	63	62	37	41	49	62	26	
62	47	15	7	11	28	0	38	3	56	53	52	11	44	53	44	26	12	55	30	42	31	62	26	41	60	38	55	51	44	49	1	24	38	42	49	43	24	29	2	
33	22	29	44	28	25	36	0	27	35	47	22	28	48	40	21	34	26	25	48	20	14	6	5	20	27	34	24	1	32	51	18	41	24	12	33	45	39	25	42	
42	8	58	39	33	61	4	26	0	3	12	47	50	74	34	76	29	9	33	64	77	65	65	46	53	56	10	62	71	48	82	65	59	33	76	59	69	62	11	27	
37	29	55	18	12	50	9	45	10	0	51	23	50	36	34	47	8	60	4	43	62	44	75	7	34	44	64	33	54	27	61	49	23	20	55	51	35	33	51	57	
30	47	42	47	24	18	43	80	36	47	0	15	54	15	43	22	37	44	18	41	13	31	57	41	70	23	51	44	51	25	48	44	67	17	5	50	54	14	55	66	
35	32	33	54	32	49	24	4	37	41	4	0	32	72	34	44	55	33	41	1	25	38	16	53	62	37	17	26	46	44	19	22	45	25	49	39	36	15	35	52	
58	38	26	47	9	13	51	49	44	42	35	23	0	73	38	69	45	23	26	7	21	39	65	36	43	28	7	32	51	33	26	12	35	19	13	58	39	21	40	20	
30	53	31	18	5	7	59	51	19	17	47	45	32	0	32	18	42	53	49	49	39	25	3	30	53	24	45	36	32	33	5	42	52	48	36	44	52	47	22	39	
21	37	13	50	30	16	67	57	57	45	57	2	5	69	0	65	53	31	56	50	48	50	78	24	60	11	51	45	48	63	46	20	43	65	61	68	30	40	48	12	
47	40	16	61	39	35	51	66	54	37	54	33	39	46	41	0	55	36	14	29	31	12	33	27	62	8	32	43	32	43	48	29	51	35	23	31	50	43	16	64	
51	13	39	2	13	51	63	35	40	53	55	31	37	54	56	49	0	53	26	27	47	28	59	61	56	38	48	33	41	11	46	45	54	4	39	47	38	41	45	57	
67	29	35	58	2	32	43	64	53	49	44	28	51	52	44	41	55	0	36	23	4	24	48	45	30	41	44	48	25	7	25	41	63	35	23	18	49	37	13	67	
7	25	28	44	32	20	11	63	51	47	21	17	20	56	4	17	34	37	0	21	41	22	53	39	31	26	42	3	42	5	40	26	32	45	33	41	10	3	54	27	
46	23	27	52	23	40	62	50	78	32	20	48	23	77	35	73	46	24	55	0	54	43	74	63	53	28	34	17	61	56	11	13	36	58	52	61	27	6	41	58	
38	51	27	26	23	13	30	50	37	24	65	25	23	72	12	62	46	24	22	43	0	38	16	36	53	34	50	29	46	40	43	13	36	58	49	33	36	36	35	35	
54	25	28	50	24	20	46	51	39	22	43	18	24	31	45	37	40	25	21	34	16	0	28	30	51	26	17	47	17	28	50	14	36	20	8	16	57	37	42	64	
12	35	38	28	34	30	50	61	6	26	52	28	34	41	45	31	24	35	31	44	26	7	0	35	38	6	27	57	15	38	55	24	46	30	18	26	64	31	4	21	
32	28	43	74	6	43	68	28	65	23	48	63	16	68	68	48	64	42	46	55	28	56	72	0	13	10	63	4	41	39	55	66	35	54	67	61	13	69	89	29	
47	40	55	26	52	31	71	59	64	60	10	43	52	81	42	73	65	53	46	46	24	47	68	54	0	38	44	56	67	30	61	42	48	45	33	64	62	60	70	39	
51	30	25	42	21	25	51	48	44	18	1	8	21	13	19	42	44	15	26	38	21	2	33	35	51	0	22	48	22	22	27	11	25	25	13	21	60	34	39	23	
29	6	47	29	35	45	62	62	3	20	40	29	43	58	44	48	41	44	48	12	4	24	2	37	55	23	0	37	32	27	31	33	56	47	35	43	47	26	21	24	
43	26	32	45	10	43	63	75	45	18	5	21	25	55	22	44	35	43	45	20	40	21	24	54	49	38	41	0	41	4	39	38	60	44	32	19	55	34	35	45	
53	4	36	36	18	49	18	47	47	17	60	62	32	30	49	3	26	8	33	52	53	52	83	3	17	40	59	34	0	45	33	22	45	38	63	55	43	45	50	59	
46	7	13	55	29	25	51	56	31	27	29	23	29	36	44	42	45	27	26	1	21	2	33	35	30	31	22	26	22	0	20	19	41	25	13	21	36	15	47	67	
45	36	46	25	35	38	11	22	57	40	59	36	42	49	42	45	15	43	12	38	34	15	46	45	5	23	35	10	25	22	0	32	4	27	26	34	48	41	60	21	
70	48	8	37	4	21	43	31	66	49	46	45	4	58	46	54	27	5	48	24	35	24	55	44	34	53	31	49	44	37	43	0	17	39	35	42	51	17	22	69	
38	54	21	13	8	34	56	16	32	52	16	36	17	67	47	57	40	18	57	37	48	33	11	6	18	32	44	37	41	41	56	7	0	52	44	52	46	30	30	23	
56	27	34	16	27	44	18	44	43	48	1	44	39	56	53	57	6	48	23	22	42	23	54	16	51	27	43	17	43	6	41	40	62	0	34	42	52	36	59	71	
39	35	30	35	12	6	31	68	24	35	28	3	46	53	31	49	25	32	6	29	1	19	45	29	58	11	39	32	39	13	36	36	57	5	0	38	42	28	64	54	
13	31	22	49	18	15	29	3	59	44	60	46	7	26	40	47	64	42	27	61	44	25	38	35	61	54	45	44	27	51	45	31	38	48	36	0	16	25	17	7	
11	7	22	53	14	66	61	86	47	60	43	63	48	73	52	46	43	21	25	46	35	47	63	46	60	71	47	54	26	30	63	64	14	33	53	40	0	54	82	51	
29	10	29	2	15	5	40	35	33	34	37	3	46	62	30	30	34	39	15	38	10	28	54	28	67	20	48	34	44	22	35	45	30	14	2	47	10	0	73	10	
38	4	22	47	13	35	57	45	32	52	9	53	18	67	49	46	41	19	56	38	49	33	11	7	47	32	35	38	26	25	42	8	31	49	43	7	47	31	0	5	
10	33	36	19	32	28	46	52	37	30	3	26	32	20	39	45	33	12	9	42	24	5	16	2	42	34	25	33	25	36	58	22	44	28	16	24	42	23	28	0	
M2
0	27	56	60	45	50	54	55	76	42	51	70	42	51	39	57	48	57	18	37	19	39	67	72	24	59	12	42	18	40	38	65	64	53	31	6	24	43	45	64	
19	0	16	35	37	28	41	71	55	2	13	71	2	52	40	77	39	17	60	45	20	59	51	72	27	71	59	10	66	22	74	40	66	54	47	56	41	43	37	25	
47	40	0	4	5	34	10	40	46	42	11	2	25	40	51	30	31	36	20	4	16	21	33	55	45	24	46	19	39	8	40	9	40	39	16	43	32	16	17	18	
40	43	44	0	25	51	3	64	42	58	4	65	18	53	50	65	26	70	61	7	9	50	69	74	50	52	78	20	59	1	55	2	33	54	48	38	53	82	80	68	
21	58	19	73	0	43	23	71	12	18	30	11	16	41	56	11	51	75	21	65	17	42	38	62	43	33	50	28	40	9	41	32	69	50	56	50	23	55	26	21	
9	46	44	46	20	0	29	40	42	6	43	41	40	26	14	60	50	64	34	35	25	8	42	47	23	54	51	28	4	1	31	40	43	5	48	46	54	26	56	29	
81	82	27	62	31	36	0	42	56	42	54	41	51	37	25	49	25	67	43	8	24	7	53	58	26	63	14	13	51	42	17	40	67	5	53	70	62	55	38	10	
53	51	80	39	37	41	45	0	52	62	38	52	42	27	43	57	3	18	35	25	30	34	39	48	39	60	43	22	54	43	28	44	45	57	75	55	55	69	67	10	
51	41	55	8	36	29	14	23	0	34	15	15	27	32	44	28	33	5	23	18	20	8	36	53	37	37	38	29	42	12	43	4	41	31	8	29	31	44	30	25	
59	27	50	48	31	13	40	59	48	0	53	56	42	37	25	71	69	57	45	34	60	44	36	58	12	56	44	50	53	7	61	38	51	39	48	74	38	79	71	10	
70	63	60	65	43	49	61	35	8	23	0	70	30	33	46	57	25	38	41	39	37	40	49	54	40	34	20	64	60	43	48	66	29	34	11	53	34	11	13	46	
49	60	87	63	39	23	3	51	56	63	48	0	27	31	47	68	59	69	29	51	20	34	22	44	56	13	67	33	42	64	49	12	58	60	37	32	36	47	6	50	
15	58	27	40	36	25	32	64	66	66	47	61	0	41	30	76	69	66	49	4	42	43	27	53	4	22	58	2	58	27	69	38	40	44	40	24	40	68	76	44	
46	74	57	31	9	26	30	62	24	34	16	46	41	0	15	46	37	37	7	36	43	6	15	20	24	44	75	50	26	32	27	36	67	29	60	36	27	41	61	18	
53	64	51	41	3	8	12	48	34	44	26	28	23	9	0	43	47	47	17	18	39	16	25	30	6	50	57	32	25	14	37	46	72	11	42	46	37	51	43	28	
49	69	58	65	10	55	49	38	51	29	50	37	52	33	49	0	40	53	10	59	29	31	48	39	48	51	47	36	29	18	27	18	64	1	41	39	61	44	7	52	
63	52	67	20	30	13	26	13	45	55	10	67	28	20	36	67	0	27	28	30	32	27	33	41	11	55	61	42	47	24	48	25	17	50	47	57	47	62	82	17	
65	75	63	37	15	20	24	60	6	56	38	19	35	21	9	40	59	0	29	30	17	28	37	42	18	41	38	44	37	26	49	40	73	23	54	5	49	63	34	40	
25	69	59	54	52	42	27	41	45	47	51	46	41	61	55	25	16	46	0	38	66	7	74	58	48	27	68	46	5	28	6	59	58	69	75	15	60	20	61	41	
51	79	11	36	14	31	35	56	29	39	16	51	46	4	20	51	42	40	12	0	48	11	20	25	29	49	66	55	31	37	32	18	69	22	36	36	9	46	66	4	
56	24	53	43	13	18	22	48	44	39	36	38	33	19	7	30	57	54	27	28	0	7	35	40	7	49	57	13	35	24	20	46	48	11	42	56	10	61	49	38	
27	49	55	34	7	12	16	12	27	9	2	32	27	2	1	47	22	37	10	22	43	0	18	23	10	47	59	7	29	18	30	39	62	15	29	39	30	12	21	21	
27	62	53	50	5	13	29	54	46	52	6	45	49	22	38	45	34	60	30	59	4	29	0	30	14	54	60	43	49	19	44	14	62	49	30	59	48	16	2	41	
37	57	60	65	55	16	32	39	72	62	72	85	15	60	57	54	49	64	66	58	22	22	68	0	62	1	52	56	5	66	51	34	46	59	36	20	6	22	62	56	
37	50	50	4	32	27	10	28	49	30	11	40	23	28	40	69	33	53	36	14	16	33	44	43	0	12	34	27	55	8	53	9	37	27	4	31	4	69	55	8	
24	76	78	85	42	3	74	49	59	68	80	72	2	67	70	66	59	53	73	45	29	9	75	19	49	0	67	54	47	79	74	21	33	48	78	7	24	54	49	66	
3	61	82	35	53	26	41	48	47	48	42	29	32	43	59	5	58	73	42	45	39	39	59	49	58	18	0	55	52	39	33	40	43	11	55	37	36	72	44	62	
59	52	31	16	28	43	22	4	36	47	23	48	37	38	54	68	14	29	46	26	28	38	29	4	9	28	46	0	32	19	39	21	52	15	21	11	33	49	63	21	
35	3	16	34	22	27	23	31	53	18	29	11	18	28	16	62	41	6	36	32	33	30	42	49	25	33	37	26	0	33	31	32	10	11	7	50	30	56	26	41	
34	58	3	44	22	10	43	31	1	33	29	59	26	12	28	50	41	50	20	46	33	19	28	33	36	33	37	60	39	0	14	7	40	30	7	49	30	54	74	31	
64	57	45	47	15	47	45	4	8	62	49	33	53	38	36	55	14	29	46	1	41	45	50	59	11	46	54	24	3	2	0	49	56	50	38	65	47	74	48	4	
68	91	93	46	74	47	40	79	59	90	53	81	31	86	74	21	46	30	94	56	33	37	37	17	38	32	92	69	38	50	82	0	77	56	64	51	46	62	75	78	
35	3	32	17	41	44	23	24	47	18	24	69	18	31	38	49	34	33	39	27	29	38	47	6	43	30	74	26	34	6	59	22	0	52	48	49	35	3	20	41	
54	52	65	39	17	34	23	12	32	12	24	11	47	7	23	43	22	37	15	33	3	14	23	28	32	33	21	41	34	32	1	10	38	0	57	44	35	36	26	26	
56	51	55	41	19	32	36	9	32	11	26	44	4	9	21	56	19	34	17	41	11	16	25	30	14	54	15	38	36	31	34	40	18	8	0	28	8	50	59	26	
65	85	2	70	40	17	23	67	9	59	63	65	43	46	34	53	61	23	54	55	47	50	49	5	43	29	80	57	33	51	71	1	74	48	64	0	7	45	63	65	
50	58	5	73	17	29	56	44	18	18	72	57	33	63	56	54	45	34	15	65	20	36	58	50	43	19	72	1	3	11	35	52	64	39	42	13	0	49	72	41	
58	31	56	34	8	13	17	47	39	46	31	33	10	14	2	13	52	46	22	23	19	8	30	35	11	55	62	37	30	19	42	39	36	16	47	51	42	0	48	33	
51	70	49	58	1	25	29	32	42	34	43	41	3	26	14	41	27	57	34	35	12	9	40	25	23	45	38	49	3	31	54	62	41	28	8	51	31	68	0	45	
51	71	37	41	19	36	40	69	34	44	26	56	51	9	25	6	42	47	17	46	53	16	25	30	29	54	78	60	36	42	37	41	48	32	49	46	15	51	57	0	
M3
0	50	2	71	30	37	32	48	70	71	52	4	62	56	75	34	63	50	52	70	27	45	14	48	34	38	1	33	27	48	69	54	25	40	64	11	45	36	40	69	
60	0	51	32	43	46	51	56	52	61	64	74	74	8	107	57	43	28	14	54	66	23	29	57	61	37	40	57	35	63	81	69	53	58	78	50	60	32	79	19	
54	23	0	65	59	10	5	43	59	99	76	54	56	29	60	20	71	58	57	85	71	59	81	21	7	69	68	50	32	58	78	68	42	91	62	78	67	84	13	75	
52	40	71	0	41	51	51	7	3	91	15	34	54	29	58	35	11	39	24	5	46	26	45	16	60	67	32	24	78	37	57	57	31	9	50	42	38	65	51	73	
33	60	83	18	0	60	21	27	38	84	50	4	74	49	35	55	5	38	35	40	66	61	65	51	71	40	52	48	13	41	1	76	51	22	16	62	61	64	52	86	
94	23	76	27	5	0	36	51	47	92	59	18	70	3	79	12	44	29	60	49	79	5	42	58	21	60	74	36	57	4	59	54	66	44	8	67	68	55	84	49	
53	49	11	30	39	43	0	54	50	78	51	39	21	65	54	33	36	24	1	36	22	10	46	43	23	34	33	64	62	54	43	73	10	56	46	43	33	50	40	40	
25	13	47	10	14	24	24	0	30	75	21	7	27	2	60	8	38	54	38	32	19	49	18	43	46	40	5	20	51	52	49	58	4	36	67	15	39	40	24	46	
51	39	50	22	18	22	20	6	0	32	27	33	16	2	49	28	18	3	40	44	33	46	44	32	36	29	31	43	20	7	38	37	30	48	27	41	28	29	20	35	
24	65	69	68	25	57	73	80	36	0	38	64	66	50	6	48	74	59	36	76	73	96	50	61	17	64	55	56	75	73	13	57	72	65	69	5	7	72	2	63	
64	42	70	15	49	11	8	19	35	3	0	3	66	41	12	47	43	70	49	37	58	58	57	36	47	75	44	56	16	59	46	89	43	41	63	41	40	66	58	7	
37	46	66	57	55	49	62	64	73	73	68	0	48	12	81	50	31	40	75	56	59	56	30	23	41	29	17	49	63	64	22	62	10	83	17	27	58	52	56	67	
61	55	51	2	17	15	70	26	22	50	34	53	0	48	26	5	8	28	42	24	10	34	50	31	53	6	41	43	48	26	15	76	50	28	67	41	5	34	56	12	
30	35	34	77	35	49	60	56	3	90	46	57	68	0	63	49	35	20	71	20	51	37	36	22	53	59	23	55	19	53	2	69	43	48	40	33	8	26	7	33	
73	44	82	20	4	64	28	44	21	31	52	27	66	12	0	14	48	35	15	42	11	38	63	53	17	66	53	7	81	9	25	33	53	46	74	26	21	61	80	54	
80	69	37	12	47	45	67	36	32	36	39	63	51	48	5	0	40	32	44	9	38	55	1	6	65	25	60	29	67	35	53	41	25	14	60	55	32	23	72	13	
70	91	51	61	19	29	81	65	17	74	11	32	52	35	78	33	0	4	66	61	44	6	86	33	37	43	73	30	56	77	26	53	15	52	71	74	46	30	77	71	
64	76	35	45	3	17	65	49	51	58	30	67	36	45	69	17	3	0	50	45	53	59	70	17	21	27	57	28	69	65	41	37	73	36	69	58	48	14	61	55	
50	57	58	46	26	40	62	24	7	54	53	40	59	36	15	40	16	11	0	29	63	53	43	34	12	50	30	51	76	14	3	10	48	59	61	31	24	37	41	56	
93	72	54	59	41	8	77	69	74	86	56	39	50	55	22	37	41	26	71	0	46	57	18	3	13	42	77	46	61	43	37	58	8	74	17	38	49	40	76	69	
42	54	63	51	14	65	65	21	71	55	62	48	68	43	55	17	73	81	64	73	0	37	45	51	87	63	32	47	69	67	81	65	45	72	83	13	1	67	65	71	
34	64	48	7	17	31	62	31	19	47	19	58	50	7	82	31	17	2	48	16	64	0	69	31	35	34	56	42	47	29	27	51	33	33	58	65	33	28	45	60	
62	56	19	59	34	27	49	66	39	51	21	53	54	73	87	48	32	19	36	42	20	39	0	43	51	7	42	11	49	17	42	23	7	66	74	42	14	5	57	62	
46	80	80	31	46	44	91	47	29	73	18	1	22	56	52	34	37	40	28	53	27	63	46	0	33	35	33	10	62	55	44	68	54	57	61	43	34	63	72	41	
59	69	65	16	31	29	71	40	32	62	48	5	7	37	40	19	22	42	27	38	24	48	52	45	0	20	39	48	22	15	29	19	58	42	16	40	18	48	21	26	
38	32	28	42	20	3	58	65	27	27	47	52	33	50	66	34	8	5	58	62	13	15	27	19	30	0	18	45	25	51	35	54	42	53	55	18	31	30	33	52	
11	68	40	64	55	37	55	38	60	61	42	25	75	60	67	24	53	40	57	63	41	35	4	55	50	28	0	23	37	38	63	44	15	87	75	1	35	26	30	59	
41	61	48	4	22	36	53	28	17	77	36	31	55	50	6	36	22	7	14	20	49	13	12	36	40	36	21	0	53	46	53	1	36	30	24	22	15	33	25	25	
17	24	33	37	54	48	53	44	17	82	46	31	58	66	90	54	55	40	14	20	71	40	34	36	36	58	21	53	0	63	53	1	42	47	37	22	15	56	37	71	
72	60	50	57	18	32	71	27	55	52	23	54	51	49	39	32	18	3	52	18	51	3	18	32	36	21	52	43	63	0	19	39	42	13	59	56	40	29	71	9	
51	55	61	12	19	47	54	22	32	101	8	8	55	44	87	50	40	68	45	34	47	55	44	27	79	68	31	41	77	43	0	84	10	38	68	41	33	42	43	74	
28	60	57	24	41	35	40	31	4	69	56	18	78	53	84	41	52	55	1	7	58	52	21	57	29	45	8	40	54	50	40	0	32	50	39	9	2	43	47	67	
74	73	46	38	3	22	76	62	4	58	70	71	77	50	85	74	64	53	58	60	17	53	67	42	28	50	54	56	83	14	67	45	0	63	62	64	15	79	2	57	
57	45	21	27	42	40	51	12	42	75	53	39	18	34	8	30	33	53	15	18	35	48	50	56	53	31	37	52	73	51	40	78	36	0	5	47	30	59	17	37	
69	57	13	54	58	48	43	24	26	78	65	51	47	3	36	25	59	56	42	48	56	27	30	59	44	34	49	58	70	64	22	29	3	15	0	27	12	52	11	66	
30	16	13	12	27	1	43	36	17	9	44	31	83	27	68	20	36	62	14	20	63	50	26	45	42	50	21	53	67	49	53	1	32	38	52	0	15	24	51	7	
22	12	16	74	34	48	20	49	71	72	53	36	65	70	69	33	64	51	17	43	52	46	15	52	48	39	2	34	22	20	74	55	26	25	36	12	0	37	41	65	
45	19	49	63	41	24	79	75	48	48	68	19	54	58	49	55	15	26	79	66	34	36	48	40	51	4	39	66	46	12	56	75	54	61	71	39	29	0	54	56	
80	68	40	35	12	47	70	35	55	111	67	39	56	2	65	63	61	46	65	57	73	49	68	31	7	69	60	8	68	64	19	52	24	61	21	70	66	72	0	75	
63	5	51	75	71	22	22	45	78	7	9	54	84	40	13	73	59	56	26	80	64	66	56	70	38	34	43	45	76	70	73	95	34	83	68	53	67	78	40	0	
M4
0	55	43	16	34	35	51	39	66	48	31	67	27	42	59	67	12	43	86	49	33	36	29	40	56	52	39	33	46	41	51	60	54	66	60	45	18	31	88	50	
38	0	62	44	39	51	4	35	53	30	37	49	56	13	46	59	30	39	19	35	54	18	37	37	61	39	26	28	51	23	33	29	40	24	6	31	38	32	26	32	
42	18	0	40	40	27	53	40	29	45	6	53	57	34	51	59	41	2	60	12	14	23	13	14	16	22	2	36	12	64	14	62	17	37	48	21	77	53	67	20	
41	45	84	0	42	39	7	38	3	28	65	47	22	45	45	71	48	37	74	32	47	21	40	40	46	68	29	31	54	26	20	32	43	36	43	64	41	75	70	35	
47	67	25	63	0	49	50	57	67	59	55	78	75	56	73	28	48	68	80	49	38	53	14	72	61	6	60	69	82	69	62	75	45	79	44	53	29	75	47	32	
13	24	55	12	32	0	36	19	63	24	37	39	78	5	22	30	52	33	68	19	32	2	54	55	70	49	43	27	68	35	27	44	58	32	40	65	70	79	68	16	
22	26	65	49	23	35	0	19	37	14	59	33	73	26	30	67	56	23	55	19	58	2	21	21	49	54	10	12	35	7	17	13	24	17	25	45	22	61	66	16	
36	26	55	39	36	25	26	0	33	31	41	50	16	32	20	44	12	40	12	29	47	29	21	22	45	57	10	32	24	45	22	51	25	1	24	39	34	25	6	14	
36	48	66	31	56	22	33	2	0	21	41	40	23	29	46	54	12	30	44	43	56	26	54	48	79	54	47	33	46	45	24	58	62	46	7	53	63	39	48	12	
45	43	64	59	46	52	11	42	49	0	73	18	79	49	53	84	66	8	78	42	81	25	32	39	72	39	27	22	52	23	2	36	42	35	15	45	45	78	56	39	
50	6	49	43	29	57	34	19	50	34	0	11	78	15	74	81	26	43	15	55	50	48	28	20	47	60	36	35	58	29	37	16	18	3	27	42	37	28	58	54	
33	11	48	51	2	47	24	50	40	24	38	0	30	32	10	48	9	14	5	45	40	33	13	27	41	1	26	23	43	8	27	49	4	45	17	32	27	18	58	18	
26	44	29	53	12	53	47	42	7	52	37	71	0	56	56	21	8	61	79	47	42	32	39	29	76	52	28	29	42	58	55	38	43	23	29	24	44	20	70	46	
43	34	67	42	8	28	66	38	45	54	27	5	24	0	52	60	59	63	66	27	62	32	29	30	80	50	18	57	38	26	57	65	17	53	8	54	88	69	49	4	
31	41	73	30	32	16	22	37	52	42	51	13	32	23	0	24	27	51	56	30	32	20	36	26	10	35	25	39	10	1	19	22	40	50	58	31	41	17	2	34	
41	34	27	43	37	43	27	38	45	43	47	52	26	45	49	0	32	11	61	31	14	21	6	19	46	42	18	46	43	46	27	52	33	21	41	14	34	10	7	12	
5	32	57	41	47	41	20	22	43	27	10	46	49	29	29	61	0	36	58	22	30	5	27	17	81	40	16	2	15	39	30	29	31	35	29	22	32	8	66	19	
40	36	18	66	73	52	55	46	11	50	45	69	67	59	37	62	16	0	57	46	65	40	38	39	107	75	27	37	37	29	53	45	42	62	35	7	67	43	76	2	
28	30	36	39	45	35	12	43	28	12	33	31	56	26	52	59	4	21	0	33	28	26	25	15	73	38	14	13	36	31	15	37	29	41	5	20	15	6	46	32	
37	21	45	44	36	30	21	51	32	21	8	24	65	3	47	62	13	24	2	0	2	34	16	17	71	21	5	22	30	40	24	46	20	33	14	29	24	15	55	23	
29	40	70	28	3	14	52	35	79	40	53	17	67	21	24	46	62	49	52	35	0	18	42	43	61	49	59	43	45	51	24	18	74	46	39	12	32	65	37	32	
7	44	74	69	56	62	21	4	59	9	59	28	63	11	15	91	59	18	53	4	53	0	42	49	82	49	37	12	62	32	12	46	52	17	25	55	55	66	53	1	
50	54	61	77	7	63	16	47	65	42	8	59	57	16	50	74	52	37	63	42	29	30	0	49	48	79	38	40	53	35	45	41	52	45	2	65	50	76	27	44	
39	44	73	38	49	24	55	45	77	50	63	65	37	15	48	32	53	45	42	45	27	28	74	0	31	75	63	53	84	61	53	21	57	28	54	69	45	55	49	40	
18	40	54	52	11	49	2	8	36	28	29	21	67	40	4	72	53	37	63	33	41	16	35	28	0	51	24	26	39	20	31	27	38	31	39	33	36	19	57	30	
25	53	34	39	30	61	21	52	30	38	7	57	21	16	47	85	26	47	19	47	54	35	51	31	40	0	40	39	54	28	41	46	55	50	12	46	41	32	1	43	
33	9	75	32	44	18	53	39	20	42	45	59	76	25	42	50	61	51	51	12	52	22	4	5	85	69	0	47	18	55	45	64	8	28	39	58	68	44	58	11	
9	74	50	34	37	48	43	58	54	62	55	61	3	22	69	68	55	71	51	58	29	41	54	40	90	84	65	0	70	54	50	9	53	70	22	57	73	64	63	47	
41	47	43	63	14	49	9	40	58	35	46	54	22	47	51	81	17	19	62	35	66	23	10	19	70	26	31	27	0	28	3	20	45	36	45	58	43	44	70	37	
24	38	73	47	53	33	33	54	49	21	51	40	69	12	57	2	22	12	30	41	36	37	33	11	19	12	22	29	24	0	24	58	37	57	37	4	38	14	43	40	
4	57	37	50	48	36	66	44	34	62	17	68	26	43	29	68	28	9	72	57	55	40	32	20	101	65	41	10	62	73	0	73	56	60	67	27	57	33	73	44	
39	47	28	64	4	57	10	36	53	36	22	28	81	43	47	67	29	45	18	36	53	19	43	17	71	63	32	34	57	21	39	0	46	39	30	45	40	31	71	14	
39	26	46	66	13	52	5	20	54	31	2	50	46	34	47	84	68	40	57	36	48	19	38	38	56	67	27	28	27	24	33	30	0	34	42	49	39	35	55	33	
51	54	73	25	40	36	53	44	71	46	75	65	63	22	43	51	50	40	87	57	24	40	57	47	63	50	46	65	9	69	49	64	60	0	62	52	16	38	33	54	
35	59	19	62	31	68	21	44	25	47	40	29	31	51	8	91	11	56	44	35	29	27	54	36	32	37	43	32	15	40	50	17	57	50	0	23	50	38	1	28	
32	25	1	3	28	34	13	25	36	1	37	20	51	35	55	23	8	10	51	28	52	27	20	21	32	41	9	24	34	4	4	38	24	2	17	0	47	35	21	27	
17	20	39	16	13	2	24	10	37	12	41	31	33	9	26	34	16	21	65	23	36	6	45	52	74	16	40	31	50	35	15	48	55	36	28	57	0	43	59	20	
42	18	69	27	33	27	47	46	29	35	54	54	49	34	51	47	52	44	53	21	16	31	13	3	91	26	2	56	27	59	38	45	17	37	48	8	18	0	52	20	
33	42	81	45	14	51	4	35	53	30	38	49	14	42	30	79	9	39	38	35	58	18	37	37	23	67	26	24	43	23	33	29	40	33	41	36	33	36	0	26	
41	27	29	41	60	36	28	38	38	16	63	35	75	43	49	8	34	25	60	30	55	21	22	23	84	56	11	39	36	40	19	32	26	46	32	8	62	61	45	0	
M5
0	1	2	52	10	62	68	46	5	8	19	31	30	29	33	56	30	37	17	24	9	34	27	30	35	55	33	63	31	54	45	67	55	35	46	25	65	25	49	48	
67	0	11	38	7	45	63	47	26	32	66	10	27	50	48	56	10	20	48	49	6	31	47	40	22	56	14	45	28	65	29	58	39	33	60	19	43	22	55	27	
41	29	0	57	36	45	66	34	61	61	19	45	18	44	69	56	69	30	68	53	50	43	54	58	15	73	75	11	50	36	42	24	63	68	67	66	33	22	64	53	
3	34	23	0	1	42	47	30	33	26	67	43	21	1	17	76	3	30	44	41	50	25	1	34	26	3	56	35	22	38	9	40	31	40	9	39	57	41	21	60	
49	33	5	35	0	38	69	64	47	8	49	46	3	59	51	72	25	12	69	85	49	7	60	16	8	32	38	45	4	72	65	61	73	52	64	42	65	58	40	57	
76	20	50	58	55	0	66	14	4	54	37	62	69	28	39	13	57	39	36	28	21	52	26	29	2	10	32	41	2	43	58	41	61	43	8	24	25	24	46	55	
42	1	30	41	24	8	0	47	49	49	3	37	44	50	53	40	40	47	60	5	29	22	6	28	8	33	9	18	45	74	56	18	47	54	51	35	2	49	57	53	
37	33	15	41	25	28	24	0	53	45	43	58	33	53	41	54	38	4	11	47	44	37	48	10	44	67	27	5	46	62	65	43	63	64	54	60	27	32	39	75	
58	34	32	40	37	43	56	34	0	36	26	47	51	10	21	43	39	55	64	64	3	54	8	11	60	36	14	44	58	42	66	49	43	25	34	6	63	6	30	52	
57	43	40	56	54	37	54	44	9	0	18	52	16	33	44	55	48	62	59	33	26	40	31	20	68	59	37	29	54	65	33	15	62	20	24	29	13	29	1	64	
60	20	44	9	42	74	30	34	21	26	0	5	42	18	21	8	21	15	41	75	19	59	40	43	27	71	36	40	52	42	24	53	15	28	19	41	62	17	31	22	
48	30	30	19	28	60	44	28	7	53	47	0	37	31	40	64	31	1	69	61	24	52	29	29	13	57	22	26	38	46	10	39	62	14	53	27	48	3	51	8	
88	53	60	55	38	29	28	12	44	55	84	62	0	35	36	3	63	55	51	50	61	62	55	61	32	29	56	56	34	7	69	58	8	59	35	64	45	29	55	57	
39	45	58	17	40	49	62	49	13	7	53	74	22	0	48	64	48	29	64	51	30	47	33	38	48	49	41	15	51	59	75	20	18	40	61	33	37	21	1	44	
70	5	34	7	44	60	23	1	30	23	70	14	60	54	0	69	20	24	48	82	43	68	7	13	36	76	35	45	29	9	33	48	10	11	1	50	65	26	42	31	
88	25	54	27	64	50	43	12	16	43	56	34	31	40	8	0	40	44	39	82	33	63	27	33	56	66	44	56	49	29	41	68	30	31	7	36	78	1	35	29	
76	49	24	69	56	37	85	63	78	68	41	68	76	88	50	78	0	78	77	1	22	74	69	75	33	34	73	56	76	2	21	67	18	73	63	84	51	50	60	85	
46	20	5	13	3	58	37	28	25	28	65	30	12	47	15	60	32	0	55	94	42	27	24	4	28	52	26	54	23	36	37	75	37	38	28	45	74	42	33	47	
54	25	41	27	39	62	43	15	30	23	70	34	48	54	8	53	3	12	0	65	47	63	27	30	56	23	52	55	49	12	29	49	30	31	2	50	77	46	50	51	
2	35	25	37	65	84	22	17	42	53	10	44	55	57	18	47	50	54	58	0	58	89	34	43	66	83	65	57	6	39	15	14	26	41	31	62	79	56	35	56	
76	34	32	37	49	79	53	31	29	46	53	44	45	45	18	67	15	37	64	12	0	73	37	11	21	29	29	45	59	39	63	41	40	19	31	49	67	10	40	61	
31	12	47	25	32	1	61	35	9	18	11	8	52	33	33	41	48	18	64	49	24	0	31	34	30	48	33	7	40	54	27	23	48	14	45	4	29	20	53	25	
42	44	28	46	48	66	48	40	9	59	49	53	11	33	27	39	30	54	87	78	26	39	0	34	31	27	37	67	68	48	8	58	49	32	11	29	85	29	53	70	
47	5	3	60	20	73	74	73	25	17	59	47	40	25	60	38	10	26	35	72	22	44	47	0	31	69	4	59	41	44	66	64	62	43	45	45	52	41	11	53	
59	49	49	10	44	20	52	39	50	53	37	41	22	27	62	68	76	51	42	41	58	10	42	48	0	37	27	19	59	2	1	10	64	55	5	45	21	31	47	58	
12	14	47	51	37	89	49	36	69	61	51	56	51	57	44	52	54	66	51	89	52	61	63	26	45	0	48	55	58	65	18	7	27	53	56	15	71	26	39	73	
63	51	22	40	4	16	42	64	16	7	2	36	24	5	51	39	10	33	48	37	33	17	25	37	28	53	0	39	25	32	46	44	42	55	50	36	61	36	25	53	
19	9	26	30	4	13	42	46	43	29	24	46	24	67	60	28	46	33	59	21	18	11	22	37	18	41	55	0	25	56	65	17	57	45	58	34	1	54	61	52	
46	64	67	57	81	29	77	17	70	19	61	95	30	87	74	79	36	60	59	78	16	93	37	66	56	76	68	61	0	32	93	38	75	24	17	45	73	75	64	107	
47	66	65	58	63	27	46	22	35	77	43	60	35	54	66	49	63	36	51	2	6	63	57	48	32	43	63	50	9	0	61	42	7	74	68	55	40	55	53	43	
63	55	38	46	16	36	44	31	55	41	53	46	10	61	54	74	40	45	46	24	38	40	44	49	41	65	3	25	37	66	0	2	70	49	67	56	23	49	21	63	
34	42	56	17	66	57	15	2	60	60	77	44	74	84	25	95	48	45	17	79	77	78	44	50	49	42	68	46	66	46	28	0	41	48	38	72	65	56	71	42	
26	42	19	4	37	46	23	68	39	33	57	79	48	7	64	31	73	37	69	25	51	44	55	64	51	15	13	12	58	79	68	46	0	35	23	59	34	14	24	55	
13	37	36	50	30	41	49	40	62	12	18	52	49	37	52	55	7	13	15	28	42	35	29	26	12	69	33	7	51	52	66	11	48	0	27	41	8	64	55	59	
71	51	18	53	48	65	56	47	40	59	39	60	57	33	34	59	11	21	36	35	34	42	36	39	70	41	61	31	17	55	29	31	56	57	0	48	15	34	5	45	
52	18	47	20	37	46	36	3	43	36	31	27	57	65	1	9	33	37	53	54	10	20	20	26	49	32	48	12	25	22	46	50	16	24	13	0	34	19	55	44	
44	34	16	48	29	38	29	33	55	40	49	54	49	56	47	53	71	58	46	8	43	15	9	62	43	53	55	4	50	68	59	4	62	60	60	21	0	66	52	39	
69	23	18	30	35	56	42	24	20	38	60	27	44	44	11	69	5	8	42	33	37	24	30	13	49	26	35	29	52	32	26	14	33	34	24	40	13	0	19	44	
20	33	39	9	28	37	55	23	20	40	34	4	48	14	53	52	44	14	34	12	37	35	42	18	26	65	35	3	49	59	23	36	51	27	28	40	25	16	0	21	
49	47	5	42	42	51	12	67	24	45	44	30	25	19	59	65	70	40	47	29	28	31	46	49	52	63	52	17	18	14	49	55	56	39	60	44	39	42	39	0	
