40  6  1
6
	0	70	1	90	2	77	3	54	4	98	5	69
	0	44	1	88	2	56	3	83	4	8	5	13
	0	87	1	93	2	58	3	18	4	90	5	40
	0	11	1	64	2	61	3	68	4	84	5	43
	0	58	1	71	2	55	3	33	4	74	5	83
	0	84	1	76	2	24	3	18	4	23	5	2
	0	70	1	22	2	55	3	84	4	43	5	97
	0	24	1	63	2	38	3	10	4	56	5	21
	0	96	1	95	2	82	3	68	4	88	5	14
	0	12	1	60	2	66	3	27	4	12	5	96
	0	62	1	1	2	4	3	31	4	34	5	45
	0	70	1	19	2	82	3	53	4	38	5	71
	0	17	1	4	2	90	3	81	4	18	5	33
	0	96	1	75	2	31	3	88	4	98	5	71
	0	97	1	18	2	66	3	55	4	89	5	86
	0	15	1	19	2	36	3	75	4	58	5	9
	0	24	1	34	2	28	3	84	4	16	5	3
	0	95	1	86	2	49	3	97	4	56	5	57
	0	73	1	29	2	91	3	72	4	50	5	26
	0	89	1	64	2	36	3	57	4	8	5	66
	0	3	1	61	2	10	3	82	4	82	5	78
	0	92	1	77	2	27	3	88	4	99	5	52
	0	34	1	30	2	94	3	18	4	68	5	57
	0	20	1	11	2	81	3	25	4	71	5	7
	0	15	1	59	2	82	3	17	4	36	5	18
	0	66	1	81	2	40	3	53	4	92	5	90
	0	20	1	44	2	72	3	7	4	85	5	49
	0	83	1	54	2	84	3	5	4	77	5	5
	0	62	1	56	2	21	3	86	4	53	5	15
	0	89	1	77	2	94	3	73	4	97	5	74
	0	9	1	5	2	42	3	41	4	92	5	52
	0	100	1	79	2	2	3	75	4	85	5	70
	0	47	1	100	2	74	3	100	4	95	5	11
	0	54	1	40	2	73	3	53	4	47	5	55
	0	32	1	56	2	16	3	81	4	67	5	94
	0	51	1	58	2	51	3	34	4	6	5	39
	0	5	1	37	2	19	3	5	4	14	5	33
	0	40	1	41	2	68	3	60	4	62	5	73
	0	78	1	48	2	6	3	65	4	6	5	97
	0	31	1	15	2	96	3	68	4	45	5	17
SSD
M0
0	10	43	29	32	20	17	33	9	43	37	38	28	36	24	25	33	7	24	15	18	15	14	42	37	9	13	24	37	27	18	40	43	21	27	12	35	20	26	17	
22	0	1	15	25	23	15	5	1	5	28	37	27	14	14	19	7	8	15	23	12	15	24	5	19	33	19	19	18	14	28	24	20	26	27	21	27	6	25	19	
12	25	0	25	33	13	26	17	19	40	34	8	19	12	8	22	2	35	19	9	15	19	31	13	34	14	26	22	25	20	10	5	34	10	16	29	35	35	13	23	
20	26	16	0	5	20	30	24	31	25	19	16	40	20	28	23	25	36	15	13	21	19	22	31	39	34	14	2	1	12	23	15	11	14	29	29	1	20	12	30	
32	9	33	22	0	34	16	30	31	29	24	24	26	27	18	32	22	7	12	25	25	4	36	14	4	19	4	1	8	17	7	16	4	35	32	25	34	25	3	20	
29	13	30	17	21	0	18	15	21	28	28	25	16	33	31	30	1	26	17	2	29	3	20	19	10	21	21	27	14	12	2	24	28	13	4	7	10	23	16	15	
9	13	17	11	6	28	0	32	9	9	16	38	13	35	34	28	4	25	35	35	43	18	22	42	23	37	25	24	22	28	18	12	24	3	31	31	23	5	32	23	
13	12	7	20	36	25	33	0	8	36	33	17	24	31	32	7	34	35	15	15	36	24	45	11	19	38	19	29	32	15	19	13	6	34	32	40	24	32	27	1	
40	36	26	14	9	18	44	47	0	26	33	41	13	43	30	11	31	31	23	38	38	15	19	14	40	30	34	27	26	15	37	14	2	21	18	19	21	28	21	26	
5	22	5	14	30	32	6	37	33	0	20	22	10	25	32	20	15	18	28	23	23	36	44	34	2	16	21	27	1	29	19	26	3	33	26	23	26	5	11	2	
18	1	31	18	24	9	18	15	8	38	0	30	22	22	15	10	6	3	1	17	6	20	13	16	27	6	4	13	22	13	3	31	22	24	21	4	23	28	8	16	
18	35	18	18	33	25	19	44	8	1	33	0	20	14	28	3	4	27	23	17	31	22	15	21	15	29	34	25	14	10	32	16	16	30	12	35	29	18	17	15	
26	9	14	36	9	6	28	17	27	10	3	36	0	32	33	38	31	12	5	40	33	18	30	12	24	38	31	40	1	4	25	4	20	23	22	44	31	27	19	7	
15	23	2	5	21	36	6	23	38	25	15	17	27	0	14	22	20	39	21	26	15	5	37	22	32	27	30	15	17	18	8	31	27	21	4	9	17	33	7	5	
24	15	17	28	32	30	20	8	17	34	27	39	7	10	0	21	28	30	20	25	14	30	19	8	28	15	26	7	17	8	13	2	14	10	26	20	40	8	27	9	
36	26	32	5	15	18	19	28	29	23	19	18	2	36	10	0	29	22	24	28	37	31	28	31	37	33	30	7	12	11	14	23	27	12	41	45	17	17	5	26	
32	19	16	9	25	19	20	27	9	30	30	36	23	40	6	27	0	39	26	29	20	10	35	30	28	23	34	22	19	14	4	34	9	34	31	7	21	29	12	17	
20	16	12	15	31	27	6	2	34	36	27	28	20	22	12	15	16	0	30	16	37	18	26	12	25	20	20	26	20	11	1	35	32	40	28	21	27	26	15	14	
31	27	42	15	31	43	28	33	13	40	22	30	26	46	26	10	27	4	0	12	18	29	39	8	36	31	18	25	8	22	12	19	29	33	30	10	18	28	26	25	
34	4	33	38	1	25	40	36	46	29	22	35	2	25	46	21	22	31	24	0	47	14	21	31	26	21	39	13	9	23	30	23	6	1	1	2	35	29	1	14	
10	11	22	24	15	37	9	12	31	30	16	22	21	28	6	4	16	21	3	8	0	30	19	47	34	32	22	4	23	23	13	30	42	15	12	24	36	30	10	26	
17	18	5	25	8	25	16	19	35	4	23	25	26	32	13	11	3	10	10	15	4	0	1	35	18	14	18	11	17	16	17	19	19	22	13	31	5	13	16	3	
33	25	21	2	2	25	43	31	13	28	15	29	3	10	8	11	38	31	25	26	34	32	0	12	38	17	27	15	14	24	32	1	11	27	11	15	14	33	25	27	
9	19	30	5	21	24	17	20	35	38	10	12	22	36	14	6	24	29	11	12	5	15	27	0	42	23	12	12	17	1	21	4	7	11	2	28	17	36	1	2	
19	16	14	17	17	15	18	21	40	22	5	5	21	8	15	13	17	1	12	6	6	19	28	34	0	12	5	13	9	12	2	9	3	16	21	26	22	27	1	8	
6	26	19	30	6	40	24	16	43	40	30	30	21	31	13	15	27	20	18	12	12	1	17	8	10	0	14	10	13	3	15	32	28	25	10	10	31	40	19	28	
17	17	13	12	22	11	16	19	33	35	23	29	25	12	13	11	23	20	8	5	4	36	12	9	35	5	0	11	24	26	20	7	18	22	8	1	24	37	11	7	
20	19	31	15	13	45	20	25	16	25	6	5	23	17	5	17	19	30	8	21	10	19	22	26	27	23	14	0	21	12	4	15	21	8	25	21	1	20	12	17	
37	3	33	15	31	9	27	2	1	38	20	40	30	37	3	18	26	9	34	10	30	28	33	8	30	7	6	3	0	21	11	32	3	32	30	14	22	30	10	16	
26	27	33	25	31	14	25	8	38	22	15	5	25	33	6	8	31	26	3	8	13	33	35	36	36	32	7	9	28	0	16	28	37	26	12	28	25	4	20	15	
19	6	33	6	21	33	7	14	31	26	17	33	10	32	20	27	6	26	20	19	36	8	22	36	15	10	23	16	10	1	0	25	28	31	18	37	18	16	5	4	
24	26	3	15	31	34	27	7	12	36	4	8	11	35	13	37	26	12	33	10	34	27	1	11	21	30	10	28	14	3	11	0	2	39	6	31	27	32	6	13	
40	32	2	18	1	23	14	21	28	29	29	9	19	13	38	21	11	21	33	6	30	36	26	11	9	33	29	22	8	32	26	33	0	36	4	15	30	43	3	11	
31	18	30	18	10	18	19	14	31	15	10	3	17	8	1	19	18	12	32	31	32	10	34	22	27	22	8	28	17	13	3	35	30	0	8	4	30	23	17	7	
31	1	13	19	32	44	30	3	35	36	25	9	22	2	27	25	13	7	24	29	18	27	18	34	41	22	14	5	31	1	26	10	33	1	0	4	31	17	26	11	
39	18	35	34	29	33	25	11	35	49	21	22	43	22	26	33	15	5	30	27	26	27	6	31	45	25	2	33	16	48	39	20	34	13	19	0	39	35	33	29	
14	29	25	16	32	39	27	30	25	19	34	15	34	25	22	17	33	35	9	25	15	13	16	37	33	33	8	22	15	6	30	9	15	33	30	26	0	14	6	33	
10	1	29	16	8	36	20	5	24	31	27	9	23	39	17	6	8	4	14	8	8	1	13	28	25	8	30	15	28	15	9	20	27	19	23	3	17	0	9	21	
26	31	4	30	6	32	27	33	4	9	29	29	9	15	7	24	14	17	1	11	18	33	22	5	9	35	17	25	22	26	16	29	24	7	27	3	41	19	0	23	
8	28	31	26	32	36	17	21	2	42	22	21	30	32	14	13	14	10	4	19	14	8	36	1	29	16	29	13	38	17	22	6	28	32	23	19	38	5	22	0	
M1
0	13	3	14	31	11	29	4	3	22	24	12	22	24	5	20	6	30	30	29	36	9	27	19	21	12	9	1	3	24	4	13	20	13	26	2	11	27	3	36	
15	0	31	39	6	21	4	15	8	22	5	3	27	9	32	30	31	26	11	34	27	2	10	15	35	9	28	20	3	23	32	7	36	27	5	11	17	13	30	19	
22	31	0	2	23	30	32	28	6	39	12	13	23	48	26	5	36	15	5	4	23	16	7	11	32	16	35	15	12	12	30	18	28	26	30	26	7	20	28	11	
24	17	10	0	22	29	13	17	35	21	32	12	4	20	20	27	27	22	35	29	20	18	17	10	44	16	14	1	13	24	29	15	24	15	44	14	30	28	6	21	
17	18	33	21	0	2	39	30	10	19	7	7	31	23	18	21	22	14	13	21	13	11	12	4	12	11	25	4	6	15	14	27	33	9	23	23	5	15	7	16	
43	28	20	9	1	0	27	17	36	33	33	26	18	22	12	36	42	36	39	27	41	16	31	24	11	17	2	29	20	32	34	38	25	6	12	28	8	15	9	41	
19	20	12	26	32	33	0	24	22	34	43	22	14	4	24	4	34	19	36	25	24	10	27	20	47	26	2	24	17	30	26	18	24	25	29	2	33	24	17	7	
21	12	16	27	25	20	13	0	14	2	11	7	31	3	36	12	24	30	3	5	11	6	11	22	29	15	36	14	38	15	17	13	34	26	28	22	3	19	34	17	
15	40	41	41	31	38	27	24	0	4	24	5	29	24	34	36	19	15	26	15	8	15	26	19	21	20	23	42	37	20	34	32	19	27	38	17	36	9	24	21	
14	11	30	8	26	3	17	27	7	0	4	7	31	17	33	14	9	13	10	34	29	7	9	15	39	3	32	34	31	38	34	29	6	31	9	20	10	12	32	32	
9	47	25	37	22	23	44	22	2	31	0	35	35	35	28	27	25	27	5	29	27	3	4	10	41	3	38	38	26	33	29	33	44	30	32	15	11	7	27	27	
2	18	21	17	23	30	14	18	14	25	11	0	5	30	10	26	18	4	16	25	28	14	16	11	13	15	25	39	13	25	10	8	30	11	34	6	17	19	8	13	
25	9	12	8	14	21	5	9	37	16	34	4	0	31	15	19	22	14	27	21	19	10	9	2	36	8	16	30	29	16	21	31	39	7	41	29	22	20	1	28	
28	10	23	19	24	19	16	20	28	25	36	9	7	0	4	18	33	3	26	32	30	16	20	13	37	19	27	22	23	26	32	19	21	5	18	19	33	10	4	29	
24	22	15	20	27	8	18	22	17	3	14	8	9	30	0	26	18	27	20	23	25	11	19	15	17	18	29	43	40	29	10	23	15	12	47	25	17	16	14	36	
13	25	11	16	11	10	21	23	22	15	26	8	12	26	20	0	14	30	13	31	17	23	25	18	40	6	11	1	23	12	6	11	34	2	6	28	13	34	4	17	
27	6	25	42	21	24	22	2	24	27	30	42	38	32	37	24	0	14	2	9	30	31	17	13	18	13	33	5	42	31	32	34	32	38	5	41	13	3	30	15	
13	1	24	4	4	28	20	24	17	6	33	8	20	33	37	29	20	0	25	9	30	30	33	26	40	15	31	37	26	6	13	6	45	22	49	22	12	41	19	40	
35	25	23	15	32	8	30	15	15	20	25	30	22	25	6	21	13	24	0	14	29	22	16	20	19	29	30	31	37	30	5	3	25	14	29	41	4	33	16	12	
10	5	25	37	24	18	29	24	4	24	1	18	30	37	30	24	27	18	7	0	9	5	6	12	8	5	12	31	28	27	27	14	36	23	2	17	13	9	3	19	
5	14	37	33	9	16	33	34	14	41	11	5	29	32	34	23	6	27	17	11	0	15	9	6	32	15	34	2	29	19	23	9	35	7	14	27	23	19	23	20	
4	36	37	35	11	25	32	23	8	7	39	9	23	30	12	36	18	32	8	15	42	0	3	29	17	35	37	42	19	8	38	14	12	6	25	1	35	12	10	31	
17	20	14	11	23	30	16	20	6	26	7	15	7	25	5	18	4	19	13	30	21	4	0	11	19	11	4	22	30	27	5	33	12	14	30	23	4	15	12	4	
15	26	31	18	1	8	33	17	24	40	28	33	26	28	45	6	14	29	14	8	6	18	33	0	29	19	20	17	18	25	8	36	26	15	28	17	9	7	6	42	
27	34	18	2	13	20	19	16	35	7	39	14	21	40	7	8	26	6	26	20	18	30	15	1	0	31	32	20	30	37	20	38	22	18	9	29	21	19	18	42	
23	14	17	3	19	18	10	14	16	21	39	9	1	19	20	9	5	19	25	26	24	15	14	7	28	0	13	29	27	16	26	2	37	3	29	34	23	19	6	33	
13	12	23	19	25	1	4	20	29	12	35	5	7	6	22	30	16	25	32	16	30	21	20	13	21	13	0	3	15	9	32	11	4	18	46	24	14	31	12	32	
36	39	10	19	2	27	29	21	3	29	29	31	27	21	8	4	7	38	35	31	15	26	16	24	38	29	23	0	10	35	9	25	23	18	25	10	11	37	27	6	
16	25	31	20	1	30	1	18	9	36	6	27	19	19	35	20	6	25	12	36	18	2	11	17	34	10	3	40	0	31	31	4	2	30	17	3	18	14	24	1	
28	20	13	19	20	32	3	20	16	17	18	15	7	29	23	29	21	18	15	11	30	12	20	13	44	6	10	6	15	0	22	42	25	8	45	23	29	23	12	32	
25	26	29	5	22	22	20	26	11	33	15	21	13	15	32	11	3	24	21	20	27	12	20	10	30	19	20	31	31	33	0	37	27	4	36	31	2	23	18	39	
21	11	13	34	19	9	37	29	2	35	34	4	28	45	33	12	33	18	17	28	8	4	2	9	36	1	4	32	11	18	25	0	25	33	19	29	26	1	26	26	
24	4	30	12	29	12	11	28	18	14	22	3	20	22	27	18	10	26	28	27	22	16	27	17	4	26	20	37	31	2	2	15	0	6	3	19	2	23	25	11	
13	35	27	14	31	7	29	3	4	37	24	24	22	24	30	20	12	4	30	29	24	21	4	19	6	19	29	7	9	41	4	11	24	0	33	29	11	18	27	7	
14	8	25	7	33	21	24	2	13	7	10	28	32	44	5	38	36	17	16	18	20	9	15	21	31	14	12	28	4	25	33	39	30	13	0	26	22	10	32	35	
9	10	6	9	19	13	37	12	22	16	34	4	28	12	23	2	21	2	34	18	5	4	29	34	2	8	13	16	29	33	27	31	11	23	6	0	34	33	4	36	
12	26	22	25	17	24	3	26	5	15	14	21	13	8	32	22	30	14	20	24	22	18	12	5	20	4	5	17	9	18	24	24	3	4	44	27	0	22	5	32	
12	9	1	13	10	6	6	14	5	21	2	9	1	20	20	7	27	19	8	10	1	4	7	7	14	6	21	27	15	15	26	36	44	11	31	18	14	0	6	30	
20	15	27	33	21	6	9	33	32	33	35	29	21	18	32	26	34	33	8	11	25	35	8	9	47	33	24	37	9	14	28	6	10	32	42	33	5	27	0	16	
22	18	15	20	26	28	17	2	1	20	37	16	8	39	27	14	27	23	39	29	2	22	21	14	43	20	28	34	41	28	19	43	2	19	11	38	26	29	10	0	
M2
0	22	19	6	20	41	15	10	41	16	19	4	20	20	9	33	8	1	43	28	12	24	24	6	30	38	33	39	17	3	48	33	11	9	29	17	14	11	29	4	
27	0	15	20	45	24	11	32	19	27	22	24	7	5	20	6	2	3	15	11	31	27	34	6	10	2	11	3	11	26	30	3	24	20	21	22	27	34	14	23	
15	8	0	34	19	22	29	3	37	13	29	6	21	42	3	24	27	31	44	13	13	8	6	28	40	28	28	23	33	30	46	25	32	28	30	23	34	28	36	15	
14	12	4	0	37	28	22	19	25	26	9	16	27	16	1	10	16	21	25	30	28	16	26	8	4	22	27	31	31	35	17	23	19	23	6	29	14	10	13	44	
11	35	20	25	0	11	19	16	20	21	6	32	29	20	28	23	23	23	31	25	9	4	21	5	14	19	22	26	31	22	37	25	18	24	20	27	11	18	8	34	
12	35	30	44	27	0	26	13	13	14	22	7	1	22	21	21	3	15	12	18	28	14	10	21	17	27	1	19	16	25	13	18	5	30	13	27	4	23	1	41	
25	31	22	24	34	14	0	30	25	22	20	31	7	34	7	18	31	10	16	30	18	2	24	14	29	9	23	29	5	16	24	15	23	26	9	31	25	14	13	10	
8	19	30	11	19	26	13	0	19	16	3	27	19	1	28	20	16	20	8	18	2	2	14	22	14	16	21	34	1	19	21	21	16	1	19	10	8	15	16	14	
5	40	13	41	28	36	39	25	0	47	26	41	44	26	29	3	5	24	22	48	39	11	42	40	22	19	42	16	22	10	43	43	16	1	47	4	20	6	35	19	
30	37	35	44	41	33	6	34	21	0	41	32	16	29	39	4	3	2	36	36	20	32	32	12	34	1	11	30	8	26	48	30	15	19	15	9	19	47	33	2	
1	40	23	19	24	28	9	6	21	22	0	22	30	10	29	13	26	24	26	18	17	22	13	21	7	15	14	27	25	22	31	26	19	32	21	20	1	8	9	47	
14	45	20	20	45	30	10	3	4	25	26	0	12	35	11	11	4	11	11	34	39	32	29	11	31	29	12	22	16	31	17	8	29	25	26	18	31	8	19	33	
9	26	7	10	1	9	17	12	15	5	4	23	0	18	23	21	11	18	32	2	22	3	21	23	15	23	17	21	23	30	26	20	13	28	11	25	9	16	3	33	
42	1	22	6	32	15	11	20	32	20	37	1	29	0	2	6	25	22	29	18	11	23	2	8	4	38	17	24	9	28	37	25	26	16	8	29	32	13	30	22	
19	33	12	32	42	33	33	30	27	27	20	3	32	18	0	27	32	12	32	20	40	21	33	31	31	15	30	10	25	31	24	28	10	2	11	32	25	32	16	42	
5	35	29	26	4	16	30	7	13	14	17	35	22	11	19	0	26	16	34	18	17	14	26	1	2	21	15	19	26	33	14	18	11	13	13	27	14	29	1	41	
15	21	31	13	15	13	12	14	14	14	10	15	11	23	22	21	0	1	19	19	31	6	19	22	18	29	16	20	27	7	22	19	12	31	14	15	15	16	2	36	
23	2	12	28	24	32	23	4	15	28	37	22	14	34	33	13	1	0	10	36	30	9	41	2	8	27	18	12	7	2	11	10	10	27	28	13	1	26	21	1	
16	14	7	32	33	31	28	38	24	22	28	9	37	8	38	22	26	30	0	28	12	24	24	9	39	1	20	21	41	11	16	33	17	1	29	12	26	12	29	49	
24	37	29	3	33	31	2	9	21	37	19	17	34	31	38	8	27	40	32	0	29	31	16	7	30	29	2	2	8	12	46	30	10	8	25	35	10	31	32	8	
41	16	33	38	11	29	6	16	39	25	36	34	28	35	31	13	4	8	21	6	0	2	2	10	36	24	32	32	32	7	33	24	9	5	7	8	25	40	29	29	
14	17	17	32	32	38	22	19	10	27	9	22	9	7	28	7	21	29	11	16	11	0	23	8	20	2	11	19	13	28	33	5	18	22	23	2	14	21	16	3	
22	25	29	17	27	5	30	26	31	23	17	30	12	31	27	13	28	34	2	36	35	16	0	19	24	35	28	12	12	4	40	20	19	20	3	18	22	21	19	21	
15	1	15	1	24	37	19	20	15	11	10	32	24	6	23	23	17	18	34	12	3	15	15	0	5	19	5	18	21	7	45	20	13	18	15	15	15	22	3	13	
30	37	45	34	26	16	32	25	18	14	38	33	29	31	37	10	40	32	24	15	39	22	7	8	0	30	25	15	16	17	22	34	27	42	29	12	15	21	17	25	
15	11	29	43	32	5	16	19	30	8	24	16	30	7	8	16	7	19	33	4	41	3	34	32	34	0	30	21	36	16	21	29	28	29	12	32	12	17	18	26	
32	15	37	42	18	36	23	10	48	10	27	12	38	31	44	14	27	19	24	29	13	11	25	6	38	20	0	20	12	30	14	34	32	28	30	31	20	39	37	40	
8	34	6	32	33	30	21	19	11	15	9	31	25	23	34	24	25	12	38	31	28	12	26	24	2	28	27	0	5	26	15	21	15	11	26	33	14	1	14	16	
13	8	13	35	17	4	18	5	17	18	26	5	5	26	24	4	16	20	28	15	2	14	14	4	21	11	9	15	0	19	22	1	15	17	17	20	2	34	5	41	
20	36	8	4	22	4	26	26	7	20	29	20	28	28	16	17	24	4	32	26	10	11	22	30	38	9	1	19	32	0	22	38	6	15	21	28	30	41	26	20	
21	23	29	6	20	4	11	8	24	40	16	31	2	30	29	7	30	42	18	35	37	29	27	2	27	32	23	30	25	28	0	17	23	22	5	36	21	3	27	5	
22	35	10	33	41	31	18	32	21	22	28	32	2	30	21	1	14	24	25	24	29	22	29	1	25	19	6	12	6	21	26	0	19	15	16	17	29	40	9	43	
6	33	16	14	28	13	14	10	26	4	1	14	9	15	21	4	6	5	31	20	7	19	12	6	12	6	16	23	12	24	5	9	0	8	24	25	6	10	14	26	
21	28	13	36	29	30	9	26	10	14	16	35	5	29	24	4	12	23	28	25	32	2	1	4	10	9	9	15	9	24	1	1	18	0	19	20	21	17	8	28	
18	6	10	15	19	6	21	7	18	19	13	11	5	12	8	2	9	21	5	23	32	19	6	4	22	22	9	14	9	24	25	1	2	1	0	20	18	25	6	31	
1	16	2	7	17	36	15	14	29	28	4	23	26	18	37	21	23	16	19	25	9	2	4	25	3	23	5	29	12	19	27	22	25	19	23	0	2	16	17	11	
3	34	37	41	4	16	3	31	15	8	29	2	29	27	20	9	6	23	29	25	28	3	33	4	20	32	8	26	5	2	44	25	4	35	20	6	0	25	8	30	
20	25	29	12	38	25	10	25	37	21	15	10	24	29	15	21	10	33	9	29	33	4	25	11	9	33	28	33	28	32	29	20	17	20	3	33	20	0	25	34	
7	28	23	37	27	28	28	25	6	7	15	33	15	15	14	14	19	9	27	11	36	7	19	14	10	23	8	12	19	26	37	11	4	23	6	20	20	27	0	34	
6	25	38	8	12	34	3	29	45	19	41	30	31	31	36	30	37	18	33	39	46	22	9	8	36	44	11	27	35	7	13	27	30	6	12	42	17	46	33	0	
M3
0	24	36	28	6	24	8	8	14	24	40	7	30	25	37	42	33	36	42	25	37	26	33	36	23	35	28	10	34	7	6	25	17	33	1	6	25	29	4	20	
11	0	12	25	18	27	26	26	26	12	37	43	16	30	24	32	30	34	28	17	40	23	7	32	17	35	35	7	7	29	13	27	30	31	42	41	15	3	27	8	
23	22	0	34	28	7	36	1	29	17	13	29	29	22	43	5	10	11	21	34	25	25	20	40	17	8	10	17	11	22	25	2	27	1	39	24	12	14	18	14	
14	13	24	0	21	9	29	23	2	9	9	40	21	22	25	2	18	29	38	21	6	16	33	35	8	27	24	10	29	27	18	33	5	42	31	37	25	8	8	20	
18	7	33	26	0	23	5	28	9	6	42	37	30	27	34	24	27	4	27	42	20	34	4	46	19	30	10	22	21	11	23	19	22	34	37	14	7	2	25	21	
8	14	16	16	37	0	30	16	25	22	29	13	34	39	26	13	14	2	23	29	34	42	32	15	24	38	6	26	35	3	32	23	36	23	14	20	36	19	33	29	
4	12	18	16	38	11	0	31	42	31	1	21	42	29	25	40	35	18	6	26	18	38	7	20	18	37	35	27	2	30	15	38	10	12	17	42	42	15	3	29	
20	26	32	24	17	26	25	0	25	6	42	18	18	22	38	35	29	18	45	23	44	22	29	39	20	17	34	6	22	39	14	7	36	15	49	13	21	25	7	3	
12	6	36	36	30	15	1	33	0	29	14	31	24	30	45	18	2	20	25	34	28	10	9	25	13	10	37	24	31	23	13	11	16	35	35	40	1	2	16	6	
21	5	24	28	23	28	13	25	12	0	36	31	1	27	5	15	18	7	14	19	31	1	4	27	39	28	1	12	35	28	14	4	31	25	42	33	27	17	29	16	
33	32	19	3	17	31	35	19	36	18	0	46	33	33	31	8	34	4	37	30	24	29	14	40	9	38	20	34	7	28	6	10	11	17	24	19	22	3	7	19	
27	26	24	19	12	21	20	3	17	19	42	0	21	29	20	33	24	22	23	21	42	17	24	9	11	29	35	1	35	30	9	12	31	28	34	26	16	20	20	11	
18	26	27	19	12	4	20	38	20	25	16	2	0	31	33	27	9	24	18	21	25	10	24	2	28	29	17	1	32	25	9	11	31	41	17	25	16	2	21	11	
9	5	23	32	25	16	7	38	28	25	4	23	11	0	26	19	26	19	26	34	13	7	28	44	35	42	9	14	42	37	22	17	29	5	44	26	23	3	34	24	
15	25	7	30	33	24	13	26	9	25	13	4	26	20	0	28	30	29	5	27	1	12	2	26	8	24	13	22	20	26	21	16	12	26	44	15	15	29	29	29	
4	8	15	25	18	27	26	34	19	13	20	39	22	34	39	0	3	22	27	27	39	23	11	19	3	18	10	7	24	7	10	21	24	1	46	36	9	8	6	17	
32	20	25	40	35	6	20	38	8	33	22	16	40	38	35	37	0	8	30	8	20	16	36	39	36	48	30	27	25	27	35	11	18	22	13	16	39	15	12	37	
27	26	30	7	7	24	23	40	10	11	19	29	24	40	18	29	24	0	31	12	2	3	19	39	28	32	14	4	7	38	12	27	31	38	39	45	16	2	24	14	
4	37	21	1	29	11	12	40	32	25	49	29	18	34	30	3	30	31	0	38	43	34	40	44	40	12	13	18	43	9	20	28	36	36	43	26	33	2	38	13	
32	22	9	29	22	23	17	9	21	4	18	37	25	41	36	32	37	4	19	0	30	32	29	17	14	6	32	25	38	26	13	14	36	28	46	32	21	40	10	22	
40	41	1	1	27	26	41	20	7	25	8	46	35	35	26	24	20	30	35	16	0	21	24	17	18	13	29	22	12	26	3	21	34	5	39	14	31	33	20	13	
11	37	10	14	24	33	32	9	20	5	20	2	10	31	21	28	36	6	7	7	23	0	36	49	39	10	20	13	16	36	21	26	32	4	1	32	28	2	26	20	
28	27	23	20	13	12	21	6	21	18	20	20	22	5	37	34	20	23	27	22	15	18	0	28	29	12	10	2	21	12	1	23	32	24	32	17	17	21	22	12	
12	28	10	18	24	1	31	29	20	17	13	32	4	4	6	29	14	21	4	11	31	37	11	0	41	17	1	21	24	7	4	18	38	15	4	30	29	38	29	25	
17	28	6	12	20	29	9	25	10	33	37	22	7	28	44	21	16	8	17	29	19	25	15	19	0	20	34	9	10	2	15	18	13	25	42	28	24	28	29	19	
26	46	15	32	14	30	37	22	19	27	6	12	1	22	44	8	36	34	45	18	43	45	37	20	20	0	31	29	26	39	37	1	10	16	9	45	36	40	39	35	
25	38	16	22	24	28	32	35	12	9	39	49	30	38	41	21	10	23	10	33	23	29	36	40	37	31	0	13	27	31	21	10	30	17	34	25	28	32	21	23	
21	20	21	13	6	15	14	40	14	19	49	40	15	39	30	27	18	34	34	15	47	11	18	33	22	23	32	0	49	32	3	18	25	36	38	38	10	14	15	5	
4	39	38	29	17	35	6	10	23	7	40	13	35	42	39	29	17	9	28	27	40	3	32	46	17	14	35	26	0	16	18	27	7	2	25	22	39	21	20	23	
31	4	35	9	31	26	41	16	1	32	45	26	12	1	17	13	25	27	17	25	11	43	7	46	31	34	35	27	11	0	26	4	30	41	7	39	25	28	33	18	
35	23	30	16	22	29	33	36	21	6	24	48	34	20	38	14	24	1	13	34	37	24	32	41	22	31	7	14	41	19	0	5	39	6	38	8	24	30	23	12	
36	32	27	15	17	16	41	25	17	20	3	15	15	25	11	9	5	16	20	21	8	23	44	25	19	16	4	24	8	27	32	0	41	14	18	36	39	37	32	16	
29	28	37	37	30	4	35	3	1	19	20	22	7	28	30	22	27	15	2	36	21	33	26	16	30	30	28	19	18	25	16	10	0	28	36	2	18	33	20	16	
33	26	5	33	27	13	35	24	23	17	27	15	23	3	2	28	7	33	21	36	34	4	39	41	16	5	4	16	21	34	1	21	35	0	45	34	31	9	29	11	
32	30	29	4	33	6	10	40	45	6	13	8	17	2	30	37	38	5	37	12	7	34	37	39	34	44	30	30	47	11	38	24	13	22	0	30	35	3	44	31	
16	2	11	30	23	31	31	12	28	28	19	35	25	19	18	3	31	17	44	6	14	28	11	15	13	37	39	12	6	27	11	17	20	21	19	0	5	23	29	19	
6	5	30	30	34	33	22	27	34	35	39	25	31	24	41	12	21	19	34	32	36	39	3	42	7	33	31	23	34	17	22	7	10	29	48	34	0	27	39	9	
7	24	5	4	20	30	23	13	7	15	36	21	17	28	31	28	33	20	34	12	38	13	5	21	29	13	17	17	2	20	14	25	32	24	18	25	17	0	30	26	
34	27	32	36	29	38	10	29	4	6	18	23	34	11	38	37	26	28	26	38	39	32	31	40	17	28	9	18	26	6	21	22	14	33	44	23	23	34	0	27	
5	22	26	22	38	30	33	44	26	23	43	31	29	11	36	22	24	34	2	36	35	41	20	5	24	23	7	27	15	34	34	24	14	6	34	20	12	23	11	0	
M4
0	16	38	31	9	12	20	3	28	31	20	19	37	26	25	16	15	27	29	1	18	17	21	31	23	22	12	20	23	16	18	1	32	23	27	9	18	4	6	14	
8	0	30	23	13	27	3	29	4	16	14	9	27	11	1	25	31	10	12	30	12	22	29	32	9	1	21	8	22	14	12	35	34	27	14	1	8	20	8	10	
18	20	0	33	26	35	7	13	32	35	4	21	2	9	29	26	7	7	20	24	35	39	26	29	21	4	35	10	27	15	8	35	3	35	19	25	24	22	16	15	
11	26	15	0	1	22	25	10	24	28	11	12	14	31	26	21	14	23	46	32	30	13	10	36	43	35	40	8	21	41	30	36	43	43	32	19	34	34	18	13	
14	11	35	28	0	4	19	23	4	32	14	25	29	25	20	28	9	28	31	27	17	27	17	11	7	20	3	17	21	25	17	6	17	32	5	6	18	25	2	15	
19	28	24	20	26	0	21	20	17	13	4	5	2	25	29	3	19	1	24	10	25	26	30	36	31	5	29	33	32	31	9	13	10	42	14	26	3	18	21	7	
35	28	39	9	29	45	0	29	27	28	33	34	41	37	10	22	9	13	19	42	31	37	43	31	14	21	10	29	29	33	12	27	31	20	9	37	23	29	26	14	
22	6	5	21	27	3	17	0	18	30	20	20	28	21	15	8	15	22	26	15	18	3	3	37	23	13	35	18	24	28	5	32	6	33	17	7	22	19	22	16	
28	25	9	29	34	33	9	36	0	19	24	37	10	37	11	37	18	29	15	22	29	1	10	34	9	34	29	21	17	34	4	36	19	37	1	18	30	37	33	27	
10	3	25	23	23	5	14	5	15	0	14	20	30	8	12	24	29	21	6	2	12	2	22	39	6	12	32	12	19	21	12	17	33	20	17	1	19	20	13	1	
27	12	14	7	33	11	19	35	7	34	0	29	31	1	17	29	38	3	21	39	22	39	15	17	29	21	36	17	39	9	21	1	29	4	22	18	28	9	15	27	
19	16	38	31	11	31	5	11	20	15	22	0	26	3	25	24	8	25	28	20	13	26	37	6	31	8	37	13	1	1	20	36	4	34	22	9	7	2	25	18	
20	9	17	13	6	15	17	20	21	33	16	22	0	17	18	15	27	1	25	4	20	20	11	26	12	18	22	25	26	25	26	17	15	41	31	15	4	34	15	17	
21	17	32	37	2	15	28	17	29	32	23	22	6	0	25	5	40	25	26	4	13	20	24	11	8	15	34	1	6	25	25	17	33	3	2	26	17	29	15	9	
16	21	44	3	24	8	32	9	9	9	35	34	33	14	0	21	2	12	27	23	33	15	13	14	27	24	42	12	17	10	33	18	12	18	20	22	24	10	19	20	
36	20	12	17	1	24	11	11	32	21	37	12	11	10	29	0	45	24	31	31	38	16	37	36	14	14	28	36	43	25	38	37	25	16	40	27	32	22	30	34	
10	3	26	17	24	20	14	4	15	27	25	20	22	22	12	3	0	21	23	28	23	19	33	6	19	12	32	4	4	21	19	12	27	34	2	12	17	4	1	19	
19	17	16	17	32	20	16	24	29	36	13	25	38	10	26	9	25	0	37	21	18	3	35	12	28	1	46	21	29	19	21	13	12	36	3	10	33	7	32	7	
23	11	33	26	11	35	22	17	3	21	17	3	17	23	20	29	46	2	0	35	15	25	28	26	28	20	23	5	15	11	15	42	38	30	19	4	27	23	16	13	
15	22	47	33	27	3	20	24	28	39	11	10	28	37	31	28	31	27	20	0	18	8	12	37	14	31	34	29	14	13	21	9	23	31	24	18	11	29	3	5	
7	20	11	34	29	21	16	21	5	23	29	28	5	9	29	20	1	9	2	10	0	26	12	1	32	29	29	3	21	13	27	15	29	30	19	24	25	21	9	23	
21	6	22	25	20	3	17	26	18	16	28	22	24	3	15	27	8	24	26	9	26	0	29	1	13	15	35	22	28	20	26	13	4	15	26	15	13	28	20	22	
8	27	40	12	1	24	22	24	30	21	33	7	30	28	36	10	40	13	37	17	31	3	0	21	7	20	8	19	34	28	3	32	31	6	16	20	19	31	5	23	
13	10	11	25	25	15	3	22	22	15	16	22	5	16	19	19	29	24	16	4	2	20	12	0	26	19	11	14	22	24	14	21	3	7	4	3	8	1	1	4	
19	3	25	19	24	31	14	6	15	27	25	20	6	3	12	31	12	10	23	27	23	21	35	22	0	4	32	19	8	4	21	24	4	20	25	12	19	9	12	21	
3	12	36	32	25	31	23	14	24	21	5	22	1	19	21	8	33	4	32	22	28	23	12	16	2	0	8	28	29	34	30	4	34	43	31	21	23	33	12	30	
14	3	36	6	23	16	14	17	15	27	25	20	24	1	4	33	29	21	18	29	16	24	20	10	20	9	0	8	20	25	20	17	20	35	17	12	18	23	2	15	
29	13	35	20	2	1	5	26	4	32	14	25	2	25	3	25	31	21	29	14	17	21	31	44	30	22	42	0	27	26	17	31	34	32	5	6	8	25	20	5	
12	1	39	4	11	14	10	16	5	8	15	18	26	3	10	34	24	10	7	22	21	22	7	5	8	10	30	17	0	23	21	2	5	22	4	10	17	17	17	19	
12	13	31	38	34	25	24	19	21	26	8	30	19	19	22	17	43	31	27	40	25	40	9	8	30	14	5	29	8	0	33	25	32	3	7	22	27	19	29	31	
24	22	13	13	9	12	15	6	30	42	8	16	32	41	31	22	3	11	29	1	27	4	2	10	23	11	3	23	3	3	0	18	3	40	21	27	13	13	12	1	
24	16	38	31	31	4	27	25	28	35	17	9	29	12	8	27	12	12	24	32	3	30	8	7	25	24	30	20	2	13	19	0	37	25	12	9	30	4	29	18	
1	7	32	20	25	25	18	26	19	29	16	22	36	18	16	3	37	1	25	14	14	24	12	1	24	16	36	4	24	29	9	31	0	29	29	3	17	9	20	12	
37	31	31	39	33	2	29	33	11	16	29	30	9	6	14	28	44	26	29	30	12	30	34	19	34	30	2	25	40	10	34	18	35	0	31	29	28	24	36	11	
20	4	42	7	4	30	3	10	16	28	26	21	30	23	13	23	18	22	17	22	13	13	36	8	21	13	33	6	19	2	24	17	33	4	0	13	20	8	20	22	
17	1	23	16	16	36	12	35	13	20	7	13	36	13	10	31	39	19	21	34	5	15	22	41	18	10	30	5	15	23	5	33	43	20	23	0	17	13	17	3	
24	18	40	10	29	17	21	29	30	37	15	33	5	17	15	3	9	24	7	22	8	38	18	29	14	6	27	16	27	35	30	15	12	37	27	25	0	29	12	30	
11	10	6	32	23	9	14	20	22	34	22	10	34	18	19	35	24	5	14	34	13	4	25	46	7	19	34	26	40	32	16	36	10	38	4	19	26	0	26	12	
6	16	38	24	31	13	11	15	19	35	22	21	29	28	25	27	33	34	31	21	20	30	30	40	22	25	25	20	23	17	12	21	20	27	15	9	10	20	0	12	
10	12	34	12	27	28	10	30	10	16	18	16	41	2	21	32	13	27	5	21	15	26	20	35	29	21	36	16	23	9	16	4	35	20	30	5	25	19	9	0	
M5
0	10	2	21	8	18	22	13	15	30	23	21	25	20	16	24	1	7	22	30	25	18	27	9	20	11	35	33	7	12	8	14	14	9	9	7	20	30	20	20	
26	0	15	15	26	28	4	26	10	25	10	31	29	27	20	37	14	20	5	37	29	14	25	16	3	24	30	10	11	27	7	27	27	22	15	20	33	32	19	18	
16	22	0	10	21	8	36	13	5	19	30	11	12	23	5	17	13	10	31	24	28	26	28	21	14	1	7	4	11	26	8	19	13	21	20	19	32	21	13	12	
8	12	28	0	34	17	29	16	32	4	33	20	14	26	17	26	18	24	2	2	32	16	1	26	17	20	35	7	14	30	19	7	25	9	26	11	37	26	16	15	
20	20	16	9	0	6	25	23	10	34	27	9	13	30	20	5	11	17	27	23	18	9	22	19	10	9	30	21	17	7	20	17	24	19	12	8	12	22	27	9	
22	12	9	1	22	0	26	15	17	27	20	1	5	24	12	7	3	9	24	32	27	30	29	11	20	1	37	21	28	25	21	9	16	11	17	9	22	14	19	2	
8	10	16	7	20	17	0	15	4	6	23	3	12	20	11	5	9	15	17	34	25	21	5	13	11	19	24	1	8	14	13	18	16	17	2	15	28	25	10	5	
20	10	1	15	26	19	22	0	20	11	21	9	9	6	12	28	24	30	28	46	28	2	21	30	26	22	27	33	34	21	10	17	37	6	13	24	41	9	16	23	
4	22	7	33	2	30	24	25	0	20	31	33	31	6	14	27	13	19	12	31	19	10	9	21	31	23	6	32	11	7	9	10	14	21	1	1	18	37	35	13	
19	14	14	6	4	3	24	17	11	0	6	1	9	27	17	4	8	14	9	10	12	35	5	9	4	6	31	26	27	22	19	14	19	9	11	14	27	19	10	7	
31	23	17	23	18	20	31	21	23	4	0	2	3	17	5	28	23	11	16	35	22	39	16	31	26	19	25	37	24	40	41	31	36	31	2	6	19	11	33	9	
32	16	18	3	13	33	12	29	30	6	15	0	29	1	17	36	17	23	22	7	12	33	36	20	31	27	7	39	24	23	30	2	30	18	44	23	23	14	23	31	
11	9	23	7	5	20	17	1	13	9	17	1	0	12	11	28	20	18	27	24	9	24	21	3	11	9	15	1	8	4	13	17	33	28	19	7	7	4	10	9	
6	22	20	10	17	9	31	26	12	25	8	8	16	0	17	18	14	20	1	15	28	32	11	2	13	12	12	20	10	26	12	20	25	22	26	20	33	23	22	13	
24	18	16	8	24	5	14	15	18	19	2	8	12	28	0	14	9	15	5	16	22	36	35	17	27	8	10	28	4	20	22	2	22	17	24	15	28	21	26	9	
6	7	2	35	37	45	11	28	30	45	30	9	20	47	38	0	34	3	20	42	11	26	38	31	23	28	42	30	31	9	6	20	36	18	3	34	21	32	30	38	
21	6	25	17	16	14	23	9	11	26	19	17	21	31	12	23	0	3	18	26	29	24	23	5	16	7	31	29	23	29	15	25	10	5	26	3	16	26	25	18	
21	11	17	13	9	10	25	14	13	23	16	13	17	27	17	6	2	0	19	30	14	14	18	10	12	12	33	8	15	24	20	21	2	5	14	8	21	7	17	14	
25	22	19	11	21	8	19	25	9	23	6	11	15	29	8	17	13	19	0	27	15	33	24	6	13	11	20	31	9	25	16	19	21	21	24	4	11	22	25	3	
17	21	8	2	30	22	11	4	14	16	38	25	25	26	31	31	16	13	31	0	35	27	17	24	9	25	34	34	36	31	8	33	29	24	11	15	35	31	18	26	
23	6	19	11	8	8	23	25	27	22	9	11	15	26	6	17	13	19	14	12	0	27	7	21	8	11	5	7	7	23	16	11	26	1	11	19	32	24	16	12	
23	4	28	21	18	20	11	27	13	26	14	8	27	16	32	21	25	24	22	24	29	0	11	3	14	23	33	27	11	27	3	31	18	4	4	10	7	14	23	24	
17	23	18	7	25	27	25	8	18	16	27	2	20	20	11	17	20	26	30	19	3	9	0	19	11	27	5	1	8	24	13	15	2	7	2	26	39	25	10	9	
13	24	21	13	8	10	38	27	3	36	7	13	17	23	22	19	15	21	26	14	24	23	11	0	4	13	23	33	11	17	3	21	28	23	18	18	25	14	13	14	
17	26	23	14	29	31	21	26	18	29	36	19	31	6	16	33	36	21	4	38	23	36	32	24	0	34	38	45	9	13	9	16	13	7	21	33	36	14	41	20	
1	18	21	13	21	10	31	8	8	34	20	13	17	23	24	19	15	21	8	27	9	6	10	6	6	0	28	33	24	1	16	7	28	14	23	21	34	25	17	14	
5	35	27	37	29	36	36	40	36	11	30	2	7	34	21	19	34	24	16	7	11	23	44	26	30	17	0	31	10	3	3	42	35	24	24	1	4	21	36	12	
11	23	19	1	22	21	27	26	20	10	21	24	14	14	5	22	14	20	24	36	20	33	39	22	5	21	23	0	2	18	7	12	27	22	34	20	33	37	4	3	
14	26	2	26	5	23	37	32	18	42	22	24	30	9	37	18	26	30	41	29	3	32	26	8	19	13	38	28	0	1	3	34	19	7	30	32	40	21	17	27	
2	35	33	8	29	37	3	19	22	30	22	37	27	27	25	22	34	27	22	37	25	6	38	42	12	1	30	15	22	0	17	25	6	14	30	31	12	29	24	16	
25	14	20	4	19	41	1	10	26	24	19	2	21	27	28	22	37	14	32	18	21	29	33	26	21	21	10	18	3	8	0	7	37	16	18	29	10	9	27	3	
18	21	24	7	31	29	33	24	26	23	18	6	27	27	13	13	12	5	33	34	33	14	35	19	18	1	36	8	15	31	20	0	17	1	25	18	16	9	10	16	
14	27	24	28	12	31	12	2	5	34	20	32	14	17	16	37	18	19	26	28	23	14	28	26	32	15	23	22	11	20	28	8	0	4	13	20	27	12	31	30	
17	11	22	15	24	23	27	13	8	15	21	26	2	28	2	15	6	12	27	31	24	32	24	14	19	3	10	9	16	21	7	26	19	0	23	12	25	12	18	3	
25	16	3	25	16	22	7	39	15	34	19	11	27	25	28	28	27	25	23	26	25	10	18	5	1	16	35	39	12	28	15	12	32	9	0	2	27	26	25	9	
13	18	10	13	5	34	22	32	2	25	19	20	27	9	5	2	29	4	28	42	22	26	5	21	8	4	5	10	17	2	17	21	19	17	14	0	32	4	19	9	
11	19	18	7	21	17	1	31	33	40	28	1	6	25	12	26	22	28	36	3	6	16	19	24	26	20	21	40	1	11	19	28	18	10	12	10	0	33	22	16	
23	16	13	5	22	2	14	19	15	9	21	5	9	28	16	11	7	13	25	28	31	26	3	7	18	5	14	25	25	29	17	13	20	15	8	13	21	0	7	6	
19	19	3	1	10	19	19	32	13	9	17	1	22	22	13	21	22	8	32	24	19	30	2	3	13	22	5	3	10	26	13	20	19	30	28	16	18	10	0	11	
5	18	2	30	9	27	7	16	25	8	1	20	1	25	22	2	32	14	23	36	22	26	33	15	1	1	19	28	28	20	17	31	32	6	14	34	19	33	7	0	
