40  2  1
2
	0	89	1	12
	0	64	1	75
	0	15	1	47
	0	17	1	100
	0	4	1	16
	0	93	1	35
	0	72	1	96
	0	81	1	25
	0	16	1	89
	0	15	1	77
	0	77	1	22
	0	36	1	72
	0	66	1	21
	0	97	1	19
	0	57	1	80
	0	72	1	95
	0	36	1	30
	0	7	1	61
	0	40	1	66
	0	50	1	78
	0	52	1	5
	0	20	1	33
	0	6	1	65
	0	24	1	63
	0	33	1	5
	0	14	1	46
	0	66	1	51
	0	53	1	78
	0	53	1	11
	0	38	1	63
	0	73	1	44
	0	83	1	87
	0	46	1	39
	0	70	1	60
	0	69	1	25
	0	21	1	28
	0	42	1	7
	0	49	1	4
	0	53	1	6
	0	84	1	70
SSD
M0
0	29	54	72	35	39	50	28	33	48	27	74	51	47	32	41	49	26	11	50	5	49	74	39	33	25	21	53	62	37	46	3	63	38	40	10	63	40	18	51	
39	0	12	59	34	21	49	33	3	7	55	47	12	7	25	40	49	33	12	35	29	48	21	33	27	51	6	56	26	41	39	31	62	47	33	4	30	31	34	27	
52	36	0	64	18	25	33	6	6	34	60	50	27	31	28	24	50	57	16	33	55	64	63	59	5	62	64	50	58	41	63	35	46	36	16	30	67	47	15	32	
49	46	61	0	26	33	41	61	37	53	44	15	25	61	36	32	62	39	42	41	28	29	75	43	37	5	75	27	58	36	12	26	28	32	17	14	46	44	20	56	
49	19	31	48	0	3	11	52	38	53	38	35	32	42	60	2	52	35	59	11	49	63	73	63	7	70	51	37	52	21	74	13	24	77	24	62	71	71	47	54	
36	26	53	38	22	0	36	57	42	2	36	33	43	18	42	10	13	28	6	37	26	29	2	28	33	32	54	44	28	46	32	39	50	58	10	51	11	26	15	22	
60	2	50	53	35	42	0	56	48	49	31	53	68	2	47	41	79	40	43	50	50	25	31	25	41	6	10	10	62	37	27	52	42	7	43	25	40	46	21	52	
33	30	41	44	42	32	57	0	12	41	36	34	48	37	34	35	61	11	22	31	61	42	69	16	28	18	56	40	32	33	17	50	70	4	25	36	59	42	33	36	
30	14	62	59	69	4	84	57	0	48	62	28	56	9	6	56	43	56	13	17	33	54	41	37	31	40	61	60	36	63	44	61	74	43	53	8	45	38	15	10	
33	9	55	37	29	36	44	48	25	0	36	35	26	50	40	35	27	11	54	36	9	77	73	30	37	57	41	36	11	32	17	46	57	41	25	49	61	9	15	5	
51	22	29	70	53	29	67	48	39	35	0	48	47	26	38	45	62	41	4	68	34	16	80	45	34	24	41	42	57	6	8	58	63	16	46	16	46	44	39	43	
5	35	57	55	22	29	37	28	16	18	64	0	32	34	38	4	43	42	16	37	20	32	72	56	33	8	64	36	44	39	29	39	27	26	30	27	30	30	23	38	
41	8	38	42	34	41	49	59	45	41	40	34	0	30	44	40	10	52	16	49	47	29	6	13	11	32	19	60	24	39	36	48	62	70	8	22	15	52	15	39	
24	33	7	6	38	23	53	28	28	40	42	38	48	0	29	22	4	43	22	21	11	16	47	36	27	9	58	37	55	19	30	49	51	47	38	7	18	33	24	43	
41	3	51	5	48	44	63	49	24	35	44	37	47	21	0	3	10	19	53	31	41	17	24	26	15	27	57	48	56	18	34	11	34	17	33	36	10	46	26	44	
47	24	42	56	33	28	48	60	45	31	16	44	62	65	44	0	41	43	46	17	25	33	14	40	44	9	46	37	33	30	30	50	61	9	26	22	6	40	24	47	
43	50	62	11	39	46	54	66	27	49	2	42	53	52	35	43	0	62	37	7	12	34	14	55	50	33	72	55	15	64	40	48	45	45	4	42	23	34	35	47	
15	47	59	76	24	31	39	30	61	39	18	63	55	64	22	17	43	0	60	39	63	63	72	34	35	39	54	22	61	15	32	41	52	83	7	38	57	63	37	18	
45	50	40	62	54	59	69	30	39	32	9	56	3	39	52	3	57	23	0	67	34	8	72	15	42	42	8	52	13	41	7	43	68	35	21	61	12	31	57	35	
30	1	15	62	48	35	63	20	36	48	55	55	8	28	35	50	68	62	46	0	25	55	65	42	35	75	45	67	65	13	49	61	16	25	46	13	30	11	45	62	
7	22	48	65	13	20	28	43	36	53	55	52	49	4	10	19	46	48	25	24	0	60	41	42	1	64	33	52	10	38	49	30	41	82	39	13	13	43	15	62	
30	28	16	34	39	31	54	12	11	4	33	28	33	36	33	12	46	8	40	44	28	0	44	49	34	54	60	37	30	30	36	56	67	60	22	35	53	9	32	7	
36	45	57	42	22	29	37	53	39	29	28	33	48	64	51	28	48	49	46	37	53	21	0	65	33	24	52	52	26	47	24	39	50	85	6	43	3	50	15	27	
50	13	1	80	31	27	46	22	22	47	24	53	43	12	44	21	48	28	32	46	54	55	42	0	3	70	16	54	13	2	67	48	59	33	32	46	40	56	31	19	
49	33	24	59	57	44	29	15	24	44	50	68	59	2	31	50	12	31	19	10	29	58	62	69	0	34	48	18	21	9	55	69	66	48	45	48	71	68	7	50	
40	27	46	33	15	22	30	42	28	34	45	38	51	42	27	21	60	20	23	30	30	10	56	34	21	0	56	14	57	17	7	32	43	53	34	5	27	35	1	37	
41	47	8	46	41	48	56	29	29	53	44	71	19	54	39	43	12	19	1	52	13	29	48	37	28	65	0	40	54	41	48	58	38	10	33	43	34	14	38	44	
36	25	37	45	2	9	17	58	10	54	22	8	38	19	2	8	48	32	20	17	51	31	67	53	11	7	55	0	29	27	28	19	30	48	30	26	48	56	22	36	
63	50	3	25	36	43	51	24	24	26	3	57	41	41	36	42	68	52	34	44	50	57	81	33	23	34	50	46	0	50	43	34	64	54	20	39	75	5	33	46	
10	31	26	48	25	32	40	15	27	7	36	57	35	52	36	31	18	33	7	40	31	15	68	52	36	48	1	16	33	0	39	31	19	49	47	51	56	31	37	27	
51	36	53	65	18	25	33	5	6	39	25	43	54	31	28	24	18	57	35	12	55	56	63	37	29	61	33	38	36	3	0	35	31	18	36	30	11	2	37	18	
56	64	24	70	57	29	72	45	45	40	31	64	53	50	55	48	62	44	55	72	58	16	80	62	44	69	66	51	66	39	69	0	85	73	55	33	17	37	22	43	
43	46	66	32	31	38	46	55	48	38	37	2	57	13	46	12	15	58	44	46	11	30	3	63	42	30	50	47	20	56	33	1	0	8	15	49	1	1	1	30	
57	24	60	62	43	14	8	68	29	50	49	51	47	31	45	37	60	64	58	57	48	36	15	35	23	45	55	60	47	57	45	50	3	0	8	23	15	1	26	8	
56	32	45	1	44	44	59	51	48	8	59	33	43	38	37	50	48	34	29	36	32	47	54	34	3	23	38	41	34	45	8	16	36	26	0	32	63	10	38	28	
14	32	33	63	59	8	64	28	2	19	53	46	38	27	1	52	34	28	31	35	4	26	55	8	2	58	48	53	31	34	15	46	45	50	42	0	63	9	17	28	
46	30	45	41	61	68	76	12	66	67	41	31	33	49	73	44	3	64	1	13	51	49	53	20	14	32	7	19	53	46	48	6	62	46	19	51	0	52	10	49	
9	30	31	31	50	41	39	21	46	6	1	8	47	17	28	39	48	32	53	7	30	61	57	16	5	52	5	56	32	8	38	1	65	28	40	48	66	0	36	26	
26	56	45	62	44	35	59	41	35	33	52	11	14	60	25	41	72	37	34	22	6	9	54	24	50	15	64	22	21	39	36	61	71	32	48	34	27	25	0	27	
61	31	7	48	8	15	23	21	28	25	8	47	44	53	50	14	64	42	38	23	19	44	33	69	19	63	25	49	51	33	57	25	36	25	4	52	42	49	37	0	
M1
0	8	8	59	32	53	29	51	18	42	33	11	58	78	65	57	45	25	16	69	69	53	59	5	56	40	67	44	49	52	36	72	9	52	25	20	61	61	70	72	
5	0	12	20	17	24	5	42	35	16	15	16	32	5	27	15	57	18	31	48	22	6	35	22	40	22	52	37	15	30	51	38	26	18	19	10	7	11	12	21	
25	44	0	4	39	34	22	45	40	31	38	3	47	57	13	34	51	33	13	52	39	41	27	23	18	38	31	34	7	25	21	30	41	25	38	25	38	26	27	35	
24	29	43	0	32	53	21	44	39	41	47	36	31	8	30	29	56	56	47	36	61	40	26	10	52	37	2	35	6	24	11	22	45	28	51	24	39	60	28	21	
51	55	41	41	0	5	52	41	44	37	44	31	53	63	33	41	57	39	4	48	43	8	50	47	24	61	19	58	48	4	52	42	47	39	20	32	49	32	47	25	
54	58	1	8	27	0	51	1	43	25	36	49	53	37	36	1	60	2	40	8	22	51	47	28	27	21	40	52	36	11	58	43	40	42	40	30	28	35	29	54	
35	55	16	48	30	29	0	5	26	35	28	51	52	52	49	28	46	36	50	19	14	21	34	20	40	52	31	19	21	39	34	30	37	47	22	14	20	48	41	29	
72	74	2	53	49	70	57	0	24	10	29	52	56	53	50	53	85	69	27	65	47	73	21	62	67	70	31	26	56	69	49	17	70	35	52	74	53	75	66	79	
36	26	50	40	27	34	33	53	0	3	25	42	45	5	27	25	61	46	3	21	37	2	24	37	31	49	44	24	18	9	34	41	54	37	29	36	17	39	25	22	
45	23	28	35	38	54	12	1	50	0	3	5	21	61	39	47	72	21	53	38	48	62	47	16	51	48	57	28	52	45	49	43	41	32	26	51	51	26	40	17	
25	36	45	37	13	34	6	27	55	39	0	39	13	69	35	22	59	20	33	28	23	37	34	27	26	40	39	23	34	33	33	44	37	7	1	26	26	34	15	54	
50	55	34	4	34	41	47	27	65	41	32	0	26	34	28	12	61	42	12	26	20	24	52	12	58	15	47	12	32	20	60	55	35	51	36	50	24	65	45	5	
5	25	25	44	30	40	37	27	35	24	9	28	0	53	61	31	62	39	33	56	17	50	51	22	52	6	33	37	31	49	13	19	26	38	1	17	23	35	44	49	
34	2	35	16	5	26	27	44	53	32	20	18	50	0	3	2	43	40	20	47	35	29	40	13	25	51	31	21	20	25	56	43	48	39	24	12	12	33	1	46	
19	39	28	54	15	11	9	29	39	34	5	42	33	55	0	5	43	47	22	49	50	39	4	15	49	37	36	41	13	31	49	36	40	32	17	14	5	50	3	44	
28	13	35	38	12	19	25	18	29	14	10	36	45	24	46	0	77	38	32	19	16	10	30	33	44	41	47	29	10	28	33	33	39	23	14	15	2	47	23	40	
35	40	55	30	33	40	22	57	56	22	31	41	9	19	29	31	0	28	43	58	47	21	51	8	48	36	61	47	31	40	12	6	36	17	31	47	23	21	39	73	
41	11	9	4	20	36	40	14	38	17	27	49	54	55	36	15	16	0	27	54	61	44	46	20	30	27	35	46	27	40	43	48	34	45	11	19	19	38	8	6	
26	22	15	25	25	44	23	9	41	30	35	25	46	1	23	9	18	32	0	17	21	42	28	12	45	27	27	18	8	26	46	17	40	27	37	26	27	25	21	19	
7	23	27	4	26	45	15	10	18	16	23	23	32	2	12	5	36	18	35	0	49	41	24	19	3	54	16	37	27	13	34	21	26	16	23	8	28	11	22	61	
27	46	34	51	11	18	24	29	42	16	9	39	34	51	60	9	74	17	31	47	0	35	29	12	51	40	46	38	9	27	40	32	18	28	13	27	1	42	22	27	
28	32	41	18	18	5	11	36	37	14	16	46	30	44	10	13	34	16	18	46	2	0	9	18	1	47	14	35	16	19	32	19	22	2	20	17	8	9	6	34	
44	14	18	34	36	39	45	23	38	30	37	53	46	54	1	4	50	32	14	62	36	1	0	35	17	29	13	51	41	36	47	35	40	32	15	19	42	25	40	3	
20	37	40	23	35	35	45	52	50	5	26	43	25	49	15	1	6	21	48	51	43	18	5	0	6	52	19	40	30	25	37	24	29	21	26	48	49	14	39	12	
22	26	42	12	24	45	34	41	52	8	15	44	24	38	4	35	28	10	44	40	41	39	31	18	0	46	8	29	19	14	26	13	18	10	15	37	39	3	28	65	
15	10	11	62	26	28	39	54	45	29	19	38	50	54	51	24	20	42	43	33	20	50	24	25	66	0	61	53	24	42	60	45	36	43	28	38	16	61	27	49	
11	31	31	25	17	17	45	53	5	55	30	34	42	31	51	6	3	48	37	59	40	41	50	28	54	16	0	49	30	36	13	14	32	17	34	37	22	51	26	54	
50	51	61	52	4	25	54	61	32	34	50	2	48	30	20	28	35	17	24	68	63	28	62	15	35	15	39	0	51	24	31	53	58	50	35	37	53	43	50	14	
7	26	26	48	38	39	4	27	22	61	45	19	45	65	66	44	64	44	35	37	56	23	9	24	57	20	55	18	0	7	27	12	28	55	44	7	37	65	58	36	
3	23	23	15	26	33	32	15	9	11	4	26	27	41	56	24	12	13	31	43	44	35	44	20	52	49	37	27	24	0	50	1	21	13	18	21	16	6	31	56	
15	13	35	45	34	34	56	49	33	46	31	38	1	10	6	31	12	52	43	21	39	52	65	1	44	28	55	50	45	25	0	41	36	1	23	19	41	52	30	45	
14	34	24	28	7	8	23	43	16	5	42	37	12	64	8	44	68	36	12	28	44	9	51	31	43	39	42	24	58	10	46	0	35	36	33	35	50	29	47	48	
30	36	50	22	37	51	6	49	60	15	40	18	34	48	18	45	27	20	57	50	51	49	53	7	20	48	33	39	34	32	36	38	0	4	25	49	46	13	38	70	
40	13	55	56	36	19	37	33	55	48	14	45	34	65	48	41	72	23	1	43	27	56	11	44	39	53	52	51	22	40	39	22	30	0	7	40	33	47	51	59	
44	30	28	32	4	25	45	1	50	36	48	13	18	61	39	61	63	45	24	30	56	28	47	52	30	45	39	51	40	24	7	43	50	45	0	52	62	38	56	45	
36	51	12	13	9	24	49	4	46	39	40	21	10	30	40	9	38	47	29	40	31	5	47	48	32	28	20	55	41	29	44	29	23	20	15	0	37	40	44	25	
19	38	26	47	3	10	16	31	34	36	1	31	36	43	52	1	76	43	23	49	46	27	21	26	43	32	38	30	1	19	37	24	40	20	5	19	0	38	14	43	
15	19	35	5	20	41	35	34	45	1	40	37	17	31	46	28	42	3	40	33	34	32	36	32	50	39	55	22	40	15	40	56	11	3	8	32	32	0	21	61	
27	47	38	46	15	22	28	37	46	25	13	43	43	55	64	1	60	46	13	40	58	35	33	6	55	44	50	32	13	31	49	36	48	32	17	5	5	41	0	47	
12	9	32	55	53	18	38	12	42	47	18	2	41	51	41	27	2	28	40	47	63	53	26	10	55	52	2	32	23	41	44	38	33	47	41	41	55	53	55	0	
