40  4  1
4
	0	88	1	36	2	31	3	53
	0	4	1	81	2	73	3	78
	0	11	1	85	2	6	3	60
	0	66	1	21	2	37	3	16
	0	70	1	1	2	82	3	65
	0	54	1	84	2	84	3	69
	0	74	1	10	2	4	3	74
	0	27	1	79	2	84	3	85
	0	73	1	81	2	93	3	65
	0	96	1	26	2	4	3	84
	0	69	1	69	2	61	3	33
	0	80	1	96	2	36	3	80
	0	55	1	17	2	94	3	49
	0	79	1	14	2	98	3	22
	0	86	1	3	2	33	3	23
	0	92	1	20	2	30	3	25
	0	79	1	56	2	23	3	72
	0	55	1	79	2	58	3	28
	0	49	1	24	2	49	3	92
	0	18	1	51	2	46	3	36
	0	73	1	91	2	52	3	44
	0	50	1	21	2	26	3	87
	0	86	1	63	2	28	3	38
	0	74	1	78	2	16	3	16
	0	7	1	2	2	3	3	26
	0	35	1	56	2	9	3	21
	0	97	1	15	2	97	3	5
	0	1	1	27	2	53	3	50
	0	54	1	6	2	63	3	18
	0	90	1	55	2	2	3	78
	0	25	1	79	2	12	3	74
	0	35	1	1	2	62	3	100
	0	65	1	97	2	11	3	59
	0	76	1	90	2	3	3	28
	0	19	1	2	2	75	3	63
	0	81	1	28	2	64	3	94
	0	34	1	87	2	28	3	14
	0	3	1	79	2	33	3	58
	0	9	1	25	2	54	3	13
	0	71	1	99	2	10	3	24
SSD
M0
0	32	12	11	16	35	13	27	31	37	9	29	37	22	10	3	12	29	31	22	26	20	27	28	21	3	21	34	25	4	23	11	18	22	19	3	29	5	12	14	
26	0	29	15	17	12	5	18	12	28	26	14	1	15	34	10	14	40	19	31	7	21	4	42	21	41	10	19	12	27	39	28	22	17	12	15	32	22	15	31	
21	12	0	16	15	20	9	25	17	27	23	14	17	26	29	26	7	43	8	18	23	16	20	12	6	32	15	14	20	1	24	14	32	24	8	31	23	38	31	29	
12	7	15	0	9	13	16	18	8	1	18	11	12	21	4	6	18	33	5	25	18	7	15	31	3	6	12	5	11	19	21	3	23	15	18	18	20	14	8	23	
8	3	15	13	0	9	12	14	4	5	8	11	8	17	33	17	14	13	12	15	14	3	11	13	3	30	12	1	7	3	21	11	4	11	15	17	20	21	22	26	
34	10	5	2	31	0	19	8	26	32	19	28	15	11	21	24	4	18	24	27	21	12	18	16	22	37	18	27	26	17	36	30	36	14	24	8	36	34	19	42	
26	16	26	1	29	3	0	27	29	35	28	12	21	26	6	28	30	33	27	4	16	35	23	29	21	12	29	39	29	4	25	12	34	10	18	11	25	24	8	12	
4	7	8	11	12	4	12	0	22	7	5	9	12	21	13	18	8	19	5	23	18	12	15	6	1	7	10	30	13	4	14	9	29	28	23	1	18	1	19	10	
18	24	1	25	27	2	21	14	0	24	35	26	29	20	40	13	19	4	20	25	35	26	24	9	18	8	21	24	5	6	16	10	29	34	20	37	35	33	33	10	
19	22	8	12	12	16	12	21	23	0	5	8	19	11	13	18	8	38	13	24	23	16	28	6	2	21	11	20	21	6	9	10	17	29	23	3	19	1	13	3	
10	5	17	7	2	11	14	16	6	28	0	13	10	19	7	19	16	5	2	27	16	5	13	30	5	20	14	3	9	23	23	13	8	13	11	24	18	26	1	28	
20	15	26	25	2	5	24	26	10	13	16	0	20	9	4	25	24	2	32	27	3	15	23	38	15	21	24	13	19	12	18	23	7	23	20	27	2	23	19	32	
9	30	7	25	27	22	27	31	32	38	26	11	0	15	7	40	25	30	20	21	12	20	5	26	15	36	22	32	38	19	14	2	10	42	26	1	32	23	18	32	
30	17	21	23	25	9	24	31	15	10	32	21	22	0	2	31	20	31	28	8	8	18	4	19	13	20	4	34	33	26	10	21	25	36	4	26	5	28	9	10	
31	12	20	19	16	23	21	34	23	29	3	17	17	21	0	12	2	12	28	24	6	28	17	33	15	28	24	35	28	18	7	23	23	15	9	5	19	13	2	7	
3	13	11	25	11	29	2	14	29	3	34	29	13	17	42	0	29	19	19	27	19	37	21	27	21	41	27	36	24	23	15	29	12	24	16	32	23	30	8	11	
7	18	27	28	6	24	18	8	19	38	24	26	23	4	1	32	0	1	23	24	14	18	3	34	18	21	25	16	22	25	2	26	34	26	30	24	31	20	26	24	
35	34	11	20	22	17	21	29	29	47	27	18	39	2	10	15	26	0	22	13	44	28	2	31	10	17	19	36	11	10	5	18	9	37	30	5	2	29	30	33	
13	10	20	20	12	16	13	21	11	10	17	18	10	24	25	7	13	21	0	5	21	10	16	14	10	33	19	8	14	18	14	18	26	17	14	2	27	13	10	22	
4	25	9	20	7	24	13	5	31	39	6	6	30	5	14	19	9	43	28	0	23	17	33	11	10	22	18	34	7	7	28	12	32	16	21	5	27	2	40	11	
7	12	4	28	20	16	1	11	19	28	27	20	2	6	29	26	22	26	23	9	0	5	13	22	18	11	26	16	22	14	12	26	1	10	23	17	27	23	22	17	
24	14	24	2	20	2	2	30	20	15	28	20	17	4	13	28	14	30	15	29	25	0	4	17	12	37	21	17	9	12	30	20	35	27	1	27	8	24	5	25	
16	11	21	19	5	8	18	11	12	38	24	17	16	25	19	25	3	42	8	25	17	8	0	2	9	6	14	9	2	29	27	17	11	19	23	3	26	37	24	15	
14	8	19	11	18	21	17	2	11	36	34	15	13	27	21	4	26	46	25	29	19	17	16	0	7	36	16	31	24	15	8	14	15	29	24	27	24	30	27	22	
19	28	5	3	5	7	25	12	28	37	32	1	33	13	40	33	18	34	24	15	39	28	19	21	0	43	2	26	32	17	11	1	34	20	19	20	10	28	38	16	
27	15	25	21	27	31	24	28	3	11	15	29	20	28	30	15	25	31	38	5	15	7	23	21	25	0	29	23	1	23	15	5	17	10	6	22	9	18	30	2	
31	5	12	24	25	17	14	27	21	32	9	12	10	9	21	19	23	34	9	40	16	30	13	16	25	38	0	28	14	24	42	28	31	22	21	24	27	31	24	37	
6	1	13	11	3	7	10	12	2	33	14	9	6	15	39	15	12	37	24	23	12	1	9	29	1	46	10	0	5	19	19	9	17	9	13	20	18	27	20	24	
21	16	23	26	18	22	25	14	17	16	14	11	5	15	40	30	27	41	39	8	27	16	17	26	16	18	4	14	0	25	18	7	32	24	19	31	33	28	35	36	
26	3	15	22	19	19	8	25	19	24	5	21	8	5	9	17	15	3	26	9	14	23	11	31	24	28	17	26	2	0	7	18	29	24	6	2	35	8	22	17	
10	33	27	25	27	29	42	33	42	19	2	23	25	34	38	11	34	14	37	11	19	17	14	8	15	19	24	39	16	7	0	23	46	7	36	25	21	31	26	33	
20	1	27	20	22	10	10	22	7	1	28	19	6	18	31	15	17	6	5	30	12	26	9	15	20	25	15	24	17	29	13	0	27	22	17	20	14	24	20	1	
19	7	26	24	12	20	16	9	10	24	13	16	2	10	19	21	25	46	24	36	9	14	6	17	14	24	21	12	18	32	10	12	0	22	1	19	11	31	25	37	
11	6	15	13	8	12	15	17	7	23	19	6	11	18	12	20	17	33	24	1	17	6	14	30	3	22	12	4	10	24	1	11	22	0	18	24	5	21	10	26	
30	33	16	14	16	18	13	23	26	4	28	4	8	24	25	26	18	27	31	26	24	39	20	18	4	32	13	37	36	28	22	12	18	31	0	7	10	26	5	27	
18	28	11	9	14	6	15	15	29	34	8	3	33	18	16	21	11	6	5	24	25	19	36	27	20	24	20	26	14	9	38	14	7	28	11	0	37	4	26	13	
18	25	2	9	13	18	13	23	16	27	6	12	21	22	14	19	9	27	14	5	22	17	28	4	4	22	11	27	6	7	22	7	18	18	4	6	0	2	28	4	
15	24	4	22	8	27	8	32	26	42	1	21	29	33	9	14	4	38	23	33	20	12	32	20	13	17	13	29	17	2	31	7	27	30	23	1	30	0	43	6	
28	19	16	8	16	18	28	23	12	18	30	12	24	24	28	33	21	16	34	26	20	29	6	32	4	24	13	37	28	28	18	12	36	31	1	27	8	26	0	20	
15	9	8	25	17	21	18	26	14	41	28	4	14	28	26	10	16	18	27	8	20	15	10	31	15	7	23	13	8	20	6	23	6	23	20	28	32	28	28	0	
M1
0	19	19	32	19	28	16	22	14	13	23	22	13	17	5	13	12	27	20	8	16	23	26	12	23	22	1	31	12	22	19	26	27	7	26	15	26	15	13	25	
21	0	18	21	36	19	2	19	13	23	4	40	30	6	36	25	31	14	22	7	34	16	20	27	26	15	22	37	18	2	25	23	34	35	26	35	23	40	33	27	
5	2	0	32	30	37	29	8	19	15	32	25	36	17	40	28	29	16	39	35	18	8	24	19	34	32	1	19	34	11	30	26	29	7	42	29	34	16	26	9	
21	7	8	0	35	27	10	27	14	18	21	2	12	6	22	11	13	10	4	7	27	15	32	24	30	23	6	31	26	7	24	16	10	13	7	28	18	5	24	10	
16	10	10	14	0	24	10	13	14	21	19	25	26	16	23	3	14	7	15	9	26	8	9	12	3	22	30	28	3	24	13	22	28	14	23	30	6	13	15	14	
20	25	26	19	25	0	20	20	29	21	19	33	7	4	29	18	32	9	28	6	41	22	2	23	24	13	28	30	21	25	14	15	25	6	6	27	21	20	27	19	
25	10	31	36	26	43	0	7	1	13	5	35	24	25	24	27	31	17	10	23	22	4	33	31	30	3	14	25	30	5	28	20	34	23	14	32	33	28	37	24	
7	15	13	18	4	29	15	0	16	23	17	28	3	21	20	8	19	10	3	9	31	13	7	17	8	19	29	7	8	21	10	2	21	19	21	14	4	18	12	6	
24	21	9	1	11	2	14	13	0	23	19	11	16	28	35	14	11	2	3	21	3	2	9	4	15	10	26	22	7	29	11	19	26	12	29	21	18	25	27	20	
15	18	18	24	18	27	15	11	13	0	21	29	11	12	4	12	11	4	15	13	30	17	19	11	22	16	31	7	11	18	8	10	12	2	1	22	7	14	20	6	
28	24	34	34	31	36	6	23	17	14	0	28	26	19	39	32	45	33	13	2	9	20	15	21	34	19	3	33	31	21	32	23	10	31	30	1	32	31	31	27	
29	2	21	24	31	18	21	16	15	15	2	0	3	26	17	20	5	18	20	26	26	25	11	7	20	19	17	37	14	17	19	24	12	40	15	11	5	5	9	27	
18	16	9	17	14	22	9	4	13	17	17	24	0	6	5	9	12	8	13	12	24	6	12	11	1	21	29	27	2	1	12	20	1	28	11	28	4	8	13	12	
18	8	9	1	31	15	30	8	27	3	1	24	28	0	29	30	14	1	26	14	31	27	21	19	35	32	28	28	23	22	11	13	14	31	29	25	3	25	15	17	
28	11	11	26	11	20	8	14	6	9	23	26	5	28	0	5	4	19	12	6	23	19	18	4	15	21	24	35	4	23	14	23	19	26	27	33	18	7	27	17	
24	30	30	23	37	12	16	20	27	25	23	15	31	8	23	0	19	23	10	9	44	23	24	10	26	29	31	22	29	26	30	19	8	5	27	8	25	33	37	1	
8	15	8	19	24	13	8	11	12	26	2	6	17	11	14	8	0	7	3	12	1	17	15	2	28	20	16	9	1	20	11	3	22	8	22	15	5	23	25	7	
11	18	11	22	17	3	11	14	15	14	9	24	19	20	21	3	1	0	19	1	4	4	18	13	21	23	10	21	4	8	3	6	8	25	9	5	4	24	32	10	
20	25	3	10	35	9	5	22	16	11	20	2	29	23	21	18	13	4	0	3	14	19	33	7	14	18	7	37	28	20	28	28	10	20	29	11	17	11	19	25	
21	24	27	19	33	10	14	26	12	13	14	38	17	4	19	17	26	10	15	0	22	9	34	22	26	27	33	20	26	17	11	16	32	2	7	15	21	22	6	20	
4	13	14	15	34	21	26	16	23	4	2	28	15	21	21	18	7	8	6	2	0	6	31	7	1	8	5	16	19	26	11	22	20	23	13	24	4	28	13	12	
32	28	12	14	28	30	25	11	11	26	8	36	7	19	14	22	21	17	29	23	24	0	29	21	25	10	3	13	21	24	3	27	9	31	23	39	28	24	33	3	
3	24	24	28	13	27	22	27	20	22	15	39	19	30	11	17	17	13	26	20	37	19	0	7	14	9	27	28	17	19	27	36	33	28	37	27	17	21	26	15	
3	14	14	12	3	20	14	17	18	25	20	12	15	16	16	7	12	2	18	8	20	12	13	0	7	22	11	12	7	3	16	5	24	2	5	17	10	3	7	9	
16	26	27	38	32	19	29	13	27	16	14	25	26	35	18	20	25	5	10	27	21	3	39	24	0	28	27	34	25	30	27	32	33	31	43	25	1	28	10	9	
13	17	17	24	29	28	25	11	5	12	10	34	29	13	21	25	28	11	19	17	12	5	25	27	7	0	14	23	18	30	13	8	27	34	27	2	9	8	19	12	
15	23	19	16	14	30	13	9	3	18	16	25	22	1	34	14	29	16	23	19	6	23	11	3	18	23	0	15	18	6	14	10	21	13	29	22	18	28	15	14	
12	26	16	4	28	43	19	13	19	32	13	27	25	17	38	19	35	20	18	8	22	21	8	19	24	4	1	0	12	22	17	7	20	29	26	12	27	25	27	11	
18	8	1	29	30	33	1	4	5	24	16	16	32	24	28	1	35	25	21	22	33	15	8	3	34	13	21	28	0	16	4	13	19	20	22	25	29	16	36	7	
12	35	9	29	38	32	31	5	18	31	24	41	27	14	34	11	27	20	26	15	30	10	35	9	14	15	9	39	36	0	29	26	38	21	17	12	17	32	10	22	
12	31	10	3	44	9	34	27	24	28	11	26	34	11	40	32	37	26	28	27	41	14	16	33	28	26	20	30	33	31	0	38	34	7	31	42	23	4	34	34	
4	23	10	15	20	39	16	19	13	38	14	30	20	29	33	16	27	12	12	8	47	13	23	18	24	18	26	14	9	21	10	0	18	35	18	11	27	26	26	3	
13	16	5	23	16	12	9	12	2	25	18	24	29	8	23	8	30	2	21	14	11	10	5	11	20	10	29	23	2	16	12	8	0	28	27	1	2	8	8	12	
15	8	21	26	26	35	8	3	10	24	23	22	4	12	12	14	19	4	7	19	24	17	4	10	15	20	32	25	19	22	21	10	1	0	1	22	12	10	24	4	
12	17	18	23	28	38	12	27	21	26	22	29	8	9	30	11	24	1	20	16	42	14	25	26	22	25	34	22	17	19	18	7	26	34	0	19	25	13	21	11	
18	24	13	16	24	33	21	11	18	9	19	37	18	4	10	18	16	19	25	7	36	8	2	17	28	32	32	23	17	36	27	18	1	37	22	0	21	2	2	5	
22	8	14	2	23	15	14	17	18	21	29	25	8	21	9	14	16	13	10	18	2	26	21	16	21	26	25	19	7	26	17	17	26	25	10	2	0	15	21	16	
12	15	8	24	9	23	8	11	12	29	23	9	11	12	33	8	21	15	25	19	14	18	15	10	13	13	20	26	1	10	11	16	10	24	14	28	16	0	25	11	
34	18	5	4	33	15	30	33	13	34	1	24	23	17	40	30	22	14	23	32	13	7	36	32	35	5	16	6	23	32	17	29	15	14	29	35	17	30	0	13	
6	16	16	31	16	12	13	4	11	14	17	27	10	30	2	4	9	5	13	11	6	6	11	9	1	24	29	37	9	27	19	28	15	10	32	28	4	12	13	0	
M2
0	29	28	28	23	20	15	29	38	29	1	29	17	36	7	32	26	18	24	24	22	23	5	17	17	24	10	22	18	25	7	10	26	23	35	27	15	40	4	36	
21	0	35	31	30	25	18	36	6	32	15	11	2	3	29	24	25	25	29	20	19	31	28	24	42	27	4	7	14	28	12	24	29	38	10	16	25	24	28	3	
24	5	0	18	4	24	17	9	30	24	14	14	19	24	19	19	20	19	2	21	4	12	20	9	16	12	21	25	13	20	16	7	28	10	14	14	8	12	27	2	
11	7	12	0	16	16	33	27	25	19	20	5	30	21	7	10	11	10	13	21	19	22	11	13	27	9	37	22	22	12	3	8	27	1	16	5	20	30	20	20	
30	17	28	7	0	4	27	32	9	38	23	12	29	29	13	28	13	32	30	26	18	23	20	28	17	17	31	30	19	34	13	34	35	23	14	25	24	14	30	12	
35	17	6	16	16	0	29	6	1	33	26	26	25	7	31	31	32	31	14	11	16	6	22	21	22	13	33	26	25	24	8	19	31	22	24	1	20	24	20	14	
30	16	27	9	27	10	0	20	38	10	14	20	21	17	7	14	26	19	13	5	3	20	15	18	21	5	20	9	20	6	4	21	7	16	17	20	33	21	21	19	
31	10	2	15	12	24	13	0	19	27	13	8	11	20	24	26	27	16	10	22	4	20	27	17	24	20	18	26	21	23	11	15	24	17	20	3	16	16	20	10	
9	13	9	16	9	17	32	2	0	27	11	29	9	33	4	6	32	23	17	32	10	1	6	10	28	26	12	26	28	13	9	10	33	23	29	21	22	14	8	17	
17	17	17	2	26	17	32	6	36	0	4	21	7	18	14	22	17	17	25	21	8	19	1	22	32	6	37	19	18	24	8	30	5	13	3	17	30	7	8	20	
4	10	7	14	6	19	30	18	19	8	0	17	1	19	7	3	5	13	4	18	17	17	13	16	15	7	9	16	16	15	10	6	3	4	15	8	21	19	20	15	
15	10	7	18	8	13	5	17	7	14	22	0	19	12	16	13	13	2	15	14	12	8	14	16	2	12	29	18	9	15	10	4	16	4	11	8	21	1	26	15	
23	8	28	22	8	12	24	1	26	27	13	38	0	34	35	29	26	27	22	9	23	19	5	31	32	23	42	28	33	34	31	41	35	28	24	32	10	33	39	35	
25	13	25	7	25	8	28	14	1	4	12	27	15	0	17	23	14	12	4	16	16	25	9	7	19	14	26	27	4	4	16	9	13	14	11	18	12	12	16	13	
21	23	33	16	15	17	3	22	45	12	20	27	23	24	0	21	32	14	16	12	6	27	17	25	28	12	10	16	23	13	11	28	14	23	13	13	29	23	7	12	
33	22	12	19	22	32	23	23	31	13	21	26	24	6	22	0	31	5	20	6	7	30	13	15	34	11	30	15	31	28	25	25	22	28	20	9	25	24	20	20	
16	16	5	15	15	18	28	18	1	9	7	18	2	1	24	30	0	6	7	12	15	20	14	20	27	19	11	32	8	14	21	18	6	21	16	2	19	2	21	13	
14	25	24	20	19	5	10	24	16	14	19	8	3	20	21	13	24	0	25	19	17	19	14	27	13	19	10	7	10	20	18	35	21	19	19	15	38	15	12	7	
29	14	3	19	13	23	9	18	15	23	5	23	22	16	20	1	29	6	0	18	13	21	9	18	25	14	30	5	7	19	17	16	18	19	23	16	15	18	12	11	
10	4	12	7	7	21	7	11	27	1	9	17	12	15	18	16	3	16	15	0	13	7	6	16	1	3	23	3	20	17	13	25	7	7	8	11	26	12	13	15	
16	9	5	9	11	15	1	20	30	15	12	25	26	21	2	19	6	4	13	10	0	23	9	20	23	10	9	14	24	11	9	18	12	21	1	22	19	23	26	13	
15	7	16	15	20	16	21	20	29	10	18	14	19	14	4	10	5	10	23	28	19	0	11	13	14	9	1	22	17	12	7	26	19	1	17	5	20	21	22	6	
22	17	24	23	19	24	10	10	7	24	28	26	34	26	21	3	24	7	24	19	17	19	0	25	13	14	33	23	15	20	18	35	21	19	2	23	1	8	32	28	
2	15	6	7	16	22	29	11	5	1	9	14	2	7	19	12	22	22	4	26	7	21	6	0	28	11	33	24	23	24	13	19	10	18	8	3	20	12	13	14	
10	9	8	17	3	18	31	12	32	27	22	16	30	23	26	12	8	12	11	30	13	3	13	12	0	11	25	24	27	14	9	21	29	3	20	7	22	26	26	16	
31	2	13	33	23	18	20	28	28	30	17	6	22	3	19	26	20	21	21	10	1	23	30	13	34	0	24	4	16	30	25	22	9	27	17	15	27	26	28	5	
24	13	8	9	7	6	3	23	12	17	7	23	26	10	1	19	20	19	6	12	10	26	12	22	28	11	0	16	27	13	11	9	14	10	4	14	5	18	28	16	
17	19	8	25	18	26	12	23	40	24	1	18	12	30	23	30	27	14	12	6	18	10	16	19	16	21	34	0	15	22	16	9	2	22	28	13	22	26	27	16	
15	6	2	10	4	12	19	8	25	21	13	7	8	26	21	17	13	17	10	15	10	8	18	4	2	16	23	29	0	8	14	15	30	8	16	12	11	12	30	4	
22	14	24	1	19	2	35	28	34	30	6	21	31	23	11	17	18	13	21	17	21	19	18	13	13	11	39	24	36	0	14	16	23	8	15	12	27	33	20	25	
21	22	11	19	21	1	22	23	24	13	21	29	21	26	31	28	29	17	5	14	18	7	18	3	33	23	22	8	25	22	0	24	12	27	20	22	17	23	5	19	
20	21	19	4	10	24	35	9	39	19	21	28	9	35	3	24	20	24	2	37	3	15	15	24	9	23	34	31	30	26	11	0	17	15	4	19	15	5	23	21	
24	20	13	29	13	18	36	28	27	23	3	33	24	17	11	34	34	1	18	29	14	3	28	6	31	22	30	16	2	36	5	26	0	27	25	25	27	19	22	21	
11	3	26	11	17	12	29	36	30	26	16	10	27	17	21	6	7	6	20	24	15	22	7	9	23	5	33	18	30	8	3	22	23	0	25	1	16	32	20	19	
21	20	19	4	14	25	12	14	2	4	12	27	15	20	22	4	11	23	22	21	16	14	9	23	8	14	26	25	11	22	16	4	13	14	0	18	32	15	11	8	
2	1	14	5	23	6	11	23	37	25	10	22	7	27	3	21	13	17	22	20	18	23	4	17	17	15	29	24	33	2	18	20	22	12	19	0	28	32	9	22	
36	20	9	4	5	23	18	24	18	23	15	12	28	19	23	34	3	13	17	7	19	5	8	18	31	27	4	20	14	28	15	22	1	25	7	28	0	5	32	17	
27	19	16	7	25	8	21	17	40	7	12	16	16	29	17	16	23	1	24	23	19	22	12	19	19	17	3	4	29	4	19	22	16	13	14	17	30	0	19	24	
24	18	31	14	29	15	21	26	25	16	18	34	7	25	2	24	3	13	5	30	27	27	21	26	26	24	25	34	17	11	15	9	13	21	18	19	16	17	0	6	
26	25	36	18	17	19	5	29	35	19	2	29	7	12	16	23	35	12	22	14	12	29	15	18	29	14	9	18	1	15	13	30	16	25	2	3	28	11	30	0	
M3
0	39	24	29	32	42	30	4	46	11	6	7	33	3	13	35	21	6	27	29	35	10	18	27	25	3	25	17	26	31	26	18	29	33	9	22	20	36	3	11	
4	0	28	33	24	23	24	27	8	24	12	36	10	3	11	11	7	32	34	18	27	45	44	27	32	30	25	4	32	31	28	4	34	12	36	43	18	35	29	41	
16	41	0	31	36	27	30	30	37	26	39	39	43	31	4	30	3	29	29	6	17	10	20	34	7	34	26	28	28	36	29	3	7	37	25	35	33	14	5	11	
27	17	27	0	13	37	21	2	1	25	28	19	22	2	9	28	28	17	30	31	29	29	24	26	19	2	2	10	9	28	25	30	11	8	1	24	22	10	23	23	
23	23	32	6	0	24	3	24	23	39	1	16	28	7	31	31	29	6	32	36	28	4	23	31	25	24	8	16	9	9	32	29	17	2	14	34	18	24	14	13	
40	7	15	45	34	0	33	9	43	14	28	5	31	40	36	25	15	27	21	34	34	46	35	16	41	13	32	20	35	8	23	20	41	10	31	27	40	7	34	23	
5	1	22	34	2	29	0	34	43	14	8	2	25	17	30	12	13	12	36	2	6	33	4	22	3	18	41	35	4	29	9	32	14	32	41	8	33	42	21	32	
23	29	21	7	1	17	2	0	10	15	23	9	34	25	32	8	42	29	3	4	2	42	47	35	6	25	14	22	21	10	12	21	23	31	4	30	34	13	38	9	
12	26	36	27	17	24	21	28	0	26	38	30	29	29	25	34	22	35	27	31	7	34	18	11	9	12	39	4	10	33	35	18	12	38	22	33	12	43	3	30	
35	31	33	3	12	4	16	21	2	0	11	34	30	21	28	15	4	31	7	31	2	47	23	18	21	9	16	24	23	10	24	4	25	27	20	19	20	11	42	7	
22	40	18	14	39	15	29	32	29	40	0	26	29	32	3	11	25	28	31	21	17	5	22	1	18	26	32	27	3	5	47	4	26	31	27	2	8	27	7	21	
19	27	28	5	24	14	34	20	22	9	18	0	39	14	30	3	12	34	24	35	29	31	34	8	6	23	23	31	8	21	37	34	32	29	22	27	36	31	19	23	
37	1	25	28	6	40	4	42	32	34	4	12	0	10	34	32	37	21	18	3	21	39	30	26	23	24	6	14	13	32	6	5	11	29	26	9	24	12	20	9	
5	21	3	30	41	30	28	16	30	32	5	36	8	0	2	30	11	14	9	18	23	28	19	2	23	5	6	1	13	6	3	19	9	31	21	18	26	22	4	22	
32	19	26	43	34	11	3	35	10	16	34	19	28	19	0	9	24	2	22	8	31	40	24	25	25	7	8	1	6	27	30	3	17	10	32	29	28	1	33	7	
29	38	33	37	3	38	22	10	8	36	46	40	17	23	31	0	34	47	2	49	14	46	24	36	25	5	45	42	41	31	28	28	30	15	7	27	40	17	18	36	
29	32	32	22	25	20	37	26	35	8	30	17	30	27	23	31	0	3	7	7	13	31	16	28	21	40	17	25	6	13	18	16	2	34	21	3	9	33	1	2	
22	37	26	23	6	19	18	28	12	36	37	37	21	29	2	1	39	0	22	27	1	29	13	19	11	31	30	11	26	27	12	18	39	14	7	33	38	2	3	32	
31	24	29	44	49	10	35	22	17	6	31	8	29	4	28	35	27	18	0	27	36	33	13	28	17	31	9	11	16	28	26	6	18	13	13	36	29	25	30	16	
2	6	28	19	40	26	8	37	8	19	23	9	25	7	15	14	23	14	13	0	21	37	32	25	28	34	18	1	2	9	32	6	19	20	9	27	4	26	33	11	
40	7	28	38	21	37	24	39	40	43	43	25	14	38	28	32	10	3	31	11	0	1	37	20	12	39	37	26	2	19	36	21	17	18	27	18	29	33	34	15	
27	36	33	22	24	19	35	22	28	33	34	9	29	32	9	12	27	4	39	18	30	0	30	11	35	21	38	19	9	33	21	14	27	2	39	23	8	33	20	31	
23	15	25	14	38	36	37	2	31	13	29	26	4	2	26	10	27	8	12	33	37	35	0	26	17	10	19	1	6	30	10	5	28	19	20	31	39	35	13	25	
36	30	35	25	30	16	34	41	12	32	32	33	40	26	12	31	38	37	43	37	5	36	22	0	16	9	35	34	11	6	32	33	27	29	31	29	35	36	43	4	
4	16	29	19	36	4	41	37	14	6	30	6	25	14	28	26	23	2	45	32	11	44	28	38	0	16	37	37	44	31	5	22	23	26	36	38	4	26	33	29	
10	15	38	18	44	42	6	11	35	48	32	25	10	36	32	23	8	38	23	43	31	20	1	10	42	0	27	24	34	7	2	12	36	42	35	1	31	16	38	30	
33	10	23	30	40	37	23	39	47	29	21	25	15	6	28	21	32	10	23	24	22	29	35	25	12	33	0	3	2	21	31	33	4	20	29	27	15	11	32	38	
10	5	29	19	3	23	30	31	34	34	11	33	17	8	28	32	7	23	30	22	35	2	21	15	19	35	8	0	15	34	1	6	17	20	26	4	15	24	6	14	
41	40	8	22	42	37	25	19	33	40	31	5	32	30	8	22	17	33	14	9	26	24	22	5	11	19	35	27	0	24	42	20	19	10	21	7	19	20	38	25	
25	48	30	20	33	27	35	33	36	33	31	10	26	11	9	27	15	18	10	37	33	36	23	35	25	12	38	33	30	0	4	18	1	30	28	34	5	20	8	38	
1	7	15	12	8	31	39	29	2	33	11	1	24	30	24	43	40	20	28	40	31	35	19	44	1	30	25	33	27	41	0	19	31	20	17	26	31	38	4	43	
7	23	36	18	10	23	19	34	23	36	9	26	2	12	13	33	30	15	35	26	39	12	48	36	4	32	15	2	22	25	5	0	3	40	4	42	11	10	38	43	
33	14	28	8	29	33	25	26	25	4	8	25	45	26	4	18	2	27	34	12	32	44	5	11	3	26	26	19	2	31	34	24	0	21	25	27	33	28	30	22	
8	23	28	38	17	29	17	37	5	20	16	1	28	3	1	6	36	23	33	32	33	42	12	27	25	30	8	4	15	31	12	17	17	0	32	40	28	12	12	28	
1	35	39	30	22	12	26	26	8	19	32	9	2	30	26	43	38	36	22	8	2	35	4	33	31	17	27	18	23	22	24	19	15	16	0	26	26	16	4	7	
32	1	11	1	18	8	16	6	18	20	8	8	13	19	10	8	37	34	27	11	24	33	19	25	13	19	19	25	2	21	22	9	14	25	18	0	32	27	4	1	
37	34	11	1	22	8	23	19	18	41	12	4	7	10	10	8	5	28	34	24	14	46	35	34	13	19	19	24	26	30	31	4	5	25	18	41	0	18	20	40	
38	24	37	24	31	35	35	5	39	37	15	10	35	26	9	35	8	18	21	33	41	30	31	26	29	11	15	23	11	24	23	32	24	6	36	33	35	0	17	32	
15	41	26	13	35	31	35	12	30	20	36	33	43	13	9	26	23	19	11	35	34	18	2	33	39	31	26	28	10	33	29	2	35	28	7	17	33	33	0	39	
36	30	32	22	18	9	15	40	14	4	4	25	26	31	30	29	17	15	26	12	19	40	31	2	12	17	21	6	28	12	5	10	4	21	22	1	7	16	21	0	
