40  6  1
6
	0	2	1	17	2	79	3	99	4	4	5	76
	0	23	1	13	2	32	3	71	4	21	5	79
	0	97	1	13	2	45	3	16	4	84	5	3
	0	28	1	3	2	4	3	81	4	1	5	18
	0	61	1	10	2	2	3	69	4	40	5	91
	0	60	1	63	2	89	3	40	4	55	5	3
	0	59	1	67	2	19	3	23	4	27	5	34
	0	17	1	4	2	2	3	92	4	30	5	19
	0	7	1	21	2	30	3	5	4	73	5	12
	0	7	1	63	2	100	3	80	4	15	5	32
	0	56	1	90	2	12	3	92	4	27	5	41
	0	34	1	75	2	53	3	23	4	26	5	18
	0	84	1	60	2	16	3	62	4	62	5	7
	0	100	1	83	2	10	3	39	4	81	5	36
	0	79	1	72	2	85	3	12	4	86	5	5
	0	32	1	51	2	39	3	56	4	46	5	83
	0	54	1	46	2	35	3	58	4	77	5	49
	0	58	1	99	2	85	3	5	4	81	5	6
	0	34	1	85	2	79	3	63	4	63	5	27
	0	26	1	52	2	82	3	98	4	7	5	65
	0	4	1	60	2	13	3	69	4	89	5	22
	0	21	1	70	2	16	3	22	4	74	5	67
	0	9	1	64	2	97	3	16	4	73	5	14
	0	21	1	17	2	10	3	17	4	10	5	18
	0	37	1	95	2	4	3	82	4	24	5	40
	0	16	1	74	2	1	3	8	4	65	5	54
	0	37	1	87	2	16	3	84	4	65	5	73
	0	64	1	99	2	8	3	2	4	96	5	71
	0	46	1	19	2	89	3	4	4	13	5	59
	0	58	1	5	2	18	3	92	4	48	5	36
	0	30	1	64	2	26	3	42	4	80	5	4
	0	40	1	3	2	50	3	13	4	29	5	62
	0	64	1	42	2	10	3	23	4	15	5	10
	0	78	1	18	2	62	3	43	4	86	5	98
	0	99	1	29	2	8	3	85	4	93	5	8
	0	88	1	95	2	10	3	48	4	19	5	23
	0	2	1	87	2	34	3	36	4	23	5	27
	0	82	1	39	2	81	3	14	4	16	5	87
	0	55	1	48	2	36	3	63	4	35	5	97
	0	54	1	61	2	59	3	12	4	64	5	21
SSD
M0
0	31	34	24	11	26	40	20	12	18	41	27	2	27	10	7	26	34	5	33	8	13	19	17	31	14	37	30	31	6	27	26	22	15	21	21	27	18	26	21	
1	0	3	16	14	22	5	19	15	17	32	26	5	4	13	10	5	13	8	22	7	12	8	16	9	8	6	17	3	3	6	26	21	18	24	12	29	21	25	10	
38	26	0	26	27	16	21	28	33	31	6	6	33	11	31	28	15	13	4	13	42	14	32	12	36	29	40	27	30	16	45	19	15	30	11	37	22	25	36	21	
13	29	17	0	8	31	16	16	21	23	31	9	3	32	11	1	18	21	20	27	13	16	24	6	17	10	22	39	5	18	31	14	9	15	31	26	10	13	9	35	
22	9	18	9	0	30	26	21	28	11	21	20	26	10	7	24	3	33	2	26	9	12	20	18	8	8	13	1	24	30	10	20	2	20	8	23	37	4	19	14	
25	1	26	26	23	0	29	24	32	22	33	26	29	18	30	17	29	11	19	28	12	17	14	21	13	18	30	2	9	27	15	31	14	23	2	26	35	18	30	28	
32	29	44	3	39	2	0	25	34	30	1	34	25	2	5	14	39	9	19	34	39	20	38	6	35	38	13	39	36	40	3	36	8	31	27	16	34	13	33	15	
19	6	32	23	21	32	34	0	10	8	11	8	11	33	14	24	10	14	26	13	26	12	37	27	38	32	35	28	9	4	12	17	25	1	17	6	21	24	5	25	
25	31	18	14	16	34	33	8	0	15	23	23	6	28	13	7	20	15	26	20	9	3	20	10	39	15	18	11	23	23	28	16	23	5	4	2	12	15	21	25	
4	14	40	8	17	17	19	7	17	0	27	2	8	30	16	13	27	30	11	8	14	19	25	23	36	20	32	17	6	12	33	2	28	11	2	26	19	15	1	10	
32	14	37	20	4	22	42	4	31	21	0	16	15	41	29	30	31	19	30	16	22	24	8	23	42	28	21	28	30	24	33	27	23	22	7	23	29	14	5	34	
1	12	33	17	3	4	34	21	15	21	11	0	5	30	13	10	23	37	8	25	11	15	22	11	21	6	26	11	19	9	28	14	6	18	22	24	15	8	22	1	
30	29	14	24	25	18	26	22	15	19	39	17	0	19	14	10	6	37	8	4	15	20	17	10	39	21	27	33	31	6	33	17	18	26	6	9	34	12	1	9	
19	26	24	26	14	1	11	15	23	13	36	11	23	0	31	15	36	31	10	28	3	8	14	3	32	9	16	30	17	27	22	9	17	14	22	17	35	31	10	3	
17	5	31	16	23	12	32	17	22	6	14	14	21	27	0	19	9	29	5	4	27	18	36	36	37	33	29	11	2	22	5	15	3	19	9	29	11	14	14	23	
22	2	28	26	17	30	30	16	15	11	39	11	9	25	6	0	23	25	29	20	25	25	33	32	34	31	31	33	24	6	31	20	27	27	11	24	31	6	12	28	
26	2	1	7	27	32	30	28	36	26	19	26	13	2	38	35	0	13	33	41	16	21	27	7	34	10	12	31	6	14	16	17	5	26	22	30	36	35	8	35	
17	16	10	16	18	13	37	19	24	14	8	23	21	28	25	21	21	0	24	6	9	14	4	14	28	11	28	33	5	20	8	17	17	20	23	19	13	16	22	12	
25	7	26	30	16	18	9	27	18	15	32	16	15	16	27	1	35	37	0	19	15	16	22	9	34	4	31	36	17	33	12	24	29	16	24	27	37	37	23	31	
16	26	26	20	29	29	31	19	8	5	9	14	20	27	28	22	30	24	23	0	24	1	35	25	28	30	16	11	1	22	20	1	2	12	14	4	27	24	13	7	
12	19	26	19	7	21	28	8	16	6	29	15	16	15	24	21	30	24	19	21	0	1	7	5	34	2	27	23	19	20	15	15	10	7	15	10	28	24	14	18	
32	8	4	4	25	19	23	11	12	25	24	29	25	35	27	26	8	2	2	29	28	0	37	29	40	24	5	5	9	31	12	24	25	18	2	2	20	2	33	33	
27	3	29	3	31	5	29	18	23	30	15	19	19	30	12	13	20	30	13	5	27	7	0	11	25	33	15	20	26	7	21	16	33	15	15	6	12	15	27	22	
5	2	28	31	18	4	2	15	14	23	29	8	9	19	17	14	12	36	12	25	13	18	24	0	8	14	31	14	28	13	31	19	27	4	4	23	33	16	30	28	
35	37	21	25	28	12	1	31	35	24	10	12	22	2	47	15	14	24	42	28	19	24	26	28	0	22	19	45	37	42	4	28	4	24	7	18	44	32	32	41	
27	14	11	14	39	6	39	26	17	16	13	18	30	9	23	24	24	17	19	16	29	18	2	16	19	0	12	31	29	18	32	17	37	26	25	17	20	19	16	33	
33	18	30	13	4	20	24	33	36	33	30	34	6	29	20	28	34	8	28	2	27	5	6	26	23	4	0	31	29	10	23	29	11	29	20	14	27	21	36	2	
13	23	15	16	1	26	28	16	21	2	21	11	10	5	8	21	4	7	12	12	21	17	30	16	19	23	5	0	11	21	13	11	35	20	11	29	28	18	10	1	
20	6	9	24	13	32	11	8	14	9	5	18	5	11	13	5	30	35	27	24	7	12	18	7	19	13	3	32	0	14	26	12	21	18	18	21	22	15	17	10	
12	22	17	14	8	1	1	11	16	1	19	10	14	35	24	4	6	13	3	14	22	12	28	31	13	10	23	25	14	0	36	9	26	13	10	25	5	8	9	6	
27	3	26	17	24	19	13	6	1	23	26	1	9	30	15	1	28	23	20	1	17	11	5	18	8	23	26	18	28	21	0	24	10	13	12	8	20	23	28	8	
6	15	2	12	14	17	35	9	14	13	27	22	10	17	18	11	11	26	13	5	3	8	3	12	16	9	21	17	26	14	22	0	15	11	15	17	3	6	15	25	
31	30	36	24	34	14	33	20	26	28	14	26	10	27	39	23	19	38	5	32	41	34	18	10	1	9	17	42	1	7	33	2	0	1	35	33	15	9	18	33	
12	17	23	16	21	25	15	14	19	1	32	10	7	29	19	16	16	6	19	16	10	15	21	1	30	16	5	19	14	19	15	10	24	0	10	4	8	11	9	18	
23	1	20	13	23	26	14	10	15	22	2	18	15	21	2	6	12	27	10	36	15	20	26	24	33	21	22	6	7	15	9	4	25	12	0	24	4	7	24	8	
8	16	23	16	20	18	25	21	22	7	20	16	12	28	20	10	12	7	15	18	9	14	4	2	17	15	28	31	20	16	8	5	23	17	5	0	25	19	15	24	
17	27	34	7	17	20	35	4	9	16	22	20	9	39	29	6	6	21	24	30	25	19	33	26	30	31	16	27	29	9	33	2	19	6	20	18	0	1	18	26	
36	25	23	4	33	15	15	29	15	25	3	34	28	26	25	24	32	2	26	10	22	25	13	31	36	28	18	33	37	6	32	10	36	24	3	24	24	0	30	42	
14	15	29	11	6	24	39	3	13	17	26	24	13	11	26	10	10	5	7	28	10	15	18	19	34	16	20	31	20	13	21	4	23	7	6	9	2	5	0	29	
22	17	23	7	7	14	40	9	10	21	24	25	14	44	15	11	9	14	24	3	26	1	5	25	28	29	1	6	15	14	13	7	24	11	6	19	3	6	1	0	
M1
0	9	32	12	25	11	14	3	23	7	25	31	20	11	24	32	4	14	10	19	23	23	16	24	1	15	6	14	4	30	10	17	9	27	30	23	4	22	9	31	
7	0	20	36	28	3	24	27	1	31	12	25	22	10	22	10	28	38	18	40	28	36	37	16	3	31	30	38	2	15	33	29	7	12	8	1	25	28	29	22	
24	28	0	15	26	28	16	26	24	10	19	41	34	12	31	16	19	26	33	22	19	37	19	3	16	9	19	23	16	33	18	20	15	13	20	17	5	25	4	29	
19	10	19	0	35	26	6	33	14	16	31	27	16	16	13	33	29	8	27	4	21	23	1	30	14	6	1	13	10	29	36	2	17	34	24	8	23	7	2	36	
33	32	7	30	0	4	18	41	28	30	26	14	21	12	10	13	16	28	29	16	39	13	34	21	3	29	9	31	1	26	38	22	19	20	21	28	14	27	24	10	
16	7	21	30	4	0	11	36	5	8	32	28	18	5	24	27	30	11	17	30	2	6	7	35	17	39	23	12	15	31	9	35	21	25	28	21	28	36	33	24	
6	24	21	11	4	18	0	26	28	17	39	28	6	17	14	22	27	14	18	18	33	24	15	7	17	20	15	5	15	30	8	3	31	34	25	9	27	4	16	24	
30	40	33	32	42	4	7	0	34	6	18	39	16	28	17	27	21	7	3	16	22	16	17	39	43	8	36	7	31	23	32	27	6	28	31	23	39	32	37	30	
7	33	12	36	26	35	13	27	0	14	8	18	14	35	11	13	24	36	34	40	44	25	21	28	25	30	17	38	23	33	11	32	24	10	7	5	28	19	19	40	
20	26	8	17	10	6	26	40	24	0	13	34	27	4	9	12	19	28	35	24	25	3	15	24	23	2	16	33	7	37	32	22	36	29	31	28	5	27	22	28	
15	19	12	6	30	27	4	19	23	25	0	21	17	14	22	1	32	17	26	1	21	22	10	24	23	15	8	22	19	8	24	11	25	21	18	17	30	10	11	15	
24	25	29	12	36	30	4	22	5	31	28	0	31	11	4	39	29	4	7	19	30	2	16	13	29	21	16	28	25	17	3	17	20	23	27	23	34	16	2	24	
29	26	9	13	28	12	4	4	30	14	26	6	0	27	17	31	29	5	11	20	12	22	17	18	6	16	7	4	2	31	20	18	11	26	8	24	3	11	18	21	
22	2	22	39	5	18	31	20	5	2	25	29	10	0	10	1	18	10	24	29	31	27	17	9	18	24	24	28	16	18	10	37	1	3	23	16	9	36	17	10	
8	8	3	30	9	12	15	28	9	26	33	3	40	28	0	7	29	27	23	35	35	4	29	19	22	25	28	33	20	36	28	22	21	29	21	2	21	27	2	29	
25	35	30	22	35	10	13	2	4	12	23	8	1	28	8	0	23	9	9	22	28	16	13	29	21	7	18	13	9	18	6	14	12	33	28	6	27	19	2	25	
8	3	13	1	30	18	7	23	17	17	28	19	18	20	8	26	0	12	24	8	14	1	5	17	18	7	5	17	14	1	35	6	21	28	11	12	27	10	3	8	
5	31	13	34	3	15	31	25	11	29	5	6	22	20	23	14	26	0	26	16	10	22	38	9	16	15	12	34	14	15	9	35	17	20	25	24	2	37	29	11	
8	14	6	9	1	15	18	23	26	28	4	25	28	23	21	24	3	20	0	16	14	24	13	17	6	17	13	5	12	1	3	14	23	14	11	20	17	19	14	8	
3	29	36	19	34	11	17	6	34	9	23	39	2	25	1	5	24	17	7	0	32	5	21	19	21	18	17	2	24	33	10	11	16	1	27	1	14	16	9	7	
21	1	3	4	2	16	7	40	10	23	24	26	23	23	20	24	28	15	29	11	0	1	8	1	15	10	8	18	5	18	34	9	3	2	6	13	11	1	9	22	
8	21	17	18	29	22	18	28	13	24	20	30	23	24	3	18	29	29	31	25	40	0	22	17	26	12	22	21	3	37	14	10	12	13	32	13	29	15	16	21	
25	19	21	16	4	18	16	37	9	22	38	28	32	3	19	14	9	23	21	23	20	27	0	32	17	9	20	11	12	35	35	8	12	33	30	6	28	13	21	12	
4	30	21	33	12	8	28	24	42	28	15	36	29	32	31	35	25	35	31	29	23	24	28	0	22	13	27	8	23	44	26	38	30	31	43	17	4	30	5	11	
2	16	22	3	18	1	11	22	20	22	22	33	22	22	19	24	2	8	24	10	27	12	7	6	0	12	7	19	16	16	21	8	23	23	10	14	23	13	1	8	
32	17	8	36	25	33	37	36	4	31	1	35	37	10	24	37	12	33	9	15	12	39	38	24	16	0	17	32	32	26	13	39	29	23	23	3	26	10	21	33	
8	29	13	16	23	31	12	23	33	8	19	27	21	9	28	19	12	27	24	2	14	28	20	17	1	17	0	15	15	1	35	21	12	4	11	19	29	26	15	8	
9	20	10	7	31	31	10	24	24	5	21	28	26	10	23	33	4	18	2	14	12	33	11	6	24	16	11	0	16	2	11	12	23	20	12	11	4	17	12	9	
22	24	9	37	7	11	4	42	38	32	15	8	1	6	27	30	33	22	9	33	22	17	21	1	20	31	23	26	0	43	22	39	19	5	31	25	22	33	23	26	
2	24	7	31	24	25	28	17	29	26	39	21	29	30	35	28	19	28	18	37	8	37	34	11	20	11	19	28	9	0	29	36	27	33	5	20	23	41	9	2	
35	39	38	32	42	10	13	2	33	8	20	3	22	17	23	33	27	8	9	22	1	22	23	19	5	14	36	13	16	29	0	33	12	7	6	27	28	30	36	5	
27	18	22	5	30	27	5	28	22	11	33	35	24	11	8	36	24	16	35	12	27	18	9	36	20	14	9	8	16	24	31	0	25	40	19	3	31	2	10	31	
29	17	7	9	20	23	13	37	26	28	23	16	28	28	24	28	23	20	4	16	20	10	13	21	26	18	13	25	22	22	12	14	0	33	25	10	25	14	8	12	
36	41	28	34	42	39	34	42	33	40	4	30	4	40	6	10	43	21	11	27	27	6	7	36	19	18	18	33	16	41	23	26	6	0	8	2	20	31	26	19	
13	4	3	21	15	14	30	31	10	26	29	30	26	27	1	24	34	32	35	4	9	13	25	19	20	25	23	3	19	32	18	26	12	29	0	18	14	31	20	29	
21	37	26	25	18	19	26	36	4	29	33	40	33	32	29	16	6	14	20	4	27	39	29	21	13	30	10	29	28	14	5	18	45	35	6	0	42	23	28	21	
8	22	13	9	6	5	9	3	26	13	22	20	12	3	12	15	25	14	10	16	14	20	12	17	19	3	1	11	15	1	18	1	13	35	11	7	0	6	11	8	
11	26	7	13	5	13	22	19	6	29	35	15	2	6	25	28	28	24	21	20	4	28	17	20	7	20	17	28	6	4	36	17	29	27	14	2	25	0	18	11	
8	28	13	37	30	13	6	5	7	7	14	27	7	26	21	8	10	16	12	25	4	25	25	12	11	9	21	16	15	1	30	36	12	36	11	20	3	41	0	8	
1	24	22	24	30	29	23	21	38	23	10	36	19	29	27	34	13	32	13	6	37	30	24	38	19	33	24	22	20	38	28	16	14	6	32	18	22	21	27	0	
M2
0	20	29	25	21	21	33	12	7	19	10	33	32	30	26	16	8	13	11	15	19	13	23	18	14	30	19	40	31	20	17	27	18	4	31	29	24	1	3	19	
14	0	2	17	25	22	26	13	6	11	11	13	20	7	9	17	2	25	27	6	22	27	17	14	18	11	11	34	30	21	14	4	19	19	27	22	9	20	15	22	
8	18	0	19	20	21	23	23	26	26	4	23	27	11	7	19	20	17	10	19	1	20	13	12	14	3	13	23	32	20	18	4	19	11	10	14	15	24	20	3	
20	26	7	0	4	2	28	18	31	5	12	14	15	23	23	22	22	23	10	27	10	7	5	11	9	34	14	26	18	18	23	22	24	1	17	16	26	25	14	1	
26	33	25	21	0	26	26	31	32	28	6	21	9	32	33	18	16	17	10	22	4	22	1	36	32	29	12	26	32	12	30	25	24	19	18	25	20	30	8	18	
15	23	15	24	21	0	36	15	29	9	27	16	15	4	18	19	18	26	24	26	20	15	5	28	15	19	4	24	22	3	1	16	21	27	16	19	8	22	27	24	
15	14	8	32	27	22	0	24	33	30	28	16	17	12	8	22	21	18	24	19	3	12	18	13	15	4	14	25	3	28	18	21	20	12	17	15	16	14	21	26	
16	6	16	27	27	7	29	0	17	20	19	19	25	17	12	2	14	21	13	17	7	18	9	27	5	34	10	26	29	6	28	18	4	15	21	26	23	5	32	19	
5	4	13	7	15	13	27	20	0	14	22	13	14	33	11	24	5	27	21	17	16	18	16	21	17	34	9	34	23	18	18	30	3	4	7	15	11	11	18	12	
27	7	21	24	13	18	30	18	24	0	21	9	22	16	32	13	7	23	1	12	19	9	4	39	25	42	27	20	24	3	36	11	18	4	5	18	17	25	10	14	
25	24	7	3	4	9	11	21	19	10	0	21	15	27	26	3	22	19	16	17	9	4	7	18	14	34	18	28	24	5	30	22	6	1	9	7	2	24	9	8	
17	23	26	30	7	24	4	15	14	17	15	0	18	16	12	3	25	22	15	7	11	16	3	10	6	8	11	27	26	21	23	7	21	16	10	19	20	22	2	10	
1	19	21	17	6	22	25	22	7	11	2	5	0	12	8	17	21	2	18	21	11	6	9	13	15	4	12	25	26	16	19	21	1	7	14	15	14	29	16	22	
1	18	1	26	23	19	22	10	23	16	15	2	18	0	15	14	26	12	10	17	6	14	17	23	1	20	6	28	26	18	10	14	16	25	20	5	29	17	14	29	
3	20	3	22	18	13	40	28	1	20	20	23	2	29	0	32	29	20	2	13	24	24	14	31	29	22	30	43	44	9	26	18	19	25	32	33	32	22	28	27	
25	22	21	16	1	13	19	18	18	25	9	20	11	18	2	0	19	4	13	24	7	19	3	23	22	14	15	26	33	1	22	8	24	21	21	2	4	25	11	8	
16	8	3	21	18	23	31	14	14	20	19	13	29	24	19	18	0	16	14	28	10	10	1	15	5	16	10	32	7	16	23	18	1	24	18	27	16	21	16	19	
2	25	24	13	21	14	9	17	6	6	22	27	29	15	11	21	3	0	3	5	13	15	22	28	8	32	13	35	19	25	7	20	23	18	19	16	6	24	1	3	
22	15	9	7	15	13	31	7	21	16	14	25	26	26	21	11	13	13	0	24	16	18	7	22	14	34	14	9	16	15	29	27	13	12	27	27	8	2	25	12	
20	21	15	5	7	1	18	17	25	14	15	23	14	19	15	21	25	13	19	0	13	16	10	20	18	11	21	34	27	9	26	12	23	10	26	1	10	8	3	10	
26	16	8	28	24	9	9	14	21	36	20	16	30	15	28	18	18	24	9	5	0	33	5	19	21	24	7	9	26	19	21	8	14	24	1	26	15	21	12	10	
18	9	18	26	8	10	5	1	11	2	15	19	19	7	8	5	17	22	16	20	10	0	11	24	8	28	13	29	27	9	27	21	4	3	24	22	23	8	7	22	
21	11	15	23	13	7	12	3	17	2	8	13	24	15	11	7	19	21	5	17	12	12	0	16	10	7	15	30	30	11	19	23	4	14	7	18	19	8	18	16	
13	19	13	10	18	11	31	11	26	19	18	14	29	2	18	15	20	20	13	25	9	17	18	0	4	20	3	21	23	19	21	13	17	15	15	17	29	18	21	15	
7	13	22	25	18	14	23	5	18	11	10	18	21	24	10	9	21	12	5	19	1	9	16	18	0	33	1	23	21	13	19	9	11	22	15	29	24	12	26	24	
14	14	18	28	22	17	21	19	28	25	24	19	23	7	3	23	16	13	19	16	15	23	13	8	10	0	9	22	28	23	14	16	15	7	29	10	11	26	16	33	
23	13	23	24	1	14	29	5	24	26	9	1	12	24	19	9	19	16	13	24	7	10	4	22	12	16	0	25	4	13	2	25	11	14	21	27	11	6	11	21	
24	14	19	23	22	15	34	6	4	28	27	27	21	25	13	10	22	20	21	7	15	26	5	26	13	34	18	0	21	2	36	26	2	7	29	17	15	12	31	27	
19	20	11	15	17	21	25	16	30	5	20	19	28	23	22	20	19	24	17	15	10	21	20	11	8	21	13	32	0	19	8	21	18	20	5	22	19	23	16	14	
15	9	2	3	11	9	32	1	8	12	19	19	1	7	12	5	17	19	16	5	10	14	12	18	8	21	13	29	25	0	26	11	7	8	24	21	26	8	21	8	
19	11	21	27	27	12	19	3	17	3	14	4	15	10	8	7	19	14	10	21	12	11	5	10	10	4	14	27	30	6	0	19	4	12	26	2	16	10	8	24	
22	22	21	10	18	16	4	25	20	7	26	16	29	15	11	8	4	21	3	24	23	21	19	16	18	7	4	30	24	27	22	0	12	15	22	18	19	2	14	15	
15	21	24	26	26	22	25	13	3	19	18	18	24	30	18	17	29	20	13	21	3	16	21	26	4	30	9	25	16	5	27	17	0	24	17	27	9	20	28	26	
17	17	21	31	11	20	23	22	3	22	19	4	22	10	6	26	19	6	11	7	17	19	4	11	13	2	12	19	12	25	17	18	18	0	31	13	14	8	12	31	
23	7	14	19	27	14	34	5	18	27	26	26	30	24	19	9	9	15	20	2	14	25	10	31	12	41	17	19	17	13	35	25	5	22	0	17	6	12	3	1	
13	10	24	27	21	8	7	6	14	25	21	24	3	25	20	10	22	2	19	15	15	7	17	31	10	23	12	29	25	14	27	23	12	23	24	0	31	13	4	27	
28	16	27	21	22	19	28	10	29	18	30	22	33	27	24	14	16	23	25	24	6	17	21	17	17	37	5	28	25	18	8	17	16	26	20	36	0	17	1	26	
4	22	15	19	19	25	7	20	31	27	5	6	24	4	17	1	24	23	22	17	20	21	22	22	15	13	20	32	29	22	24	28	20	18	7	11	19	0	18	16	
16	9	16	11	18	17	34	8	27	20	16	17	7	5	22	12	7	25	11	24	14	22	19	21	9	27	5	20	6	9	20	8	14	16	14	20	28	15	0	14	
23	21	14	22	25	13	31	23	20	31	11	24	31	12	13	26	32	32	25	18	20	27	28	2	16	32	8	33	18	17	26	10	18	10	27	27	25	22	32	0	
M3
0	28	33	12	20	19	6	4	11	8	30	22	37	23	21	6	21	29	6	18	23	22	39	26	23	27	5	24	34	19	36	30	44	18	31	22	19	16	9	9	
9	0	27	12	18	28	21	25	26	21	24	18	22	33	32	14	5	38	4	32	30	9	17	22	17	3	36	9	25	19	34	24	3	19	9	8	21	12	13	18	
28	27	0	13	21	16	36	25	27	30	2	8	14	27	23	2	18	19	29	16	22	23	4	24	22	18	24	18	24	29	9	5	20	28	6	4	2	12	25	34	
5	16	27	0	18	5	19	18	21	9	21	18	22	31	27	11	23	2	12	11	25	24	10	22	27	15	28	9	16	12	12	9	3	12	20	12	8	12	20	18	
13	7	19	27	0	25	21	23	19	29	28	19	17	21	19	17	29	12	15	7	10	4	17	18	22	3	20	24	14	22	20	1	3	1	20	29	27	25	13	1	
28	8	15	26	5	0	15	24	6	15	20	27	30	6	29	22	11	1	11	12	7	28	23	21	16	22	14	31	20	11	5	17	32	11	35	9	12	12	19	13	
22	25	27	19	11	18	0	28	10	11	19	1	29	13	17	21	20	16	10	11	17	5	14	16	8	12	20	16	5	18	30	26	15	14	25	23	18	11	2	3	
10	14	25	6	29	39	20	0	31	12	2	31	6	29	37	8	23	37	27	8	27	12	35	30	4	25	37	37	26	39	23	23	25	28	29	35	17	8	25	13	
21	29	17	19	4	3	4	13	0	20	23	20	37	7	23	23	5	13	16	2	16	23	25	14	23	11	32	28	27	3	26	16	31	19	24	8	3	1	18	2	
33	24	18	20	31	30	13	3	22	0	5	37	13	24	49	33	32	23	33	9	31	30	26	28	28	24	6	28	17	30	35	39	11	26	8	24	30	28	34	29	
34	8	34	24	17	27	30	20	21	27	0	19	40	33	32	12	31	32	12	15	6	31	24	18	5	29	35	27	37	29	31	37	33	29	23	13	29	27	10	1	
20	23	26	17	17	16	13	9	8	26	3	0	23	20	26	14	18	11	20	15	20	23	12	5	14	10	27	14	3	3	36	8	23	12	15	21	12	14	20	15	
26	15	28	9	7	14	15	3	6	31	9	25	0	18	34	25	9	18	7	13	27	22	23	7	25	21	17	22	14	10	37	26	25	17	30	19	14	12	10	13	
21	38	32	36	29	18	29	17	20	27	21	34	29	0	32	40	30	28	10	1	41	29	4	22	8	31	33	35	24	28	34	14	27	33	27	33	13	26	3	27	
5	28	12	24	20	23	24	8	15	32	1	4	32	19	0	26	9	18	28	9	25	22	19	3	21	17	18	21	10	23	6	4	19	19	23	28	21	21	19	22	
13	16	23	8	15	14	15	24	6	19	15	16	20	9	23	0	16	19	2	2	20	21	10	12	12	3	24	7	1	12	3	5	20	10	23	3	14	10	13	13	
23	19	20	21	18	24	12	6	16	19	28	20	27	24	20	1	0	16	16	22	16	15	23	19	23	21	15	18	14	7	12	2	17	13	21	1	5	21	26	2	
31	11	38	28	14	24	28	20	19	25	14	29	24	28	23	30	29	0	5	26	18	22	23	15	25	21	26	25	14	5	41	39	33	5	33	32	27	25	13	11	
20	10	12	4	7	17	11	18	22	8	30	10	14	19	33	6	19	31	0	6	6	16	22	19	7	10	20	1	17	27	18	19	22	9	20	30	17	4	20	2	
20	23	9	17	9	10	17	24	8	21	8	22	25	20	34	19	17	23	29	0	18	23	12	14	14	10	26	14	3	16	31	16	4	12	22	3	16	2	4	15	
3	35	14	30	26	13	27	27	32	21	25	28	6	31	12	15	18	24	16	18	0	33	22	15	1	37	34	37	30	8	11	27	5	34	33	34	12	38	32	11	
19	27	34	33	23	22	3	13	14	20	21	2	28	18	23	23	24	32	26	1	33	0	7	7	27	9	5	30	26	22	40	31	25	33	35	3	22	20	19	21	
21	21	31	18	18	17	18	27	9	27	18	24	27	21	32	20	19	27	30	16	30	9	0	4	4	11	27	15	4	17	20	14	22	13	26	22	17	15	21	16	
16	21	29	15	16	10	16	25	7	24	16	16	12	19	35	17	8	25	16	14	28	22	11	0	13	9	29	12	2	15	35	28	1	11	17	20	1	13	19	14	
27	10	1	24	12	11	12	13	3	28	10	18	31	12	11	19	6	11	14	10	9	1	6	19	0	17	28	21	10	11	2	22	30	19	23	12	11	9	26	10	
2	10	17	16	14	28	10	14	29	25	34	18	26	36	21	6	31	28	15	29	19	24	6	11	26	0	33	13	26	13	23	14	29	23	18	37	16	16	2	34	
8	16	16	6	16	9	4	24	10	2	19	16	20	6	38	12	20	28	29	17	20	7	12	16	16	12	0	7	5	18	27	25	9	12	22	23	18	10	21	15	
17	7	16	1	7	17	22	15	19	10	28	7	11	22	34	3	16	30	30	26	23	13	21	20	25	7	35	0	14	24	30	16	19	8	31	27	19	1	17	26	
13	16	23	10	10	9	10	19	1	19	10	16	20	13	29	12	11	19	22	8	22	16	5	7	7	3	38	7	0	9	29	22	16	5	18	14	9	7	13	8	
26	6	32	20	21	11	23	32	14	29	27	26	18	26	30	22	24	10	2	21	33	32	12	30	13	16	5	17	29	0	24	14	27	20	8	27	22	20	20	21	
11	16	19	2	17	10	3	5	15	13	1	21	29	23	6	14	25	15	25	22	32	19	19	21	21	17	20	17	10	22	0	1	16	19	2	28	23	19	25	18	
22	11	5	20	3	24	29	9	25	15	18	7	15	9	5	22	20	1	11	16	24	5	25	11	22	26	6	17	20	11	23	0	2	11	6	25	23	20	11	17	
4	7	25	2	13	12	8	22	4	25	11	19	9	12	32	18	14	20	8	11	15	22	11	13	13	9	35	13	2	12	17	25	0	11	23	8	12	10	19	1	
16	10	11	23	16	17	13	1	9	28	21	20	33	21	23	25	15	21	3	16	4	1	22	19	23	25	16	20	36	17	32	7	22	0	17	22	17	15	31	2	
28	21	30	2	21	9	8	29	29	9	29	21	25	24	24	17	28	44	39	36	37	27	35	34	6	21	47	12	28	25	30	30	19	18	0	41	33	15	29	29	
16	26	20	26	13	34	8	24	36	30	14	22	14	24	9	27	20	16	21	29	18	12	40	24	28	32	21	28	31	1	5	2	17	24	21	0	8	15	7	7	
19	22	27	29	14	3	9	5	5	30	32	30	31	16	32	32	15	20	26	12	26	19	27	2	5	18	33	29	18	13	17	14	8	3	11	18	0	11	28	12	
13	21	13	4	17	20	21	8	17	5	23	12	22	7	19	8	1	15	25	20	16	8	17	22	11	3	20	23	12	24	15	1	16	6	20	20	17	0	3	24	
21	11	13	5	11	21	25	19	16	14	31	11	7	23	27	7	4	15	25	23	27	7	25	15	27	11	27	2	18	24	31	17	23	3	35	29	23	2	0	23	
26	23	32	17	4	29	21	31	29	26	32	6	27	36	19	19	30	27	2	36	2	18	30	5	9	16	22	14	24	32	18	26	23	24	10	42	23	17	24	0	
M4
0	32	1	12	12	11	30	32	28	31	22	16	1	18	33	27	18	21	30	19	19	19	15	24	40	28	31	31	17	21	14	24	24	13	2	6	16	15	31	1	
42	0	14	23	11	29	29	20	9	42	33	26	12	9	28	9	27	29	6	30	38	9	37	35	42	5	16	39	27	19	25	32	24	26	23	25	27	6	25	17	
25	21	0	1	13	27	19	21	3	4	14	5	12	7	26	15	7	14	2	8	14	8	16	3	30	10	31	24	6	10	3	14	11	13	6	13	5	4	19	15	
23	19	28	0	11	25	17	19	29	18	22	3	10	5	34	14	5	18	17	6	31	6	14	11	36	22	29	23	4	8	1	12	15	11	4	11	3	2	18	13	
33	3	24	38	0	8	24	28	8	20	29	9	14	4	33	2	22	19	3	28	19	23	35	34	36	29	7	24	14	33	35	2	19	21	1	32	14	1	9	20	
31	16	9	27	27	0	1	10	28	8	25	26	23	32	20	35	1	12	28	14	37	11	4	34	28	26	23	24	30	2	27	19	7	14	2	39	2	6	30	28	
15	3	20	30	1	30	0	19	15	16	19	25	20	23	37	33	9	27	30	2	15	12	10	28	1	25	26	25	13	11	32	20	28	17	1	25	2	23	26	4	
23	5	1	4	16	2	5	0	30	12	13	8	15	2	1	19	1	2	11	6	31	11	8	2	27	12	30	28	9	12	6	17	9	13	9	16	8	7	12	2	
26	26	8	6	18	32	24	20	0	25	16	10	17	12	22	21	12	16	22	13	4	13	21	5	25	23	35	30	11	15	6	17	22	16	11	16	10	9	24	3	
29	11	34	5	4	31	23	8	5	0	9	7	16	11	32	20	11	1	23	12	14	12	20	17	41	13	35	5	10	14	7	18	21	17	10	17	9	8	24	19	
18	30	23	10	22	33	28	30	31	29	0	8	21	16	29	4	3	29	28	17	10	17	25	22	40	28	20	3	15	16	12	23	26	22	15	6	14	13	29	23	
20	42	6	25	19	6	22	36	39	19	40	0	25	11	8	1	31	15	23	32	5	32	14	36	23	43	8	39	26	16	27	18	2	22	23	30	19	19	38	25	
9	12	14	5	17	16	23	25	34	14	20	5	0	11	7	20	11	24	23	12	8	6	8	17	31	12	19	6	10	14	3	18	10	17	10	17	9	8	24	14	
14	20	19	28	28	15	18	39	26	41	12	22	11	0	24	11	15	12	18	13	12	20	1	1	22	36	29	17	1	22	30	16	16	12	13	17	19	14	15	5	
9	22	14	2	10	24	13	22	17	21	25	6	12	8	0	9	8	21	13	9	7	9	17	14	34	2	17	6	7	8	4	15	13	14	7	14	6	5	21	14	
16	28	1	22	21	31	11	25	16	2	26	13	17	28	47	0	28	18	40	21	6	29	21	32	8	30	7	22	27	30	24	35	38	15	21	26	26	20	41	21	
25	21	30	32	31	28	12	35	12	12	25	25	22	5	41	36	0	5	13	8	33	11	14	24	3	9	15	31	29	17	34	20	15	18	13	13	16	5	21	22	
19	7	24	13	13	27	27	24	32	28	2	3	13	15	15	3	10	0	22	2	27	12	10	15	37	26	26	25	18	9	2	22	17	23	4	6	10	12	32	16	
17	18	22	12	24	21	23	20	29	9	13	3	22	14	37	27	17	25	0	5	3	7	13	21	4	32	28	11	17	14	8	1	28	24	17	24	13	15	31	7	
10	6	15	26	26	25	42	20	23	33	10	30	15	14	35	36	32	26	33	0	18	3	1	38	37	22	17	16	29	2	27	32	30	21	16	20	1	29	30	7	
23	19	15	12	24	6	24	32	35	31	22	12	23	18	19	13	10	17	25	6	0	16	14	11	25	35	30	17	10	6	1	20	4	22	17	24	14	15	2	20	
27	23	26	40	16	24	25	30	33	35	3	29	32	3	39	30	33	6	26	13	13	0	7	35	41	30	17	33	8	22	7	7	23	31	33	8	9	25	22	18	
34	46	3	30	6	2	46	20	39	40	32	34	16	30	29	6	35	32	6	33	21	37	0	21	19	28	8	13	35	5	29	2	39	6	32	14	34	27	18	28	
19	15	17	35	35	26	17	28	32	41	1	15	20	4	13	18	4	1	7	2	27	9	10	0	32	31	26	25	27	11	36	5	17	1	25	14	10	3	39	16	
24	20	29	5	17	10	3	25	13	24	24	9	16	4	28	9	11	2	16	7	14	12	15	17	0	28	31	24	10	14	7	13	21	17	10	12	9	8	24	19	
31	22	7	7	6	13	12	5	29	26	25	11	18	13	36	4	13	25	13	14	39	14	15	14	39	0	25	20	12	16	3	20	23	19	12	5	11	10	17	21	
15	33	13	13	10	15	31	31	9	8	28	17	20	19	29	28	8	24	14	20	29	8	12	17	38	6	0	22	18	22	15	10	17	23	7	25	17	16	15	20	
24	16	2	24	8	26	27	1	40	34	2	28	29	30	19	8	30	8	17	18	18	4	12	33	28	25	1	0	20	14	2	20	7	14	6	7	3	27	28	11	
18	14	23	34	32	27	4	27	12	30	15	8	21	22	28	9	25	1	5	1	26	11	9	14	23	22	15	24	0	10	29	12	2	18	23	28	9	4	1	15	
10	14	7	21	26	14	27	11	39	23	8	25	15	15	12	15	15	12	18	13	33	15	5	1	25	40	36	35	26	0	23	16	28	9	16	20	21	14	40	15	
6	11	11	22	2	21	22	12	30	28	6	26	11	8	5	7	11	19	5	19	29	29	25	22	8	30	33	27	5	2	0	17	20	18	12	12	14	11	19	11	
23	35	28	29	16	38	25	32	19	9	5	29	3	5	9	16	9	22	26	22	15	32	7	34	5	2	26	20	8	26	4	0	23	21	14	1	30	21	22	19	
37	25	11	33	32	31	5	19	33	13	30	30	33	31	11	31	33	14	6	23	42	33	16	19	6	26	20	30	9	18	12	1	0	30	27	25	2	25	21	21	
36	6	14	36	35	39	41	7	12	16	18	29	30	28	38	14	25	26	6	27	40	2	9	15	35	18	2	14	27	16	26	29	36	0	3	37	35	18	9	22	
1	17	6	17	17	14	35	15	4	30	9	18	6	5	6	26	23	23	29	24	24	24	20	12	36	18	28	3	19	1	5	27	21	14	0	3	8	13	21	6	
17	34	22	28	16	30	15	20	28	8	31	30	22	34	32	39	34	24	27	35	22	13	17	40	15	3	6	6	30	6	25	7	6	34	23	0	23	31	29	22	
12	31	17	27	28	18	22	16	14	9	11	12	8	7	14	18	29	4	23	19	26	21	27	32	23	1	31	5	5	11	29	8	12	29	2	22	0	22	19	17	
39	27	28	21	33	7	7	31	13	30	28	4	1	27	28	30	5	22	23	22	25	22	30	17	23	19	36	17	8	16	23	10	2	4	6	19	19	0	22	22	
25	21	18	30	38	17	27	17	1	19	25	13	23	1	36	16	27	13	35	8	5	18	15	22	35	21	10	30	30	17	14	30	14	3	28	29	6	6	0	21	
19	15	3	18	3	34	31	29	18	37	19	22	23	23	33	21	24	10	27	2	10	12	10	10	8	9	26	25	14	11	20	10	19	15	23	29	10	21	14	0	
M5
0	14	16	6	21	16	22	20	3	21	17	25	24	15	8	4	24	24	26	27	26	12	34	21	25	25	21	24	20	16	15	26	14	25	15	13	30	15	9	11	
16	0	16	4	7	19	24	16	19	24	24	21	5	9	10	13	17	3	19	11	4	17	23	29	27	21	21	12	7	35	11	29	23	13	17	24	16	32	22	15	
1	23	0	3	24	21	17	24	21	26	27	24	28	19	12	28	9	12	24	31	23	8	21	33	35	7	2	13	5	42	19	30	25	27	19	33	30	47	24	24	
20	16	16	0	3	14	4	17	14	19	6	3	20	12	5	26	21	25	15	17	13	25	26	22	14	14	21	26	21	21	12	24	13	14	9	20	17	26	11	22	
21	9	18	24	0	16	21	13	16	21	23	3	9	14	7	25	14	30	23	15	20	21	5	19	22	24	8	28	10	32	14	12	11	14	14	16	15	26	19	19	
29	26	25	11	2	0	20	27	1	2	15	30	22	14	23	28	11	35	27	29	21	14	19	9	18	32	14	9	18	22	22	7	30	28	30	29	41	23	30	7	
30	20	26	17	21	23	0	7	2	8	10	12	26	15	24	31	11	31	8	26	30	4	20	22	29	12	1	21	1	6	2	14	18	34	18	23	11	20	36	31	
6	13	2	3	16	11	16	0	11	14	15	8	2	1	2	17	8	16	16	21	15	13	26	16	14	11	7	18	10	28	9	18	3	10	9	1	21	31	14	21	
17	13	13	19	7	9	10	16	0	14	2	27	12	1	10	35	23	26	14	16	33	8	22	21	30	23	18	9	5	34	17	19	23	20	17	22	32	32	22	19	
11	13	7	10	26	24	27	24	18	0	32	31	24	16	15	24	19	8	5	24	14	18	6	34	29	17	7	14	15	28	22	18	28	16	17	29	26	36	27	4	
6	18	2	8	27	22	22	6	26	27	0	29	27	5	17	33	14	17	6	32	18	13	26	34	37	12	7	18	10	30	20	32	28	14	24	1	17	37	26	6	
21	2	30	28	28	25	23	9	20	28	28	0	23	26	20	5	20	34	37	39	13	22	32	1	33	28	29	25	35	11	26	24	26	14	18	2	42	5	27	20	
21	24	17	14	25	25	23	8	20	28	30	27	0	14	16	38	9	22	7	35	41	5	41	36	15	27	22	24	25	40	17	35	29	1	23	28	24	38	21	16	
15	17	11	17	9	4	25	8	8	3	2	19	27	0	11	15	3	4	25	9	24	21	24	7	23	21	14	14	19	29	18	14	12	26	18	3	22	30	23	6	
10	6	6	12	9	4	9	7	4	9	15	12	11	2	0	22	11	18	13	14	20	17	21	16	19	12	11	16	11	29	2	14	8	12	2	25	17	30	7	14	
18	14	14	20	17	12	17	15	12	17	23	12	14	10	3	0	15	26	12	22	28	15	29	24	24	20	19	24	19	37	10	22	16	20	10	32	25	28	15	22	
24	35	20	17	29	24	30	6	23	12	31	18	27	2	24	24	0	30	12	14	1	14	40	5	33	27	1	24	26	17	28	28	22	16	23	24	18	41	36	24	
7	12	12	18	15	10	15	13	10	15	21	18	17	2	1	10	8	0	19	20	26	22	14	22	25	17	17	14	17	26	8	20	14	18	8	15	12	36	13	6	
7	29	3	9	25	20	23	30	24	25	29	23	24	25	18	21	15	18	0	24	24	14	27	2	13	3	1	19	11	24	25	19	31	21	25	39	17	4	17	9	
15	16	11	16	13	13	19	5	14	16	14	11	21	12	5	29	10	26	12	0	29	15	1	25	21	11	16	21	10	16	1	18	17	18	12	25	27	3	17	23	
19	22	15	15	6	1	24	23	5	6	19	5	17	10	11	23	15	7	19	30	0	18	17	13	22	6	6	13	3	26	18	11	24	25	9	25	17	26	23	11	
16	12	12	18	15	10	15	13	10	6	8	18	17	4	1	10	14	17	19	12	18	0	17	22	8	12	17	22	17	24	8	13	11	18	8	31	23	36	13	12	
2	22	14	12	10	35	14	29	24	3	20	23	26	18	26	22	15	19	9	42	20	20	0	38	19	24	19	20	21	30	24	23	8	12	3	31	14	40	27	16	
2	12	12	18	15	10	15	13	10	15	9	3	4	8	1	1	5	24	18	20	4	3	17	0	14	9	15	13	17	14	8	5	14	1	8	23	23	26	13	1	
10	21	6	12	6	24	26	22	10	29	24	27	22	16	15	24	14	8	19	34	22	17	28	36	0	16	11	22	14	29	17	13	22	9	2	29	16	10	27	15	
26	3	29	24	13	10	27	36	14	4	16	29	35	27	35	21	15	31	25	7	2	24	18	22	8	0	9	22	13	27	35	20	12	41	30	38	6	22	18	20	
16	23	24	18	4	22	27	4	22	11	27	11	16	14	13	22	20	6	28	19	12	27	26	26	12	29	0	4	1	28	20	30	15	24	20	24	13	34	25	4	
20	27	16	19	23	18	36	4	22	23	12	7	25	24	25	1	28	31	21	15	34	22	31	26	12	17	21	0	8	24	32	12	26	20	25	1	7	4	26	28	
13	28	17	23	20	33	19	6	33	18	15	26	19	26	24	18	21	25	16	22	27	26	1	5	29	2	22	12	0	15	30	5	19	24	9	26	29	28	27	22	
32	9	34	3	24	32	23	27	12	27	12	24	26	25	23	15	31	20	28	38	20	32	31	43	8	32	30	32	19	0	22	38	28	34	27	3	30	17	26	3	
24	14	20	11	25	29	30	1	27	11	9	6	22	21	20	25	5	25	7	20	24	24	44	23	23	6	17	21	5	24	0	16	12	30	27	21	26	25	32	37	
17	20	25	18	9	4	27	6	8	9	22	32	19	6	24	11	4	17	1	12	28	16	20	16	21	31	21	16	25	28	22	0	28	11	1	26	35	28	36	14	
21	27	17	11	30	25	8	29	11	20	2	29	31	18	17	4	20	10	3	36	2	2	30	32	1	27	22	13	24	20	24	5	0	27	8	16	19	34	29	21	
23	7	24	16	7	2	23	18	1	7	15	23	25	14	13	26	15	10	24	13	15	18	10	14	23	23	19	7	18	27	13	12	26	0	12	27	11	18	25	12	
8	11	26	28	29	24	29	18	16	28	22	23	15	16	15	24	4	8	24	34	40	27	28	29	12	23	31	28	22	19	13	33	28	11	0	20	26	40	27	5	
6	20	28	24	7	19	27	14	5	24	13	12	21	18	24	31	13	17	20	17	12	25	7	28	14	19	4	6	18	21	9	29	25	20	1	0	35	28	2	14	
26	14	27	15	10	25	18	6	10	30	24	7	12	13	27	30	14	41	26	17	26	24	23	19	4	36	1	9	11	36	34	31	28	20	34	17	0	30	26	25	
23	17	19	17	4	3	7	16	7	8	21	1	5	20	18	18	17	25	19	35	27	17	25	15	1	8	20	8	24	28	25	12	31	7	9	19	36	0	23	13	
24	26	29	23	32	27	2	13	27	23	7	14	34	11	18	5	17	11	19	15	32	17	29	33	35	18	29	30	7	36	8	5	24	35	18	24	29	37	0	20	
16	12	12	16	15	10	15	13	10	4	15	18	17	8	1	9	17	7	17	20	16	16	7	22	15	18	11	18	17	3	8	19	4	18	8	15	22	14	2	0	
