40  2  1
2
	0	5	1	7
	0	49	1	23
	0	62	1	64
	0	63	1	82
	0	2	1	61
	0	18	1	50
	0	70	1	75
	0	85	1	18
	0	80	1	19
	0	34	1	16
	0	77	1	85
	0	35	1	1
	0	31	1	25
	0	41	1	28
	0	32	1	56
	0	38	1	61
	0	3	1	33
	0	74	1	21
	0	49	1	20
	0	29	1	58
	0	6	1	43
	0	67	1	15
	0	62	1	23
	0	81	1	12
	0	56	1	3
	0	44	1	66
	0	98	1	31
	0	6	1	35
	0	40	1	63
	0	97	1	33
	0	97	1	84
	0	49	1	76
	0	22	1	84
	0	32	1	42
	0	48	1	11
	0	55	1	62
	0	76	1	7
	0	8	1	64
	0	66	1	98
	0	18	1	54
SSD
M0
0	23	30	27	42	34	9	8	4	23	9	32	20	28	7	10	17	18	28	20	8	23	15	45	20	15	47	22	16	26	8	30	22	24	45	23	21	30	31	35	
3	0	18	23	23	35	17	16	12	25	15	20	28	23	15	18	25	23	17	20	10	4	15	26	22	17	13	18	18	14	4	16	26	26	16	7	29	3	14	14	
19	30	0	30	9	30	8	19	28	21	17	37	20	13	30	28	26	13	6	18	6	24	22	12	18	13	36	36	14	30	2	16	19	18	24	12	27	21	13	10	
26	6	25	0	34	35	1	17	9	12	11	28	16	9	22	37	40	24	35	4	11	39	9	37	23	18	5	13	15	30	28	36	44	10	37	9	30	21	14	26	
28	19	35	30	0	22	34	23	26	28	18	27	9	31	19	17	34	2	24	10	13	13	11	1	12	8	27	25	4	25	17	16	8	7	13	35	29	10	2	10	
5	7	40	31	31	0	19	10	14	24	19	11	30	5	17	12	27	28	1	30	18	7	18	26	30	4	10	32	26	20	5	14	16	24	16	18	31	22	23	11	
26	28	20	27	35	3	0	31	22	39	21	29	23	26	25	20	43	4	22	11	39	28	27	35	4	25	21	14	11	25	3	35	17	5	9	18	32	22	21	7	
26	22	38	33	1	11	9	0	29	31	21	12	12	32	22	20	35	4	25	13	16	16	14	4	13	11	30	28	7	28	20	19	11	10	4	23	32	13	5	13	
25	11	28	42	37	36	23	21	0	25	21	18	34	37	26	22	15	23	26	22	10	21	32	28	22	1	6	19	18	24	10	18	14	22	37	23	25	22	15	28	
10	38	30	27	39	47	6	5	19	0	19	5	16	30	15	25	32	14	31	14	23	35	7	32	35	30	6	21	14	25	18	1	37	34	33	24	17	17	13	18	
30	26	32	44	32	7	38	13	33	31	0	28	41	30	36	13	22	9	26	42	34	25	23	21	43	18	26	33	18	1	30	32	9	29	28	22	24	41	15	30	
22	32	6	13	24	34	36	11	16	6	7	0	35	31	20	14	40	19	17	16	18	35	22	15	30	25	41	9	25	32	24	33	19	28	2	9	32	17	18	22	
31	10	44	23	11	35	5	3	7	31	13	20	0	4	6	30	20	15	17	23	22	10	22	14	25	5	33	18	9	18	28	29	21	20	4	31	30	3	6	23	
10	11	18	29	24	3	24	22	16	29	15	23	32	0	19	25	13	16	1	27	23	19	16	27	1	12	6	8	11	22	23	32	18	19	14	1	34	9	17	21	
26	14	39	27	11	32	36	14	19	6	22	14	22	36	0	22	8	15	19	23	26	14	24	14	3	21	27	37	17	8	28	28	13	15	20	5	15	23	15	7	
14	1	34	14	24	14	14	15	12	33	11	19	16	26	13	0	19	15	16	23	22	20	17	16	34	22	32	4	13	1	19	28	17	25	18	30	29	2	13	17	
15	3	39	37	25	21	29	25	8	35	11	40	16	25	27	11	0	22	8	29	20	3	35	28	32	27	32	26	15	6	18	17	2	4	25	29	22	34	29	25	
25	21	33	37	5	29	32	16	23	26	22	19	5	35	26	24	41	0	29	1	11	20	18	8	19	13	34	15	11	14	23	22	15	14	20	30	18	17	9	17	
17	17	24	11	7	28	23	29	24	17	13	31	18	11	27	1	24	11	0	14	2	22	20	10	12	9	4	16	10	29	1	4	17	16	7	11	23	19	11	19	
19	25	15	14	27	32	33	27	14	25	4	17	12	5	17	11	19	17	28	0	20	9	19	21	16	24	40	6	13	26	21	13	24	19	14	34	22	14	15	19	
9	35	16	36	28	20	15	21	18	9	5	36	34	28	21	24	31	32	39	6	0	37	29	31	6	1	48	33	2	23	22	19	36	12	35	35	15	40	22	35	
20	1	4	22	13	15	16	19	3	11	2	7	24	21	10	32	24	17	5	17	5	0	3	16	17	11	23	30	13	18	17	30	23	1	11	32	26	22	17	2	
23	20	27	24	31	22	30	21	4	34	13	28	17	8	24	14	14	24	25	12	33	20	0	27	35	31	42	13	30	23	4	34	8	21	9	35	24	21	22	26	
28	17	42	24	26	5	42	17	23	5	12	16	8	28	20	25	34	28	4	30	24	22	24	0	36	4	33	19	32	6	28	37	27	16	2	32	31	4	15	32	
42	22	29	8	36	24	9	30	13	6	17	10	31	16	16	23	33	1	31	28	36	5	30	28	0	32	22	30	9	35	28	17	38	13	33	41	30	38	1	13	
33	29	40	23	22	21	11	45	17	18	8	24	33	34	36	4	23	9	14	24	18	29	23	25	30	0	20	25	22	32	40	11	11	30	29	38	15	33	1	34	
21	9	8	25	14	10	11	15	14	23	17	27	22	25	33	17	3	11	14	8	22	9	27	7	18	24	0	30	18	12	13	10	8	2	29	35	1	26	14	26	
7	17	24	22	15	20	21	15	2	25	1	9	26	16	5	22	25	5	16	13	20	20	7	18	29	12	28	0	21	17	9	18	25	24	18	25	29	2	3	7	
22	16	11	10	44	15	1	35	1	33	7	38	47	5	34	37	36	31	34	30	18	31	32	44	16	25	27	23	0	6	31	7	38	30	15	8	9	25	32	36	
16	26	32	16	10	10	30	24	11	33	10	18	15	25	3	29	29	14	3	22	18	17	16	13	24	17	5	3	16	0	18	27	20	19	4	4	36	11	12	16	
23	15	3	21	20	29	13	11	1	20	13	26	28	9	19	23	9	22	20	2	16	15	24	10	7	17	27	11	24	6	0	29	14	16	29	17	20	19	20	1	
16	32	23	15	30	27	22	7	1	16	12	26	28	4	28	21	26	26	25	13	1	27	13	12	3	8	5	23	9	1	29	0	31	13	27	35	22	11	22	34	
18	10	16	13	1	14	7	17	12	11	11	27	12	1	5	18	4	5	15	13	3	10	14	4	15	10	27	23	7	13	20	19	0	10	1	5	24	10	5	1	
24	8	33	24	12	36	20	11	33	4	29	8	23	26	27	12	40	16	24	11	27	27	25	15	11	14	30	30	18	9	14	30	22	0	26	4	28	24	15	4	
43	39	10	3	46	20	7	29	4	23	38	46	8	20	27	44	35	9	39	21	36	17	42	22	42	42	17	31	44	5	32	23	31	36	0	22	12	38	2	44	
31	34	9	11	43	27	23	42	5	11	18	48	46	16	12	1	28	18	39	5	16	34	20	5	28	23	23	40	22	11	40	41	33	17	4	0	17	41	43	46	
23	5	12	36	4	28	7	29	12	34	19	24	15	4	25	6	5	8	16	16	19	11	17	7	18	14	33	31	10	14	6	22	10	11	14	37	0	16	8	16	
20	28	34	12	14	24	33	5	14	23	14	9	25	28	18	33	22	16	6	24	12	10	20	17	24	19	22	7	20	7	17	25	15	15	8	20	19	0	3	20	
25	6	17	22	27	2	15	11	8	27	25	31	34	7	29	11	15	14	21	18	37	21	16	1	19	2	23	18	33	19	25	16	20	8	10	8	17	26	0	25	
30	24	14	2	37	19	27	29	29	21	7	9	13	13	42	32	18	11	16	14	18	17	20	11	17	25	8	39	26	4	28	35	23	6	34	30	38	44	4	0	
M1
0	3	21	26	30	7	1	3	14	24	23	28	17	25	8	7	2	11	20	14	10	13	33	23	24	24	12	24	25	13	23	13	27	25	11	25	4	28	9	33	
33	0	11	24	30	1	16	26	32	11	4	28	13	17	3	19	21	37	25	18	7	24	33	12	6	29	11	8	16	14	29	36	32	2	18	32	26	2	8	34	
6	14	0	22	25	18	14	16	27	4	13	24	11	12	21	17	15	24	19	16	4	17	9	10	4	36	21	22	6	23	27	10	20	21	16	27	17	31	21	3	
4	14	32	0	12	12	12	14	25	32	25	29	28	34	8	18	13	4	14	25	14	24	31	34	35	8	23	21	11	22	29	24	35	32	22	17	15	31	17	33	
14	20	23	20	0	25	16	24	11	8	3	28	13	16	24	14	23	32	28	18	26	27	18	12	6	32	23	21	4	25	21	24	32	25	9	17	25	36	23	30	
30	29	31	19	20	0	29	16	25	24	25	8	23	3	28	11	12	12	24	6	5	31	13	16	19	9	21	8	8	26	32	28	22	9	30	22	13	28	17	2	
25	22	29	11	12	31	0	17	32	11	7	26	14	6	5	9	30	1	8	8	29	9	12	18	12	16	13	25	17	19	26	4	26	23	24	26	6	14	29	36	
7	17	2	5	14	21	15	0	28	3	12	25	31	26	22	20	13	25	20	18	14	27	30	20	31	32	26	4	25	4	30	23	34	4	18	17	18	42	23	15	
24	22	22	8	21	30	21	22	0	2	26	9	17	16	29	19	23	25	22	23	6	32	14	17	11	36	25	13	12	30	23	28	23	16	23	1	17	29	5	19	
6	16	4	21	13	20	14	15	22	0	23	6	13	13	21	1	15	22	4	15	2	16	11	1	16	19	12	10	6	18	20	17	15	1	8	20	15	24	14	16	
29	21	7	7	16	29	20	10	17	7	0	27	17	21	9	15	10	8	27	22	7	1	10	16	10	1	13	17	6	18	29	18	28	22	17	18	5	32	9	37	
36	25	22	21	11	37	28	12	16	19	16	0	17	6	19	30	37	15	39	30	27	22	4	24	18	36	35	3	2	34	39	30	13	6	27	13	38	19	35	9	
9	15	24	23	13	23	17	7	18	21	18	1	0	8	19	23	18	17	36	10	24	6	6	7	20	19	20	5	4	11	1	23	5	6	27	15	17	8	20	1	
2	12	25	13	14	16	10	6	23	19	8	15	4	0	17	16	11	14	6	23	19	21	17	32	33	27	21	19	8	16	17	22	20	19	5	20	13	3	18	25	
3	9	19	27	21	14	11	13	24	22	12	24	24	2	0	9	4	16	16	24	20	23	29	3	17	24	16	10	27	5	12	20	23	16	21	35	14	1	16	30	
29	16	19	20	6	4	12	7	21	7	1	24	3	13	13	0	29	15	27	14	25	23	2	8	2	16	12	5	25	17	25	19	25	5	14	28	4	9	19	29	
11	5	18	6	15	25	19	16	20	16	20	3	20	10	19	1	0	5	30	23	18	24	8	19	13	35	5	7	6	14	23	21	17	10	12	8	1	23	26	13	
21	12	25	9	16	34	22	17	21	24	21	4	4	11	18	18	28	0	44	20	24	18	9	24	23	36	11	8	7	16	4	23	18	11	32	18	3	6	27	14	
33	4	25	26	32	11	18	28	8	11	22	30	15	19	1	21	8	39	0	20	11	25	35	14	8	1	25	13	31	18	4	22	1	28	20	28	28	22	5	36	
28	12	18	38	5	16	21	28	38	22	25	26	27	31	31	33	36	26	10	0	17	41	17	14	20	31	19	9	26	16	16	12	31	28	11	26	28	26	25	20	
38	1	10	18	8	25	10	37	6	27	21	34	20	33	7	17	9	13	35	24	0	29	32	23	22	45	10	27	23	12	17	22	9	19	25	26	2	26	9	17	
23	32	21	23	20	37	28	16	28	18	28	11	17	18	31	31	24	11	31	30	13	0	16	2	18	39	15	1	14	19	36	2	22	16	27	2	16	16	15	21	
28	38	18	31	5	35	18	13	6	27	18	34	36	33	19	25	10	11	19	17	16	27	0	31	30	40	16	21	37	29	29	3	40	15	28	22	23	15	30	9	
16	18	21	12	6	23	14	2	34	9	21	26	11	15	20	17	10	13	17	16	9	25	31	0	4	25	1	22	23	5	23	12	8	2	16	22	2	38	1	32	
24	11	14	15	21	16	7	17	36	2	36	19	4	8	15	10	25	28	22	9	20	18	24	3	0	30	14	15	20	16	20	27	23	17	9	23	17	36	14	25	
4	14	9	17	17	18	6	14	17	15	17	5	23	2	18	18	13	21	31	17	21	24	10	29	24	0	14	9	8	24	33	24	6	12	22	19	15	25	5	15	
13	23	21	3	8	27	21	10	33	23	2	22	6	22	10	4	22	19	25	29	30	33	12	24	18	34	0	3	13	32	32	33	36	29	23	36	24	31	4	30	
13	7	29	25	24	16	7	20	34	21	7	30	4	27	5	27	22	12	22	28	27	31	34	6	16	16	16	0	7	23	13	30	26	20	15	11	20	32	6	6	
40	29	19	25	37	23	26	18	43	32	28	44	31	44	19	11	34	24	34	34	5	39	36	34	33	43	2	21	0	2	15	7	36	12	41	42	13	38	37	40	
23	15	18	19	25	1	11	21	37	1	34	23	2	11	19	14	29	30	21	13	18	4	23	7	1	17	18	19	6	0	18	16	25	18	6	21	21	33	18	6	
12	6	1	24	11	26	20	22	33	4	15	26	7	33	27	19	21	26	24	1	22	32	28	21	22	39	5	25	7	26	0	2	35	21	28	40	15	31	28	25	
16	17	31	26	10	30	24	16	2	20	4	13	25	20	10	16	24	12	31	23	17	28	18	2	18	26	9	17	16	14	4	0	22	5	12	22	1	33	15	11	
9	19	21	23	29	22	15	1	3	10	5	27	12	16	6	18	11	27	24	13	14	22	32	11	5	20	22	23	28	23	18	14	0	12	11	23	19	12	1	30	
4	9	13	12	31	11	12	10	18	25	3	31	28	36	17	14	13	19	6	5	21	5	33	22	34	13	10	16	9	24	23	22	10	0	11	22	15	8	20	10	
25	10	12	22	17	34	33	27	20	3	17	25	32	32	36	20	29	39	23	34	9	19	13	20	35	12	11	29	17	37	1	24	34	20	0	4	34	16	3	31	
25	27	14	28	22	19	7	21	1	3	16	25	26	24	24	4	29	32	3	17	14	21	30	7	19	5	6	3	25	24	27	31	24	12	27	0	21	39	20	35	
33	9	23	30	24	24	23	28	25	18	12	26	20	24	11	8	18	4	38	15	31	20	23	14	13	45	1	30	14	6	24	13	16	14	25	22	0	29	27	36	
33	1	3	17	25	25	8	8	8	29	28	36	37	40	27	22	6	18	24	39	8	17	13	24	30	7	23	14	10	30	14	22	8	20	42	28	38	0	8	30	
31	17	23	15	5	15	10	12	14	11	23	6	13	1	9	19	31	9	3	1	29	27	11	12	6	24	23	10	9	25	27	27	3	13	18	20	26	15	0	16	
24	2	18	10	25	20	11	2	20	2	24	23	8	12	17	14	3	13	22	13	12	22	28	7	1	34	18	19	20	20	15	31	23	10	13	17	21	27	18	0	
