40  2  1
2
	0	99	1	39
	0	30	1	32
	0	83	1	87
	0	59	1	9
	0	87	1	11
	0	19	1	24
	0	32	1	70
	0	64	1	84
	0	76	1	12
	0	95	1	100
	0	32	1	81
	0	99	1	14
	0	63	1	8
	0	2	1	64
	0	33	1	93
	0	50	1	34
	0	21	1	81
	0	20	1	89
	0	25	1	9
	0	11	1	94
	0	10	1	70
	0	79	1	62
	0	86	1	9
	0	8	1	87
	0	12	1	72
	0	43	1	45
	0	64	1	48
	0	7	1	85
	0	9	1	93
	0	91	1	33
	0	86	1	15
	0	100	1	78
	0	76	1	62
	0	64	1	25
	0	5	1	47
	0	77	1	21
	0	25	1	96
	0	4	1	98
	0	68	1	2
	0	75	1	87
SSD
M0
0	18	25	39	25	28	28	10	23	30	33	18	21	16	5	22	30	23	13	27	39	9	37	12	8	9	12	2	4	31	35	31	33	17	12	24	6	46	28	18	
33	0	49	36	35	59	38	64	25	41	21	28	42	47	9	38	42	25	23	31	25	54	51	53	29	55	35	12	42	44	57	58	36	27	28	40	38	54	66	52	
25	23	0	32	45	42	53	57	35	43	55	43	38	43	21	34	40	36	18	9	21	25	31	31	25	3	11	27	31	9	55	41	33	35	43	55	34	37	1	45	
35	32	42	0	17	26	42	59	8	42	16	51	12	28	42	37	31	56	16	33	45	2	44	3	24	55	18	35	16	23	41	29	22	38	27	21	8	49	19	14	
25	33	11	50	0	41	37	54	32	34	30	23	17	29	20	37	1	1	22	31	39	21	28	33	4	35	15	11	17	21	19	3	46	26	27	37	39	28	40	9	
40	25	60	36	49	0	61	32	35	37	20	25	34	43	25	36	9	40	38	13	25	69	52	35	23	36	16	55	35	48	50	45	28	43	53	14	14	31	21	49	
4	45	18	31	30	39	0	44	27	12	9	51	11	41	36	43	39	35	3	43	20	51	31	16	20	51	60	48	29	36	35	42	18	17	42	17	33	42	31	43	
26	38	36	15	36	20	37	0	18	47	8	24	32	34	22	27	17	2	37	46	4	42	49	33	27	42	43	36	22	12	53	16	47	3	37	49	17	41	4	31	
31	43	55	46	60	31	46	62	0	33	34	21	34	19	40	40	9	34	35	39	51	45	18	61	31	62	66	37	44	34	31	63	1	38	53	39	32	36	48	57	
2	35	47	56	42	12	67	29	33	0	37	3	27	53	41	48	40	60	41	33	45	36	56	28	49	57	47	42	41	13	31	9	49	25	55	12	39	28	40	40	
10	7	30	29	26	39	29	11	6	7	0	33	30	29	16	9	36	28	28	6	18	27	9	28	22	30	36	17	17	34	48	38	25	13	1	13	12	1	13	25	
27	25	46	28	38	24	57	44	23	24	21	0	34	16	35	37	36	5	32	23	17	42	39	37	21	47	52	34	34	47	35	53	42	30	50	19	29	18	30	44	
26	36	30	9	30	42	20	49	33	45	22	3	0	32	38	7	34	2	44	39	51	22	63	32	36	48	31	36	20	52	49	58	47	8	52	47	15	39	48	34	
10	32	40	25	39	10	39	61	58	12	49	32	20	0	19	19	33	37	14	42	54	24	42	53	33	64	45	16	46	66	17	68	49	17	32	43	43	60	50	59	
17	28	30	32	32	17	35	63	15	19	43	25	8	5	0	2	40	30	20	49	61	21	48	23	26	57	52	9	33	35	24	16	44	24	22	17	16	56	39	47	
38	15	56	24	37	42	40	55	27	35	47	48	30	30	13	0	32	28	36	1	13	1	42	23	17	25	36	39	18	36	34	33	20	41	50	41	26	29	39	8	
15	13	34	32	31	25	40	32	11	12	30	5	4	13	21	34	0	12	8	9	21	39	30	31	1	32	58	28	14	39	32	33	30	15	40	42	17	6	18	27	
4	36	51	50	14	35	40	52	11	48	9	2	10	37	16	40	39	0	25	47	39	20	50	12	31	62	27	14	25	32	48	38	25	18	30	42	52	42	28	39	
43	48	1	6	3	49	52	83	19	55	48	41	49	41	35	15	71	19	0	66	70	59	3	51	43	74	32	26	56	71	60	64	10	41	42	54	73	76	41	44	
26	3	44	12	25	34	37	43	15	23	35	36	18	23	1	14	20	16	24	0	1	46	30	11	5	13	62	31	11	24	42	21	32	29	38	50	14	17	27	25	
30	24	55	1	31	30	34	43	4	34	33	29	34	20	8	13	9	42	29	39	0	46	57	61	31	28	65	38	8	69	39	26	59	35	54	48	3	36	48	17	
7	13	34	13	27	36	45	62	24	45	31	43	10	31	23	4	41	21	9	49	56	0	37	13	34	45	60	45	19	31	50	12	34	40	40	27	55	44	29	1	
34	32	32	6	36	31	42	51	14	31	49	52	31	28	42	49	49	57	35	30	30	54	0	22	34	44	66	36	16	11	47	48	29	37	40	52	36	25	27	30	
29	21	31	36	6	15	31	60	3	31	40	40	1	17	31	29	20	45	5	47	59	27	33	0	13	44	50	24	5	12	30	18	13	27	19	31	38	47	8	19	
25	17	27	36	37	25	27	68	34	27	48	19	1	13	25	34	48	41	25	44	56	39	17	23	0	19	45	20	1	43	32	42	44	28	27	39	44	61	39	14	
32	25	37	2	37	32	35	69	34	34	47	34	16	20	29	41	48	43	36	17	29	46	32	23	3	0	60	35	9	43	39	4	44	5	42	42	42	45	39	23	
49	37	24	49	30	3	29	54	45	46	42	19	52	62	47	58	31	62	60	35	47	64	52	57	45	56	0	77	56	70	2	66	40	16	75	36	32	40	43	70	
14	15	30	35	16	47	19	50	45	49	30	9	23	35	2	19	44	14	4	48	50	35	32	45	10	41	59	0	23	43	54	51	39	8	9	21	51	43	55	36	
15	7	45	26	44	15	17	66	62	17	54	37	25	3	24	24	38	41	19	47	59	29	47	58	38	31	50	21	0	71	22	32	54	18	37	48	48	65	54	5	
22	27	22	44	46	57	17	46	41	42	3	20	11	45	32	40	11	44	23	41	53	9	9	43	33	64	71	23	33	0	63	1	47	38	30	33	47	36	48	15	
41	24	71	28	54	1	39	52	31	30	40	45	47	29	30	32	29	24	45	18	17	5	59	40	34	28	36	47	17	15	0	50	37	36	63	34	30	46	41	31	
35	14	70	60	55	52	54	38	26	9	29	14	27	40	7	18	43	68	56	47	49	4	4	45	45	64	58	49	28	42	59	0	31	54	8	20	53	42	54	42	
37	18	61	50	19	44	18	17	38	39	42	32	13	40	48	22	6	13	35	36	48	45	14	45	28	59	60	47	41	65	59	40	0	11	63	67	44	33	22	54	
17	15	37	36	4	22	50	34	13	14	32	44	32	10	25	2	21	40	26	13	25	17	18	35	29	37	57	28	24	16	29	44	32	0	17	29	19	8	11	38	
22	1	58	47	42	60	43	36	34	35	16	56	45	48	10	5	30	55	54	34	36	21	22	52	32	51	45	43	45	29	67	58	30	41	0	7	40	29	41	46	
20	11	32	35	33	12	49	53	21	22	33	28	30	8	27	22	40	6	6	44	53	34	34	38	43	32	47	26	51	46	27	64	41	21	12	0	45	46	12	12	
2	17	30	32	16	2	46	48	10	19	5	34	25	5	23	26	30	44	4	34	46	31	32	56	33	57	37	23	26	66	24	29	39	7	38	35	0	33	42	40	
5	3	25	24	21	34	38	22	1	2	20	41	30	24	13	26	32	28	36	1	13	42	42	23	17	25	68	42	12	29	43	33	20	8	50	62	7	0	8	26	
29	23	20	42	33	29	33	62	7	33	32	27	28	19	20	12	47	32	22	48	60	16	24	19	24	39	64	11	7	39	38	40	40	19	21	33	2	55	0	21	
37	14	55	34	53	37	39	28	33	30	27	10	36	25	41	45	15	29	35	33	23	12	52	55	23	47	72	41	36	20	44	55	41	23	57	3	36	28	40	0	
M1
0	44	35	38	39	28	44	24	40	29	73	59	55	43	17	25	22	63	56	52	41	49	9	42	67	30	34	52	6	73	57	27	47	37	39	17	10	55	67	34	
49	0	17	23	40	25	53	25	17	25	58	33	51	27	35	34	16	40	10	41	38	44	18	22	47	56	43	1	27	19	34	20	35	32	37	45	35	30	25	29	
12	43	0	47	40	54	49	50	53	11	62	24	83	63	44	46	70	33	49	53	12	48	35	55	62	65	45	21	14	21	70	26	14	60	65	30	58	69	51	55	
32	15	37	0	11	21	56	28	51	40	77	50	41	51	3	13	56	23	48	24	30	28	13	28	20	26	38	28	34	62	66	46	51	4	43	39	17	46	42	46	
10	23	15	49	0	45	62	41	31	18	72	28	40	50	45	42	69	49	36	2	47	6	26	63	65	68	22	6	47	61	48	27	64	62	56	48	59	46	79	36	
34	26	28	2	22	0	46	6	48	43	39	9	10	20	14	19	46	34	33	8	28	39	3	20	31	7	8	37	17	31	47	44	41	15	3	40	28	15	53	4	
24	18	29	22	3	52	0	2	37	32	11	42	54	4	31	15	58	37	22	13	41	15	40	13	13	52	36	17	36	69	35	41	15	22	49	17	48	37	55	50	
3	29	23	14	34	42	42	0	6	12	47	51	5	15	6	3	18	37	28	30	53	33	33	41	40	7	48	4	44	26	23	41	34	27	49	34	16	48	47	2	
46	32	26	37	45	26	24	30	0	48	29	59	28	38	34	31	56	52	51	12	40	15	15	41	22	29	30	11	26	49	5	52	36	50	45	16	28	36	61	39	
15	22	49	32	34	6	2	19	25	0	66	39	40	35	23	20	47	58	47	4	26	29	4	1	1	37	29	20	15	7	21	45	31	45	33	2	11	45	43	34	
42	29	23	11	21	38	19	40	5	50	0	38	5	15	23	12	47	37	25	29	5	3	32	48	7	39	47	28	10	21	17	55	48	24	49	33	37	45	51	5	
30	5	35	9	9	39	66	30	30	38	46	0	56	28	21	31	32	41	15	22	5	26	31	21	38	34	7	14	32	23	45	47	37	22	42	42	26	35	60	56	
32	16	10	1	21	31	34	30	30	50	43	38	0	2	13	21	34	24	15	34	40	31	23	38	30	36	48	36	32	13	45	49	47	14	42	22	27	35	50	10	
23	10	38	21	38	34	33	23	23	36	38	31	48	0	4	43	37	42	8	35	36	26	28	36	21	39	46	29	25	9	38	31	40	10	7	51	37	28	27	31	
43	4	21	12	32	32	38	18	18	50	35	12	3	13	0	32	39	35	3	42	13	42	23	26	7	47	33	24	20	24	21	37	35	25	30	33	15	23	33	8	
32	63	44	58	29	58	83	79	47	56	71	68	80	18	59	0	53	43	76	42	48	46	64	4	81	44	58	30	16	80	64	62	92	71	85	24	55	35	86	76	
33	32	31	8	28	12	55	28	21	41	58	45	13	23	5	29	0	35	36	41	11	25	13	42	2	2	4	29	31	34	38	9	23	21	28	43	14	25	5	9	
68	44	33	30	47	26	44	32	32	8	52	25	37	47	28	4	32	0	17	55	44	43	37	42	18	57	46	38	34	48	5	39	26	33	44	24	1	9	70	39	
42	28	22	4	21	30	42	6	6	38	47	14	32	42	16	26	27	25	0	30	33	33	11	41	33	37	35	12	8	51	21	47	23	17	18	34	30	11	55	40	
59	3	6	18	38	38	62	28	44	20	5	68	67	14	30	40	51	50	45	0	25	49	40	46	47	53	44	8	57	39	61	35	60	31	25	21	41	13	31	5	
44	34	28	19	39	10	52	34	47	68	59	30	10	20	28	39	45	29	33	38	0	33	37	53	18	41	42	22	42	31	1	20	32	18	37	40	26	32	16	20	
45	45	35	21	24	28	36	46	53	19	26	61	44	18	33	43	71	22	65	37	54	0	43	58	24	56	15	34	37	65	7	22	37	34	54	60	47	38	42	41	
22	44	47	20	21	10	34	6	53	50	55	41	44	53	10	7	34	45	38	34	54	38	0	45	49	33	16	38	12	65	48	32	29	33	21	65	46	37	71	38	
46	32	13	8	28	34	40	30	4	57	45	36	42	52	20	15	12	15	62	28	10	31	15	0	37	43	28	27	36	63	21	19	1	21	45	32	34	25	59	55	
50	13	38	29	37	36	40	4	4	10	45	24	20	30	38	12	24	52	43	12	42	31	19	50	0	45	44	7	40	13	21	17	5	42	22	29	39	52	29	33	
33	49	33	52	34	42	48	38	12	17	53	54	52	62	18	37	52	76	70	36	64	21	23	57	29	0	48	35	3	12	29	54	60	51	2	40	46	50	70	46	
30	43	13	37	9	27	39	12	24	26	65	48	52	55	30	27	54	54	42	22	23	26	11	65	7	53	0	26	32	66	41	45	49	50	16	52	8	37	41	45	
42	25	20	6	26	36	24	31	40	39	53	6	2	12	18	28	26	34	25	6	25	41	28	20	4	1	27	0	42	23	20	51	44	12	48	28	32	9	50	20	
52	27	26	15	31	42	24	31	30	39	44	8	44	12	27	29	52	47	16	36	6	46	34	32	41	42	29	26	0	42	46	39	43	28	28	7	38	36	35	7	
42	55	47	47	21	38	37	7	14	6	55	60	44	39	27	35	62	33	45	34	32	38	19	67	48	43	4	37	15	0	31	48	36	6	49	42	28	62	44	1	
64	56	13	32	52	6	67	24	31	73	45	39	40	50	44	49	76	55	43	35	58	58	33	50	2	37	38	54	47	61	0	32	16	45	33	59	58	16	77	19	
29	42	34	37	8	42	40	8	4	13	39	47	28	38	8	47	70	60	51	14	51	21	31	37	38	45	41	25	42	31	21	0	52	25	38	32	44	52	42	46	
53	14	55	12	32	42	58	49	27	49	68	37	37	47	24	34	16	4	56	45	51	48	34	18	41	47	57	18	9	20	38	2	0	25	64	55	38	67	39	25	
41	37	23	16	29	20	32	7	51	37	48	53	13	23	27	24	42	43	36	42	1	22	20	50	22	12	45	37	39	34	66	17	47	0	47	30	23	43	13	17	
1	10	28	37	2	24	37	16	1	4	8	36	33	41	27	24	3	62	49	13	53	19	8	54	35	8	33	19	29	44	18	40	46	44	0	29	41	49	50	49	
54	33	38	13	33	40	38	44	2	11	43	72	36	12	25	1	70	45	59	18	3	27	29	4	36	14	13	14	40	57	19	55	50	26	56	0	10	50	51	53	
45	6	41	21	41	33	14	29	3	39	44	46	43	40	33	29	5	53	32	27	31	30	14	32	24	42	39	26	35	57	20	55	51	21	2	7	0	6	59	8	
41	15	34	16	31	19	54	18	18	50	59	8	44	41	28	38	39	37	3	42	24	20	23	43	34	3	29	24	20	14	17	35	9	29	30	46	40	0	31	35	
26	25	47	1	21	5	66	35	61	50	51	38	36	46	13	23	27	28	58	34	11	18	23	35	30	36	37	22	24	57	76	2	61	14	32	41	8	44	0	2	
34	35	43	11	31	14	63	27	27	46	60	35	48	7	23	33	14	25	12	44	17	34	32	39	40	45	46	4	29	69	42	62	1	24	39	14	37	32	58	0	
