40  8  1
8
	0	30	1	40	2	8	3	82	4	63	5	95	6	21	7	1
	0	10	1	69	2	50	3	92	4	55	5	69	6	68	7	7
	0	62	1	21	2	57	3	87	4	85	5	1	6	46	7	39
	0	90	1	97	2	35	3	91	4	95	5	10	6	75	7	99
	0	14	1	12	2	45	3	71	4	51	5	1	6	48	7	36
	0	80	1	46	2	9	3	89	4	5	5	3	6	56	7	69
	0	1	1	36	2	5	3	59	4	65	5	80	6	96	7	23
	0	26	1	36	2	37	3	7	4	9	5	80	6	57	7	71
	0	41	1	22	2	86	3	39	4	34	5	53	6	90	7	76
	0	7	1	62	2	51	3	21	4	20	5	20	6	61	7	51
	0	20	1	42	2	63	3	53	4	43	5	100	6	78	7	12
	0	9	1	38	2	79	3	62	4	7	5	94	6	9	7	47
	0	62	1	59	2	64	3	91	4	16	5	18	6	74	7	83
	0	87	1	37	2	53	3	4	4	69	5	8	6	19	7	72
	0	98	1	72	2	85	3	86	4	92	5	60	6	77	7	68
	0	39	1	40	2	35	3	61	4	99	5	48	6	2	7	21
	0	34	1	53	2	9	3	7	4	87	5	79	6	92	7	70
	0	73	1	75	2	34	3	81	4	56	5	21	6	86	7	52
	0	22	1	98	2	23	3	51	4	68	5	74	6	48	7	5
	0	74	1	67	2	24	3	36	4	31	5	3	6	29	7	89
	0	24	1	69	2	43	3	43	4	18	5	31	6	13	7	2
	0	77	1	74	2	62	3	21	4	17	5	78	6	40	7	11
	0	87	1	34	2	24	3	19	4	8	5	69	6	17	7	89
	0	30	1	36	2	9	3	44	4	79	5	85	6	100	7	49
	0	6	1	15	2	86	3	32	4	64	5	83	6	70	7	95
	0	69	1	18	2	48	3	22	4	21	5	60	6	77	7	74
	0	96	1	30	2	29	3	36	4	34	5	87	6	79	7	37
	0	81	1	51	2	1	3	71	4	54	5	82	6	48	7	99
	0	60	1	36	2	53	3	86	4	62	5	58	6	70	7	17
	0	76	1	80	2	50	3	5	4	69	5	14	6	16	7	65
	0	59	1	75	2	75	3	26	4	50	5	83	6	2	7	16
	0	56	1	5	2	54	3	27	4	100	5	47	6	27	7	39
	0	77	1	16	2	52	3	90	4	31	5	96	6	90	7	88
	0	82	1	25	2	69	3	21	4	96	5	48	6	92	7	9
	0	95	1	99	2	96	3	88	4	40	5	28	6	21	7	49
	0	45	1	81	2	67	3	50	4	91	5	98	6	7	7	72
	0	54	1	79	2	91	3	7	4	76	5	48	6	75	7	79
	0	32	1	3	2	54	3	46	4	70	5	38	6	66	7	35
	0	29	1	69	2	17	3	99	4	76	5	6	6	43	7	7
	0	96	1	50	2	87	3	4	4	37	5	15	6	84	7	1
SSD
M0
0	32	32	22	15	25	22	22	6	13	25	30	37	34	11	7	35	20	31	32	5	4	7	23	6	6	13	2	37	29	22	27	14	7	14	34	8	8	20	15	
30	0	11	7	19	28	33	1	18	24	18	9	27	27	36	31	26	20	28	44	27	41	19	39	36	34	15	35	8	9	15	7	24	27	18	37	29	13	16	21	
26	1	0	1	14	28	17	12	21	27	10	20	34	9	38	37	19	13	12	36	30	32	18	29	10	36	17	21	6	20	26	11	18	38	18	23	23	7	17	19	
5	23	13	0	15	4	12	24	25	7	12	2	24	38	4	30	9	5	27	13	24	24	1	5	32	34	19	18	17	19	28	6	14	38	22	28	25	17	20	26	
24	11	32	10	0	22	17	11	14	5	10	25	8	10	10	9	33	17	28	24	22	22	3	24	3	21	10	19	29	26	26	22	11	36	11	17	28	24	8	12	
23	7	28	10	16	0	13	18	2	4	13	21	15	28	31	32	32	13	32	26	20	21	17	28	14	17	9	19	25	8	25	18	15	30	19	7	27	20	1	23	
33	10	15	26	2	10	0	21	30	19	26	7	24	26	26	25	19	33	19	26	12	17	13	14	19	37	26	5	21	20	19	4	1	31	10	32	35	6	24	25	
35	19	24	17	11	19	8	0	20	28	31	16	33	30	9	18	28	33	28	17	21	26	13	23	28	37	35	14	11	29	6	13	10	23	19	10	23	15	21	8	
40	35	5	31	27	35	24	30	0	22	32	7	28	10	11	17	14	27	16	3	37	16	4	37	44	1	32	9	1	15	29	29	18	21	35	25	13	1	13	19	
12	32	37	2	12	15	42	26	34	0	5	39	34	36	28	31	22	16	46	26	10	10	25	30	26	31	10	30	38	18	14	43	14	24	8	14	37	45	33	22	
21	23	13	34	10	12	17	32	12	25	0	23	32	29	23	26	8	15	21	15	30	12	9	5	1	27	8	5	38	24	33	22	3	17	9	28	26	22	8	10	
25	26	3	15	18	26	15	32	14	6	18	0	13	29	34	20	8	22	27	35	23	23	1	21	35	23	16	17	6	28	27	20	6	32	21	22	19	21	40	35	
45	10	12	27	11	22	18	18	14	27	32	12	0	31	23	12	13	17	21	3	31	29	11	29	3	28	10	19	10	26	35	23	11	23	11	5	28	24	17	12	
1	13	24	12	20	7	33	24	6	39	33	32	25	0	12	22	33	16	7	21	34	35	26	10	21	26	28	33	31	9	31	26	29	28	17	32	36	26	35	30	
7	18	29	34	10	17	41	29	21	29	19	17	32	2	0	16	34	41	37	41	9	41	27	12	27	9	20	32	4	33	43	29	17	9	10	14	22	28	32	36	
12	24	11	11	16	10	13	35	20	33	23	21	25	1	23	0	10	31	20	11	25	4	27	28	33	24	39	19	1	7	28	3	15	32	24	35	45	20	38	6	
7	19	24	34	11	19	8	30	27	28	35	16	28	25	17	33	0	39	28	2	8	21	17	23	25	43	2	7	29	29	3	13	10	35	19	17	16	12	33	11	
35	42	36	33	34	39	31	13	1	40	31	38	24	35	32	12	11	0	29	27	9	23	18	13	40	9	4	12	15	45	41	28	33	17	19	32	6	26	25	17	
2	44	13	32	21	36	33	41	22	24	4	9	31	11	12	38	9	32	0	39	37	36	19	19	25	38	32	29	24	6	25	17	9	13	33	3	17	24	32	5	
38	23	17	28	22	32	29	9	2	19	14	17	33	39	18	22	25	27	29	0	27	9	21	39	13	18	20	19	8	35	40	34	21	27	17	21	21	14	14	7	
2	24	3	24	18	28	25	11	20	15	27	5	24	37	27	1	22	23	26	38	0	27	6	35	9	35	14	25	8	30	11	30	17	3	17	6	33	14	10	7	
9	25	29	21	25	6	34	1	18	40	31	38	25	15	18	25	46	10	15	18	10	0	18	9	25	28	32	22	29	42	20	6	25	31	33	37	38	24	26	22	
3	33	1	16	16	3	23	31	4	19	22	4	6	34	14	32	1	21	32	33	36	33	0	28	7	31	14	7	15	27	9	19	15	40	15	22	23	28	21	16	
22	7	16	14	9	25	14	18	35	5	4	22	31	3	33	13	14	21	31	13	21	11	13	0	25	10	22	20	25	24	26	19	16	36	15	15	11	19	20	8	
41	20	26	27	3	13	10	28	5	22	27	18	25	22	27	26	30	8	19	28	23	20	2	20	0	20	1	10	32	17	26	15	2	40	2	34	19	15	8	3	
7	26	34	25	1	24	21	26	16	20	1	29	23	25	25	2	4	19	30	18	34	18	13	26	5	0	5	21	42	28	37	26	13	18	2	21	19	17	19	1	
24	11	26	14	13	21	10	13	3	5	3	18	15	7	34	36	30	4	15	37	22	22	4	21	22	17	0	16	29	8	26	15	12	26	20	26	3	13	31	14	
23	36	37	13	11	23	31	22	26	17	11	25	33	35	8	34	9	29	40	39	27	24	19	10	15	7	22	0	13	18	37	36	5	5	23	17	15	9	14	24	
20	10	31	10	18	23	28	21	23	1	13	29	9	25	1	22	10	24	7	17	5	18	20	38	12	19	18	28	0	26	22	5	20	12	11	18	26	7	21	21	
26	17	36	16	24	29	29	18	19	7	19	36	11	21	42	34	17	29	9	13	24	5	8	12	15	38	22	31	35	0	28	34	23	32	11	28	40	36	18	24	
2	16	15	20	9	17	6	27	7	18	21	3	2	33	33	27	20	15	26	33	2	15	13	21	26	15	14	12	16	27	0	11	2	27	3	32	18	13	13	29	
29	16	21	13	6	16	5	27	19	25	12	13	28	21	30	1	25	31	25	32	18	23	19	20	23	16	13	11	3	21	25	0	7	37	16	37	41	9	6	31	
12	20	4	17	18	23	35	31	20	37	31	34	8	2	4	21	29	33	40	15	5	38	12	33	27	10	34	7	37	33	17	26	0	25	11	35	32	4	20	11	
19	28	29	25	18	28	25	39	20	16	9	17	17	8	29	16	21	23	27	3	33	11	17	31	9	35	16	25	32	27	13	30	17	0	12	12	8	6	23	18	
30	21	19	20	10	15	29	32	12	11	18	7	29	23	10	33	21	19	14	11	28	28	17	28	26	39	28	33	9	36	14	34	20	36	0	32	1	34	32	32	
20	15	36	28	24	18	21	26	32	21	33	26	41	2	21	6	2	22	25	38	19	22	29	36	21	38	26	4	33	1	23	23	23	25	2	0	17	28	35	30	
38	6	23	12	11	9	18	3	13	26	34	25	33	24	35	11	35	1	22	36	31	28	10	17	2	8	9	18	7	25	27	23	10	36	10	18	0	9	16	6	
22	5	1	18	21	16	28	16	23	33	33	18	24	3	44	38	23	6	37	46	19	2	16	7	12	38	19	12	23	24	10	22	13	22	20	33	22	0	19	10	
26	30	37	27	32	33	32	4	20	29	17	33	33	2	34	2	10	2	2	21	36	37	26	22	38	42	39	32	41	2	16	22	33	21	43	27	32	17	0	29	
38	13	11	6	34	30	41	14	20	47	18	32	48	39	29	10	29	22	19	36	23	5	14	43	28	21	35	11	31	32	28	6	36	15	31	37	15	14	35	0	
M1
0	31	35	7	28	4	28	15	12	34	17	14	35	35	32	37	35	26	28	8	10	1	1	5	19	13	19	25	37	17	24	32	10	5	22	32	23	29	23	17	
26	0	36	30	29	31	2	40	12	15	1	22	30	24	35	7	11	38	14	5	35	31	31	12	21	15	33	25	20	18	27	34	11	14	42	33	4	24	36	39	
29	28	0	40	36	6	20	2	7	20	7	26	46	30	46	43	31	23	27	39	49	5	2	28	33	22	17	46	38	11	25	30	40	27	29	14	39	42	38	2	
35	35	13	0	19	15	24	31	8	9	17	42	31	31	16	8	16	39	34	29	34	32	32	33	40	23	25	43	38	24	36	31	6	9	25	18	18	25	33	36	
4	5	5	9	0	32	40	28	33	29	7	20	41	20	43	29	36	27	35	31	26	29	18	35	26	1	25	29	30	37	5	20	44	29	3	24	10	35	27	24	
2	22	6	3	6	0	27	21	34	9	15	32	18	6	27	29	1	26	37	17	31	6	19	12	27	19	27	35	47	24	22	38	30	28	21	32	28	12	41	29	
24	12	16	17	26	17	0	2	18	10	17	25	8	17	4	19	16	14	32	4	22	9	9	32	10	23	5	27	2	14	6	29	12	24	5	34	10	2	2	1	
18	15	15	21	8	12	20	0	28	29	27	5	8	16	18	38	9	16	19	17	27	14	28	25	24	19	12	21	14	20	15	6	2	15	23	24	24	21	43	4	
23	8	13	11	7	18	25	13	0	2	26	28	33	1	39	17	2	11	21	12	34	31	20	20	19	9	31	34	9	23	16	1	27	1	22	29	29	28	31	28	
32	25	28	1	21	30	16	18	42	0	30	32	21	30	40	32	21	29	9	32	19	10	22	16	30	13	34	41	40	6	18	32	3	12	24	12	32	15	39	13	
15	29	38	17	26	45	33	24	35	10	0	13	40	13	9	6	45	45	26	6	35	21	29	22	39	31	29	7	26	22	43	35	16	34	41	11	42	34	28	30	
14	21	5	16	18	17	29	28	13	13	27	0	24	16	3	7	6	19	4	23	19	16	17	28	6	25	13	38	44	30	27	12	30	21	25	9	38	18	6	10	
19	5	10	21	3	22	20	27	3	16	22	5	0	26	18	25	27	9	6	31	19	5	15	24	16	16	40	33	33	20	20	24	2	4	18	24	4	8	9	20	
17	11	3	16	10	6	12	26	19	9	5	24	7	0	34	18	4	15	6	18	21	8	8	2	16	20	9	18	14	9	11	32	27	23	19	11	32	1	15	23	
32	5	8	36	16	35	39	31	35	3	35	46	44	20	0	21	17	1	40	15	25	28	13	35	32	27	2	48	13	19	33	20	21	10	12	41	36	39	2	13	
28	12	18	1	12	24	30	14	36	16	8	22	17	16	33	0	12	16	23	17	28	18	12	20	13	19	31	27	47	23	20	6	42	15	23	14	34	11	32	21	
18	16	24	23	13	14	31	28	22	5	17	31	16	17	45	3	0	9	25	18	40	27	27	26	16	12	30	9	4	17	22	7	23	16	28	35	5	20	22	34	
24	3	26	11	9	28	14	32	29	7	28	24	19	1	44	30	32	0	31	22	5	20	15	8	28	5	14	4	32	25	26	11	21	20	24	9	31	13	31	10	
29	15	30	21	23	21	26	26	26	30	25	44	43	27	19	42	12	8	0	28	34	18	7	23	24	28	43	39	43	30	32	17	19	14	5	36	44	38	35	8	
30	31	31	33	14	9	19	4	17	37	1	17	10	23	28	45	35	33	27	0	38	38	42	32	33	27	8	14	7	17	31	33	42	16	4	4	7	44	28	10	
34	29	33	27	24	3	42	20	18	4	19	37	42	24	34	2	37	8	16	37	0	5	3	41	29	18	13	37	4	38	12	29	24	17	31	10	5	43	27	11	
16	31	18	24	19	8	30	35	10	20	18	22	30	22	32	15	1	32	26	10	10	0	23	14	35	3	2	31	12	30	36	22	12	14	1	26	1	24	29	29	
28	5	12	5	22	21	28	27	8	14	21	28	12	27	11	15	20	20	27	3	19	13	0	26	10	20	24	43	2	10	31	17	12	17	22	34	3	6	19	23	
2	12	4	20	9	4	27	4	1	2	8	24	14	13	29	12	22	13	21	14	10	21	21	0	21	16	11	36	7	1	18	3	34	12	24	8	12	14	42	27	
10	13	27	8	10	22	28	23	8	24	29	32	22	14	20	14	25	7	24	10	30	23	13	7	0	17	20	31	33	20	6	4	29	13	14	26	18	16	43	9	
1	10	9	18	7	19	25	22	37	24	26	1	22	4	39	32	22	11	16	12	25	11	9	20	19	0	11	10	45	22	16	1	42	10	22	5	16	16	8	8	
29	17	18	22	44	22	15	7	34	15	22	30	13	29	17	7	43	2	39	26	18	14	4	15	20	28	0	39	40	19	13	38	36	29	25	9	39	7	32	35	
2	10	39	16	32	2	5	39	17	20	5	48	39	2	31	27	41	20	7	5	40	16	14	38	29	31	19	0	1	32	46	31	14	5	26	22	41	33	25	42	
31	30	16	25	15	22	3	39	28	17	23	18	26	18	30	25	5	14	38	42	33	27	27	26	35	28	39	17	0	10	31	38	19	12	3	33	29	20	26	24	
7	28	41	35	34	19	34	14	11	20	1	22	33	2	40	44	8	13	21	32	8	1	14	41	29	33	23	30	35	0	46	34	16	2	40	14	20	27	5	1	
37	3	29	30	29	3	7	11	33	8	34	20	13	41	23	12	5	3	3	40	27	14	26	2	27	28	18	10	42	7	0	31	11	36	37	33	27	19	45	44	
17	4	18	12	1	13	19	16	35	21	20	23	28	5	33	30	16	5	15	6	28	25	29	14	13	8	37	36	43	17	10	0	36	4	16	23	23	22	34	22	
18	13	9	3	2	18	2	14	23	11	18	20	9	21	21	20	41	17	13	13	12	10	10	27	18	1	30	29	21	2	19	20	0	9	17	6	24	3	27	21	
27	16	35	33	28	1	46	17	22	5	36	24	27	20	38	28	31	32	13	5	31	28	16	30	29	30	26	23	30	8	19	22	45	0	13	22	13	21	5	20	
35	22	36	29	21	33	39	31	37	9	40	4	26	15	16	44	18	19	14	26	46	38	13	34	25	28	23	25	22	32	15	15	34	24	0	25	32	31	36	18	
19	13	20	11	3	1	2	32	27	19	20	26	3	21	8	28	19	12	31	6	31	18	10	30	12	7	21	29	19	16	20	11	33	20	18	0	13	11	22	33	
25	10	15	15	26	25	12	20	37	7	24	12	16	28	9	27	1	24	31	13	30	1	17	39	25	6	19	34	32	22	34	20	36	29	6	13	0	10	6	32	
19	7	11	12	34	12	32	34	24	5	12	20	3	19	33	14	39	11	38	27	17	4	4	29	12	18	44	37	40	9	33	28	48	19	15	36	37	0	27	25	
33	33	22	11	21	2	18	18	3	20	20	33	8	9	16	36	27	31	33	22	37	35	22	39	38	14	14	34	21	29	4	26	11	14	20	1	19	30	0	12	
2	11	15	16	9	16	27	10	26	9	16	24	4	13	7	18	15	13	23	14	16	8	8	22	16	16	42	7	44	13	18	3	22	12	14	31	30	1	26	0	
M2
0	32	7	37	30	9	20	29	19	24	16	16	1	7	23	4	24	18	11	9	19	33	20	15	23	19	15	5	19	32	45	12	29	24	30	27	5	9	10	16	
20	0	9	35	24	3	37	16	21	8	30	19	3	20	14	13	5	6	13	10	13	21	25	2	17	16	13	7	21	29	40	14	20	23	9	13	2	3	21	15	
35	11	0	3	12	30	23	21	23	27	12	37	30	35	27	41	21	38	12	33	40	38	20	25	41	32	38	35	32	7	25	26	36	44	12	31	18	35	2	31	
29	36	18	0	32	20	24	2	11	8	6	17	4	27	18	20	23	19	14	20	26	20	41	6	10	30	5	16	18	37	23	14	11	27	22	8	5	14	3	27	
19	41	5	24	0	10	38	33	12	25	36	18	28	29	1	12	29	40	12	10	20	17	11	41	24	20	16	6	5	40	47	13	22	12	11	25	9	12	17	39	
14	33	18	35	12	0	25	32	30	6	26	34	13	29	37	3	10	39	2	12	1	16	20	31	5	20	37	27	10	28	42	26	11	33	28	35	27	31	23	20	
25	16	13	28	23	2	0	22	32	17	7	9	21	26	11	14	8	10	13	12	12	15	18	8	16	14	18	18	21	35	38	10	22	29	14	21	6	18	32	18	
17	32	6	2	18	8	31	0	5	21	7	16	23	32	7	10	27	23	10	1	18	22	27	10	2	18	17	4	19	34	37	11	23	3	4	4	4	20	18	30	
22	22	17	2	10	18	12	10	0	24	20	14	4	37	24	22	24	25	22	3	3	31	13	12	32	30	31	16	11	30	2	11	9	30	28	32	1	19	30	15	
9	24	5	29	28	7	37	5	17	0	13	15	18	24	5	9	1	30	9	7	17	1	34	22	9	17	16	3	21	13	14	9	12	22	5	21	6	6	17	1	
24	35	8	26	28	7	34	15	17	20	0	23	14	9	4	17	26	14	17	15	17	20	2	1	21	11	13	11	26	24	39	18	27	2	3	14	14	11	13	27	
14	34	3	34	26	5	35	23	14	20	31	0	23	23	19	7	24	19	7	5	9	18	8	18	17	15	12	1	24	12	42	8	25	6	26	26	4	25	15	16	
22	25	21	40	7	3	19	24	37	18	31	16	0	11	24	15	4	26	14	5	13	23	32	25	17	6	9	23	22	10	14	19	19	27	22	9	1	33	19	10	
29	25	19	30	4	6	11	24	1	21	23	25	11	0	27	7	2	16	12	24	16	21	34	20	20	8	34	30	3	19	10	18	17	25	20	27	22	30	6	8	
20	39	9	4	14	11	37	5	21	1	22	8	10	26	0	13	21	14	13	11	15	10	22	1	25	20	40	7	11	5	22	14	14	22	17	17	10	8	17	31	
25	35	4	27	23	2	23	16	14	17	4	33	18	16	10	0	13	23	13	23	6	27	12	11	16	31	33	21	21	26	40	21	22	5	9	11	21	3	2	21	
27	14	8	29	25	4	38	13	29	19	25	27	25	29	24	12	0	20	1	13	14	10	24	12	18	27	41	20	22	41	32	7	6	14	9	16	23	20	34	1	
17	11	6	26	11	8	35	5	18	23	28	12	26	27	22	9	20	0	10	8	18	32	9	27	20	18	12	4	27	17	27	11	28	23	29	15	4	28	14	30	
21	27	10	10	13	12	33	28	5	27	1	20	27	19	26	14	7	25	0	2	22	26	19	14	14	3	17	8	31	24	24	15	16	19	7	32	11	24	22	17	
24	7	19	25	25	21	20	5	27	26	2	10	11	26	19	23	24	20	18	0	31	26	27	7	19	20	5	17	10	41	37	24	30	3	7	33	19	4	14	5	
33	38	18	1	15	28	30	28	32	33	30	9	24	27	22	30	37	27	10	7	0	13	45	14	42	35	27	24	41	12	24	2	39	34	13	22	22	24	22	7	
35	44	36	13	20	12	36	42	34	1	4	22	34	9	9	1	31	7	9	33	18	0	11	46	26	2	14	34	13	13	2	31	16	4	39	46	5	12	38	41	
23	12	12	34	35	14	41	9	16	29	4	21	24	24	4	16	33	24	10	6	9	23	0	11	28	13	32	10	33	7	17	17	2	8	27	18	13	21	20	34	
14	29	3	29	26	5	35	5	15	10	31	13	4	29	3	7	20	4	7	5	15	10	34	0	19	15	31	1	24	35	45	8	25	12	7	17	4	1	15	30	
9	16	15	2	20	17	24	3	27	4	33	6	18	24	31	19	36	35	19	17	27	41	28	32	0	27	15	13	28	29	46	20	1	32	10	34	16	26	27	27	
25	1	14	26	3	12	44	26	26	7	25	24	17	30	1	12	31	25	1	8	22	14	25	12	26	0	1	12	31	39	37	8	1	22	26	7	6	21	26	16	
23	9	17	8	21	21	14	35	36	36	4	28	3	27	30	28	27	25	20	26	31	26	37	21	10	33	0	22	40	25	7	15	27	9	33	32	22	4	23	29	
12	34	1	38	24	3	33	32	13	18	29	11	21	27	17	5	22	33	5	3	13	27	32	34	17	13	32	0	22	33	44	6	23	18	24	36	2	29	13	32	
31	5	20	22	11	22	28	40	27	35	7	30	35	5	5	8	24	7	24	11	6	40	29	41	17	12	13	18	0	1	20	25	15	37	42	40	21	37	7	20	
12	5	6	29	36	18	11	27	8	2	5	6	21	26	27	18	5	26	15	3	14	24	5	21	32	28	21	25	6	0	38	10	13	27	23	20	6	22	30	15	
30	39	20	6	28	7	22	8	42	20	34	6	29	43	31	3	16	10	18	20	17	17	36	35	4	16	45	40	7	15	0	32	19	3	4	12	33	17	39	26	
14	10	3	23	12	5	27	34	6	16	27	13	23	29	6	7	24	35	7	5	15	9	22	36	19	15	14	1	4	1	14	0	25	5	26	38	4	14	15	34	
28	22	14	22	35	34	29	34	38	25	21	33	3	22	1	3	42	23	16	34	2	35	25	20	40	28	1	30	16	18	21	37	0	23	31	46	15	13	33	20	
12	32	6	22	28	16	22	29	15	31	33	14	21	22	30	18	28	18	18	16	26	33	15	19	16	26	33	12	16	10	33	9	36	0	18	45	15	29	2	10	
3	21	18	8	7	19	12	30	18	32	19	3	12	10	16	15	20	27	22	20	29	21	8	19	24	27	16	16	20	30	3	9	34	31	0	1	8	15	13	8	
22	14	4	45	19	21	39	11	4	35	16	29	7	5	18	23	24	24	23	21	30	28	35	39	26	23	8	17	21	11	3	24	39	1	38	0	20	23	19	12	
23	22	12	34	29	8	1	18	24	23	5	15	17	32	16	11	14	1	16	13	18	1	10	4	22	15	24	10	17	9	22	13	7	25	6	27	0	14	23	2	
19	31	10	43	41	20	25	13	39	23	4	28	10	5	21	27	8	12	18	30	15	27	15	22	34	34	6	32	15	41	3	24	23	31	26	19	10	0	37	8	
34	16	22	37	12	11	4	27	26	26	14	18	30	28	20	23	17	19	22	21	21	19	27	17	22	20	22	27	19	44	23	19	18	38	21	30	4	27	0	27	
25	17	27	43	4	2	24	17	12	17	15	10	14	32	21	3	21	37	13	9	12	27	31	37	6	31	6	25	21	33	2	6	18	7	12	38	13	9	3	0	
M3
0	17	4	14	22	33	12	37	1	30	26	41	32	27	10	31	34	18	30	33	26	15	36	39	18	8	34	3	39	27	34	39	37	34	15	23	40	6	40	18	
32	0	10	21	23	25	21	24	11	15	13	20	20	5	24	20	12	6	31	12	8	16	34	14	4	12	32	7	1	26	8	27	18	7	10	12	23	35	18	19	
9	18	0	3	14	15	3	1	28	32	27	19	29	22	14	18	10	34	21	10	30	15	10	32	6	12	25	10	16	18	25	4	15	24	24	21	33	19	29	9	
19	27	20	0	1	14	26	35	33	18	9	4	16	39	22	25	17	23	23	27	30	44	20	29	27	35	14	13	20	6	5	19	32	2	31	33	21	30	23	15	
29	19	31	5	0	14	10	30	10	12	24	6	7	8	14	9	1	25	20	12	10	30	17	10	26	15	27	39	16	15	31	16	6	19	5	15	26	32	11	22	
23	20	13	7	26	0	1	31	41	18	7	16	27	45	15	10	2	26	32	13	19	29	19	5	17	25	26	30	14	16	11	17	6	1	29	4	40	29	25	21	
25	25	20	4	26	26	0	25	17	39	8	3	2	32	4	1	17	14	3	28	15	39	15	13	35	11	23	12	24	11	29	32	32	27	35	27	16	31	33	41	
34	10	2	28	26	7	28	0	30	35	27	28	28	41	28	10	19	42	18	2	30	7	29	33	33	4	37	29	20	30	25	26	35	16	19	13	25	11	21	21	
19	27	19	13	18	4	13	10	0	39	26	7	8	37	18	21	30	37	25	19	41	24	26	4	25	4	29	34	12	20	10	18	12	32	22	30	36	13	36	13	
22	12	20	26	7	27	7	19	25	0	11	4	5	19	9	22	19	25	14	3	31	26	11	26	14	26	18	6	25	11	18	34	21	21	5	1	18	13	24	2	
16	4	39	14	30	18	14	34	26	27	0	21	21	39	3	11	5	24	27	16	24	2	22	15	4	16	6	14	2	15	25	20	16	20	29	31	7	34	18	29	
29	2	3	12	30	16	12	32	39	16	17	0	28	35	16	11	3	27	34	14	16	41	44	7	6	26	29	5	10	17	33	11	26	15	37	35	20	2	29	27	
20	30	6	19	31	14	26	32	15	23	19	45	0	13	8	28	20	8	10	6	11	26	15	24	36	20	28	23	26	24	12	35	31	35	18	20	18	11	6	27	
23	21	19	12	14	16	12	32	2	6	23	31	11	0	16	11	3	27	22	14	8	18	28	8	19	3	26	32	9	17	26	18	29	21	1	3	14	36	9	10	
24	31	24	22	12	26	22	40	20	11	11	36	13	14	0	17	13	11	5	23	26	35	22	26	9	21	2	1	14	2	17	10	35	6	19	3	32	3	5	24	
21	29	21	21	22	19	25	12	1	25	9	34	18	33	24	0	21	8	19	21	9	26	1	7	13	19	11	16	24	10	28	35	30	8	25	10	12	30	39	17	
29	11	31	2	22	6	2	22	34	46	16	26	18	41	6	1	0	17	24	4	13	36	34	34	29	16	19	39	8	7	23	8	31	11	27	25	35	39	36	17	
6	32	19	21	25	4	23	39	13	17	8	13	22	7	27	22	14	0	33	7	12	29	39	19	30	14	33	18	20	21	9	29	37	23	12	14	25	21	20	21	
23	28	19	19	20	18	14	32	32	1	14	24	5	41	12	18	10	21	0	2	30	11	33	18	33	25	7	11	19	5	2	13	24	28	7	8	14	17	4	24	
3	31	16	22	11	26	22	29	30	18	9	22	13	30	13	11	13	4	18	0	19	6	5	19	18	28	5	28	28	15	22	3	25	25	9	27	11	17	30	6	
12	1	24	34	16	23	31	28	30	3	7	13	29	30	18	21	25	37	23	26	0	36	29	17	23	20	23	25	34	20	10	1	7	17	2	25	35	32	22	11	
24	6	16	22	7	26	22	17	29	10	11	28	6	37	20	7	13	19	4	23	5	0	30	27	25	9	14	1	14	2	13	28	13	31	26	32	21	11	34	13	
21	14	36	2	22	30	26	34	19	18	33	36	26	13	9	3	17	10	26	15	4	35	0	20	34	4	18	18	17	31	12	31	10	1	5	20	12	29	26	27	
27	29	26	17	12	5	18	27	10	14	20	1	15	4	23	19	11	23	14	8	16	26	36	0	5	11	23	22	17	11	1	26	17	29	9	11	22	6	13	18	
32	2	14	24	26	19	3	5	14	3	29	28	23	8	16	11	15	15	30	14	5	17	35	20	0	15	15	30	4	29	24	30	28	28	13	15	23	1	21	22	
19	18	25	7	3	12	2	34	21	25	29	11	2	15	10	1	22	27	21	18	15	33	6	18	38	0	31	8	28	28	37	13	35	6	2	22	10	25	10	29	
29	21	11	13	8	17	13	22	39	6	25	31	25	38	17	12	4	7	24	15	24	2	16	23	39	1	0	24	8	16	24	19	36	11	1	28	20	5	20	28	
28	11	13	24	13	18	6	4	14	18	26	30	23	8	15	2	15	3	2	13	20	18	21	4	20	9	21	0	21	17	24	30	27	27	3	15	19	22	19	8	
16	27	19	23	18	11	23	10	26	21	12	13	14	41	18	5	14	20	20	19	29	8	9	9	30	21	15	30	0	3	12	15	36	13	9	14	7	24	7	18	
17	24	42	15	10	19	15	33	22	42	4	39	6	46	17	14	6	12	12	16	21	45	43	36	37	29	7	37	9	0	13	21	28	24	40	36	28	48	37	25	
12	21	13	19	23	8	9	4	21	9	12	34	17	41	20	3	11	20	25	13	9	18	32	11	5	4	20	32	22	8	0	26	6	27	25	14	3	13	27	32	
16	29	30	9	41	25	29	21	2	19	11	38	19	36	24	33	43	24	36	19	26	17	42	2	14	25	26	35	24	40	10	0	42	28	4	28	7	4	44	41	
14	29	11	27	29	27	30	27	23	2	21	27	13	17	5	32	24	18	2	21	18	29	17	3	21	24	12	29	28	14	32	39	0	4	2	24	9	16	14	25	
31	4	14	14	22	18	12	13	36	16	18	23	20	33	18	13	5	14	17	16	25	21	22	39	15	24	4	8	20	9	27	20	20	0	18	33	31	7	23	24	
6	29	14	9	22	25	19	39	26	14	8	6	20	37	2	33	31	16	28	19	2	18	11	15	16	28	30	34	35	21	25	25	29	5	0	27	7	2	47	32	
19	5	18	23	16	23	4	9	8	17	31	11	22	7	5	22	14	38	14	13	19	11	27	19	30	14	5	23	19	28	11	29	37	9	1	0	22	27	20	21	
2	15	35	20	34	11	25	26	12	40	42	46	7	38	10	24	32	10	40	5	44	38	39	1	39	14	37	30	34	37	21	34	32	30	15	17	0	30	35	29	
19	12	10	32	13	15	13	1	1	15	21	36	31	16	1	18	23	26	26	10	19	15	37	25	34	12	38	37	28	31	18	16	35	23	21	13	17	0	6	22	
24	32	22	24	29	24	29	34	25	1	23	26	12	19	31	1	26	28	20	25	21	8	33	23	5	26	12	27	24	28	40	39	2	35	20	23	15	35	0	24	
16	27	14	20	1	26	22	33	26	26	14	37	16	20	3	21	13	22	8	11	31	28	14	32	8	27	12	18	19	5	12	28	15	15	12	17	31	22	20	0	
M4
0	6	22	30	6	12	20	7	6	19	24	28	31	20	20	32	32	19	30	27	4	16	21	24	17	28	33	1	30	29	40	21	28	15	23	27	11	3	41	24	
31	0	2	1	15	19	5	37	8	23	5	16	5	23	7	28	19	26	11	13	22	16	15	32	25	19	28	10	16	32	10	46	26	21	8	29	6	33	26	26	
3	33	0	9	32	7	15	23	23	35	19	21	24	33	18	4	22	14	23	22	41	22	11	20	25	13	33	38	31	26	8	44	23	29	38	25	26	32	5	19	
8	1	22	0	27	24	24	2	22	14	36	13	14	11	31	19	17	7	18	22	36	5	6	27	14	8	1	12	7	22	26	34	19	17	36	1	22	7	35	15	
8	31	41	33	0	35	31	28	18	40	28	11	9	14	30	33	25	35	24	35	21	24	20	32	10	23	14	35	32	14	8	18	24	10	36	24	14	43	19	40	
37	34	5	37	20	0	3	15	11	27	7	39	14	32	6	40	33	2	41	10	31	29	29	8	42	39	41	27	37	14	32	48	11	42	26	35	34	32	35	7	
17	20	21	25	28	38	0	1	34	13	19	25	25	23	8	9	26	1	27	9	14	38	15	26	20	14	27	19	35	32	36	25	22	13	34	21	10	28	35	32	
13	10	11	15	27	34	15	0	24	3	25	15	33	27	21	16	16	41	17	11	28	28	5	16	19	15	17	9	25	22	26	24	29	26	40	11	11	22	25	22	
23	26	39	7	13	44	26	27	0	39	9	6	24	18	25	23	5	26	27	20	31	19	15	36	10	20	7	14	35	32	28	42	25	35	31	19	29	10	33	6	
27	24	18	29	9	12	19	5	28	0	24	28	31	39	23	11	7	19	11	20	5	25	19	1	17	29	17	5	13	30	30	22	6	3	32	25	15	32	30	24	
33	36	31	31	1	33	24	21	14	33	0	27	14	32	2	35	33	14	34	4	41	20	22	42	14	3	17	35	36	18	35	44	34	31	2	31	27	24	26	10	
28	13	34	29	7	37	13	14	18	26	16	0	11	5	12	15	13	44	14	34	18	6	2	23	6	7	5	24	22	19	34	36	18	28	18	6	25	25	32	36	
33	34	16	38	26	13	17	23	25	29	24	14	0	2	24	17	3	20	16	28	29	27	4	25	18	28	26	41	7	21	36	41	29	25	39	18	27	27	5	25	
44	41	19	18	24	15	20	27	22	2	27	26	18	0	13	23	21	22	33	30	27	26	35	23	34	25	4	2	28	34	35	7	5	5	16	39	37	21	36	27	
4	33	27	21	13	17	25	14	19	26	12	36	29	26	0	31	16	11	34	22	9	8	28	29	38	12	17	12	20	21	42	3	33	16	11	20	20	1	29	2	
30	10	34	27	32	24	29	14	25	26	36	20	11	29	35	0	21	16	22	4	40	33	10	13	2	18	25	17	1	15	22	33	9	23	39	18	7	33	32	36	
38	23	21	33	3	11	19	24	1	1	7	3	21	15	22	25	0	18	16	26	26	16	12	22	16	17	15	23	8	26	10	34	3	24	10	4	35	30	21	21	
36	33	25	5	16	15	23	14	17	20	27	19	34	30	26	17	10	0	24	14	4	32	28	24	7	33	31	11	46	29	28	7	31	19	14	32	16	7	16	27	
19	24	25	29	38	42	29	5	31	17	39	29	42	35	29	28	30	26	0	8	34	22	19	9	33	25	17	23	6	36	2	28	30	21	44	25	6	25	39	36	
27	8	35	46	27	25	2	45	41	48	15	27	40	23	23	23	15	28	17	0	23	5	36	38	1	20	25	7	1	14	18	9	18	32	5	33	24	16	11	37	
35	30	20	36	29	10	12	30	17	8	22	25	29	27	21	35	35	17	8	25	0	20	34	2	26	39	34	16	30	7	18	29	26	31	36	27	27	40	44	21	
5	24	18	26	27	25	2	37	39	44	33	16	24	1	15	6	27	32	30	17	40	0	18	38	29	22	3	16	9	24	39	13	41	40	22	29	2	32	45	37	
37	22	41	28	14	32	11	21	13	30	24	2	20	14	21	5	3	39	4	41	22	15	0	13	6	16	14	29	12	9	24	29	27	18	27	6	16	15	41	26	
40	25	42	41	11	32	16	26	30	32	8	5	23	17	24	27	25	23	26	6	21	18	14	0	18	19	9	36	11	12	39	29	23	31	30	7	34	29	27	28	
27	17	15	2	30	5	13	25	21	19	17	29	2	3	11	32	7	11	30	9	4	14	19	18	0	32	17	9	8	24	20	27	21	6	6	33	11	26	23	2	
38	21	16	35	11	9	17	20	13	32	8	3	21	15	2	21	19	16	20	24	17	16	8	22	11	0	12	34	22	25	40	34	25	11	7	16	28	13	13	12	
23	22	36	3	15	38	19	37	24	39	37	25	9	19	29	20	26	33	8	21	41	1	15	6	29	22	0	34	27	2	14	31	22	23	31	29	20	14	22	15	
13	13	21	14	41	23	31	29	39	22	4	29	1	7	26	23	20	30	22	38	37	32	19	2	20	39	31	0	24	36	12	33	39	6	36	27	19	15	22	28	
4	20	14	33	10	4	2	9	20	20	5	5	12	17	15	21	11	11	24	19	30	18	14	14	18	19	17	27	0	2	41	3	20	18	2	18	25	36	33	16	
3	7	4	28	15	18	22	15	1	16	23	2	20	14	21	7	16	25	6	26	27	15	11	31	6	16	14	9	31	0	38	29	27	29	27	3	34	34	31	2	
10	27	7	18	28	3	11	23	19	2	13	23	22	3	14	13	29	5	33	12	20	6	24	9	11	20	26	17	26	22	0	23	2	25	8	17	25	7	25	15	
14	42	35	28	31	25	20	42	34	22	31	23	26	2	10	24	24	30	20	35	29	1	13	22	1	37	21	20	27	10	23	0	4	39	36	27	20	15	11	34	
28	17	26	16	8	16	24	34	18	37	28	15	15	4	26	18	9	20	12	8	29	6	5	26	19	22	20	39	25	22	29	17	0	8	26	19	23	19	16	28	
16	32	11	23	1	22	28	29	28	18	5	12	30	4	18	27	1	10	8	13	13	9	14	22	11	3	3	30	8	31	19	39	34	0	31	25	11	37	35	6	
33	25	35	16	4	25	30	37	8	37	8	31	8	26	2	11	27	1	33	9	11	11	21	23	6	15	12	28	23	2	43	22	21	32	0	13	30	42	29	26	
30	21	2	29	23	18	23	21	25	8	25	9	24	4	15	15	15	16	6	7	15	22	4	1	18	13	21	33	22	21	3	41	18	30	12	0	7	3	31	7	
41	20	39	23	39	43	41	38	10	21	34	31	40	7	48	19	28	1	34	25	15	38	22	35	19	31	3	3	2	39	10	37	6	6	21	32	0	22	46	31	
25	27	12	7	27	2	10	8	18	14	14	21	17	21	13	15	33	9	6	17	21	3	22	15	20	22	16	26	29	2	11	33	11	14	33	14	2	0	6	14	
31	10	12	35	40	24	32	11	5	23	24	34	4	22	29	23	10	31	15	31	24	38	24	36	6	35	8	29	22	23	46	18	1	2	42	28	22	1	0	18	
4	37	4	7	19	38	22	29	34	17	37	25	9	14	38	41	28	10	40	21	42	34	28	8	7	16	37	42	32	44	3	34	12	4	44	38	17	6	30	0	
M5
0	11	12	5	6	10	15	11	6	21	11	18	8	2	19	17	7	9	7	2	22	14	14	8	17	7	4	16	7	13	24	12	13	10	3	18	15	14	19	24	
26	0	7	19	35	9	28	22	17	21	9	17	7	20	15	12	10	1	24	19	24	10	3	16	2	20	11	8	24	21	17	21	17	25	14	9	10	13	1	28	
27	21	0	22	27	1	20	14	9	35	10	9	16	12	29	4	18	25	17	25	31	2	16	16	19	12	3	20	21	13	20	14	14	17	6	12	2	5	24	30	
12	33	20	0	35	21	21	34	26	34	15	11	17	32	21	25	16	31	21	16	36	4	20	7	2	9	22	14	21	33	24	1	14	5	18	15	23	25	7	33	
15	6	10	26	0	12	27	23	20	21	21	20	27	23	12	15	28	2	28	23	21	13	27	1	25	20	14	10	25	24	17	25	21	7	17	11	13	16	31	32	
34	17	6	18	23	0	16	10	5	31	13	16	23	8	36	11	19	21	13	24	36	9	20	12	15	19	10	22	27	9	16	10	14	24	13	8	9	1	31	26	
21	6	16	20	5	13	0	14	21	27	10	9	2	24	16	21	6	8	6	1	27	19	13	7	20	6	7	5	6	25	2	4	12	9	23	4	9	9	2	23	
31	15	14	16	20	5	19	0	1	21	14	24	27	6	20	5	15	14	21	31	9	3	3	20	23	17	18	10	30	17	14	2	22	8	13	14	17	9	6	9	
31	8	18	9	25	20	25	8	0	11	29	15	35	15	17	13	26	10	2	30	33	9	28	9	21	28	22	29	5	26	28	6	33	13	25	13	21	23	26	34	
28	25	21	27	38	12	10	5	20	0	11	31	33	23	17	26	12	6	27	35	25	24	20	9	30	28	22	10	14	24	12	25	25	24	12	11	24	16	3	22	
23	1	8	8	17	5	24	17	13	6	0	18	25	16	7	13	22	20	11	32	23	11	25	15	1	21	12	23	30	17	2	10	22	23	15	16	11	9	21	34	
4	10	13	2	3	15	16	1	19	25	10	0	12	26	16	16	2	6	11	6	25	16	14	5	14	11	12	9	11	22	19	13	8	5	20	10	16	19	2	28	
9	33	25	2	41	16	3	29	24	39	13	1	0	26	19	20	14	34	10	14	48	16	26	19	2	3	20	12	19	28	6	13	25	7	30	9	28	20	5	18	
23	1	12	2	7	14	5	1	22	25	23	13	23	0	20	17	3	10	22	17	25	15	5	9	14	21	9	6	18	3	18	13	22	11	6	19	15	18	19	20	
28	11	23	15	20	14	18	14	22	19	11	8	18	5	0	21	8	23	22	17	32	26	3	22	26	17	10	10	22	2	17	12	26	5	2	11	6	6	3	19	
36	23	31	24	20	23	5	11	25	8	39	22	44	31	10	0	35	23	39	44	40	21	11	22	36	36	17	28	2	29	26	23	3	20	31	16	16	27	31	26	
26	31	9	18	37	11	30	24	17	43	12	13	11	22	32	14	0	21	27	34	29	12	26	12	29	19	13	25	31	23	30	17	24	27	4	22	3	3	18	8	
31	31	27	26	37	29	12	24	37	35	13	25	6	22	43	2	33	0	8	33	2	30	6	39	21	26	31	13	26	26	30	20	42	31	34	9	4	10	29	39	
3	20	24	8	13	23	8	26	31	1	12	8	19	17	24	28	16	16	0	27	26	17	22	15	8	3	27	17	32	12	20	19	32	20	31	18	27	27	10	20	
30	29	18	23	35	9	24	22	17	43	6	13	3	20	36	20	2	27	2	0	35	21	9	22	23	2	3	33	2	21	24	7	8	5	25	20	21	13	26	19	
14	17	21	10	10	23	23	31	31	6	18	8	2	34	23	2	19	13	11	27	0	16	9	12	19	23	25	17	32	33	14	21	32	18	28	18	24	7	10	27	
29	2	6	24	29	3	22	2	11	37	13	16	10	14	14	11	9	2	9	4	25	0	16	18	16	9	10	13	9	15	7	14	15	12	13	14	9	7	10	26	
8	18	28	18	20	19	8	7	27	25	13	11	13	9	19	30	12	23	12	7	4	15	0	22	10	12	13	6	12	20	21	17	18	15	23	8	31	18	5	29	
36	27	30	27	34	21	8	6	29	22	20	22	10	19	7	34	16	29	16	11	15	20	23	0	30	16	17	4	16	13	28	7	22	19	23	29	31	19	30	3	
2	44	24	16	40	24	28	6	18	37	4	5	17	35	24	29	19	38	23	42	17	27	7	24	0	35	20	17	6	34	27	27	9	31	31	3	3	5	10	25	
25	14	29	3	24	21	22	18	29	19	3	24	30	9	3	5	20	6	34	29	4	17	16	20	15	0	26	19	14	20	35	14	27	2	23	28	24	14	20	37	
33	16	18	32	17	20	28	31	28	36	21	28	18	22	30	10	17	20	17	12	12	12	24	18	18	17	0	24	7	18	25	22	23	6	5	26	21	24	18	29	
19	32	10	27	36	12	22	25	20	43	17	1	7	23	23	15	18	23	14	23	36	6	9	14	27	23	14	0	19	24	26	25	8	9	17	8	7	16	9	28	
10	3	18	28	41	15	18	26	14	1	25	27	8	26	31	10	26	23	30	25	22	12	2	24	1	7	19	8	0	10	18	27	27	15	25	25	21	19	17	20	
19	12	22	9	18	13	16	12	21	32	10	4	7	3	31	7	6	21	6	1	16	20	13	20	21	6	1	11	6	0	1	11	12	3	17	24	10	17	23	3	
34	3	32	22	21	28	21	11	3	13	25	19	22	12	33	22	21	23	4	16	22	21	15	23	34	21	16	26	21	1	0	20	27	18	26	21	11	32	24	18	
2	28	20	7	34	11	2	23	19	2	12	20	5	19	24	23	19	28	22	17	22	14	29	24	5	20	16	5	9	2	7	0	28	19	27	18	5	15	10	19	
41	32	21	26	25	12	27	25	20	10	27	24	24	23	38	12	4	28	9	18	30	12	30	27	15	21	4	23	23	24	9	19	0	26	28	20	22	16	30	22	
31	10	24	21	26	26	5	14	32	30	14	31	26	11	20	29	15	18	25	20	7	27	24	28	33	25	25	13	16	22	23	15	29	0	25	14	10	1	6	13	
32	15	7	10	35	9	19	22	17	18	18	17	18	20	6	12	26	32	18	33	39	10	6	5	7	12	11	27	29	21	6	6	22	25	0	20	10	13	20	38	
18	9	2	6	2	4	23	14	11	19	13	12	19	15	15	6	21	5	14	21	24	5	19	4	18	15	6	3	3	6	19	9	17	10	9	0	5	8	23	7	
32	27	5	20	29	7	26	7	3	19	16	15	22	18	22	10	14	2	1	16	25	8	22	1	24	18	9	26	21	19	6	18	12	17	7	10	0	11	30	18	
30	39	18	26	39	20	27	27	18	44	18	7	6	30	14	23	3	36	34	30	31	17	21	22	2	27	22	17	22	15	1	11	33	31	25	18	19	0	10	23	
19	44	23	36	41	25	40	38	27	28	2	28	34	36	8	28	3	37	18	28	44	26	40	22	29	26	13	1	33	37	11	38	17	32	30	2	26	29	0	38	
30	9	39	23	44	30	24	11	20	28	23	4	3	32	29	34	23	11	5	18	34	18	9	27	23	23	24	5	12	39	22	15	29	26	31	11	13	22	15	0	
M6
0	35	27	23	15	18	24	33	6	27	10	16	27	13	15	36	28	7	31	30	19	20	11	27	24	22	1	31	29	2	19	14	25	27	22	18	5	21	1	18	
47	0	36	36	23	35	23	35	29	24	2	13	11	29	23	38	26	30	12	30	32	25	39	7	10	24	38	23	30	32	11	1	20	11	7	2	7	30	14	27	
35	21	0	15	19	33	22	15	27	20	8	9	11	17	1	22	20	28	7	17	1	30	39	20	15	28	14	28	19	27	21	17	11	16	20	7	24	30	19	23	
21	47	35	0	30	20	10	25	24	24	32	20	21	10	30	16	8	15	35	47	41	6	41	31	27	29	29	5	31	9	26	26	23	26	28	19	32	10	25	15	
36	14	3	11	0	6	19	20	9	20	38	10	17	5	14	25	32	29	13	30	14	28	21	21	16	31	24	18	16	11	24	18	29	17	8	8	25	31	3	24	
7	32	28	19	11	0	40	44	21	14	20	3	4	24	13	29	27	10	18	24	32	9	13	14	29	33	16	7	23	13	29	4	36	29	1	36	16	6	15	17	
9	17	39	8	24	3	0	15	3	6	25	14	12	3	24	11	8	25	29	19	39	23	21	20	35	15	24	23	1	32	11	21	18	20	14	31	10	19	4	14	
15	35	39	22	10	11	14	0	9	10	33	14	7	17	23	2	18	16	29	35	37	14	46	1	37	37	15	35	3	23	35	12	9	12	14	35	9	10	11	28	
22	38	34	34	1	29	21	4	0	17	38	22	5	26	30	9	20	20	17	9	40	21	43	33	10	33	22	32	24	13	30	19	16	19	21	11	25	6	4	3	
29	44	34	41	22	11	34	11	33	0	36	18	16	33	5	43	3	42	33	20	37	14	14	18	15	9	34	28	45	24	41	17	10	16	30	7	14	4	5	32	
28	21	24	5	28	27	36	1	14	14	0	18	11	5	4	35	26	39	26	14	7	2	32	29	33	34	9	39	17	34	27	14	9	24	27	27	4	4	26	32	
30	31	16	30	1	15	29	38	9	2	22	0	22	22	1	17	28	18	6	20	38	29	37	2	33	42	30	12	18	34	35	27	24	27	20	39	24	20	3	5	
28	3	20	28	9	32	25	6	22	22	27	18	0	19	28	24	22	1	22	18	3	25	41	22	5	27	9	6	21	7	13	23	22	2	16	13	21	4	22	16	
35	18	36	31	8	13	26	35	27	25	39	14	2	0	23	37	40	15	12	33	21	21	36	25	20	22	35	31	29	10	27	25	5	27	30	38	13	43	26	28	
39	22	40	40	35	37	27	47	34	21	21	34	14	18	0	26	11	40	13	38	34	34	41	45	15	33	32	10	20	43	37	30	29	9	18	44	27	17	13	7	
11	31	36	31	14	36	10	44	6	6	42	42	3	19	19	0	36	12	43	33	41	10	42	40	33	33	11	46	13	34	31	8	5	8	10	35	15	6	7	42	
12	9	7	32	33	15	11	42	19	25	2	31	7	23	15	17	0	29	39	31	28	29	12	37	28	31	13	32	10	11	28	27	14	4	14	20	34	20	4	23	
7	5	24	45	3	33	5	21	22	8	37	12	17	10	1	26	5	0	16	23	7	10	26	23	16	20	21	29	10	30	24	11	3	5	27	8	30	34	20	26	
29	18	12	25	14	21	3	13	24	24	10	13	22	3	23	35	2	9	0	25	9	22	13	24	32	24	22	14	20	4	21	1	12	26	13	32	9	16	15	27	
10	37	32	28	20	16	16	18	12	12	28	35	9	14	25	4	24	18	19	0	27	6	7	38	32	29	10	21	19	23	34	14	11	13	16	24	10	12	13	33	
28	7	4	28	8	35	19	1	23	23	21	18	20	3	24	15	6	29	6	3	0	23	25	16	13	14	1	32	5	18	7	25	16	17	10	34	10	23	6	32	
11	15	22	28	11	38	28	6	24	4	37	32	21	35	30	16	29	1	8	13	35	0	43	6	31	22	29	26	23	23	23	6	23	26	26	23	31	1	2	44	
26	39	21	26	20	34	17	22	2	12	18	19	11	2	27	27	18	26	10	2	37	19	0	19	16	5	20	3	30	31	10	18	19	17	13	8	18	8	20	9	
5	18	36	40	4	24	15	2	2	32	36	29	27	39	2	32	41	32	44	27	44	29	25	0	26	39	27	21	31	19	36	28	39	1	24	18	31	40	25	13	
7	4	41	37	26	34	8	24	18	18	15	24	15	2	30	10	8	4	33	27	24	19	36	15	0	36	4	27	11	28	21	20	8	1	4	42	26	5	9	8	
25	2	22	45	24	15	10	10	3	10	33	14	17	21	24	12	24	26	24	21	5	24	43	16	31	0	19	15	23	36	25	22	19	4	24	36	20	20	5	28	
15	18	15	29	27	28	29	3	41	8	41	28	26	30	38	41	27	25	41	45	31	39	47	3	25	22	0	13	8	21	27	27	30	26	30	17	34	48	26	40	
13	21	22	20	13	1	5	35	1	14	2	3	15	15	13	22	18	30	18	32	36	29	23	14	14	29	2	0	30	36	11	16	16	15	14	6	1	14	13	17	
27	12	6	36	29	22	25	44	31	5	14	19	6	36	2	23	27	27	12	28	37	19	17	28	16	24	33	29	0	28	21	18	13	12	22	8	23	31	8	17	
9	23	10	5	18	36	13	25	4	23	15	12	21	27	7	33	30	37	27	23	16	2	35	10	20	4	30	26	21	0	1	22	10	21	4	12	7	24	24	14	
43	28	34	38	19	33	10	22	27	20	12	9	19	24	19	30	27	36	24	20	32	42	32	7	23	20	43	23	18	25	0	30	7	34	1	25	6	24	21	23	
31	39	14	9	4	34	9	46	12	32	17	28	23	2	38	24	27	8	11	35	34	35	29	19	25	37	10	28	9	17	27	0	26	26	30	17	10	2	16	11	
32	12	31	5	10	21	14	24	27	23	16	13	5	22	14	34	4	40	22	24	36	16	25	11	2	15	38	7	10	7	2	16	0	23	5	14	10	27	25	27	
1	3	9	15	18	22	25	20	23	19	27	8	32	22	2	34	6	19	23	22	6	24	4	19	32	9	20	14	24	10	13	36	22	0	16	29	21	15	20	22	
24	30	24	25	12	34	19	24	19	11	21	18	7	2	27	11	5	25	29	2	10	22	11	12	7	12	24	31	16	4	7	20	16	21	0	28	15	2	20	32	
38	43	29	39	14	26	39	29	22	15	35	4	2	28	14	29	41	30	19	24	23	16	32	15	1	17	36	14	31	38	36	3	24	2	33	0	37	32	5	18	
22	34	41	21	25	5	21	40	3	17	18	16	14	9	3	9	8	14	31	28	39	5	33	26	34	6	22	37	24	33	25	19	8	19	8	26	0	17	18	27	
31	12	39	6	4	27	25	5	4	8	24	26	19	9	36	36	12	10	40	3	27	38	13	37	14	15	7	16	45	27	35	25	33	24	38	15	8	0	16	6	
26	4	6	32	11	25	18	36	19	12	16	1	14	32	11	23	33	17	9	30	48	7	47	12	25	13	13	14	2	30	39	26	30	5	30	19	22	14	0	8	
25	25	22	38	4	20	16	19	33	26	18	15	23	21	25	33	12	20	24	21	5	8	38	13	8	5	18	29	23	23	4	12	13	15	7	31	12	17	6	0	
M7
0	27	5	6	2	23	22	13	21	16	9	30	25	1	9	11	15	16	16	23	18	4	14	4	13	20	4	21	27	18	17	26	21	15	25	5	6	27	25	11	
5	0	11	12	8	12	24	19	23	9	14	10	15	7	15	17	16	12	18	27	13	10	20	10	16	9	1	9	12	24	23	6	12	21	20	11	12	15	4	17	
35	23	0	18	17	24	15	40	21	35	21	20	23	37	16	13	30	18	9	18	27	17	23	15	20	1	31	20	41	7	30	27	18	23	24	41	21	26	31	33	
17	27	11	0	9	30	25	31	17	12	27	28	23	19	27	29	6	1	19	21	25	22	32	10	16	18	6	25	23	14	13	22	15	24	30	4	24	9	32	7	
11	28	16	18	0	34	20	25	22	17	21	20	23	12	21	23	19	17	26	24	30	11	11	8	1	4	16	16	23	19	18	13	22	14	6	11	18	28	35	12	
18	18	2	18	21	0	2	27	21	24	26	31	25	7	28	27	18	20	20	8	15	23	31	5	7	31	23	15	9	15	12	12	15	15	23	22	25	31	21	21	
18	6	8	25	17	16	0	2	14	9	27	6	21	18	23	20	2	1	9	18	26	23	30	14	29	7	10	22	8	8	13	2	21	11	21	24	10	26	17	11	
23	28	11	30	22	17	20	0	14	23	23	25	28	25	12	22	6	17	14	4	12	28	27	13	15	23	27	29	33	25	15	24	16	24	19	9	10	31	3	18	
20	28	4	27	14	14	20	7	0	20	20	27	9	6	28	25	12	14	14	23	9	19	27	12	19	5	24	2	31	22	21	17	15	28	1	16	27	31	14	15	
25	21	27	32	2	19	20	34	25	0	13	28	17	27	9	9	17	19	14	2	14	30	34	17	3	18	29	25	33	13	24	2	8	21	22	28	29	22	21	20	
12	17	14	19	15	15	29	11	19	14	0	15	24	12	16	4	21	1	23	18	18	17	27	12	3	20	17	27	24	13	15	24	6	14	24	18	15	25	9	9	
13	21	17	20	15	7	13	11	14	9	13	0	21	15	12	5	5	7	7	16	2	18	28	5	21	15	17	22	20	11	10	19	8	21	1	16	9	6	9	4	
1	10	2	8	4	4	8	15	23	18	3	21	0	3	11	13	17	15	18	24	20	5	16	6	7	20	5	23	29	8	19	23	5	17	27	7	8	9	21	13	
22	10	16	9	18	2	9	1	29	15	14	14	30	0	23	29	15	10	25	23	20	4	13	22	11	26	18	26	9	26	25	23	26	20	16	28	28	18	21	19	
17	15	21	18	9	7	7	10	13	9	17	5	15	5	0	12	9	9	1	10	6	3	31	7	22	15	21	4	20	11	10	12	5	5	14	20	24	10	13	4	
5	28	11	11	8	4	19	17	27	6	11	8	23	7	15	0	16	18	18	1	13	10	20	10	8	16	10	27	17	20	3	18	8	21	20	11	12	28	4	17	
6	22	9	13	9	16	27	20	19	14	16	30	12	8	12	18	0	14	21	24	16	11	6	11	9	20	11	21	1	16	5	19	19	22	23	7	13	8	7	9	
21	16	17	18	23	6	21	34	24	10	21	5	23	23	29	6	13	0	15	16	10	3	21	13	17	27	24	32	32	23	13	29	16	15	18	18	27	31	17	16	
21	9	23	23	3	12	1	26	7	24	15	9	9	23	9	6	26	4	0	4	27	26	36	1	30	25	17	15	28	26	21	22	28	9	19	27	19	12	20	19	
7	33	13	14	10	25	26	21	16	11	17	27	24	2	17	15	23	11	20	0	26	5	22	9	21	10	12	22	22	13	12	5	16	19	29	13	14	22	17	6	
9	17	13	16	11	3	9	23	14	9	9	16	17	11	17	14	1	3	3	12	0	14	24	1	17	15	13	22	20	11	10	19	4	17	6	12	16	20	5	4	
14	22	20	4	10	32	17	21	25	31	24	16	23	16	24	25	9	24	15	8	32	0	25	19	28	18	13	35	27	29	25	17	36	13	23	20	13	32	33	26	
13	22	19	20	16	9	15	15	14	9	15	22	14	15	23	11	7	9	9	18	4	18	0	7	6	15	18	5	6	11	10	19	10	8	12	18	8	5	11	4	
25	26	13	27	27	19	25	35	25	14	25	14	23	3	4	25	17	19	19	11	14	16	20	0	17	25	29	8	17	11	21	3	18	13	21	23	20	31	5	15	
20	19	24	27	22	14	20	21	1	8	20	27	28	22	28	2	12	14	14	23	9	25	35	10	0	26	18	33	31	22	9	30	15	28	17	19	5	16	16	15	
16	4	22	23	19	10	23	28	28	20	23	21	15	18	6	28	1	17	17	11	12	21	26	15	7	0	12	20	4	24	7	15	18	31	7	22	8	26	15	18	
26	14	15	33	29	5	27	2	32	5	16	23	9	28	34	32	19	21	21	8	16	31	38	16	19	27	0	30	33	29	19	5	20	35	23	24	22	34	7	22	
26	21	24	8	27	20	24	16	26	23	26	28	17	23	5	19	13	18	19	19	15	28	41	18	17	14	29	0	26	8	3	34	4	7	17	29	33	33	19	21	
27	15	1	14	26	2	26	26	10	21	25	32	12	29	37	28	25	21	28	8	26	5	5	19	31	11	23	4	0	4	22	28	26	16	25	27	21	32	26	16	
20	33	13	26	23	3	22	24	14	5	24	6	10	21	30	9	17	9	19	28	14	24	32	7	8	15	25	22	20	0	10	12	14	23	21	21	20	20	5	4	
24	19	25	31	13	22	11	5	17	4	25	19	4	26	19	16	1	7	5	14	22	21	29	11	13	35	13	25	7	1	0	32	28	19	22	30	29	17	29	28	
6	17	6	13	8	20	9	20	15	23	16	17	17	8	16	2	3	12	3	12	25	11	21	9	20	27	2	11	14	21	24	0	10	17	4	12	2	20	27	18	
26	14	6	5	10	25	23	23	8	4	11	31	2	28	24	12	17	1	17	26	20	31	7	22	23	21	22	26	30	14	7	12	0	24	8	29	13	34	11	26	
17	5	20	5	11	13	8	15	15	21	23	17	1	19	12	3	20	2	3	3	21	18	32	9	24	21	13	21	22	20	3	18	22	0	1	23	17	20	12	27	
17	5	19	24	8	24	20	14	35	21	12	22	27	19	27	16	28	2	30	20	25	21	13	2	27	10	10	21	13	34	35	6	5	23	0	12	13	27	16	29	
27	27	26	18	19	5	27	28	20	15	27	30	23	10	10	1	19	3	21	22	16	3	33	8	28	21	13	25	26	13	16	25	20	13	23	0	27	26	23	10	
24	32	12	31	15	18	24	5	4	22	24	31	22	14	32	29	16	18	18	13	13	20	16	16	5	14	12	25	25	16	2	16	17	32	20	11	0	35	4	19	
18	6	24	17	3	2	21	1	29	11	27	23	15	19	8	17	29	16	17	5	26	23	33	11	29	1	13	17	25	15	17	15	25	5	15	5	25	0	17	30	
13	21	1	20	15	7	13	23	18	13	13	20	21	15	21	18	5	7	7	16	2	18	28	5	5	13	17	26	24	15	14	23	6	21	9	11	8	24	0	8	
22	32	23	21	25	29	32	26	9	4	19	20	17	16	32	30	22	4	26	25	41	27	37	2	17	10	21	17	15	6	5	14	9	18	28	25	25	15	34	0	
