40  6  1
6
	0	31	1	19	2	72	3	58	4	4	5	29
	0	22	1	47	2	47	3	4	4	89	5	92
	0	84	1	72	2	51	3	64	4	71	5	97
	0	85	1	89	2	91	3	13	4	15	5	30
	0	86	1	86	2	22	3	39	4	93	5	13
	0	37	1	63	2	90	3	79	4	12	5	73
	0	87	1	16	2	15	3	27	4	7	5	45
	0	32	1	20	2	50	3	94	4	42	5	57
	0	28	1	14	2	11	3	59	4	20	5	50
	0	18	1	93	2	80	3	29	4	6	5	81
	0	4	1	73	2	35	3	24	4	28	5	56
	0	54	1	59	2	24	3	53	4	48	5	30
	0	10	1	56	2	6	3	24	4	91	5	54
	0	24	1	37	2	1	3	3	4	44	5	42
	0	8	1	33	2	77	3	79	4	7	5	65
	0	80	1	5	2	8	3	32	4	76	5	57
	0	96	1	41	2	32	3	22	4	22	5	9
	0	44	1	17	2	52	3	54	4	87	5	22
	0	77	1	39	2	33	3	24	4	69	5	95
	0	40	1	57	2	28	3	60	4	76	5	48
	0	68	1	30	2	16	3	15	4	18	5	86
	0	32	1	55	2	51	3	62	4	75	5	40
	0	69	1	65	2	100	3	1	4	86	5	46
	0	98	1	56	2	12	3	5	4	24	5	36
	0	19	1	63	2	50	3	96	4	36	5	46
	0	70	1	16	2	19	3	51	4	33	5	43
	0	77	1	96	2	94	3	15	4	60	5	85
	0	5	1	71	2	38	3	16	4	81	5	47
	0	25	1	28	2	3	3	95	4	32	5	69
	0	75	1	96	2	46	3	21	4	22	5	30
	0	69	1	18	2	86	3	48	4	77	5	42
	0	95	1	47	2	65	3	87	4	74	5	33
	0	97	1	17	2	44	3	48	4	82	5	72
	0	22	1	71	2	37	3	84	4	15	5	38
	0	6	1	13	2	84	3	25	4	52	5	18
	0	96	1	5	2	49	3	18	4	19	5	60
	0	16	1	10	2	11	3	11	4	91	5	48
	0	5	1	9	2	42	3	4	4	4	5	81
	0	39	1	57	2	29	3	42	4	49	5	89
	0	91	1	5	2	34	3	82	4	66	5	50
SSD
M0
0	49	42	10	45	41	41	35	22	64	46	37	46	74	32	39	41	69	30	57	44	28	8	75	63	48	5	33	46	42	51	54	49	54	28	64	49	45	36	54	
39	0	14	33	28	24	37	56	29	35	24	18	16	37	53	41	19	42	33	27	52	31	29	4	25	62	50	29	39	38	17	9	32	29	11	44	37	10	50	2	
29	51	0	57	32	29	37	1	32	65	70	33	43	51	46	62	56	38	38	2	58	36	34	47	18	3	63	42	38	51	45	26	13	47	16	17	42	64	50	38	
25	7	41	0	33	50	23	11	36	50	49	43	21	8	37	37	40	47	22	32	21	48	16	33	38	1	36	15	4	24	10	38	17	27	37	62	28	30	52	31	
16	14	26	29	0	46	14	49	42	3	1	10	20	17	46	18	36	25	37	20	27	25	6	40	22	52	27	6	25	15	31	30	30	1	33	24	30	26	27	20	
23	36	11	30	27	0	21	46	51	32	53	37	15	56	1	35	41	41	16	2	13	12	32	45	18	33	21	13	19	22	20	6	53	41	42	51	18	39	16	36	
33	11	24	32	47	20	0	66	45	38	18	51	35	17	46	34	35	38	29	46	33	27	23	5	46	58	44	23	47	24	36	33	20	4	7	43	33	29	44	35	
49	60	35	66	22	54	4	0	21	62	48	33	10	75	63	38	69	36	38	21	62	57	41	41	27	44	50	39	33	48	19	41	18	67	41	19	19	34	69	20	
49	47	13	47	5	28	36	43	0	53	34	62	46	42	34	38	54	53	34	51	46	45	4	45	53	49	43	39	21	48	48	26	34	19	36	17	24	40	40	49	
17	30	33	26	31	36	15	47	36	0	35	44	21	28	54	29	40	47	39	32	6	43	20	47	1	31	14	7	4	16	10	26	23	32	23	3	9	30	6	24	
11	24	27	38	27	43	9	65	52	18	0	38	15	35	64	13	61	20	50	25	24	20	1	43	32	52	22	1	25	10	46	39	25	29	30	32	29	39	22	26	
30	49	48	71	36	50	9	35	15	55	66	0	40	13	42	48	1	3	27	50	35	22	36	24	57	4	47	26	50	35	48	1	32	54	37	5	54	51	38	38	
43	40	22	56	2	34	41	40	33	42	28	13	0	55	43	18	49	16	43	1	44	41	29	21	7	39	30	33	13	29	28	32	42	48	21	57	39	14	49	23	
25	38	15	34	38	27	23	70	55	18	64	37	26	0	5	37	14	52	27	37	17	16	34	49	37	37	36	15	23	17	24	26	45	19	24	39	38	44	20	40	
30	52	2	21	40	14	37	57	42	57	54	28	38	49	0	41	32	64	14	49	4	3	24	36	55	24	25	38	10	47	11	18	44	59	34	62	36	36	7	27	
43	52	52	65	23	4	4	46	34	51	29	48	25	47	42	0	39	51	21	36	54	13	15	56	11	54	55	34	48	32	33	36	5	53	26	7	52	19	4	28	
33	1	4	53	28	42	46	43	30	52	39	9	16	14	24	44	0	42	22	27	36	5	44	27	33	56	51	40	14	49	40	23	54	46	33	67	40	26	14	25	
3	47	50	44	22	11	6	64	50	41	19	42	19	58	49	22	51	0	33	30	47	43	24	19	36	42	39	24	42	20	1	39	6	50	50	15	17	43	1	43	
3	47	37	5	52	22	34	47	47	54	32	43	40	47	60	48	57	22	0	51	47	56	37	1	31	43	38	26	50	31	26	41	44	22	37	68	54	47	54	11	
32	45	14	15	24	9	30	4	54	52	63	22	25	14	4	44	44	51	26	0	16	15	24	10	21	27	27	22	22	31	18	24	49	50	46	55	2	48	19	39	
16	29	32	43	32	48	14	15	57	23	1	10	20	34	29	18	53	25	43	30	0	25	6	48	30	42	27	6	30	15	20	44	30	18	35	8	34	43	27	31	
13	17	22	20	29	34	11	39	54	22	53	17	17	14	12	23	24	43	34	28	24	0	22	15	34	44	24	3	23	12	31	38	53	31	32	43	31	41	27	2	
19	18	35	30	14	18	17	54	26	26	4	27	4	33	37	21	32	20	27	15	32	25	0	35	21	2	30	9	27	18	33	31	26	36	5	40	31	19	30	28	
11	7	40	35	48	22	30	69	58	7	17	34	36	48	30	34	48	29	52	25	27	2	22	0	26	56	15	22	29	31	35	38	41	50	40	28	34	39	31	18	
48	61	64	54	34	47	46	27	67	55	33	58	35	53	70	47	40	49	80	26	61	56	3	49	0	68	59	38	58	22	15	6	62	26	58	69	64	51	23	4	
19	56	57	60	11	51	19	3	56	37	44	48	25	79	63	53	41	51	34	36	56	38	29	56	7	0	17	33	48	42	41	32	39	52	38	41	44	38	49	30	
6	52	33	47	62	6	30	72	59	39	54	33	50	49	44	58	8	4	42	45	47	3	45	50	58	76	0	38	58	47	2	49	54	21	53	60	61	46	49	37	
5	18	21	41	21	37	3	59	46	38	45	32	9	52	62	17	55	35	46	20	18	32	14	40	26	46	16	0	19	4	47	33	45	23	24	59	23	33	41	20	
31	34	35	52	8	21	29	28	7	42	20	26	3	29	44	31	11	29	30	14	44	28	19	34	20	26	12	21	0	30	6	23	29	35	8	41	1	1	26	10	
19	32	35	16	35	8	17	19	20	26	4	46	23	43	46	21	23	28	55	28	32	16	9	51	40	60	30	9	13	0	30	7	33	37	33	40	36	26	30	34	
35	23	29	44	54	37	38	2	24	31	69	21	42	55	19	38	39	38	35	53	1	30	39	26	17	15	52	54	37	43	0	42	52	51	43	9	34	36	34	40	
46	1	14	43	51	23	44	67	52	49	47	41	39	60	61	40	42	37	32	50	38	30	43	27	21	61	26	36	47	21	7	0	3	15	10	32	36	33	47	17	
59	72	54	24	59	70	39	55	34	66	44	83	60	75	82	27	46	51	2	54	72	68	31	77	9	8	22	49	73	50	43	34	0	54	57	10	37	77	48	4	
17	36	30	6	21	23	44	44	19	12	32	32	9	35	46	37	13	12	32	20	36	30	16	40	20	58	44	36	32	45	17	7	31	0	10	33	35	3	22	12	
30	29	46	46	42	7	28	53	66	59	65	57	34	60	45	42	34	35	16	45	43	14	39	55	51	45	41	20	44	29	23	20	15	25	0	30	20	50	60	45	
36	49	16	62	4	37	34	72	51	27	64	63	40	73	33	27	21	65	46	51	14	44	30	71	46	57	47	26	19	35	45	50	45	54	24	0	38	45	48	51	
14	27	30	50	6	46	12	35	55	34	54	41	18	60	29	26	39	38	25	29	27	40	6	49	35	9	25	4	28	13	32	6	49	32	33	38	0	42	44	28	
38	28	33	49	13	15	36	51	14	53	39	24	1	56	38	29	42	27	24	12	50	22	40	32	18	50	41	28	24	37	9	28	23	29	2	38	28	0	42	4	
52	65	14	41	24	26	50	65	31	17	53	38	15	63	64	35	46	41	67	26	16	59	51	42	32	11	49	42	38	51	36	42	29	13	45	26	44	38	0	17	
1	6	42	42	42	4	30	55	16	23	52	46	44	65	42	69	47	18	57	12	47	53	6	25	30	60	37	48	45	57	45	29	47	57	39	44	42	38	10	0	
M1
0	60	52	10	39	21	17	31	35	30	25	53	25	34	52	15	12	41	35	28	10	58	9	56	32	12	24	6	30	12	71	37	33	40	22	3	14	25	33	45	
44	0	60	40	47	2	71	42	65	17	4	41	13	31	71	44	27	57	65	58	65	21	39	17	16	28	23	51	46	1	10	53	61	63	67	33	40	46	59	63	
29	50	0	22	40	42	13	32	25	32	16	52	30	37	30	6	24	7	12	31	52	41	3	35	45	24	18	29	29	24	66	3	12	8	31	15	49	16	33	31	
46	49	67	0	10	59	45	49	24	61	6	30	31	44	59	52	36	8	12	33	30	5	38	62	77	22	37	30	40	30	31	40	50	10	67	32	45	40	52	27	
19	30	14	12	0	5	23	27	5	34	18	39	21	26	43	37	14	6	8	19	26	1	11	43	50	4	15	23	22	8	24	2	33	48	49	5	29	22	35	5	
45	55	58	70	51	0	26	48	49	25	1	84	28	59	62	62	50	66	41	32	58	35	17	31	62	37	36	61	22	68	40	49	62	69	57	63	78	55	69	83	
41	32	19	41	11	31	0	6	7	3	50	42	27	29	20	65	40	39	50	40	47	49	24	27	32	10	32	39	28	40	58	14	20	27	55	54	47	28	27	73	
18	42	5	20	34	5	52	0	46	67	27	48	10	3	41	42	14	36	25	20	39	23	37	40	24	36	54	43	5	14	59	41	60	1	59	40	21	5	40	67	
28	11	56	57	36	57	22	40	0	39	41	51	52	39	24	56	34	68	29	34	33	62	3	24	47	42	57	18	7	24	65	2	14	60	68	50	56	19	33	82	
3	75	13	17	44	37	39	26	51	0	35	31	34	41	46	37	19	48	29	35	32	65	16	13	54	19	41	28	15	4	54	44	51	9	44	10	23	37	24	39	
13	33	2	15	29	44	49	48	58	51	0	31	48	49	27	17	35	37	21	42	42	30	32	44	48	35	29	38	53	10	68	2	24	26	42	26	46	27	45	47	
14	30	43	21	42	37	15	29	36	34	15	0	13	45	30	5	23	11	8	20	17	45	6	39	44	23	17	19	33	16	23	45	23	30	8	14	47	15	27	24	
34	40	25	27	16	34	29	14	49	48	43	11	0	32	49	52	20	58	52	33	63	10	26	40	55	29	47	38	39	4	3	54	54	35	60	20	54	39	56	37	
47	2	55	42	35	30	39	55	47	48	42	50	19	0	16	75	52	38	11	19	21	20	47	55	46	48	51	60	6	30	26	1	59	52	60	43	8	57	27	73	
15	17	17	8	51	28	25	29	37	30	42	24	33	32	0	33	10	11	30	26	44	45	7	35	46	10	32	19	28	2	8	1	51	3	11	1	22	28	37	30	
18	44	37	11	58	31	34	26	37	29	5	43	26	35	40	0	13	42	36	20	47	40	10	36	34	13	7	22	31	13	59	38	13	20	20	4	38	5	34	25	
43	23	56	23	38	26	41	31	29	60	39	9	14	31	49	34	0	58	42	40	37	72	19	19	32	50	36	59	36	10	18	45	52	52	48	41	28	30	18	26	
21	38	60	14	63	34	49	35	13	36	25	37	6	38	51	31	11	0	39	12	28	17	13	51	52	16	38	5	34	16	58	29	41	56	56	7	33	34	28	37	
15	45	54	8	41	16	49	29	47	24	43	13	46	6	39	33	3	39	0	26	8	56	7	35	46	10	32	19	12	10	62	23	12	50	45	1	35	28	1	60	
11	24	9	12	50	16	36	25	38	34	39	63	16	30	6	37	14	35	33	0	40	49	11	52	26	14	36	12	32	14	47	24	55	42	50	5	5	32	24	26	
42	58	56	43	55	56	40	31	34	15	14	13	59	54	12	66	4	53	38	36	0	60	51	64	66	40	32	59	52	47	53	46	59	48	49	46	67	29	6	22	
24	45	8	17	15	37	40	19	20	3	11	49	32	24	14	1	19	31	27	26	39	0	16	32	40	2	13	28	20	19	55	27	19	1	26	10	21	11	40	31	
32	28	54	52	53	65	28	40	3	38	41	36	36	56	41	41	51	56	29	7	50	26	0	41	56	54	53	35	24	27	56	19	31	7	66	50	26	19	45	71	
40	34	47	13	42	47	25	22	9	18	22	1	48	10	32	17	35	28	25	23	4	62	26	0	28	33	19	19	30	5	57	25	5	42	42	26	55	27	26	9	
32	32	54	32	46	1	19	41	7	38	26	2	47	44	25	16	33	38	30	25	54	23	24	30	0	22	28	7	28	34	66	23	34	41	7	25	54	26	52	32	
15	41	37	21	31	37	32	12	21	51	24	58	35	6	31	39	41	13	27	17	21	30	38	59	39	0	6	27	2	15	56	9	40	33	29	33	48	2	57	67	
20	64	60	21	23	60	25	47	46	42	43	58	39	48	27	54	44	16	49	45	15	50	46	53	7	26	0	33	30	49	50	22	30	46	11	40	53	42	51	41	
36	28	8	4	25	54	44	42	8	52	7	27	47	36	46	18	34	43	51	38	39	33	25	46	39	14	30	0	13	36	45	24	36	43	43	27	36	23	55	41	
13	38	26	29	1	41	49	21	13	34	8	35	51	36	20	47	31	43	54	26	42	60	28	51	12	14	36	34	0	31	32	29	41	42	51	22	46	32	37	47	
31	6	4	19	33	38	21	39	38	40	25	34	33	42	43	62	39	66	49	47	60	74	36	22	34	39	2	16	4	0	7	51	57	16	38	30	36	56	55	33	
16	66	39	12	25	13	52	14	41	34	47	38	8	36	55	37	14	43	37	30	45	57	11	19	50	14	36	23	32	14	0	39	33	35	39	5	39	31	41	67	
21	34	7	41	12	61	36	53	9	45	40	2	18	43	47	55	42	31	18	9	10	13	26	12	44	46	10	41	4	47	44	0	37	45	62	43	7	42	17	62	
39	47	28	38	51	26	24	10	47	43	29	57	40	8	10	51	40	40	37	44	24	53	37	6	54	11	33	44	29	40	51	8	0	31	54	31	51	29	4	52	
11	17	57	1	8	21	39	35	3	2	24	52	32	45	41	28	17	71	39	29	40	63	20	37	51	42	15	35	24	3	68	3	20	0	52	33	44	14	41	23	
33	40	36	39	28	48	1	23	24	18	19	45	44	24	37	57	57	31	45	23	39	35	23	34	41	2	24	14	16	33	74	27	35	22	0	51	34	20	44	60	
9	61	48	2	51	22	45	23	41	24	37	54	40	26	51	27	4	33	27	20	38	50	1	63	40	4	26	13	22	4	63	29	45	44	49	0	29	22	31	57	
47	60	48	24	35	60	21	43	44	40	44	63	1	26	43	65	42	20	53	24	46	34	29	37	28	42	64	42	17	42	60	35	57	64	57	33	0	60	9	55	
4	30	37	33	62	37	40	12	58	53	13	58	24	35	27	28	35	58	57	6	33	55	32	69	28	35	40	29	37	35	45	60	46	33	45	26	37	0	56	58	
32	60	62	10	59	29	58	44	37	12	49	51	30	21	44	41	27	7	50	36	41	41	24	40	61	27	33	29	45	27	16	42	17	28	45	18	52	45	0	51	
49	31	39	16	28	42	13	17	7	32	8	63	47	40	45	51	51	52	11	9	54	56	24	45	61	23	5	32	28	21	78	23	35	38	68	51	58	40	25	0	
M2
0	39	26	5	34	27	37	6	37	39	9	28	24	59	50	46	35	49	46	42	27	48	49	13	17	20	47	30	14	49	54	44	12	21	30	22	8	27	30	30	
18	0	27	53	2	38	39	24	5	31	38	30	32	60	2	48	37	43	27	44	52	17	37	27	35	22	30	33	36	61	22	22	7	23	42	9	10	39	25	35	
46	59	0	9	30	49	54	47	56	28	53	52	13	70	43	55	11	38	30	68	45	39	49	24	63	46	36	50	36	45	65	28	8	47	52	34	34	34	54	28	
35	28	16	0	28	23	64	36	10	12	43	39	20	6	32	62	19	34	24	37	51	46	2	34	9	15	10	36	10	45	27	27	20	21	26	13	41	34	21	52	
61	40	51	29	0	14	15	32	59	7	54	53	21	54	37	59	26	46	3	30	44	9	13	19	11	45	44	9	15	50	49	64	39	26	18	7	33	39	48	11	
31	33	31	42	41	0	8	25	29	26	6	49	32	24	22	37	42	46	29	47	2	23	46	23	34	25	5	48	22	57	37	22	6	33	38	31	30	2	33	41	
54	10	34	20	46	27	0	2	29	3	63	61	38	24	50	67	65	63	55	74	59	64	28	35	13	61	54	38	28	51	46	45	50	39	44	31	49	52	49	70	
51	16	51	58	59	35	23	0	49	41	53	29	55	56	40	25	13	62	32	38	22	43	57	69	51	43	54	49	59	47	37	16	28	25	52	44	59	6	1	61	
14	45	11	43	44	29	53	48	0	45	44	57	30	64	29	47	63	55	37	56	48	56	55	23	68	49	14	46	20	55	6	6	35	31	28	51	37	31	9	68	
60	11	57	39	43	21	12	29	35	0	30	42	18	48	36	66	56	43	68	15	56	44	17	32	38	35	41	34	8	34	52	44	52	19	7	39	39	32	30	59	
28	10	23	52	38	27	43	47	57	28	0	44	13	57	59	45	1	38	35	62	63	39	49	38	36	40	36	30	14	35	63	6	32	25	30	8	28	33	23	54	
41	60	38	15	36	56	35	13	16	44	28	0	29	43	56	58	57	48	24	10	36	9	62	47	4	51	1	8	47	19	9	33	53	56	54	50	50	47	36	43	
54	45	33	55	19	48	56	28	44	9	38	33	0	66	64	53	42	19	44	49	57	20	54	32	52	27	17	50	35	55	52	51	52	28	35	15	15	15	35	35	
36	21	9	29	21	16	57	47	11	28	42	52	13	0	25	61	61	38	46	49	44	39	21	27	14	46	36	29	3	38	28	28	47	14	19	6	34	27	31	45	
31	43	38	44	34	32	58	25	52	44	57	28	29	58	0	51	50	17	20	26	43	55	50	40	39	4	36	6	19	35	6	28	32	17	35	37	23	43	10	12	
18	48	61	50	26	2	63	50	48	37	56	14	22	59	7	0	45	47	5	48	61	34	47	60	42	34	33	46	44	57	47	6	18	31	60	43	43	43	54	59	
22	46	30	70	27	22	43	44	60	25	10	34	10	64	27	12	0	35	5	65	61	36	62	48	60	43	22	20	51	2	52	26	38	40	42	13	31	31	32	51	
24	37	25	21	31	32	22	22	27	5	39	25	29	15	41	60	59	0	4	23	50	55	37	43	30	1	47	45	19	35	34	8	39	30	35	22	50	43	21	61	
32	10	52	56	28	33	56	12	50	49	54	17	34	69	38	23	28	59	0	51	23	28	51	26	45	46	36	49	24	59	14	37	27	10	35	43	40	48	16	61	
42	27	15	22	27	22	29	36	17	17	3	9	2	5	31	49	19	13	52	0	50	28	27	33	20	35	25	35	9	44	34	34	53	18	25	12	23	23	30	43	
13	51	13	24	23	29	60	28	11	34	58	31	19	61	34	19	67	28	32	29	0	5	50	45	16	7	36	47	21	56	28	4	45	32	37	40	40	40	15	23	
19	63	27	39	42	12	78	47	30	48	68	32	38	67	53	38	59	47	51	48	3	0	12	48	35	26	55	43	40	75	4	23	64	4	56	52	39	53	31	17	
10	46	23	31	37	19	60	28	44	49	36	31	45	61	26	45	10	70	47	29	33	54	0	32	26	7	53	28	53	15	29	31	52	13	56	29	15	62	37	49	
30	28	20	53	9	21	18	35	31	28	51	22	48	56	51	40	29	49	34	36	13	34	27	0	33	14	47	14	46	61	48	33	8	15	40	16	2	28	24	33	
11	40	28	45	12	14	49	38	30	27	49	6	12	18	19	4	7	24	17	19	63	38	40	38	0	17	5	28	17	41	11	18	30	28	32	25	33	33	49	45	
8	57	15	44	11	40	42	2	29	34	34	5	19	35	61	55	50	44	24	3	60	38	46	35	16	0	27	37	27	35	38	5	36	22	30	24	40	40	46	44	
38	23	45	4	45	47	49	30	43	50	54	18	51	85	52	37	39	60	50	52	16	37	80	51	46	32	0	50	53	41	10	36	42	47	56	48	34	45	47	47	
34	38	23	46	30	24	49	28	28	20	40	31	5	16	42	64	42	25	50	9	60	31	34	35	31	7	28	0	11	9	45	31	55	22	27	11	26	14	44	33	
63	58	46	43	32	10	51	41	54	22	36	46	7	42	46	55	55	32	57	62	46	33	32	21	57	40	30	23	0	32	59	59	41	8	13	28	28	21	30	48	
4	32	63	42	49	6	79	6	65	57	68	53	51	53	50	35	62	16	41	37	66	77	48	51	53	69	70	46	57	0	58	49	61	7	69	47	65	56	57	57	
58	67	55	50	16	33	42	42	33	45	59	11	30	51	7	44	21	6	35	45	55	1	51	37	39	59	11	33	20	25	0	48	57	31	36	15	51	44	53	49	
34	49	34	45	44	41	58	35	32	55	22	37	40	52	46	31	9	16	6	19	5	26	47	28	37	14	57	45	42	20	28	0	35	6	42	37	42	38	36	44	
29	7	26	4	39	44	3	20	4	21	59	33	45	42	17	62	51	60	52	31	36	57	7	38	31	9	29	56	35	63	13	21	0	37	22	38	24	34	24	72	
49	22	39	48	28	40	37	41	49	13	43	9	7	56	68	59	18	28	53	43	32	33	4	7	37	33	30	2	37	40	42	14	27	0	48	28	21	12	43	48	
15	40	3	33	48	26	52	7	60	38	35	48	23	55	37	39	53	45	52	46	33	49	34	37	50	24	7	9	13	48	55	42	30	4	0	44	44	37	4	64	
30	24	12	28	24	19	31	45	14	31	45	27	16	2	28	27	58	10	11	46	28	13	24	17	17	24	39	32	6	41	31	31	37	17	22	0	31	22	34	48	
28	20	7	48	27	37	36	22	18	23	54	9	39	44	38	27	16	62	40	23	31	32	39	6	36	1	34	32	47	50	35	25	26	2	50	3	0	46	11	46	
29	60	26	34	47	32	64	25	4	49	59	44	43	63	30	22	32	14	35	30	8	29	17	38	40	31	29	61	35	66	21	5	48	46	4	64	52	0	24	47	
38	7	36	31	43	22	19	20	38	37	26	34	40	26	27	12	25	59	25	18	44	33	48	46	41	13	53	43	30	35	22	9	38	11	46	33	29	54	0	50	
34	35	22	63	37	34	51	19	33	38	17	24	31	36	53	42	31	56	50	29	46	47	4	21	42	7	16	42	21	50	4	31	30	3	21	18	4	45	26	0	
M3
0	33	32	36	9	35	46	25	54	51	31	31	31	30	50	41	6	22	20	16	38	40	20	36	23	31	37	18	39	21	34	36	28	29	28	21	23	20	7	14	
47	0	38	31	45	43	35	14	56	39	38	34	26	25	36	4	1	5	30	29	33	43	28	31	28	44	30	50	2	32	9	58	46	37	14	33	16	38	30	40	
33	29	0	38	34	19	33	27	46	45	8	42	2	32	7	37	34	17	18	14	26	13	34	51	46	13	16	35	30	28	1	33	10	43	44	39	2	49	7	50	
37	19	61	0	44	42	29	37	39	46	16	44	49	20	6	27	24	28	42	24	28	33	34	53	17	37	28	62	25	10	21	41	45	43	37	14	36	47	50	63	
45	38	8	38	0	36	59	30	11	50	32	46	32	44	2	20	42	8	39	37	44	45	21	55	39	36	28	2	39	13	21	47	27	30	33	26	19	25	19	62	
47	6	48	26	9	0	33	15	20	41	23	27	2	35	45	14	11	15	40	22	34	30	38	41	9	21	33	29	12	8	19	32	18	47	18	24	26	10	11	50	
28	4	29	37	38	43	0	7	40	47	10	42	34	33	39	10	9	13	38	37	41	30	30	28	36	17	32	6	10	12	17	35	27	33	22	35	24	45	33	48	
16	42	52	38	5	49	32	0	1	30	4	22	46	32	34	48	32	36	52	36	40	29	34	46	42	34	16	46	39	39	31	29	17	31	40	39	37	34	51	62	
44	4	46	38	14	51	4	13	0	39	40	42	5	33	12	12	9	13	38	20	37	33	36	39	22	19	31	37	10	13	17	30	16	12	16	21	24	8	35	43	
32	38	33	6	55	30	8	42	58	0	35	45	30	31	25	45	43	31	16	35	29	38	33	49	36	18	15	33	44	29	37	14	29	42	22	33	36	58	11	54	
59	35	51	48	4	64	4	38	54	13	0	26	18	57	42	21	33	44	30	50	50	46	61	56	14	6	57	37	41	43	47	1	5	52	12	40	48	43	41	63	
29	19	35	20	36	16	40	19	39	39	12	0	36	14	33	5	24	3	19	18	22	25	1	8	39	29	18	12	25	6	7	34	24	10	14	6	4	25	2	45	
37	33	24	25	38	27	7	1	50	19	29	24	0	36	26	41	31	15	46	25	8	4	38	50	46	34	20	9	38	2	28	17	3	42	50	38	6	51	20	49	
44	35	62	3	45	24	45	29	32	23	30	21	50	0	22	29	25	21	37	1	5	34	19	55	33	27	27	42	28	4	25	43	32	28	32	24	13	24	27	43	
30	34	10	35	29	1	42	21	37	51	14	20	56	29	0	14	39	43	12	13	37	45	46	4	35	27	28	50	40	17	35	18	16	16	10	51	14	21	10	37	
20	33	56	31	9	18	61	25	36	37	33	19	58	28	47	0	38	1	20	22	36	54	30	3	34	31	27	42	39	6	8	37	19	15	9	35	13	20	11	27	
49	38	15	8	26	23	34	28	37	28	35	24	3	2	27	30	0	26	25	6	10	31	24	8	38	32	32	36	33	9	30	44	24	20	14	29	18	25	16	43	
19	21	9	30	38	39	49	13	5	12	24	48	51	24	2	29	26	0	41	20	32	48	24	34	22	13	20	4	27	13	3	30	16	3	16	29	6	8	2	20	
17	39	64	14	31	15	27	31	42	37	38	25	48	32	33	36	44	43	0	9	40	37	51	9	40	37	33	55	31	11	34	4	25	8	15	18	19	26	17	46	
5	40	52	31	14	25	44	32	34	47	44	26	31	26	50	41	45	40	27	0	24	14	38	10	41	4	34	55	46	23	4	14	3	11	16	1	20	27	18	16	
26	34	44	2	28	4	42	39	52	51	31	1	40	25	21	42	24	29	45	29	0	48	27	54	32	52	9	22	40	25	5	44	14	28	27	29	30	52	11	54	
40	22	31	36	21	20	51	14	38	40	23	21	47	30	50	30	27	14	22	21	38	0	12	5	23	20	29	51	28	14	18	31	17	17	11	17	15	9	13	56	
27	29	64	29	34	14	38	33	37	37	10	30	34	27	45	37	34	1	17	17	26	23	0	50	40	27	16	59	35	4	42	35	28	8	46	4	2	49	16	57	
36	25	50	26	37	10	57	17	28	43	29	11	50	20	45	33	30	34	12	24	28	52	37	0	26	23	19	41	31	8	26	34	11	7	1	42	5	12	3	46	
52	34	39	2	35	47	35	35	54	43	7	48	10	26	12	42	2	43	26	30	34	38	41	32	0	37	43	43	5	25	26	32	36	26	19	29	40	49	40	36	
50	36	24	4	38	37	46	54	56	33	31	40	57	37	23	44	41	24	40	40	35	46	22	63	34	0	39	25	40	4	38	56	32	31	40	27	25	62	39	21	
2	33	66	7	30	18	27	15	36	27	12	25	38	1	16	33	29	5	21	5	9	27	3	50	19	29	0	46	32	8	22	20	32	12	36	8	6	28	20	47	
27	39	7	32	55	36	41	31	46	52	32	34	47	26	17	47	44	23	21	30	34	32	21	44	40	20	10	0	45	26	22	45	34	30	27	13	24	26	38	59	
14	38	73	38	43	23	31	36	46	46	19	39	43	36	53	46	43	10	26	26	35	32	8	59	33	36	25	64	0	13	15	25	37	17	26	13	11	31	25	33	
40	34	69	4	34	29	34	52	50	16	6	26	48	37	20	32	39	11	45	41	10	36	37	38	25	36	34	47	15	0	30	31	35	46	42	17	40	51	36	50	
32	44	44	29	41	29	49	36	42	40	25	28	18	35	48	49	49	16	10	32	12	10	14	42	54	32	31	49	50	19	0	34	6	23	21	9	17	45	29	72	
25	13	53	30	47	41	49	7	39	33	34	7	18	24	26	21	18	22	41	14	25	32	26	31	5	13	8	50	9	7	16	0	10	35	10	13	29	2	14	37	
18	39	21	40	51	24	56	31	42	29	43	7	46	34	59	47	21	48	26	16	42	29	51	9	23	9	33	43	37	22	40	34	0	21	15	56	19	26	17	18	
32	34	26	12	39	19	43	38	11	32	15	30	36	6	31	1	34	6	22	10	14	28	4	22	1	32	21	3	37	9	29	40	4	0	28	9	7	33	21	52	
40	15	38	49	48	55	54	5	50	30	57	32	24	43	46	23	20	24	45	47	36	36	47	40	47	15	31	15	21	50	13	65	30	15	0	17	35	53	4	47	
5	43	61	14	48	24	25	30	15	34	41	21	60	8	33	22	36	32	10	12	5	1	30	43	44	5	29	38	39	15	25	38	34	39	43	0	16	35	30	54	
20	16	58	25	21	36	45	33	33	42	30	36	46	19	34	24	21	23	39	8	20	44	21	51	37	17	3	57	22	26	29	38	44	30	34	26	0	36	3	46	
36	9	47	26	41	45	48	1	69	27	28	47	39	35	37	17	14	18	43	8	32	36	37	44	10	7	19	44	15	1	10	18	4	44	4	39	29	0	23	49	
32	4	34	9	2	19	38	12	17	37	15	13	19	11	28	11	9	6	22	15	19	28	4	39	21	5	21	29	10	9	10	29	15	13	15	9	7	7	0	1	
30	27	43	22	37	17	5	19	1	40	13	21	37	30	41	35	25	4	20	13	5	26	2	10	28	25	19	38	33	7	25	36	22	11	16	7	5	14	18	0	
M4
0	40	35	19	26	42	38	11	37	28	48	47	21	3	35	42	20	31	24	42	42	38	5	4	7	34	4	35	39	48	29	47	52	3	49	20	33	21	38	40	
44	0	2	29	61	50	54	51	36	50	12	27	24	38	45	57	26	30	56	45	17	48	14	26	55	16	52	56	33	15	36	14	42	41	6	55	55	37	11	5	
37	43	0	37	34	17	6	49	13	22	40	6	30	44	25	49	38	17	4	18	13	33	1	14	16	48	27	45	33	40	6	41	34	44	4	25	43	33	41	37	
23	65	10	0	22	18	41	16	5	30	16	36	23	5	1	44	22	40	26	35	67	4	32	29	34	36	26	42	41	16	50	28	35	5	53	47	24	48	17	29	
51	14	18	41	0	32	39	44	38	45	52	46	48	21	45	41	1	24	27	4	26	38	4	40	62	33	41	41	16	58	3	48	49	33	38	43	20	22	43	28	
35	39	9	25	40	0	12	48	30	1	46	6	9	42	31	55	48	30	9	24	48	17	44	32	36	39	29	24	12	46	36	12	5	41	50	21	38	25	47	39	
24	30	17	47	21	63	0	39	30	9	27	56	17	31	12	36	48	53	52	5	70	20	33	32	35	62	14	32	20	27	51	51	49	31	68	21	35	49	28	33	
49	7	25	41	49	61	54	0	22	43	19	48	31	5	4	39	30	48	30	38	39	57	43	32	4	50	53	14	54	19	24	59	46	31	21	61	27	65	20	45	
42	48	29	4	41	36	31	35	0	21	35	54	29	20	20	24	5	28	6	34	55	15	51	37	53	55	45	44	32	27	58	47	53	24	42	41	43	47	36	4	
28	32	2	43	33	48	5	41	37	0	39	44	2	35	24	48	41	52	55	17	63	32	37	25	29	49	22	17	5	39	36	44	45	34	69	14	47	53	40	36	
19	49	23	17	29	37	26	34	37	15	0	51	19	22	33	17	6	29	22	5	56	36	28	27	30	32	14	34	23	46	52	12	10	1	58	35	56	44	49	33	
31	24	25	43	56	40	28	40	23	17	39	0	25	8	47	66	34	28	19	19	4	55	40	39	42	21	39	40	28	19	21	61	46	38	28	37	68	35	40	30	
25	7	5	13	34	46	43	40	33	32	44	1	0	32	29	46	24	47	28	46	46	32	22	33	36	38	33	55	43	44	58	41	60	7	77	49	19	50	45	5	
48	56	23	37	15	37	33	42	28	44	1	32	16	0	10	46	35	58	6	34	65	56	41	34	48	7	4	43	52	25	27	41	39	30	54	37	33	16	26	52	
38	69	51	30	50	59	44	53	11	43	8	37	20	16	0	53	36	48	37	27	59	46	47	21	44	51	46	34	54	8	62	48	35	20	49	50	16	63	9	35	
22	46	27	2	34	6	30	33	22	19	33	24	10	22	18	0	21	40	25	4	51	21	31	13	22	35	22	40	30	24	53	30	23	4	16	20	41	43	34	41	
32	21	30	18	48	9	33	21	38	22	49	27	25	23	34	28	0	1	30	7	28	15	32	40	43	49	32	18	33	49	57	28	26	18	62	33	57	46	28	5	
7	51	36	30	37	53	38	22	48	28	46	58	18	1	35	53	31	0	35	50	53	49	16	15	18	45	4	14	6	48	40	43	40	14	60	31	20	32	11	27	
33	2	11	31	17	45	51	39	51	40	35	51	28	40	47	26	32	28	0	54	47	50	3	41	44	46	41	25	51	22	11	16	3	15	63	57	70	58	25	46	
45	35	9	27	18	39	27	39	8	41	7	26	38	29	43	7	33	54	34	0	63	34	54	28	56	40	29	59	2	6	21	36	3	36	1	12	57	10	59	32	
25	67	37	25	48	57	40	18	1	29	56	2	26	32	41	45	26	49	27	52	0	36	34	33	36	49	33	21	40	48	38	57	46	18	16	49	53	50	18	8	
49	12	32	21	58	18	35	17	41	24	25	36	32	33	37	65	58	60	6	1	51	0	28	55	19	33	40	47	35	10	54	42	35	41	51	44	25	43	1	60	
15	30	3	38	45	52	36	30	47	25	25	19	17	22	29	61	39	50	21	14	61	57	0	23	26	50	19	48	36	44	19	65	63	22	10	39	52	40	45	59	
57	24	35	44	59	14	38	22	33	27	42	19	35	22	27	31	46	3	35	50	14	40	39	0	51	10	55	7	38	42	26	28	31	50	48	26	5	51	10	27	
45	62	32	7	29	40	25	38	27	41	38	52	2	27	23	65	44	50	48	19	32	26	22	51	0	10	46	64	52	38	36	50	50	27	6	49	46	70	39	5	
17	59	56	35	16	49	59	32	29	49	65	53	42	24	50	63	28	34	7	57	49	28	1	11	8	0	25	42	53	40	18	27	7	24	14	6	40	42	45	32	
36	14	16	8	33	21	5	37	20	8	1	21	16	28	23	15	1	24	42	17	1	27	45	39	43	55	0	19	12	38	50	19	38	24	19	28	46	49	37	27	
39	24	26	1	38	26	50	32	21	39	18	21	17	21	3	57	27	29	42	37	40	20	48	2	9	16	31	0	28	18	52	41	43	21	51	31	26	63	19	45	
24	46	38	22	36	54	35	34	30	31	50	23	4	31	35	45	23	20	27	45	70	29	33	32	27	18	32	40	0	10	40	37	12	6	32	7	58	33	51	33	
17	51	21	2	33	35	24	32	22	13	33	7	21	1	18	33	33	52	21	36	59	21	26	25	28	24	25	36	24	0	35	20	5	22	19	26	41	42	34	45	
34	7	34	9	36	39	29	35	28	41	40	44	17	29	25	46	33	10	36	41	39	11	41	1	45	35	7	32	42	40	0	19	47	16	5	33	30	12	35	52	
46	56	26	38	27	20	29	61	19	18	16	17	26	24	1	51	44	56	7	20	67	9	2	29	50	10	46	41	29	16	49	0	37	28	57	38	24	38	17	13	
22	37	9	20	34	28	32	36	26	21	41	29	22	29	36	43	8	31	25	12	58	10	23	30	33	13	30	44	32	35	40	37	0	4	47	41	50	29	37	35	
3	45	17	1	15	33	21	18	21	10	32	35	3	10	17	24	2	25	6	24	49	20	12	11	14	16	11	33	21	30	36	44	38	0	56	27	40	28	33	22	
20	45	38	13	50	46	60	35	27	52	20	30	6	19	9	7	44	55	40	37	10	32	7	28	20	31	28	41	15	21	47	56	16	27	0	44	32	45	25	36	
48	51	35	10	47	39	49	8	4	45	41	44	48	7	26	48	8	31	22	37	58	3	57	50	34	36	51	48	28	15	14	11	13	30	56	0	49	32	42	7	
23	30	24	21	9	3	27	38	23	16	52	4	23	30	37	44	22	17	24	29	55	31	32	26	34	36	20	4	27	50	16	27	20	5	49	29	0	17	52	42	
44	37	37	36	20	25	13	44	12	29	34	43	37	40	32	56	30	41	20	25	52	39	53	14	55	48	15	45	40	47	7	22	42	51	42	17	43	0	48	36	
34	54	57	32	14	42	64	28	26	55	35	33	13	29	20	61	11	21	44	9	40	25	43	8	45	15	42	39	9	35	25	17	35	32	26	3	6	47	0	29	
27	69	34	9	35	42	45	30	29	34	40	59	27	29	25	48	26	49	30	48	63	28	36	35	38	40	28	57	30	40	60	52	59	9	63	51	48	52	41	0	
M5
0	14	34	14	14	20	63	19	22	53	18	19	20	61	51	14	7	60	1	23	56	75	45	73	46	41	61	52	52	69	40	51	47	62	51	43	18	42	22	69	
44	0	60	8	41	30	10	41	40	55	10	29	30	49	53	35	17	20	15	6	50	55	47	68	40	33	24	57	13	50	12	45	54	36	46	9	57	48	32	49	
14	57	0	23	19	41	46	52	65	50	57	29	24	20	59	18	44	60	7	8	10	24	26	38	36	17	29	35	57	62	39	11	70	63	61	33	17	53	15	6	
14	57	23	0	3	50	54	3	57	57	4	23	49	18	21	24	49	50	42	49	12	31	40	30	2	65	55	47	8	51	35	52	26	68	8	71	53	37	20	50	
22	65	7	65	0	54	49	42	73	41	64	7	43	54	46	20	58	48	39	74	48	73	66	56	80	49	54	39	34	44	49	39	74	52	34	55	68	21	43	74	
49	8	6	5	38	0	25	38	46	62	39	28	36	53	16	41	23	63	22	47	23	51	72	65	12	48	60	9	1	64	14	29	48	20	43	33	52	29	38	66	
61	71	62	35	68	47	0	68	21	50	3	22	10	10	37	47	34	9	29	69	58	59	41	30	24	38	57	27	59	39	54	47	58	17	28	27	57	37	49	38	
50	49	54	61	40	36	74	0	46	47	65	13	36	12	52	12	23	34	65	33	59	36	62	27	64	28	59	56	4	11	30	45	4	44	39	45	84	56	38	63	
46	14	47	55	39	16	31	41	0	4	56	44	34	11	58	49	32	43	69	73	25	39	22	67	57	47	66	54	9	55	9	1	53	26	82	32	70	4	47	23	
46	43	75	48	81	50	71	69	4	0	68	71	76	65	56	33	63	66	55	28	79	54	31	61	15	63	68	44	48	30	15	55	41	76	68	64	69	7	66	77	
15	52	3	25	58	22	58	45	32	55	0	21	22	18	19	6	9	62	41	56	58	5	58	71	57	61	6	57	63	67	50	33	51	32	49	13	58	30	24	30	
63	73	42	46	63	49	39	43	45	4	49	0	49	40	9	39	36	11	30	50	71	61	85	71	43	73	78	63	42	40	49	2	43	80	84	36	65	13	51	40	
37	21	33	55	13	2	58	12	47	67	42	33	0	37	29	25	33	16	47	32	42	24	44	34	11	47	64	65	58	21	61	38	32	44	12	28	9	31	48	45	
57	67	65	54	83	57	20	17	3	57	11	56	57	0	79	17	44	69	79	22	78	72	74	78	86	12	67	50	62	33	62	54	76	69	80	13	54	57	59	76	
46	57	30	29	62	33	21	42	54	45	55	49	4	41	0	47	45	20	51	14	10	70	37	52	31	22	27	72	67	50	65	18	38	43	67	57	65	30	51	43	
47	46	59	77	48	33	40	16	8	46	42	24	27	37	32	0	20	65	69	53	36	16	44	34	59	54	65	51	33	17	6	56	31	67	12	51	28	43	35	10	
18	61	43	61	61	4	62	27	14	37	65	3	4	45	42	9	0	44	48	70	83	79	40	85	48	59	78	55	73	73	45	35	33	46	70	27	65	46	6	69	
30	63	55	70	47	16	20	39	12	41	16	7	16	7	46	21	3	0	9	65	71	28	52	38	10	41	52	30	61	8	23	39	27	58	82	39	64	6	18	7	
34	58	40	67	68	7	46	43	30	43	58	19	20	35	28	16	7	20	0	45	2	54	11	41	52	69	55	18	55	40	30	4	49	62	31	37	73	21	22	49	
50	55	24	30	15	71	61	63	67	17	4	35	63	58	9	14	58	33	64	0	18	65	55	47	31	41	66	67	52	63	66	62	43	62	57	73	3	16	35	49	
25	68	39	68	19	38	72	30	48	20	55	24	38	36	63	43	25	65	55	24	0	76	53	50	82	23	64	68	66	76	79	56	19	36	43	61	72	7	37	40	
31	7	70	66	50	4	69	14	63	65	44	66	80	34	62	64	67	63	34	67	83	0	34	80	37	63	72	12	69	24	73	26	50	71	94	58	20	2	60	9	
47	1	36	44	16	3	24	41	43	54	44	32	33	39	40	38	20	57	68	55	30	22	0	36	76	37	32	57	63	56	62	15	34	12	14	54	37	50	35	71	
71	74	49	27	60	73	65	47	35	10	45	18	65	56	57	39	61	59	77	46	34	58	71	0	26	63	34	12	49	60	53	6	65	80	65	29	37	43	40	78	
10	53	62	53	53	27	10	40	39	34	7	34	43	34	26	43	30	5	36	62	84	55	57	35	0	68	7	34	34	35	50	27	54	67	55	32	57	9	45	22	
2	22	10	45	45	2	33	50	43	72	49	43	51	11	63	40	38	14	30	54	58	64	76	39	46	0	54	21	65	16	47	63	63	14	57	50	31	27	52	43	
45	3	60	59	41	45	19	1	36	40	4	6	7	56	45	56	49	27	25	41	8	1	34	74	1	49	0	46	62	6	1	38	62	62	52	40	61	43	42	50	
35	29	57	7	40	21	10	8	31	49	41	20	21	55	58	12	8	61	36	52	49	16	57	32	33	4	25	0	45	63	41	52	50	38	45	15	22	58	23	57	
54	32	55	35	64	19	64	34	6	37	45	3	56	40	13	7	56	42	63	56	45	48	47	3	17	25	54	8	0	6	30	35	33	82	15	3	60	46	15	42	
63	25	24	92	28	39	38	66	57	50	46	16	70	70	17	20	57	46	76	63	44	72	45	67	78	90	18	80	75	0	45	39	55	52	59	4	70	18	6	43	
33	61	45	37	70	19	41	42	16	46	69	18	19	60	57	24	6	38	63	85	60	22	55	58	23	6	59	3	75	31	0	35	21	19	75	42	68	20	21	67	
34	74	51	74	31	45	26	8	56	6	67	46	38	40	24	15	62	60	47	53	42	58	75	64	79	62	58	59	58	21	14	0	45	45	78	6	36	65	57	39	
70	20	47	26	38	42	3	59	52	41	51	47	10	47	34	14	43	18	49	81	68	68	78	13	50	59	26	8	9	3	63	33	0	65	64	37	73	46	39	33	
35	34	35	61	37	24	64	47	34	44	23	13	20	65	12	25	11	54	64	81	6	33	31	45	68	31	2	7	25	52	40	39	53	0	84	47	72	56	26	29	
26	61	53	67	68	36	58	32	46	50	12	35	23	7	29	11	23	67	49	23	12	73	14	4	46	61	69	36	47	62	34	26	22	70	0	59	27	53	38	78	
27	41	53	66	33	20	44	2	2	56	40	31	40	31	70	45	27	2	21	23	8	52	36	62	34	65	22	36	46	29	47	46	34	59	68	0	50	30	37	27	
39	62	3	53	71	40	44	21	36	24	40	31	12	31	12	45	27	2	33	44	15	52	76	38	22	58	48	38	1	32	33	42	10	25	78	30	0	7	42	3	
68	43	35	49	65	4	60	42	74	8	6	67	8	50	33	16	65	44	66	29	51	67	25	47	54	67	47	42	39	43	48	1	65	16	25	37	50	0	75	2	
52	15	32	28	36	36	42	56	68	58	62	56	46	61	6	67	58	51	48	59	32	56	42	61	16	21	10	55	65	63	10	19	31	14	39	16	55	70	0	42	
50	9	41	70	21	63	24	71	37	29	1	41	70	65	3	12	61	36	28	8	56	62	81	90	41	67	51	16	32	30	26	63	14	12	68	36	22	55	66	0	
