40  6  1
6
	0	81	1	80	2	72	3	2	4	24	5	3
	0	62	1	12	2	6	3	12	4	26	5	37
	0	68	1	70	2	37	3	87	4	68	5	27
	0	8	1	33	2	25	3	52	4	55	5	65
	0	37	1	53	2	77	3	77	4	56	5	75
	0	58	1	49	2	32	3	10	4	6	5	98
	0	36	1	66	2	68	3	33	4	37	5	52
	0	90	1	16	2	3	3	6	4	16	5	30
	0	32	1	62	2	37	3	100	4	40	5	25
	0	44	1	8	2	69	3	11	4	39	5	26
	0	85	1	65	2	1	3	24	4	75	5	66
	0	31	1	50	2	75	3	87	4	5	5	80
	0	80	1	58	2	19	3	83	4	18	5	50
	0	97	1	66	2	88	3	3	4	1	5	68
	0	2	1	29	2	71	3	29	4	70	5	86
	0	63	1	69	2	27	3	3	4	90	5	30
	0	89	1	93	2	59	3	68	4	77	5	91
	0	78	1	21	2	62	3	3	4	68	5	60
	0	14	1	50	2	96	3	20	4	49	5	40
	0	37	1	61	2	15	3	21	4	100	5	98
	0	70	1	72	2	4	3	20	4	26	5	44
	0	76	1	66	2	65	3	75	4	1	5	39
	0	62	1	16	2	63	3	75	4	69	5	52
	0	40	1	97	2	26	3	14	4	52	5	17
	0	30	1	1	2	77	3	78	4	65	5	70
	0	68	1	34	2	59	3	50	4	60	5	15
	0	58	1	4	2	32	3	34	4	100	5	36
	0	62	1	26	2	35	3	13	4	7	5	14
	0	42	1	56	2	83	3	69	4	21	5	17
	0	23	1	86	2	60	3	56	4	49	5	97
	0	21	1	59	2	83	3	10	4	83	5	92
	0	79	1	18	2	32	3	63	4	53	5	39
	0	99	1	39	2	42	3	68	4	79	5	48
	0	28	1	61	2	84	3	55	4	90	5	79
	0	99	1	98	2	87	3	55	4	72	5	10
	0	76	1	69	2	37	3	88	4	22	5	49
	0	47	1	60	2	50	3	21	4	88	5	68
	0	50	1	84	2	74	3	85	4	37	5	81
	0	65	1	1	2	12	3	89	4	51	5	81
	0	100	1	57	2	93	3	58	4	43	5	56
SSD
M0
0	3	5	38	12	23	19	16	13	7	1	5	18	1	14	27	38	17	7	19	29	21	25	9	12	31	26	30	29	34	31	5	11	7	21	23	35	30	12	15	
33	0	2	28	19	11	27	8	17	13	22	4	16	35	22	26	35	22	44	38	3	31	13	22	13	41	26	15	25	43	42	46	3	25	34	27	32	16	31	34	
23	20	0	3	41	35	17	29	30	36	38	32	26	2	22	35	17	24	40	19	18	18	18	12	21	8	4	9	5	28	36	12	42	23	15	31	48	9	27	27	
42	33	3	0	40	24	6	18	19	39	33	23	15	26	11	24	6	13	39	8	37	14	18	23	33	19	46	6	47	26	30	24	31	12	23	20	37	27	46	16	
27	6	23	12	0	17	9	2	23	5	16	15	7	7	4	17	26	7	26	28	41	19	21	16	9	1	26	1	11	37	48	29	6	32	16	13	24	16	44	34	
4	25	12	1	39	0	15	14	23	15	35	11	24	1	20	27	15	9	23	17	41	15	11	17	31	3	30	15	26	32	28	33	4	2	24	6	22	26	15	25	
19	42	13	2	20	22	0	27	29	37	37	30	9	28	21	23	16	4	28	4	2	16	9	9	3	29	37	16	9	35	10	34	41	19	25	14	10	37	21	26	
22	22	28	29	26	15	7	0	12	28	19	16	6	17	2	15	16	5	7	21	29	8	19	11	18	14	43	30	9	29	33	10	22	3	12	11	18	18	18	22	
46	48	23	13	14	10	27	2	0	8	20	16	32	32	28	30	23	31	22	29	36	7	33	12	48	25	4	27	12	37	16	45	7	25	37	34	30	29	12	28	
18	47	19	8	6	38	6	32	18	0	13	30	22	10	25	29	22	28	45	9	44	14	17	30	23	35	22	22	44	41	29	14	2	28	8	21	15	18	43	28	
29	42	17	46	32	32	39	8	36	23	0	42	24	33	34	31	13	37	39	38	11	16	33	45	36	35	10	4	9	14	46	34	40	3	20	9	26	32	34	26	
37	23	35	27	22	44	36	36	2	9	8	0	22	28	35	8	22	27	23	37	15	41	33	43	13	8	36	41	24	17	7	11	25	23	19	1	16	48	11	33	
6	44	24	16	22	28	12	28	23	18	15	7	0	19	35	45	30	19	30	30	3	27	11	14	20	30	49	30	32	27	17	26	2	19	41	1	16	35	40	28	
20	26	22	23	41	26	18	20	34	32	31	21	17	0	13	26	34	16	39	33	24	45	30	8	4	1	21	4	31	31	31	34	33	26	25	22	20	29	44	38	
36	20	24	34	30	11	3	5	22	33	20	23	2	13	0	11	25	1	26	39	41	40	15	10	27	17	47	40	37	37	43	45	18	49	10	7	24	14	42	48	
13	2	15	4	2	26	18	30	31	19	16	35	27	38	23	0	1	25	16	4	37	26	17	13	42	20	30	18	35	38	15	5	30	24	21	4	39	31	8	12	
8	35	9	42	3	26	18	16	10	2	7	22	17	23	13	21	0	16	8	39	5	6	26	8	42	9	5	3	8	41	8	16	33	40	3	21	18	15	33	39	
15	25	38	35	46	1	22	36	44	49	16	36	9	4	39	7	6	0	21	15	40	21	39	8	31	28	10	39	2	41	26	7	36	43	10	37	19	38	48	39	
10	30	11	46	30	14	8	38	9	28	35	25	48	43	44	41	43	17	0	34	8	42	4	23	47	21	32	9	36	45	12	12	13	18	47	42	21	25	16	38	
41	44	47	45	35	20	35	7	48	3	22	22	27	37	30	35	20	33	37	0	33	19	32	3	1	12	3	34	9	32	24	47	6	23	33	22	29	38	13	38	
12	4	21	15	28	25	17	19	30	35	34	37	16	15	12	7	29	15	17	27	0	28	29	24	31	14	16	27	30	38	22	13	28	6	13	18	18	11	42	39	
26	20	17	13	44	18	27	38	31	26	27	25	11	22	31	36	26	6	8	14	30	0	8	20	27	14	5	12	26	6	32	26	22	33	6	40	31	39	38	32	
6	9	16	43	1	22	19	40	41	30	17	44	16	10	36	9	35	13	37	21	34	2	0	7	34	39	9	32	6	28	30	39	32	5	17	35	36	26	48	46	
16	43	26	25	30	29	23	38	11	40	6	1	35	45	31	5	34	3	1	34	23	16	3	0	21	4	16	7	28	33	27	27	28	21	27	5	36	23	31	9	
28	41	16	35	7	9	21	21	49	13	9	22	37	11	42	17	34	45	38	42	2	49	15	48	0	39	25	34	13	43	41	26	26	38	12	11	11	37	36	32	
29	20	25	45	18	10	14	33	11	6	10	43	1	31	26	39	1	29	5	1	6	15	9	24	13	0	6	27	39	1	31	22	10	37	31	35	33	21	11	18	
34	27	31	30	25	18	9	12	15	24	21	9	9	20	5	7	31	8	25	38	11	39	14	17	34	19	0	14	27	36	3	42	25	22	6	14	31	1	5	42	
3	5	12	49	5	37	29	31	22	29	17	12	28	26	24	3	19	27	23	12	27	43	23	36	23	43	11	0	6	29	9	19	6	1	11	4	24	30	35	42	
13	23	27	37	2	14	6	8	25	35	19	26	5	16	1	14	2	4	25	25	41	11	13	13	30	7	35	40	0	1	40	8	11	24	13	10	27	17	7	24	
35	5	21	37	15	19	11	13	10	39	28	24	10	21	6	19	20	9	26	1	25	42	15	18	35	25	11	42	15	0	16	36	3	22	7	15	32	16	41	41	
25	36	22	19	34	27	16	21	17	6	13	39	18	29	14	27	33	17	1	19	1	28	14	26	18	25	46	13	3	12	0	27	13	33	24	10	36	30	24	31	
32	5	19	16	29	36	30	35	1	5	35	6	39	47	35	19	30	1	8	32	30	38	26	9	23	27	21	30	9	47	34	0	35	23	14	38	17	31	8	14	
28	13	25	14	35	7	28	31	39	11	41	45	28	39	24	24	28	3	22	20	32	5	15	34	2	41	17	22	37	34	18	11	0	21	36	33	15	13	4	23	
2	14	19	39	33	16	8	10	8	23	5	19	7	18	3	16	30	6	31	15	17	18	2	15	29	22	38	44	22	4	25	45	17	0	7	12	20	19	43	13	
39	24	39	49	17	16	18	20	37	8	8	38	17	28	13	26	2	16	33	39	6	8	14	24	42	6	15	24	9	21	11	43	16	9	0	22	27	14	34	18	
4	31	11	24	38	41	4	40	38	39	23	27	22	32	33	41	8	15	16	11	5	46	18	25	2	26	39	3	43	5	42	8	31	27	9	0	10	43	40	31	
1	14	27	37	18	14	6	8	25	36	17	17	1	3	1	5	28	3	29	32	44	43	18	13	15	20	7	2	40	30	46	42	21	23	13	10	0	2	14	4	
33	35	21	10	9	13	18	8	32	48	35	34	17	28	13	26	24	16	9	26	12	32	12	25	14	25	49	13	49	31	35	3	29	28	8	22	13	0	11	8	
25	33	25	45	40	29	23	23	24	12	26	8	23	34	19	32	15	22	1	49	13	33	8	20	27	36	33	6	17	30	27	6	28	28	31	27	3	29	0	19	
12	14	24	32	4	32	4	16	36	17	4	20	12	21	41	42	42	23	13	15	34	19	31	49	2	10	17	1	26	26	27	39	39	11	13	11	32	7	11	0	
M1
0	21	31	13	29	1	6	34	28	46	42	36	40	22	38	36	23	7	5	6	9	14	18	26	19	2	32	20	1	14	33	21	35	7	20	6	20	32	36	9	
22	0	15	20	8	18	19	1	2	35	31	14	32	17	17	9	6	36	8	29	12	27	17	6	11	6	20	28	18	20	12	15	13	7	18	10	10	20	3	9	
20	10	0	18	19	13	8	6	21	11	1	19	19	15	5	23	4	34	18	19	10	24	15	9	9	4	10	7	29	20	10	13	24	25	16	32	8	25	1	1	
21	26	29	0	29	17	26	7	33	37	31	8	36	28	16	14	21	41	26	14	27	42	7	18	22	21	22	36	10	17	27	17	37	16	27	25	13	26	18	29	
23	12	16	21	0	11	9	9	15	14	20	24	23	12	11	29	7	28	13	30	13	27	10	1	12	7	4	29	33	23	13	16	27	25	19	34	11	3	4	7	
21	19	3	21	7	0	9	26	33	22	41	27	31	24	21	34	22	38	24	3	7	1	24	29	18	24	38	37	46	1	16	22	34	12	25	41	28	13	21	40	
19	15	38	24	28	25	0	27	10	27	36	2	10	39	25	2	5	29	35	35	4	32	39	33	33	5	21	27	38	45	5	37	16	29	20	36	12	11	30	36	
27	19	20	25	6	32	3	0	10	40	14	24	27	22	22	37	11	21	3	30	17	32	22	16	16	11	25	20	31	3	8	20	31	9	8	31	15	3	8	33	
21	26	31	19	20	18	21	25	0	39	32	34	33	16	36	19	14	38	26	42	39	30	16	19	10	32	43	31	2	12	41	14	17	10	17	40	25	20	32	47	
2	7	3	27	10	37	24	20	12	0	32	33	1	36	20	28	25	47	2	47	31	5	8	12	30	2	36	29	37	34	31	30	32	13	32	15	29	16	22	28	
20	16	12	12	17	20	9	25	28	32	0	38	14	25	12	24	9	39	35	28	29	39	25	28	19	23	17	43	45	25	28	16	5	35	16	13	27	13	20	37	
17	22	31	15	16	30	4	15	27	20	25	0	29	12	21	31	10	1	8	23	35	14	1	1	6	13	40	30	15	12	31	10	23	35	13	27	21	19	27	26	
3	31	31	29	21	30	31	25	9	26	19	20	0	26	34	28	23	28	7	18	21	39	14	28	20	23	37	11	21	30	13	4	37	22	1	35	27	39	20	32	
4	1	28	10	21	10	21	14	7	29	20	27	7	0	12	22	19	37	21	38	25	18	10	19	24	12	29	39	15	24	5	17	6	20	22	23	23	13	16	22	
20	25	21	19	7	3	9	33	30	10	18	2	19	11	0	12	30	44	20	42	37	22	21	30	32	5	45	32	14	25	12	36	40	6	9	33	35	17	28	15	
19	11	17	17	10	27	14	6	25	12	36	37	4	3	34	0	9	25	18	2	31	1	14	7	8	17	37	22	17	25	4	1	16	25	15	25	23	25	26	19	
15	20	16	17	1	43	17	33	25	5	27	3	9	36	23	15	0	17	15	7	38	2	3	19	37	2	36	32	41	42	4	25	33	26	8	28	20	17	29	30	
30	24	28	29	30	48	4	30	27	20	26	20	27	17	22	21	17	0	17	21	34	10	2	29	22	24	42	31	26	43	32	24	21	32	26	5	23	24	25	38	
11	11	12	2	3	21	20	1	21	1	10	37	10	13	29	27	14	27	0	14	31	14	16	5	10	11	29	7	38	2	25	3	27	7	11	14	25	8	25	32	
19	18	14	24	24	31	23	12	11	25	17	44	34	21	21	39	10	40	31	0	16	10	21	15	15	10	24	32	5	15	7	19	30	24	8	29	14	20	7	39	
16	12	13	14	15	17	2	6	26	15	34	29	22	11	7	25	4	15	12	8	0	25	11	9	5	4	18	16	20	20	10	9	22	31	12	18	1	25	1	1	
21	13	14	19	5	9	12	1	22	24	13	28	21	14	16	34	5	26	16	16	9	0	12	10	10	5	19	4	3	18	11	14	14	26	17	29	9	20	2	34	
29	21	22	27	12	31	6	15	35	28	8	35	25	22	4	14	13	30	34	36	19	34	0	18	18	13	27	13	42	29	14	6	14	18	8	11	5	15	10	20	
34	33	3	34	31	32	35	29	36	40	27	7	25	25	32	28	21	13	36	10	33	10	25	0	32	27	25	41	43	19	22	6	40	24	8	14	1	37	24	24	
10	15	30	8	9	29	10	14	28	47	29	39	22	5	25	25	3	27	15	31	39	19	5	33	0	30	36	25	27	21	35	3	16	29	6	32	14	30	30	36	
25	17	18	23	21	15	22	11	29	27	27	39	22	14	8	19	9	27	1	32	15	23	3	14	14	0	23	31	29	22	2	3	29	13	4	30	13	30	6	38	
21	4	22	35	24	3	35	17	7	11	12	30	20	29	3	21	22	20	18	45	11	24	27	18	26	12	0	44	34	36	7	22	29	23	15	26	6	25	19	25	
22	14	15	20	15	8	12	8	23	28	25	16	27	9	17	17	6	36	27	19	12	27	1	11	11	6	20	0	35	22	12	15	7	33	18	22	10	27	3	34	
9	19	25	32	24	32	24	5	28	23	17	20	1	31	41	23	27	42	24	18	21	36	38	26	35	1	44	22	0	24	26	38	26	8	29	19	23	24	27	6	
10	20	21	26	9	2	23	14	34	29	34	30	38	6	23	14	12	37	18	35	18	28	17	16	17	12	26	23	41	0	18	21	27	26	24	9	16	33	9	25	
20	10	21	17	19	33	20	14	24	13	5	36	22	15	23	9	12	4	2	35	11	26	15	17	9	12	26	14	8	28	0	13	26	1	14	30	4	33	9	31	
21	24	9	25	10	8	12	12	33	26	18	18	1	14	22	7	20	6	14	29	26	37	29	25	25	15	22	17	37	12	26	0	18	37	32	13	24	31	17	40	
16	1	13	5	19	30	20	14	15	6	20	13	15	15	30	3	13	18	16	13	25	19	15	19	9	16	33	35	28	7	25	13	0	16	11	23	11	30	16	3	
27	23	31	4	32	30	15	27	28	39	6	25	23	3	16	11	28	11	19	20	43	40	20	41	44	30	44	28	45	19	45	4	16	0	44	35	5	32	38	44	
4	20	18	13	12	16	15	6	32	46	34	44	27	10	17	14	8	11	20	28	39	24	10	31	4	33	37	30	18	10	26	8	21	15	0	37	19	19	30	38	
27	28	10	3	24	4	24	32	25	35	24	31	14	1	11	32	30	37	2	18	35	38	2	35	33	30	20	31	46	46	9	24	31	36	26	0	23	23	27	20	
25	28	31	19	25	11	19	26	21	35	36	22	25	22	6	34	16	44	17	21	9	42	26	29	29	2	20	25	35	27	30	29	19	31	24	5	0	45	21	49	
15	4	16	15	16	34	10	10	18	5	36	26	14	12	32	25	10	1	5	38	28	3	12	22	6	15	35	11	19	28	28	10	23	22	7	25	16	0	19	25	
18	10	11	16	17	23	15	4	24	31	32	36	30	13	13	31	2	32	23	25	8	23	13	7	7	2	16	24	31	18	8	11	22	29	14	32	6	23	0	31	
19	9	16	17	18	8	19	21	12	16	17	35	21	14	6	2	7	25	23	40	16	28	14	23	8	17	1	34	12	9	12	12	1	3	15	19	11	21	16	0	
M2
0	2	23	3	14	6	4	31	20	31	19	15	3	33	26	25	39	10	21	23	23	13	5	18	21	27	19	35	13	11	22	31	28	13	36	12	22	37	9	36	
35	0	26	17	32	37	23	23	12	28	35	37	26	33	25	21	35	2	33	15	30	15	39	41	37	43	31	49	30	3	16	28	20	36	28	20	30	31	19	30	
42	3	0	14	11	32	8	31	21	6	22	1	16	5	15	14	9	11	2	7	16	18	20	7	14	29	26	39	38	12	25	37	29	16	8	25	39	37	28	30	
20	33	24	0	13	23	14	12	14	14	13	16	16	21	35	19	19	22	15	19	6	27	17	20	15	19	19	7	12	6	3	27	12	42	24	15	6	17	24	19	
40	30	29	31	0	4	22	29	17	1	17	20	9	15	1	1	37	15	19	42	19	23	21	29	19	11	17	29	9	28	41	12	14	35	9	24	18	33	5	27	
36	42	20	4	14	0	9	28	24	6	25	5	2	17	31	12	40	11	18	32	18	7	25	22	27	30	4	36	5	21	32	32	9	26	25	10	17	28	4	33	
42	30	30	37	4	23	0	9	24	14	23	26	23	24	32	29	21	19	24	5	16	27	25	1	25	29	5	25	20	23	21	39	15	27	27	4	21	27	10	38	
42	18	22	25	16	21	7	0	12	2	11	14	14	19	38	17	9	7	13	24	4	25	15	18	13	17	20	28	25	18	9	27	3	44	19	13	9	39	11	26	
29	11	23	16	26	13	9	35	0	40	39	30	27	19	33	27	6	10	16	32	32	1	43	43	24	14	25	6	23	20	33	12	12	43	2	20	12	48	36	35	
17	27	31	38	40	18	31	21	14	0	24	22	20	13	35	10	33	2	26	35	28	17	12	3	26	12	6	3	45	34	9	26	27	18	6	19	27	42	35	32	
30	38	34	13	27	9	32	34	9	11	0	2	23	39	30	5	34	12	1	24	24	13	3	38	1	29	24	16	27	10	39	15	27	49	29	6	23	37	10	32	
38	33	5	23	25	1	10	13	10	18	9	0	12	17	1	15	21	22	11	32	2	23	13	16	11	3	11	10	27	20	24	16	19	42	35	11	25	5	20	12	
39	33	9	14	25	26	16	22	6	27	36	27	0	11	22	21	19	2	38	30	29	5	4	1	36	34	32	42	6	8	34	11	22	33	44	36	14	23	36	37	
28	35	11	38	2	38	24	14	12	19	28	9	18	0	12	12	25	24	10	1	21	22	29	14	3	34	24	6	32	4	12	41	15	41	23	8	23	43	10	9	
35	8	31	31	33	25	4	37	20	30	18	21	3	31	0	23	37	7	20	12	30	24	22	23	4	22	41	22	12	17	14	14	28	14	6	25	11	26	27	10	
23	25	13	27	5	28	13	4	1	9	18	21	21	26	35	0	11	14	6	31	11	32	22	25	20	24	21	35	32	1	16	29	10	32	26	20	16	5	18	33	
3	14	36	34	30	16	21	11	20	16	25	1	13	10	9	15	0	3	27	28	18	16	29	28	11	31	34	21	29	13	18	20	7	2	3	1	23	17	25	40	
38	15	20	23	25	3	10	18	10	21	9	6	12	17	36	6	26	0	11	3	2	4	9	8	11	15	33	15	2	20	1	7	24	26	16	11	13	37	20	2	
18	18	15	21	20	17	24	32	17	7	7	10	17	28	35	13	29	18	0	32	19	21	11	33	9	13	4	24	14	15	18	18	33	9	35	1	11	34	8	8	
45	30	10	39	41	28	26	34	25	37	25	24	28	4	20	31	24	27	27	0	18	39	13	32	22	31	15	42	17	7	11	33	10	40	7	16	30	27	17	31	
34	33	14	17	19	13	4	12	4	15	3	6	6	11	34	9	24	16	5	28	0	17	7	10	5	9	28	20	31	14	21	19	18	36	33	5	24	31	14	36	
41	19	1	26	25	22	17	43	9	15	12	8	31	37	26	18	34	24	14	27	37	0	15	15	14	19	34	29	20	15	17	10	7	20	42	17	11	40	23	9	
20	16	31	28	33	9	24	14	1	9	14	13	12	20	41	20	26	24	16	37	21	28	0	32	3	34	37	20	30	25	26	30	20	1	8	21	26	15	25	21	
46	49	26	31	46	17	32	47	25	14	36	14	8	10	40	42	46	25	13	33	31	32	8	0	9	8	15	15	33	19	40	36	15	7	36	9	18	17	47	47	
35	29	33	15	27	9	2	8	20	13	12	15	10	21	40	6	20	18	7	33	15	16	16	29	0	19	31	7	14	8	15	3	3	32	30	12	20	11	22	5	
15	27	27	12	34	16	3	15	23	20	23	26	22	23	33	19	27	25	25	8	22	28	27	8	11	0	26	2	32	30	27	39	21	28	30	27	25	37	12	41	
23	21	13	3	23	4	18	8	11	13	1	4	23	16	32	7	20	11	3	18	13	15	5	23	3	14	0	18	10	12	20	17	7	11	30	8	20	39	12	32	
8	38	10	11	15	22	17	17	17	9	16	3	19	24	30	16	29	23	18	12	9	4	13	14	18	5	29	0	44	22	13	32	23	34	11	18	28	8	15	11	
44	22	25	18	7	12	15	23	7	26	14	17	17	22	6	20	35	27	16	24	7	24	18	17	16	20	14	28	0	25	25	30	29	18	2	16	32	1	21	47	
31	42	32	17	39	8	24	32	7	14	18	9	32	5	36	7	2	23	20	25	33	32	22	47	20	20	33	7	45	0	35	34	16	27	39	25	32	10	19	3	
29	22	26	19	3	4	11	1	15	6	5	8	18	2	21	11	8	11	7	28	8	19	9	22	5	21	24	14	1	16	0	19	7	39	21	12	13	23	13	8	
4	22	25	29	20	25	11	1	1	6	15	18	18	6	38	21	13	11	17	3	8	29	19	8	1	2	24	20	16	22	13	0	7	26	21	17	6	28	15	30	
22	39	2	8	41	34	20	29	4	34	24	25	18	7	29	10	41	37	7	22	18	19	28	32	26	31	19	33	30	22	36	11	0	33	38	27	6	21	5	27	
1	12	6	23	25	39	25	36	30	37	29	32	33	25	13	15	23	20	27	6	23	15	33	18	31	31	13	31	38	8	32	6	17	0	9	22	30	7	37	3	
18	26	20	23	25	19	10	18	10	21	9	12	12	5	29	1	13	21	11	34	2	23	13	16	11	15	22	26	37	20	27	25	24	1	0	1	13	15	19	35	
11	19	30	5	25	21	16	6	21	11	20	8	23	15	34	26	18	16	13	5	13	12	24	27	10	26	25	11	1	20	5	14	3	30	27	0	18	40	11	30	
38	8	24	21	5	17	14	22	14	19	7	10	16	21	34	13	22	6	9	11	6	21	11	20	9	11	21	23	2	17	28	23	18	33	33	14	0	26	7	32	
38	33	28	32	38	39	29	19	29	24	29	6	21	16	35	35	28	28	22	3	22	43	31	30	14	3	22	38	35	25	26	8	25	32	25	9	21	0	8	23	
40	33	12	23	25	19	10	12	9	17	9	12	1	17	15	15	24	22	2	34	2	23	13	16	11	14	2	26	26	20	24	25	13	36	34	11	1	35	0	17	
34	35	21	35	28	6	22	30	22	33	21	24	9	27	30	27	3	30	23	23	14	17	25	21	13	5	5	38	17	10	39	37	36	41	1	23	33	26	29	0	
M3
0	10	17	16	22	18	35	14	4	31	24	33	26	16	21	37	34	27	38	20	18	23	35	30	27	28	25	40	13	6	32	3	4	16	23	39	25	19	31	23	
31	0	22	14	9	34	31	37	35	34	16	11	18	8	32	35	15	26	26	2	37	16	27	22	13	12	14	24	12	1	41	6	23	14	1	36	18	38	9	40	
37	9	0	26	30	27	15	24	33	25	20	25	3	17	31	5	5	18	30	21	10	24	34	30	15	22	9	40	17	22	19	7	28	23	12	31	10	29	23	28	
7	2	25	0	23	27	12	23	1	39	15	14	18	11	30	46	20	12	28	16	16	19	17	24	25	10	28	23	15	15	35	12	13	17	15	21	32	12	23	9	
6	1	25	23	0	26	38	22	12	31	29	24	6	21	27	33	28	30	33	15	1	26	40	35	25	21	7	37	21	9	26	11	1	24	6	2	27	24	22	31	
3	15	20	19	24	0	26	19	9	3	24	18	27	21	17	30	7	18	11	12	3	2	23	8	18	22	21	34	11	11	28	8	5	14	4	29	7	1	23	12	
14	26	31	30	7	1	0	24	10	14	29	4	21	21	21	27	17	29	10	23	14	4	4	19	24	33	32	27	22	22	24	19	7	25	15	26	18	12	15	8	
11	17	12	10	2	22	15	0	17	12	15	31	18	8	1	39	24	7	21	27	29	3	29	22	13	11	30	34	12	8	37	16	6	7	3	27	5	1	37	4	
27	10	7	25	18	30	12	10	0	19	31	1	21	24	15	22	36	23	4	15	43	15	25	37	17	27	5	3	18	23	29	14	22	23	3	33	11	17	25	20	
1	13	17	5	23	6	15	17	7	0	27	9	15	19	23	16	23	23	27	6	17	18	22	7	4	27	7	28	10	9	27	6	7	19	20	22	21	17	22	19	
16	2	25	5	22	3	28	32	22	9	0	8	6	16	30	28	20	20	6	16	16	15	11	21	13	24	13	20	4	15	15	10	18	7	15	27	16	9	23	10	
32	3	9	29	23	38	10	15	14	33	11	0	30	23	8	34	9	24	39	17	22	10	23	8	16	11	15	12	22	16	38	21	27	28	16	35	26	6	17	16	
16	22	32	5	10	36	41	32	11	28	22	23	0	18	35	45	8	39	32	36	21	5	28	32	38	35	34	6	6	8	20	21	15	6	9	29	26	35	30	14	
20	22	11	6	27	23	20	36	26	25	5	20	7	0	27	47	35	27	21	16	35	5	19	11	32	31	25	23	1	21	44	12	26	3	12	25	36	34	26	39	
24	26	15	10	4	27	24	21	20	29	9	24	11	1	0	43	38	21	20	20	39	9	23	15	11	7	29	27	5	25	24	6	30	7	16	29	29	28	26	11	
33	13	13	31	34	35	32	32	25	29	24	36	4	22	39	0	27	24	27	13	44	30	26	36	7	28	12	33	9	26	42	24	20	26	23	24	2	21	15	20	
12	24	31	19	9	26	20	24	18	15	20	35	26	30	9	39	0	12	26	32	32	25	24	33	25	16	13	8	21	20	14	17	3	30	15	18	30	29	8	28	
30	31	19	16	21	21	5	13	36	27	5	37	22	25	20	46	14	0	21	25	19	22	24	39	13	1	42	47	29	19	29	33	25	23	21	40	18	20	42	13	
19	5	22	3	26	6	4	23	24	19	15	14	10	17	8	6	17	7	0	7	19	1	29	24	16	11	21	29	5	18	21	15	14	23	16	24	11	17	1	19	
26	11	38	18	2	29	27	24	17	23	38	5	15	31	31	29	3	30	3	0	14	3	4	28	36	10	29	1	16	24	18	23	32	34	24	30	23	29	24	23	
23	26	28	2	16	10	17	25	22	21	17	6	4	32	6	12	13	9	17	5	0	22	21	17	4	13	27	27	22	31	5	28	25	3	24	17	8	21	30	25	
13	25	21	16	2	12	26	6	19	24	15	16	1	7	13	33	29	19	22	6	25	0	25	10	24	23	19	28	11	7	12	18	18	13	15	24	8	13	25	16	
9	21	13	10	21	27	24	25	5	23	9	24	11	1	28	34	8	31	25	20	2	9	0	15	25	33	29	16	5	17	22	14	15	7	3	29	12	30	30	8	
17	26	15	10	2	26	7	18	23	29	9	1	11	1	2	42	19	2	25	20	10	9	1	0	18	6	24	15	5	24	23	16	23	7	16	13	11	25	1	18	
28	32	33	38	18	15	12	22	21	28	29	8	34	36	15	28	18	21	33	32	25	27	7	33	0	21	43	16	31	36	39	32	14	19	29	43	32	26	40	1	
32	39	11	19	4	33	25	30	9	43	21	19	29	19	18	36	19	20	14	36	28	27	19	4	36	0	1	27	23	8	21	15	18	8	34	16	29	6	19	23	
22	17	17	6	20	22	31	12	22	15	12	18	8	21	19	1	26	25	18	17	12	21	8	25	3	3	0	30	13	3	6	27	19	9	21	18	6	19	9	8	
29	3	28	9	5	29	28	16	8	28	31	23	5	23	23	36	30	24	25	17	39	25	9	23	28	16	15	0	2	16	13	21	28	29	16	25	9	16	11	9	
18	15	10	23	33	5	6	34	24	18	22	32	8	14	32	34	22	33	26	10	18	12	35	23	9	25	17	32	0	25	35	23	20	20	19	41	19	7	31	26	
15	27	31	19	1	20	25	30	13	3	11	6	29	33	21	30	25	37	17	10	25	1	21	21	4	29	21	29	22	0	5	8	5	16	24	17	13	4	22	33	
19	27	16	25	23	6	26	15	7	12	36	13	22	29	6	15	10	28	2	20	19	18	6	24	9	14	25	14	7	20	0	24	11	6	20	2	20	14	23	21	
19	10	24	21	9	6	10	18	17	19	10	13	21	30	21	30	10	2	17	24	19	18	8	24	18	6	35	14	22	23	5	0	21	12	20	17	23	14	28	18	
18	14	2	17	22	5	27	31	23	18	23	21	15	15	1	31	22	22	18	10	18	17	21	6	22	11	33	26	19	26	6	23	0	21	12	14	17	1	21	5	
18	22	4	1	9	17	22	1	4	9	9	24	11	1	8	6	31	14	21	20	30	9	9	15	9	11	15	27	5	15	44	16	8	0	10	29	11	8	1	11	
19	4	5	30	25	6	11	35	25	18	32	27	34	24	27	45	4	28	27	18	19	18	27	24	2	3	10	34	19	17	27	22	21	9	0	7	3	1	12	18	
29	3	5	29	24	20	23	17	21	25	5	26	13	23	20	26	24	30	16	17	13	26	10	37	23	5	5	28	15	9	4	4	20	19	14	0	28	15	13	27	
18	26	5	22	23	23	31	34	2	6	31	26	28	36	36	33	4	23	28	4	34	28	3	24	19	27	24	10	1	14	22	16	9	24	31	1	0	34	18	1	
24	17	13	18	10	31	19	7	28	25	17	9	8	9	11	1	13	20	31	17	8	15	25	10	1	4	15	28	13	21	33	24	19	3	11	28	6	0	19	17	
33	32	4	22	2	27	39	19	28	21	20	30	28	24	26	36	31	32	23	22	4	28	11	38	27	35	19	35	19	33	11	38	31	27	28	23	29	15	0	22	
25	2	1	12	23	15	26	27	19	24	10	25	10	3	13	3	22	30	8	1	13	1	18	17	13	2	4	23	7	15	2	18	23	6	4	1	8	26	21	0	
M4
0	28	34	30	6	18	19	4	36	21	41	33	34	30	31	21	31	36	38	29	6	30	8	18	23	35	18	18	49	29	14	17	7	10	26	31	32	5	20	22	
22	0	40	21	38	24	22	38	39	28	3	39	21	36	24	5	33	30	41	37	20	19	1	36	21	24	41	42	22	19	22	10	7	20	21	34	21	24	33	22	
22	17	0	25	9	7	38	14	1	24	29	33	15	17	5	3	20	34	2	21	26	37	31	35	19	36	26	10	17	11	28	3	25	26	9	20	20	35	29	16	
19	23	33	0	40	25	29	16	24	10	30	12	3	21	31	26	3	2	37	10	22	20	8	4	22	30	4	31	7	26	35	29	18	1	22	25	22	2	32	23	
15	25	28	26	0	34	32	30	10	22	22	32	14	41	16	37	9	45	31	38	24	38	12	34	3	5	6	38	2	11	46	23	10	29	22	15	16	22	6	6	
13	29	15	28	9	0	36	28	21	25	21	30	10	6	7	32	7	21	22	8	13	26	18	26	6	23	24	20	41	5	28	15	12	24	20	7	9	36	16	3	
4	33	13	17	27	13	0	11	6	17	20	40	25	25	26	12	26	40	25	14	23	30	18	14	1	40	33	3	32	13	21	10	7	2	13	26	28	33	26	4	
17	8	18	10	19	4	36	0	20	1	31	38	20	16	17	28	17	16	27	18	23	29	3	17	3	15	6	27	29	12	33	9	22	21	23	17	13	8	26	13	
15	31	7	1	12	17	24	13	0	3	29	32	17	8	30	20	11	3	24	28	14	28	32	39	22	38	32	36	23	13	42	13	22	24	30	19	11	34	31	26	
13	3	21	8	4	11	30	20	26	0	24	6	4	15	21	6	13	17	29	23	8	6	13	23	6	16	17	12	31	20	17	15	24	9	8	19	8	29	11	9	
12	12	29	11	29	14	40	18	15	10	0	19	14	5	24	20	8	19	21	17	6	9	1	26	11	14	25	13	31	10	14	14	2	23	8	24	8	20	21	12	
2	6	24	5	23	8	35	15	22	12	13	0	13	4	18	14	2	14	20	22	5	3	10	20	5	13	19	22	20	9	38	12	26	8	5	8	5	18	27	6	
16	23	12	22	33	18	8	25	10	19	30	33	0	9	10	31	12	17	25	20	13	20	27	37	11	20	15	24	15	14	22	18	33	23	22	29	12	10	21	18	
6	22	29	21	23	8	34	34	17	18	20	23	8	0	21	30	2	30	15	22	9	19	26	36	13	29	23	34	41	4	33	8	23	17	21	21	2	29	30	17	
11	29	30	31	4	9	45	5	6	21	36	23	25	21	0	33	10	34	37	23	6	31	3	6	21	19	4	35	25	20	18	2	27	7	3	9	24	24	31	18	
18	26	10	28	20	5	43	2	32	19	10	31	21	17	18	0	18	32	23	19	24	28	21	35	7	32	24	26	13	16	32	23	13	27	30	1	20	16	27	4	
29	21	22	20	22	20	20	16	31	14	26	39	31	27	2	29	0	13	26	15	1	18	25	10	20	24	31	10	8	31	25	27	28	26	20	23	20	28	34	21	
17	11	29	10	28	13	37	27	3	17	16	35	11	25	23	19	26	0	26	24	10	8	15	25	10	18	34	39	33	24	17	17	31	13	10	11	1	28	32	11	
17	1	17	11	3	11	20	9	29	15	23	38	4	23	9	22	5	36	0	3	23	28	23	2	20	36	14	1	33	17	4	22	6	17	27	6	26	14	11	13	
21	11	31	24	24	11	17	7	30	21	32	14	11	23	24	32	20	33	1	0	24	22	19	39	7	5	6	16	3	13	15	9	1	4	24	24	14	31	33	20	
2	17	11	14	21	6	23	30	4	6	32	32	12	11	10	25	3	20	27	7	0	14	21	31	9	10	35	32	42	10	16	20	13	29	16	19	14	31	26	13	
23	2	20	1	19	4	34	18	26	8	30	40	20	16	14	10	17	10	22	18	1	0	6	16	1	9	34	30	27	15	38	8	22	34	1	14	1	42	23	2	
8	12	30	11	8	14	17	21	28	2	9	1	3	10	24	1	3	20	17	28	11	9	0	26	8	19	10	20	26	15	30	18	8	14	11	2	11	24	21	12	
9	9	9	9	5	21	17	19	26	23	33	29	31	33	23	30	1	2	10	19	21	19	2	0	21	29	35	47	6	12	35	5	35	6	18	30	2	16	31	22	
20	31	4	15	35	33	14	40	34	33	13	20	38	29	10	39	27	39	21	3	4	28	10	38	0	5	4	43	44	21	22	19	30	33	30	11	30	13	6	28	
26	21	19	30	43	28	8	28	34	7	32	42	6	19	1	41	13	1	35	15	17	39	18	2	33	0	37	20	33	6	9	28	37	2	37	41	21	34	3	12	
24	7	18	27	13	26	36	6	5	22	32	17	10	19	33	7	22	36	11	4	27	25	25	39	15	8	0	31	11	24	40	28	1	28	22	30	22	16	36	28	
13	23	9	10	17	3	44	1	30	7	20	30	19	15	16	14	16	30	31	4	22	20	15	20	15	30	23	0	26	14	11	14	11	9	22	16	18	25	17	12	
29	3	36	17	35	20	10	7	31	24	16	25	10	32	30	26	7	26	32	28	1	15	22	32	17	11	29	42	0	18	28	20	26	6	1	3	17	31	39	18	
14	18	15	17	2	7	34	27	34	24	1	7	23	16	16	16	14	11	21	16	17	15	22	32	10	17	18	31	3	0	14	24	25	20	17	8	11	3	10	12	
27	22	29	30	44	33	20	19	5	10	12	20	38	29	43	24	19	20	2	41	8	28	12	17	24	38	32	42	21	12	0	33	33	24	17	33	30	34	17	17	
15	35	16	10	23	26	34	15	2	32	41	24	23	33	19	43	31	25	3	37	34	32	15	48	29	18	35	46	27	37	19	0	2	37	34	27	11	26	48	35	
24	17	14	33	20	5	2	37	21	3	13	23	10	17	18	42	18	32	26	19	18	31	29	37	17	25	9	29	35	8	39	11	0	30	31	18	20	2	27	5	
3	27	40	26	32	19	44	30	28	6	31	34	19	10	32	35	13	6	26	1	20	24	29	6	24	10	32	30	40	15	21	19	32	0	26	32	13	24	41	1	
5	19	9	18	14	18	18	33	32	25	7	13	9	14	29	27	17	4	15	17	18	16	23	33	18	26	24	37	31	3	42	9	30	26	0	24	17	25	7	19	
15	17	12	9	32	17	34	24	26	23	29	32	8	8	29	25	11	25	7	12	16	14	21	26	16	24	25	41	12	13	24	17	32	26	7	0	11	9	38	17	
27	6	20	5	7	8	38	22	27	8	2	24	24	20	18	14	6	14	26	22	5	3	10	14	5	13	33	34	31	19	6	12	26	37	5	18	0	7	27	6	
9	13	31	12	3	15	19	9	29	5	20	2	20	11	15	21	9	21	27	16	12	10	6	19	12	20	26	26	27	9	28	9	15	12	12	15	12	0	34	4	
5	14	15	8	22	7	20	23	10	20	21	3	14	5	19	22	8	15	21	4	13	11	18	2	13	21	27	20	21	10	32	14	9	16	13	16	8	22	0	14	
27	17	6	13	33	18	12	23	8	16	20	20	33	29	29	25	27	16	32	26	5	14	21	15	16	24	1	15	24	15	27	23	33	23	11	3	15	34	15	0	
M5
0	39	16	22	33	11	41	22	19	42	9	22	26	22	28	8	30	25	5	10	37	18	30	19	17	35	13	3	42	29	27	35	17	29	21	20	24	42	23	7	
20	0	6	21	26	7	6	11	25	21	25	6	22	33	10	10	29	34	24	28	11	24	15	2	33	28	32	25	2	24	30	11	25	17	30	3	6	12	40	30	
31	7	0	6	9	23	38	15	31	14	18	23	27	16	20	20	14	15	12	18	10	29	29	38	17	2	31	18	45	11	27	25	44	39	29	37	41	26	17	22	
10	42	29	0	11	24	34	27	32	39	21	35	34	31	1	21	24	31	18	23	42	31	17	12	26	5	8	16	28	19	18	29	30	42	14	19	15	2	31	3	
25	32	16	34	0	8	33	16	33	7	36	18	33	18	5	2	12	20	29	13	32	30	7	10	16	31	34	11	15	21	16	17	7	40	4	15	40	34	24	11	
17	33	7	28	36	0	26	14	37	13	28	35	18	36	7	12	31	33	25	30	29	25	14	28	3	12	22	23	9	5	30	8	32	5	30	7	22	25	23	27	
44	37	29	39	22	11	0	41	35	39	44	33	5	30	47	35	25	44	24	1	28	1	14	27	23	41	21	29	20	3	21	13	19	42	47	21	30	7	9	19	
26	10	36	17	7	40	34	0	29	10	38	35	38	25	28	28	28	1	5	39	3	2	39	38	6	24	42	32	49	32	40	38	32	23	43	21	33	4	24	36	
34	41	16	24	35	43	15	26	0	6	16	9	1	30	25	18	25	16	37	24	17	33	32	27	25	6	14	13	34	38	25	15	4	35	13	32	23	36	18	19	
36	9	40	44	4	25	2	21	38	0	8	11	32	34	29	5	6	14	41	28	12	20	3	29	24	40	6	13	43	26	25	34	35	37	17	32	45	14	41	38	
45	2	5	18	32	24	2	29	49	9	0	20	40	11	37	12	35	18	44	17	15	45	35	27	47	34	35	39	22	40	9	15	35	12	46	30	3	30	28	33	
25	17	32	3	21	39	10	17	35	25	22	0	33	11	16	34	9	5	3	23	12	30	23	30	16	6	29	31	12	25	16	21	35	23	4	30	28	32	31	20	
28	14	30	2	23	8	37	20	30	19	16	19	0	2	19	2	27	2	36	26	30	33	19	37	19	8	34	34	10	13	19	21	18	33	7	34	5	9	34	18	
25	39	8	18	10	3	35	16	31	12	32	8	25	0	27	33	35	5	25	10	32	15	6	29	32	16	26	2	41	2	14	37	9	31	20	21	27	11	36	35	
22	10	25	19	9	28	41	24	11	28	15	27	37	12	0	31	14	4	30	30	14	22	30	21	1	1	17	28	20	35	15	13	40	25	11	7	1	41	31	27	
31	21	9	40	40	40	42	35	31	42	23	31	39	2	4	0	13	39	24	28	19	15	20	40	7	23	2	37	39	39	34	6	13	14	22	29	16	4	9	25	
27	18	31	22	31	8	20	19	27	25	8	23	10	23	18	30	0	23	1	3	28	19	16	13	18	11	18	4	11	33	18	23	3	33	6	23	1	15	29	24	
26	6	27	29	8	9	11	4	3	24	38	3	29	11	20	17	47	0	26	39	4	13	35	37	40	34	41	18	33	37	17	43	22	14	36	37	13	20	16	25	
20	4	6	8	30	1	34	17	42	23	20	8	9	21	3	4	35	21	0	23	27	30	23	39	16	34	36	26	41	30	8	20	39	48	4	22	3	34	31	17	
26	17	21	4	41	2	7	9	11	18	26	14	37	47	13	36	3	33	34	0	21	5	2	38	3	27	6	32	1	25	7	11	24	18	33	7	46	23	14	9	
18	38	33	19	20	32	33	24	30	33	17	13	28	35	28	17	20	19	26	12	0	28	21	31	29	1	15	17	14	21	12	23	1	36	18	36	11	7	31	13	
26	34	11	33	18	36	18	23	31	33	4	39	40	39	27	9	3	37	16	20	34	0	2	8	8	34	10	20	31	24	8	33	23	2	27	24	35	23	41	35	
1	32	1	26	25	8	45	26	23	34	13	4	7	26	17	12	34	29	9	14	10	11	0	23	21	20	17	7	15	33	31	10	5	33	22	24	28	2	15	9	
1	30	20	13	37	15	19	2	6	36	13	21	28	14	21	12	28	28	9	14	35	22	30	0	16	9	17	7	25	7	11	28	21	16	11	10	26	23	27	11	
39	49	33	11	10	28	17	30	39	20	20	23	5	26	13	43	29	44	20	11	45	37	28	24	0	10	39	16	25	17	29	43	39	32	33	30	30	7	40	23	
40	49	17	3	39	49	27	12	14	45	1	24	40	28	12	18	4	27	40	46	45	12	17	38	41	0	14	46	48	19	17	33	27	30	29	43	31	26	15	15	
37	14	38	2	5	34	25	6	24	29	5	15	23	6	8	30	28	32	36	14	1	7	34	24	3	46	0	43	18	26	8	15	35	39	16	5	14	13	43	43	
9	31	28	30	17	23	34	15	31	25	21	5	9	21	11	20	27	14	17	22	32	30	21	31	16	18	25	0	25	18	16	21	29	15	4	5	18	34	20	19	
10	7	3	2	23	24	30	28	32	2	8	25	29	32	12	18	12	15	18	9	3	15	31	32	18	27	26	16	0	12	27	32	6	37	15	33	37	5	21	20	
22	15	17	15	16	6	31	9	11	21	24	6	30	18	13	33	18	18	3	20	29	27	10	37	13	8	33	28	9	0	12	3	5	42	1	45	6	9	28	1	
34	29	40	18	26	8	30	27	43	7	9	9	22	31	26	15	25	31	42	17	42	26	15	43	25	20	39	23	30	34	0	8	49	20	14	18	1	6	34	42	
1	29	3	26	17	15	32	10	17	20	1	26	30	26	32	12	23	5	9	14	30	22	3	19	21	26	17	7	10	25	31	0	21	7	25	24	28	7	27	11	
28	33	2	29	21	41	4	15	33	43	37	29	16	27	20	39	42	43	29	6	15	15	25	10	24	31	38	18	40	17	32	43	0	1	26	23	14	41	46	11	
11	30	24	17	42	10	4	17	22	20	23	32	13	12	18	8	9	28	19	24	26	32	40	5	6	29	1	13	6	1	33	42	8	0	31	5	36	6	34	21	
11	18	21	36	16	25	20	3	33	15	22	25	19	7	2	22	44	7	19	9	18	16	9	33	2	44	27	17	33	25	2	7	29	43	0	34	27	20	17	18	
29	25	7	33	4	43	26	3	34	36	33	32	36	10	22	40	44	4	12	9	20	35	4	11	23	36	39	13	23	19	23	2	9	14	11	0	42	4	31	26	
1	32	7	26	37	2	33	13	23	18	13	25	25	26	3	12	5	6	9	14	38	22	5	23	21	8	17	6	35	20	31	28	21	33	24	24	0	42	12	5	
27	7	23	42	35	24	45	33	37	17	39	23	6	4	28	38	5	32	35	10	21	1	18	46	34	27	30	4	26	36	6	15	24	23	22	8	36	0	12	1	
23	36	23	27	7	30	23	19	21	1	21	6	32	35	32	32	18	16	31	36	39	39	25	5	24	31	27	21	24	29	33	3	26	33	33	14	10	26	0	33	
33	3	31	30	25	29	30	26	17	11	36	33	32	38	40	22	29	18	32	26	31	6	36	33	27	24	21	26	11	40	9	24	34	19	37	8	7	33	36	0	
