40  4  1
4
	0	12	1	27	2	65	3	7
	0	87	1	52	2	18	3	57
	0	69	1	87	2	95	3	1
	0	65	1	65	2	1	3	54
	0	49	1	52	2	20	3	68
	0	40	1	54	2	31	3	91
	0	3	1	52	2	1	3	92
	0	61	1	82	2	46	3	45
	0	21	1	59	2	77	3	27
	0	31	1	20	2	77	3	64
	0	46	1	33	2	71	3	48
	0	57	1	94	2	82	3	91
	0	11	1	17	2	89	3	3
	0	32	1	82	2	45	3	1
	0	12	1	94	2	86	3	82
	0	44	1	76	2	71	3	39
	0	6	1	96	2	23	3	78
	0	21	1	94	2	51	3	70
	0	50	1	73	2	99	3	66
	0	3	1	51	2	16	3	30
	0	61	1	13	2	73	3	86
	0	50	1	84	2	64	3	84
	0	14	1	26	2	54	3	24
	0	74	1	36	2	77	3	94
	0	69	1	76	2	86	3	12
	0	13	1	92	2	15	3	87
	0	28	1	73	2	3	3	24
	0	24	1	78	2	89	3	40
	0	29	1	25	2	76	3	83
	0	16	1	12	2	23	3	54
	0	59	1	37	2	28	3	73
	0	13	1	8	2	85	3	53
	0	16	1	78	2	45	3	60
	0	45	1	44	2	12	3	79
	0	83	1	92	2	55	3	13
	0	71	1	78	2	9	3	89
	0	50	1	75	2	100	3	37
	0	36	1	28	2	29	3	73
	0	55	1	3	2	78	3	11
	0	56	1	5	2	38	3	64
SSD
M0
0	69	23	48	36	48	64	52	29	38	46	55	28	39	22	2	61	56	30	52	48	43	13	57	55	52	62	20	42	37	55	47	65	40	41	41	3	1	11	51	
45	0	37	51	17	79	30	38	17	74	50	43	44	59	60	57	63	63	25	58	5	13	58	40	56	35	55	45	16	39	19	40	25	4	22	44	54	4	2	15	
16	3	0	37	42	45	15	12	31	37	55	57	29	56	45	30	7	66	58	43	42	54	41	48	30	17	40	48	22	24	19	25	23	14	47	62	31	22	39	43	
36	48	49	0	32	56	46	7	8	65	41	34	43	29	2	38	64	20	28	33	64	50	42	37	66	39	47	36	23	31	46	40	19	55	62	54	20	49	41	31	
40	7	41	37	0	28	40	29	54	55	42	17	30	44	46	37	52	55	73	16	29	35	44	29	50	4	17	49	35	20	29	20	4	33	42	59	33	34	46	64	
14	40	39	30	27	0	46	39	55	36	33	47	52	57	48	3	70	51	56	12	49	30	39	49	31	42	2	7	14	32	7	48	52	47	42	44	29	27	37	77	
25	30	27	23	24	46	0	8	40	42	37	46	11	46	27	24	40	48	47	25	35	36	25	30	23	25	22	36	22	6	1	7	5	45	29	64	34	34	27	56	
30	43	20	36	1	36	46	0	3	20	36	24	16	45	32	44	43	42	56	18	40	31	1	49	54	18	57	31	28	19	31	37	54	50	14	49	23	39	32	61	
28	19	30	53	54	49	63	39	0	36	12	5	14	57	30	42	76	51	55	61	38	58	28	49	61	42	51	7	52	36	41	37	41	66	52	25	43	37	30	59	
35	40	41	43	49	52	22	33	38	0	59	25	36	59	52	49	14	4	5	50	49	42	50	36	48	24	9	57	29	31	7	32	11	19	54	51	40	29	40	50	
49	57	51	51	7	19	25	18	65	61	0	73	35	55	51	52	68	76	75	53	13	45	49	51	42	53	50	55	50	34	29	35	33	54	57	12	62	58	11	20	
7	41	42	9	40	62	39	34	1	52	3	0	36	27	41	21	62	54	49	45	60	51	27	34	47	64	52	29	38	12	43	23	47	19	45	47	4	20	30	69	
3	41	5	28	33	24	38	33	19	28	18	45	0	32	5	17	51	32	45	36	13	33	3	40	46	42	59	35	32	11	16	39	46	51	41	52	18	12	5	34	
23	44	12	17	38	41	11	22	27	38	15	53	9	0	25	5	3	52	41	39	33	3	23	44	37	13	36	46	18	20	15	21	19	2	43	52	34	18	25	39	
22	47	43	64	34	42	53	49	41	53	56	54	43	15	0	36	50	63	64	19	67	50	28	23	56	51	49	54	41	61	32	26	31	49	48	64	37	35	41	17	
21	61	41	12	18	16	57	27	41	36	31	40	25	40	41	0	54	36	63	56	2	55	25	13	9	49	30	30	16	47	43	1	41	7	23	72	23	34	41	36	
30	35	32	28	29	32	2	13	18	47	42	44	16	50	32	29	0	53	52	30	29	41	30	35	28	4	27	37	9	11	6	12	10	1	34	49	25	9	32	30	
10	38	16	18	32	35	5	16	45	50	45	29	19	50	35	24	48	0	52	33	43	38	33	38	31	30	6	42	30	14	9	15	13	53	37	42	25	23	19	29	
40	58	55	21	52	55	25	36	41	35	4	67	39	64	37	19	17	63	0	53	25	60	30	55	34	27	50	19	32	25	24	35	33	18	57	62	48	32	55	53	
42	25	53	57	12	65	31	27	46	55	48	32	45	73	61	56	74	71	54	0	69	60	30	62	57	57	42	70	56	40	10	41	37	47	27	61	18	21	61	89	
45	65	63	42	64	25	52	47	59	16	11	62	66	64	59	59	61	51	50	58	0	57	68	51	16	39	56	15	21	25	53	62	26	54	60	16	47	42	14	35	
29	34	8	23	28	50	1	12	35	27	41	4	15	43	31	28	44	31	51	29	39	0	29	34	27	29	26	40	26	10	5	11	9	49	22	26	38	38	31	60	
15	42	17	36	16	21	42	41	2	11	30	28	1	44	17	29	34	44	47	48	25	16	0	49	52	25	51	30	15	19	28	22	50	41	24	48	8	24	17	46	
42	55	48	36	46	66	37	37	52	64	38	54	51	31	67	16	51	11	9	52	28	25	65	0	32	3	38	58	34	19	41	29	45	58	49	73	50	33	51	61	
2	27	37	23	31	39	9	20	25	16	49	51	23	34	32	13	1	18	36	37	36	48	27	36	0	11	34	34	16	6	13	19	17	8	41	36	17	15	25	37	
33	63	53	20	30	50	30	21	37	48	25	52	37	33	53	30	35	45	69	36	12	68	51	33	38	0	42	42	18	3	34	13	38	42	33	57	34	17	53	71	
54	59	9	52	53	75	26	36	42	47	66	45	40	47	30	53	40	60	39	49	19	59	41	37	52	37	0	65	4	35	8	36	28	37	48	14	7	55	56	59	
49	65	57	24	46	57	34	8	41	5	2	61	48	47	20	46	50	20	41	40	36	64	60	18	42	11	45	0	36	7	38	29	33	55	21	60	38	40	38	49	
42	44	48	37	31	67	47	3	54	57	42	12	32	14	48	39	49	62	73	16	29	48	46	50	52	4	51	51	0	20	3	22	55	4	15	73	37	34	41	67	
39	44	41	1	32	60	11	6	18	56	51	44	25	58	41	38	54	26	61	17	33	49	39	14	19	39	36	46	15	0	15	21	19	48	43	57	15	17	41	59	
21	31	31	50	36	10	24	28	40	12	30	56	15	20	31	12	16	47	48	21	29	52	29	57	50	26	49	53	31	33	0	34	32	23	51	71	36	31	31	20	
7	47	27	50	4	46	60	30	41	22	17	26	11	26	27	4	61	54	49	42	35	55	25	19	17	35	16	16	2	33	29	0	27	35	9	58	22	20	27	45	
39	23	21	37	45	60	20	11	42	51	42	65	34	50	29	47	52	62	70	30	29	15	26	9	46	4	45	59	35	20	24	30	0	59	32	65	13	34	50	44	
33	38	35	31	2	54	5	16	40	49	43	54	19	32	32	15	48	14	55	28	43	44	24	34	31	22	15	44	30	14	9	15	13	0	27	57	6	42	35	39	
4	74	39	64	52	64	69	68	45	25	13	56	44	26	38	18	61	60	46	46	25	59	29	3	17	68	65	36	58	53	59	63	67	56	0	52	19	17	27	38	
49	8	59	43	56	10	29	12	45	48	62	17	43	16	15	53	51	68	79	46	67	51	55	33	32	57	39	36	54	26	33	39	37	47	18	0	57	28	15	44	
32	62	7	40	29	34	29	40	57	40	42	51	36	51	52	29	72	3	33	56	29	62	41	44	42	54	30	41	23	23	33	12	37	6	17	2	0	45	5	53	
5	48	22	11	20	65	31	25	32	54	49	55	43	27	39	19	62	34	16	20	65	60	30	51	49	52	25	37	34	32	33	19	39	3	4	4	20	0	28	68	
29	43	28	54	22	50	35	31	45	54	44	71	15	54	27	43	72	21	71	38	39	35	29	29	61	24	48	61	55	37	39	45	4	77	45	60	33	38	0	56	
10	57	25	25	4	62	35	30	42	60	56	63	27	60	43	24	60	50	52	41	14	63	35	38	43	57	14	42	39	8	39	26	43	62	48	26	25	23	33	0	
M1
0	17	36	12	42	52	29	56	3	32	15	30	50	28	49	52	43	14	29	56	1	33	28	36	19	22	33	13	27	23	31	4	39	1	19	38	16	50	14	58	
48	0	33	47	77	49	52	53	38	25	12	11	47	40	46	82	74	25	60	20	69	40	56	66	47	8	81	6	26	77	49	1	13	35	7	57	9	36	49	48	
50	12	0	81	34	81	39	23	21	59	66	60	76	38	51	14	56	41	64	61	78	5	15	41	51	51	67	66	53	60	52	57	49	70	15	37	24	16	24	69	
93	78	82	0	73	9	90	33	16	68	85	33	95	41	61	49	67	69	70	79	62	80	51	93	80	95	69	72	34	62	40	77	41	72	80	24	76	99	78	88	
31	62	21	70	0	79	74	72	61	58	59	62	98	73	49	86	49	21	63	45	59	46	45	56	2	49	91	57	76	58	41	62	83	11	77	84	19	14	59	47	
39	35	46	60	85	0	65	63	66	57	22	40	60	43	28	46	4	48	39	32	56	53	23	30	65	32	9	9	73	89	67	14	60	9	57	7	69	60	57	77	
63	29	63	17	73	47	0	77	54	21	42	57	69	44	43	63	24	3	39	49	88	33	43	24	59	49	25	23	71	54	45	31	70	91	38	53	20	53	45	23	
60	42	63	56	62	3	24	0	43	10	8	46	39	6	41	61	54	51	37	38	64	31	1	56	48	49	39	32	26	30	34	43	8	40	31	21	23	14	34	21	
58	21	7	54	64	56	15	58	0	30	19	34	54	42	39	16	10	42	35	24	20	29	17	58	5	26	52	17	46	44	54	8	12	86	17	26	1	49	36	19	
30	48	65	57	32	6	19	48	13	0	48	58	39	18	34	62	43	21	36	8	58	3	42	26	18	45	47	2	75	46	4	42	29	58	1	12	49	42	4	22	
57	39	48	72	59	44	46	8	40	18	0	40	18	2	1	37	70	48	48	43	34	41	61	26	10	60	66	40	60	48	40	69	35	73	30	14	61	66	31	42	
39	39	50	3	80	10	62	19	69	61	14	0	64	49	48	14	55	52	49	62	67	47	46	57	36	36	15	27	34	59	53	18	82	67	61	21	82	15	78	54	
64	42	13	56	46	65	86	47	58	49	44	5	0	39	44	92	62	16	36	8	67	19	31	2	14	25	63	68	54	33	5	73	63	38	25	60	26	31	73	85	
34	52	43	36	41	38	29	46	27	12	5	26	43	0	21	41	39	47	17	40	37	11	14	58	48	49	53	34	55	3	36	31	33	40	33	30	11	29	36	1	
46	71	49	73	48	62	12	20	29	36	63	38	19	34	0	34	59	32	18	44	74	55	57	38	11	60	63	42	2	59	41	52	45	44	57	68	62	58	20	56	
70	23	34	48	25	2	53	12	48	45	13	28	25	27	47	0	60	36	53	50	70	34	58	44	56	20	6	11	17	75	21	2	71	59	45	60	68	48	53	39	
44	29	40	40	46	42	31	60	27	16	19	34	33	32	25	17	0	35	21	4	52	15	25	40	45	26	50	17	12	18	40	8	33	7	37	45	61	35	18	5	
42	39	19	60	65	42	39	28	48	16	29	44	61	13	9	3	53	0	39	37	61	35	27	55	36	36	77	27	64	27	40	18	9	13	37	35	21	13	39	25	
30	56	44	54	32	56	19	74	13	30	33	35	14	18	39	8	22	21	0	39	40	9	7	26	21	7	47	51	57	46	36	42	29	46	14	62	44	42	4	19	
44	46	46	2	43	30	57	22	56	46	30	1	16	61	49	33	3	49	69	0	72	29	45	24	47	49	85	61	37	58	2	72	72	33	46	9	55	14	47	64	
29	3	72	25	31	44	18	72	6	18	52	49	66	17	67	38	29	20	15	46	0	19	14	25	30	20	19	40	13	45	42	41	28	55	5	24	48	41	3	60	
44	26	53	50	51	49	44	25	51	44	71	63	53	66	31	23	8	69	23	64	47	0	18	72	71	68	63	5	65	13	68	60	43	43	26	23	32	78	52	51	
62	37	36	62	64	44	51	68	45	18	27	19	35	50	48	68	39	50	44	20	73	26	0	54	56	34	73	25	24	47	42	16	50	66	39	50	52	43	36	28	
32	37	60	18	60	27	82	57	20	67	16	28	67	51	6	85	49	73	25	32	60	65	64	0	59	4	25	60	86	77	71	63	49	60	70	63	75	33	73	91	
36	71	2	9	61	6	32	90	46	38	53	12	73	28	77	67	64	47	92	66	64	39	62	82	0	9	41	60	44	33	27	67	5	29	32	30	76	42	62	79	
57	4	51	60	57	66	22	59	6	47	68	45	23	33	45	21	62	52	15	48	60	59	71	42	54	0	9	43	48	26	27	57	1	25	63	50	58	71	35	56	
53	59	29	64	34	6	42	71	36	3	71	63	48	14	36	85	13	21	37	11	48	26	55	49	41	68	0	25	74	29	27	65	52	55	24	35	60	53	27	45	
75	60	79	38	74	71	9	35	63	53	70	54	78	17	41	15	31	54	13	49	44	14	17	27	56	41	4	0	19	50	44	59	77	60	62	76	8	6	60	58	
48	46	57	64	30	35	37	34	26	9	36	11	49	22	49	62	33	10	44	20	76	32	30	44	21	43	65	31	0	64	33	25	47	17	30	41	67	40	22	29	
19	38	28	25	26	45	53	87	26	19	61	50	28	52	73	73	24	55	50	47	22	42	49	47	46	43	38	23	40	0	43	50	18	47	40	15	31	53	38	61	
50	7	64	68	4	33	46	45	40	7	71	56	34	30	43	64	57	48	63	35	65	3	69	37	45	67	74	29	61	31	0	60	56	67	10	39	61	69	31	49	
60	13	24	38	79	40	43	44	68	35	3	18	38	31	37	73	78	26	51	63	60	31	69	57	46	10	72	1	86	68	59	0	61	85	35	50	74	38	59	63	
48	22	33	44	7	63	37	57	1	37	42	25	3	36	64	29	48	36	34	17	6	38	33	22	34	39	1	37	24	53	25	31	0	58	18	11	46	50	22	74	
30	30	74	61	32	78	19	17	13	52	17	51	67	18	51	31	43	20	51	11	23	54	42	17	31	45	42	51	49	46	14	42	29	0	41	54	16	42	4	86	
55	39	61	61	10	3	19	3	35	52	78	53	31	22	52	71	10	24	51	56	23	49	48	26	1	52	55	41	23	34	53	71	64	65	0	60	20	17	39	41	
38	76	54	8	5	26	19	14	24	41	4	17	55	38	38	53	13	30	43	69	66	45	63	21	13	58	32	63	32	53	65	68	2	60	62	0	76	44	65	79	
88	51	42	91	43	21	77	30	68	51	56	41	19	74	5	105	79	52	70	44	101	47	33	38	22	51	84	15	83	69	7	45	72	34	31	51	0	67	62	87	
41	51	56	37	51	37	79	68	40	47	41	20	56	69	7	50	12	64	49	49	50	4	3	14	22	7	66	39	53	16	10	30	46	26	57	42	59	0	65	57	
23	56	67	62	25	71	12	87	6	45	46	61	60	11	61	55	36	14	79	72	51	67	35	19	24	38	40	44	68	39	63	35	22	51	34	66	42	35	0	79	
35	46	57	30	58	32	23	74	39	6	36	31	60	44	15	35	65	41	11	34	63	5	15	52	44	43	53	28	65	69	30	25	55	63	27	38	53	25	30	0	
M2
0	26	3	26	39	48	47	62	13	73	40	33	14	39	42	17	2	6	28	23	17	8	55	4	58	7	20	81	52	50	24	34	49	48	56	24	41	33	43	39	
39	0	33	49	30	43	3	23	36	57	69	31	45	9	19	31	18	23	9	16	48	34	11	38	57	43	33	47	55	6	22	32	23	4	33	37	1	39	19	5	
58	10	0	68	46	66	31	51	30	70	36	59	22	12	47	59	43	51	27	39	71	36	12	34	85	71	61	26	44	34	5	56	51	32	38	49	29	62	47	33	
41	46	34	0	46	50	67	57	51	65	28	35	5	13	67	42	54	33	49	23	8	13	55	47	38	32	22	54	37	56	16	24	72	61	58	26	22	6	51	12	
4	44	53	64	0	50	55	8	69	69	55	54	65	61	66	78	65	18	59	33	49	56	65	46	54	51	41	44	82	58	46	55	75	51	67	45	58	51	41	2	
27	72	48	25	36	0	64	36	33	5	4	58	20	39	33	50	25	29	39	13	34	36	45	73	13	58	48	78	54	21	15	50	52	87	48	52	48	32	65	38	
35	53	29	52	42	49	0	19	40	53	65	42	41	5	54	77	23	23	12	33	53	30	52	52	53	39	29	43	57	2	18	43	19	50	29	33	12	56	40	1	
21	70	44	63	46	67	78	0	23	64	1	32	65	68	23	91	58	68	73	66	22	2	74	5	71	72	62	61	59	81	20	65	43	68	13	44	11	70	46	19	
49	64	28	91	28	66	66	56	0	54	64	26	11	67	68	77	46	2	65	61	38	3	65	76	3	85	75	92	47	69	8	66	31	53	83	79	58	45	58	50	
37	36	47	27	25	59	50	53	67	0	56	40	33	41	50	62	49	54	63	51	36	2	65	18	66	60	50	82	65	53	44	52	70	35	48	50	50	34	2	40	
9	60	25	53	31	26	50	56	44	18	0	59	22	35	36	40	35	40	1	8	47	47	2	72	70	56	46	76	22	19	57	49	25	21	11	34	36	31	14	52	
24	27	16	28	7	36	48	35	34	68	57	0	33	42	64	71	34	16	35	9	37	29	41	42	57	15	5	69	55	12	16	19	43	49	39	9	46	32	51	29	
36	44	32	23	12	21	65	40	49	6	52	33	0	2	34	66	65	31	50	24	32	37	56	17	62	30	20	52	57	52	31	9	47	66	67	24	31	30	60	21	
35	51	32	36	11	40	48	33	56	61	22	40	42	0	9	31	57	26	18	31	45	33	40	2	73	37	27	5	10	5	38	41	36	60	32	31	59	43	60	21	
34	34	38	38	62	31	19	37	60	3	22	36	44	25	0	76	43	43	32	41	47	39	63	46	73	52	42	53	36	22	20	13	21	56	38	19	32	5	60	21	
16	47	40	40	16	41	14	34	50	68	69	57	3	2	9	0	38	38	17	14	19	41	4	2	63	54	44	52	18	17	33	58	34	60	11	21	11	37	50	11	
38	78	54	76	14	23	83	42	48	59	58	10	44	50	17	59	0	52	38	12	7	10	44	36	33	85	75	66	66	75	69	32	24	85	31	79	16	35	60	36	
4	31	58	48	39	48	28	48	11	44	77	33	11	34	42	24	2	0	12	37	32	35	45	23	47	68	58	72	15	31	47	13	48	51	30	57	5	2	34	30	
17	28	21	4	40	44	4	24	45	58	33	31	10	10	53	47	28	8	0	17	13	18	49	52	43	1	18	48	42	7	18	29	12	38	12	2	17	11	4	6	
31	71	78	53	7	11	82	32	20	47	46	38	16	67	71	53	67	45	10	0	62	26	16	48	55	78	68	71	38	60	44	78	91	78	31	72	75	7	50	29	
49	73	61	54	62	53	46	47	68	89	83	48	59	40	25	3	50	55	59	53	0	52	78	8	61	59	49	90	48	49	37	63	66	36	76	53	28	17	33	48	
42	63	61	47	18	50	36	46	77	49	44	53	19	2	42	25	34	25	49	65	12	0	84	49	54	71	61	44	45	34	55	33	56	51	61	62	49	54	41	2	
35	17	28	31	34	39	38	50	45	46	60	29	30	44	35	29	53	27	26	20	5	34	0	53	51	12	16	63	66	6	27	30	35	39	33	20	5	38	48	40	
2	40	28	51	24	28	44	45	37	57	63	41	33	50	53	68	13	39	8	1	43	6	33	0	51	38	28	42	55	1	38	42	32	41	28	32	52	24	56	43	
28	17	29	40	4	48	38	19	19	16	6	30	10	44	23	23	32	6	44	21	46	41	46	54	0	27	17	47	41	41	28	13	58	39	54	21	35	44	54	26	
21	26	14	4	24	28	27	47	31	51	33	15	3	17	48	47	40	13	6	1	13	18	33	39	43	0	2	59	39	30	2	16	47	37	47	6	27	11	21	17	
16	21	9	20	24	28	42	49	26	64	49	10	25	34	58	63	42	8	27	1	29	21	33	34	49	7	0	75	47	45	8	11	53	43	48	1	40	24	43	33	
59	2	42	22	50	7	23	43	56	43	42	51	28	29	39	51	38	43	29	36	31	14	31	58	51	55	45	0	54	26	15	18	43	24	53	49	21	29	21	25	
53	81	69	59	29	33	69	41	36	38	4	57	34	72	64	28	24	9	7	6	54	48	38	70	77	40	57	16	0	67	57	50	39	72	43	61	48	29	38	51	
23	28	4	27	21	35	20	21	33	33	54	17	32	26	29	70	44	15	9	8	36	5	27	41	56	14	4	34	54	0	15	18	8	50	4	8	33	31	50	22	
58	29	39	62	47	46	30	50	68	77	81	43	66	36	36	78	10	50	43	43	40	3	58	69	66	49	39	74	11	33	0	30	50	51	60	43	37	66	22	32	
32	43	36	31	13	50	56	36	52	86	54	67	6	45	27	31	68	29	49	23	40	28	55	72	60	63	54	30	69	53	48	0	75	54	70	17	54	38	65	26	
12	40	45	45	32	5	61	57	45	41	1	63	41	9	63	41	38	50	35	9	54	10	41	56	49	72	68	59	26	57	51	70	0	62	56	26	59	32	46	41	
38	71	47	47	14	45	17	37	20	43	69	35	50	2	3	15	2	7	30	18	32	35	50	49	58	57	47	52	39	20	27	16	27	0	47	51	3	41	3	19	
45	4	38	28	25	5	25	45	16	14	40	39	27	31	41	35	40	37	28	2	37	26	33	60	49	9	26	54	9	28	26	40	45	26	0	30	5	25	15	27	
6	17	10	10	36	40	38	41	49	76	39	46	16	24	54	53	53	15	39	13	19	11	45	58	49	37	33	65	48	41	27	35	58	39	60	0	33	17	54	23	
23	28	16	27	31	35	49	12	33	71	51	17	32	41	14	62	36	15	34	8	36	28	40	41	56	14	4	70	37	52	15	18	60	50	55	8	0	6	50	40	
20	53	42	17	64	68	55	68	57	80	46	2	21	31	39	60	34	46	56	41	26	31	65	12	43	50	40	46	2	24	34	42	55	75	51	44	40	0	69	30	
34	74	59	82	10	33	75	11	11	18	58	36	70	56	10	85	3	18	8	38	11	36	68	62	23	69	59	10	76	32	37	39	44	65	57	63	4	61	0	16	
8	48	32	41	3	10	40	7	43	46	45	58	44	25	26	38	25	30	43	41	50	42	73	40	14	68	64	4	62	43	50	39	50	11	58	22	18	48	1	0	
M3
0	37	38	40	59	21	37	23	23	13	44	30	60	22	43	46	56	11	57	24	33	3	33	17	40	18	20	17	47	39	2	40	29	51	2	50	25	58	16	10	
49	0	11	13	71	6	8	47	48	48	17	54	38	46	8	62	4	67	47	24	57	16	46	29	16	20	44	20	38	49	42	13	53	7	26	33	33	59	13	66	
37	19	0	1	73	36	57	43	59	42	5	50	60	36	57	60	25	55	80	59	53	4	68	17	4	8	40	37	68	37	44	1	43	29	22	21	21	74	46	54	
58	63	53	0	18	53	68	1	39	59	8	43	62	37	52	15	12	42	74	73	30	58	17	71	58	5	44	19	13	68	28	20	44	68	55	52	46	75	42	27	
51	47	27	29	0	46	34	51	51	16	33	60	25	30	35	49	53	61	24	80	59	32	45	45	32	36	21	65	44	65	36	29	37	25	50	39	49	64	67	68	
44	26	6	8	2	0	64	50	66	16	9	23	67	43	64	57	32	25	87	66	43	11	68	24	11	15	47	44	11	44	51	8	50	3	29	28	28	47	53	61	
23	60	40	37	57	18	0	50	17	9	18	20	24	2	23	26	50	6	7	34	28	33	34	47	45	44	21	26	43	46	32	42	9	62	32	4	27	40	46	40	
28	31	49	44	54	56	50	0	58	21	55	65	33	57	16	57	62	12	76	59	63	38	28	31	54	6	25	48	27	74	23	1	64	51	37	56	57	70	51	45	
39	21	1	3	69	8	47	45	0	44	7	16	62	38	59	62	6	57	82	61	55	6	56	19	6	10	36	39	42	2	33	3	45	31	24	23	23	22	43	33	
66	63	58	26	35	55	60	46	68	0	6	53	42	45	43	66	83	13	29	42	56	63	45	25	47	41	43	20	3	60	41	9	5	55	25	65	56	27	12	83	
38	24	63	26	64	15	53	39	68	40	0	28	59	38	59	62	42	56	50	17	15	28	38	18	5	34	36	33	35	55	34	34	45	48	18	16	49	51	5	55	
48	30	10	12	41	47	68	54	36	53	16	0	53	45	66	2	36	26	78	70	64	15	77	28	15	19	51	48	72	48	52	12	52	40	33	32	32	83	57	65	
51	33	13	15	30	50	28	23	23	55	19	61	0	50	69	21	39	33	94	67	64	18	72	31	18	22	39	48	16	46	8	15	57	43	33	20	35	49	39	44	
20	64	65	64	57	15	64	50	48	40	62	30	52	0	20	23	81	38	43	51	60	30	31	44	47	45	47	44	62	66	29	41	6	78	29	66	24	37	43	37	
60	1	46	48	38	59	36	51	56	20	44	41	30	65	0	48	54	45	4	65	76	51	20	40	27	45	63	44	49	79	41	48	33	54	45	53	49	41	37	2	
18	62	48	24	43	34	42	28	48	29	37	29	43	18	26	0	27	36	37	44	38	28	50	42	31	23	25	22	62	44	11	17	25	59	7	66	43	56	36	35	
72	70	66	57	34	71	64	24	56	48	56	60	51	68	18	56	0	81	43	10	79	68	62	52	39	64	66	28	50	23	38	64	73	78	48	57	79	46	35	38	
23	33	31	33	32	38	53	16	3	43	37	36	47	49	50	61	20	0	48	15	24	17	15	47	36	36	50	4	37	32	32	33	6	31	32	50	22	7	46	6	
20	23	3	5	40	40	4	33	33	1	9	54	7	40	52	31	29	38	0	51	57	8	45	21	8	12	44	41	26	41	18	5	34	28	26	25	24	59	43	37	
64	30	26	22	48	63	65	57	66	8	32	20	40	63	57	53	35	47	3	0	63	31	22	44	31	35	67	16	10	64	39	28	36	56	49	17	41	89	72	81	
32	22	8	10	42	45	66	3	62	51	14	59	39	45	39	63	34	41	89	63	0	13	16	13	13	17	49	46	23	12	41	10	39	38	31	30	30	12	51	29	
60	84	88	67	63	75	62	64	90	62	12	71	86	63	54	51	54	70	56	53	74	0	45	18	65	21	37	58	80	52	65	54	54	78	43	20	37	93	65	77	
29	22	32	34	2	48	28	49	59	49	38	37	79	32	11	44	58	1	57	51	69	37	0	50	37	41	56	36	11	66	38	34	35	28	38	11	5	70	52	46	
53	32	63	18	17	65	16	39	83	15	30	50	73	49	42	73	14	42	40	7	63	25	17	0	68	5	38	30	47	69	54	18	8	69	32	52	46	87	61	70	
21	65	51	9	77	20	41	27	51	28	5	34	44	26	47	50	64	39	70	43	37	31	58	1	0	22	24	21	63	43	28	40	33	73	6	56	51	62	30	38	
25	22	26	5	75	24	40	26	55	26	32	33	54	25	46	49	52	43	69	42	16	31	57	44	31	0	23	17	70	8	10	28	32	56	5	44	48	14	34	42	
61	68	61	63	83	70	1	69	35	1	67	76	105	68	88	92	68	64	68	35	14	53	57	20	66	38	0	63	64	64	45	33	70	73	48	82	83	70	62	78	
35	39	19	21	36	46	9	1	29	7	25	60	3	43	50	27	45	39	15	66	63	24	15	22	14	28	45	0	22	52	14	21	5	49	32	19	41	33	32	50	
30	9	73	43	59	25	74	15	45	50	42	27	62	9	30	32	3	19	53	22	33	40	41	38	25	20	57	47	0	66	39	51	16	65	39	69	32	47	51	31	
31	75	67	12	13	46	37	52	61	51	31	59	70	51	72	55	69	12	36	62	24	41	52	27	14	47	49	46	70	0	16	11	58	87	31	67	63	85	54	22	
33	75	61	27	71	29	59	45	62	46	23	44	62	13	34	33	72	51	57	61	39	43	45	19	6	40	42	39	76	61	0	55	20	44	24	53	38	31	48	7	
29	12	3	5	66	24	16	45	54	7	9	39	61	8	29	32	29	27	52	27	55	8	40	21	8	12	42	39	67	41	38	0	15	33	24	3	25	21	50	46	
36	19	60	24	31	35	46	36	46	37	20	43	56	35	40	14	73	30	72	52	46	46	5	16	3	31	21	30	38	52	31	25	0	45	15	40	34	37	2	53	
61	48	39	41	55	57	40	54	22	55	45	13	74	53	63	62	15	38	5	69	64	32	53	57	44	9	51	48	56	51	49	12	60	0	33	18	23	60	20	68	
28	52	32	34	65	23	22	8	49	9	38	15	45	7	28	31	45	46	51	24	18	37	39	38	25	3	5	2	52	24	9	34	14	59	0	54	32	43	16	45	
54	5	34	36	51	53	12	41	44	26	38	53	18	59	70	42	60	54	10	3	45	13	55	34	21	18	42	49	37	22	29	36	47	64	39	0	56	70	60	65	
16	37	17	3	55	16	60	46	46	36	23	34	55	3	24	2	43	34	32	9	56	22	35	35	22	26	39	12	49	55	25	19	10	47	25	39	0	41	39	33	
30	25	56	6	21	58	29	6	28	15	10	66	84	59	67	53	61	48	94	61	38	40	50	54	61	22	57	54	64	24	39	52	66	86	39	6	62	0	49	47	
43	40	47	49	48	38	37	23	64	24	30	30	43	22	43	46	60	47	66	39	33	52	22	43	40	18	20	17	25	39	18	18	29	32	2	57	33	35	0	60	
60	68	52	19	45	55	65	51	62	52	49	58	36	41	62	49	1	41	10	67	61	20	50	45	32	14	48	45	11	44	46	46	48	51	30	20	61	63	17	0	
