40  6  1
6
	0	33	1	34	2	6	3	39	4	95	5	26
	0	52	1	38	2	25	3	35	4	53	5	84
	0	39	1	32	2	9	3	70	4	93	5	97
	0	75	1	99	2	63	3	25	4	75	5	44
	0	47	1	62	2	95	3	78	4	77	5	82
	0	48	1	51	2	42	3	16	4	14	5	91
	0	48	1	87	2	23	3	51	4	82	5	29
	0	18	1	23	2	45	3	76	4	18	5	99
	0	64	1	58	2	75	3	37	4	23	5	42
	0	84	1	82	2	45	3	98	4	3	5	33
	0	33	1	89	2	85	3	59	4	46	5	95
	0	25	1	17	2	65	3	47	4	76	5	7
	0	85	1	10	2	3	3	78	4	23	5	43
	0	50	1	73	2	42	3	44	4	58	5	67
	0	27	1	28	2	67	3	37	4	55	5	19
	0	62	1	83	2	54	3	55	4	73	5	71
	0	46	1	12	2	22	3	71	4	3	5	24
	0	88	1	17	2	80	3	46	4	33	5	16
	0	94	1	73	2	89	3	62	4	56	5	39
	0	29	1	55	2	98	3	32	4	60	5	22
	0	27	1	12	2	97	3	84	4	3	5	28
	0	31	1	32	2	49	3	45	4	83	5	82
	0	100	1	50	2	4	3	46	4	71	5	93
	0	80	1	29	2	10	3	70	4	44	5	35
	0	44	1	67	2	91	3	44	4	42	5	19
	0	67	1	100	2	68	3	54	4	76	5	18
	0	75	1	18	2	3	3	87	4	72	5	10
	0	84	1	58	2	78	3	70	4	38	5	7
	0	20	1	98	2	60	3	38	4	59	5	1
	0	39	1	63	2	49	3	87	4	38	5	56
	0	46	1	65	2	65	3	89	4	44	5	9
	0	12	1	92	2	96	3	1	4	50	5	85
	0	38	1	64	2	92	3	82	4	41	5	43
	0	77	1	67	2	45	3	95	4	34	5	89
	0	59	1	98	2	23	3	20	4	25	5	3
	0	64	1	85	2	81	3	63	4	99	5	54
	0	79	1	32	2	67	3	40	4	28	5	14
	0	54	1	73	2	80	3	3	4	72	5	13
	0	77	1	45	2	76	3	45	4	25	5	8
	0	10	1	54	2	61	3	57	4	64	5	80
SSD
M0
0	39	62	32	8	1	22	56	17	39	72	51	31	62	64	22	2	39	64	62	57	52	61	50	11	66	28	44	38	33	48	59	23	47	19	60	82	44	62	15	
50	0	8	46	61	41	34	15	54	29	62	15	58	29	37	45	40	72	45	28	28	64	56	83	63	18	25	12	58	64	29	61	42	67	44	88	10	92	58	84	
46	31	0	51	59	26	5	43	49	64	30	39	23	37	46	50	37	37	52	63	59	24	52	59	47	76	35	65	11	41	5	14	5	80	72	42	58	52	40	48	
75	35	58	0	67	20	73	57	83	32	54	44	49	57	53	64	95	21	55	58	66	6	43	78	58	85	21	37	31	26	58	61	19	37	32	32	75	37	44	8	
25	27	70	47	0	59	61	11	11	58	26	74	16	13	59	46	60	33	9	31	41	64	52	69	43	46	40	58	67	62	40	10	55	76	68	19	61	73	39	44	
7	43	54	35	33	0	62	85	54	70	42	15	46	60	50	45	42	49	45	55	59	3	40	75	51	17	68	40	52	73	55	26	63	59	14	51	77	13	59	55	
18	29	16	19	28	13	0	65	42	11	16	38	41	51	54	57	53	26	7	11	41	51	45	58	56	50	15	31	25	20	60	54	13	34	26	56	69	31	54	2	
48	74	58	68	28	70	83	0	33	87	36	66	32	53	30	48	52	77	71	2	33	61	23	83	30	56	32	46	40	58	62	74	59	79	70	68	42	60	25	64	
67	47	23	29	55	62	1	83	0	12	60	56	13	67	43	76	69	44	56	60	64	49	84	46	55	40	2	49	43	14	50	76	31	52	6	49	63	49	72	20	
50	30	57	50	84	64	25	50	48	0	29	56	49	47	50	49	48	36	73	19	50	53	66	51	46	34	49	64	59	53	8	13	47	30	35	85	64	65	25	36	
24	22	14	19	59	56	26	65	18	18	0	29	11	6	54	41	10	26	27	62	21	50	15	58	38	33	15	31	25	20	35	5	13	34	26	56	22	31	54	2	
82	41	73	6	30	54	74	67	14	83	54	0	33	52	71	5	26	59	5	43	74	85	28	64	24	96	73	89	31	62	49	38	42	74	84	48	78	53	60	72	
62	43	56	57	11	35	25	57	33	27	36	66	0	18	16	48	52	75	57	2	33	47	40	37	64	4	32	51	57	69	62	52	75	91	70	23	23	55	33	64	
73	38	7	33	73	26	24	30	23	11	76	18	5	0	48	41	69	43	36	50	11	1	38	11	67	5	32	48	42	37	51	60	30	51	43	73	71	30	48	19	
19	84	30	14	17	22	66	14	65	78	48	39	47	40	0	69	18	50	14	34	64	4	41	66	62	32	39	78	14	76	56	67	54	49	71	45	13	82	43	58	
15	7	61	67	54	5	13	59	49	16	15	68	30	35	35	0	50	16	54	51	69	56	24	58	59	70	63	71	19	59	83	53	61	82	67	50	13	23	11	50	
68	68	42	65	3	17	2	31	61	32	24	42	44	14	24	50	0	45	50	51	9	35	13	2	3	51	19	56	5	45	52	51	3	2	46	36	46	53	34	52	
33	61	38	16	49	63	7	92	79	19	54	76	48	75	52	86	15	0	62	57	58	5	22	63	64	105	70	86	66	75	57	62	64	61	81	13	34	20	5	57	
30	23	30	19	57	57	67	39	41	64	22	65	25	7	51	42	30	29	0	54	61	19	33	62	39	62	8	24	47	16	17	6	10	72	50	13	27	14	26	40	
41	43	52	50	36	39	60	70	2	56	5	35	1	44	52	17	21	46	54	0	2	53	53	53	66	25	1	20	30	38	31	43	44	60	39	37	60	43	39	33	
35	50	80	37	50	20	31	64	45	78	55	6	64	62	23	36	50	17	36	74	0	24	59	72	37	80	43	20	62	9	73	69	73	75	10	79	58	81	10	80	
62	49	70	1	60	65	79	57	52	64	48	62	12	66	16	67	61	17	57	21	29	0	6	41	44	75	51	70	57	65	21	32	56	25	66	71	56	93	66	66	
37	27	80	58	35	71	25	25	54	72	49	27	75	56	65	42	72	47	57	45	37	88	0	86	45	1	71	81	67	3	67	66	65	69	14	61	30	90	46	75	
49	15	54	52	9	14	44	52	27	70	37	45	60	38	57	67	44	49	56	72	42	20	42	0	26	77	82	79	12	5	69	66	19	53	41	43	54	41	41	72	
67	28	16	33	47	17	9	1	38	28	34	52	37	34	49	30	24	40	46	7	38	17	42	61	0	41	29	45	8	15	35	18	27	41	40	5	55	45	37	16	
43	53	32	83	63	21	46	58	53	52	44	52	52	41	46	43	38	40	82	22	19	70	42	18	13	0	41	20	48	22	76	75	42	58	8	62	71	82	56	73	
1	24	21	38	12	20	56	23	17	33	29	57	38	32	7	7	16	44	48	8	39	38	37	64	27	45	0	50	6	39	65	50	2	53	14	37	18	50	35	21	
72	58	60	30	31	17	15	36	16	56	57	12	7	3	74	42	27	56	8	37	62	54	27	64	11	40	13	0	29	12	62	41	64	75	70	60	61	12	8	65	
43	50	22	66	28	77	66	20	65	44	14	74	58	6	68	86	57	73	26	40	67	57	21	67	68	45	62	78	0	67	44	52	38	81	73	11	27	48	9	49	
64	41	54	24	2	58	56	48	18	30	7	22	51	14	23	23	50	5	52	54	11	54	55	75	3	69	55	58	55	0	25	24	53	27	19	52	10	48	48	42	
42	68	3	33	57	46	47	80	41	44	27	2	22	5	58	32	33	52	32	70	8	56	55	66	51	60	75	55	40	44	0	56	47	43	45	40	82	44	10	62	
61	5	51	25	81	39	63	66	23	46	4	58	24	22	74	24	47	11	48	45	58	71	41	47	21	70	35	39	45	40	18	0	33	54	46	70	39	51	74	22	
49	27	1	44	22	52	45	41	45	46	26	69	3	44	3	14	48	4	9	61	80	34	63	47	43	62	25	61	25	56	31	10	0	76	68	56	43	12	54	44	
16	40	63	36	43	3	60	47	34	43	23	35	19	21	6	59	13	43	47	58	68	37	71	61	7	65	32	48	40	37	53	23	30	0	43	28	46	33	69	19	
65	77	65	59	49	10	58	50	20	18	54	69	4	18	59	70	73	52	86	56	54	27	64	79	5	41	78	16	57	8	72	67	76	37	0	54	23	71	18	65	
59	26	55	78	3	29	42	61	50	45	53	78	49	63	57	13	69	58	59	19	45	46	83	65	73	73	49	57	78	31	79	59	16	79	15	0	67	66	21	81	
63	80	36	58	46	50	56	58	62	21	51	28	9	58	17	58	62	3	58	78	30	48	81	75	47	76	81	38	58	5	34	68	70	53	43	89	0	50	67	75	
59	44	26	89	70	35	22	29	49	81	52	71	32	91	67	50	68	79	77	18	38	58	41	60	77	72	48	67	73	74	70	79	70	94	59	81	89	0	23	72	
68	60	71	33	57	29	67	81	41	2	59	2	60	68	68	32	19	62	32	70	18	69	36	67	51	94	43	65	58	54	73	43	54	67	8	56	22	80	0	77	
76	17	40	7	49	83	84	53	65	14	47	26	42	39	42	53	77	14	48	52	58	39	54	75	44	78	3	19	13	8	70	49	1	22	14	44	57	19	42	0	
M1
0	40	27	68	15	4	46	41	71	16	48	45	77	9	7	65	44	44	43	49	70	66	42	65	50	3	71	53	7	1	8	68	58	51	14	53	9	11	54	48	
55	0	62	53	9	42	32	42	85	105	17	64	44	35	59	27	12	42	69	15	16	51	85	33	70	23	35	41	71	58	56	11	52	51	50	37	73	44	66	62	
51	47	0	46	46	49	47	77	55	99	15	60	18	59	84	6	23	76	69	70	53	7	8	30	54	74	50	35	52	56	88	18	22	72	59	45	47	18	63	63	
46	43	50	0	60	30	50	30	26	3	44	9	32	37	47	28	56	30	39	21	4	39	57	74	51	51	23	30	66	42	5	1	40	39	66	41	5	40	74	45	
48	27	30	49	0	55	41	51	75	75	29	64	40	68	64	54	3	22	49	53	35	69	19	24	5	74	30	43	62	53	18	46	63	62	41	28	69	71	57	42	
39	21	12	73	52	0	50	42	77	70	19	65	24	65	80	50	67	13	40	40	63	51	52	69	13	33	76	4	57	62	70	37	3	62	49	51	20	62	68	16	
58	56	60	38	55	80	0	25	71	4	49	45	31	72	28	57	65	32	44	25	54	39	62	59	56	30	70	56	46	38	4	42	14	51	73	58	10	63	16	52	
19	26	49	43	24	32	52	0	38	69	42	12	34	39	19	30	58	32	59	8	6	41	60	58	57	56	22	33	42	45	5	45	30	41	67	61	40	42	66	37	
74	35	27	4	59	77	28	36	0	8	6	71	51	90	78	65	75	49	14	5	65	48	66	83	33	21	43	16	58	66	63	73	81	56	81	73	14	77	83	34	
60	55	78	5	36	32	38	67	15	0	76	52	8	15	84	10	95	71	22	6	47	41	74	22	65	66	58	42	42	46	80	44	58	62	90	35	37	47	55	36	
73	50	31	12	32	91	5	76	69	11	0	43	67	71	17	68	56	85	89	17	81	70	71	77	60	72	81	64	94	52	15	81	8	53	14	79	87	52	64	73	
67	76	67	40	58	47	67	47	9	75	67	0	49	11	64	8	52	47	43	70	21	56	31	73	50	52	40	4	66	53	61	71	35	56	73	76	43	47	74	19	
42	55	75	66	18	55	20	49	97	92	58	75	0	31	66	16	81	53	41	42	29	64	61	35	65	65	48	24	24	28	69	26	40	44	72	17	19	29	56	73	
5	21	66	81	5	23	58	70	28	55	50	84	57	0	46	83	42	67	11	49	74	94	44	63	72	42	69	21	46	26	47	60	77	16	53	37	48	23	91	64	
65	5	4	82	52	63	34	45	75	50	51	49	54	77	0	42	55	54	44	14	59	43	44	66	15	27	69	67	83	76	16	54	58	62	93	34	70	7	19	47	
46	50	42	41	19	39	42	67	71	92	89	45	50	51	60	0	70	91	19	73	83	2	82	14	38	63	38	66	60	16	31	26	25	49	54	18	72	38	21	16	
49	12	42	34	55	40	26	46	71	83	14	49	45	53	49	44	0	46	71	38	20	55	77	9	50	59	15	56	47	38	60	61	48	47	26	13	74	56	42	66	
9	61	70	56	39	47	85	12	61	56	58	35	69	52	50	52	75	0	10	43	41	45	83	93	75	46	57	7	27	44	40	7	65	59	57	93	52	46	38	3	
52	53	33	50	60	63	12	44	46	24	44	64	65	25	52	50	81	63	0	2	37	11	73	95	32	41	56	32	19	61	72	10	11	58	36	70	78	57	78	2	
14	31	37	77	24	25	92	42	15	64	32	45	62	50	55	70	67	13	36	0	71	75	77	88	4	9	46	17	46	49	56	37	72	89	62	13	57	34	41	33	
34	54	34	25	44	14	34	14	62	84	66	36	16	21	31	12	40	14	41	37	0	23	57	61	42	71	7	38	50	30	28	38	24	23	75	43	45	24	58	34	
12	67	19	7	42	50	8	39	46	62	62	21	69	21	53	29	74	57	77	48	49	0	59	81	15	49	42	42	53	47	54	69	58	39	20	96	55	14	55	34	
53	64	60	48	55	63	3	80	6	72	59	27	83	55	85	52	57	55	25	38	65	9	0	47	30	38	70	48	94	88	37	79	79	25	8	17	20	55	80	5	
11	7	27	68	17	2	37	24	33	61	62	11	7	39	52	33	44	66	58	32	45	66	59	0	42	21	7	32	41	30	29	43	10	38	59	21	36	39	4	47	
37	51	38	32	15	15	55	6	28	46	20	41	41	29	41	37	65	11	38	37	13	15	33	74	0	51	32	35	23	55	34	35	1	47	22	26	5	32	66	21	
33	45	34	51	52	14	26	30	62	83	70	36	24	63	53	50	44	56	63	42	30	65	45	9	42	0	7	48	58	30	36	5	34	8	37	51	53	17	42	67	
66	43	9	65	42	29	44	73	74	81	45	48	14	55	39	36	19	77	38	17	51	48	49	40	17	47	0	23	48	5	83	50	26	68	57	41	43	53	73	42	
38	34	53	11	63	33	48	33	67	39	36	41	35	16	50	31	10	33	60	50	7	42	76	31	61	75	26	0	67	49	47	53	22	42	11	35	62	43	12	53	
16	49	11	34	26	3	33	67	4	9	18	86	61	53	56	3	66	38	65	67	76	33	37	73	54	6	39	58	0	35	58	55	57	36	61	25	59	14	60	58	
38	8	61	4	55	62	71	46	18	13	59	21	64	49	79	15	33	47	55	61	36	42	69	54	67	67	34	42	71	0	36	57	72	46	42	47	21	72	87	57	
60	53	53	55	4	64	26	32	64	89	11	67	52	20	21	77	69	42	16	63	56	16	8	56	31	53	75	66	26	31	0	24	85	49	43	15	7	56	40	62	
1	66	27	61	50	7	68	52	34	33	68	74	54	8	42	50	42	52	19	60	26	57	67	63	19	13	45	60	42	36	22	0	3	31	49	67	41	27	12	32	
1	70	36	36	50	39	1	74	10	49	72	37	41	44	42	62	46	63	65	26	68	9	76	67	44	38	9	3	22	4	43	15	0	60	49	58	44	46	3	4	
76	45	29	30	62	49	56	62	29	80	65	28	34	24	19	53	39	92	56	26	66	56	39	60	37	36	2	43	39	4	63	11	11	0	39	8	63	54	66	62	
58	27	5	1	74	62	5	62	29	95	50	3	55	31	46	28	60	49	63	80	36	44	45	47	42	72	55	22	49	71	57	32	3	71	0	55	29	55	70	22	
43	53	32	55	37	49	41	46	76	79	46	69	37	69	58	29	42	17	41	21	58	16	39	63	40	3	5	20	61	28	74	41	49	4	68	0	7	62	7	37	
28	14	80	40	41	66	35	32	76	57	7	55	73	71	69	72	64	3	2	63	61	57	20	37	14	14	53	27	47	60	60	27	76	10	76	54	0	51	39	23	
43	16	96	83	39	36	41	46	21	87	71	32	11	51	84	34	59	17	44	63	50	76	17	56	79	19	69	41	3	49	74	23	37	65	18	38	40	0	72	37	
1	28	38	50	50	39	42	62	43	41	30	31	58	44	6	56	4	36	40	48	36	71	58	25	23	38	31	3	30	36	43	60	64	48	42	10	6	41	0	42	
74	83	94	82	66	92	47	92	98	104	23	96	50	80	88	76	59	92	87	92	66	43	82	75	79	67	71	84	37	73	88	80	79	2	95	77	79	89	82	0	
M2
0	69	84	22	74	44	72	46	7	61	62	47	78	1	48	52	54	24	48	21	82	58	81	62	44	95	97	8	47	61	47	63	65	84	73	7	1	23	14	93	
64	0	19	65	38	34	52	48	40	49	18	37	70	13	37	53	56	71	24	17	60	29	54	26	73	2	10	57	53	43	2	72	46	2	20	17	54	13	17	15	
79	42	0	66	41	36	82	61	33	86	85	51	89	16	96	25	69	90	25	41	56	25	41	45	60	59	77	77	30	17	59	104	18	67	85	24	61	14	30	82	
54	26	35	0	69	52	39	37	67	18	39	20	94	37	30	28	70	63	69	66	49	44	43	57	31	53	59	67	31	33	29	8	48	53	9	46	43	58	68	64	
24	45	18	52	0	33	85	46	37	91	88	30	105	31	50	52	78	27	52	42	65	44	50	72	69	72	80	16	7	44	72	40	45	72	26	20	31	41	44	43	
94	5	43	62	29	0	82	45	6	79	48	39	80	3	29	28	56	17	47	10	57	44	51	41	5	32	40	44	64	58	32	84	56	32	17	35	51	10	47	45	
57	45	22	31	37	28	0	84	18	53	12	31	77	47	72	56	14	72	56	11	10	23	41	33	23	72	4	53	50	20	29	47	46	6	80	55	61	45	37	9	
85	55	4	59	20	49	5	0	35	61	3	46	41	29	67	38	42	53	38	39	38	38	54	8	51	33	32	34	43	25	30	10	4	34	43	28	31	27	43	37	
86	15	14	67	40	28	21	52	0	51	27	15	8	23	3	44	52	21	4	27	22	48	40	66	20	42	48	18	46	40	42	7	41	4	60	24	42	30	44	27	
75	42	50	84	9	39	30	51	59	0	16	40	48	6	71	51	31	49	45	22	43	28	31	4	50	69	15	4	43	21	49	25	36	59	47	17	48	30	24	20	
21	52	13	42	17	30	22	40	21	40	0	17	10	28	21	36	59	51	28	29	52	30	42	60	22	79	49	20	48	39	20	11	40	2	12	3	24	3	41	29	
47	53	66	75	22	78	54	44	60	75	10	0	66	54	29	31	22	8	84	74	61	84	49	22	68	80	81	61	53	39	27	28	19	58	40	60	54	27	60	63	
90	39	3	66	53	17	14	41	8	90	49	4	0	28	86	37	50	76	15	16	44	37	29	57	9	66	41	7	35	29	66	84	30	43	76	36	31	26	42	16	
90	42	41	50	48	55	52	3	46	34	51	17	35	0	54	9	11	34	5	54	53	69	38	56	47	69	77	41	47	26	34	58	43	41	30	67	16	64	49	54	
98	71	39	18	11	53	46	5	44	13	46	40	33	64	0	43	40	69	51	45	79	57	65	58	11	83	38	43	71	32	23	60	54	4	90	24	67	16	71	43	
86	45	13	67	29	1	29	56	23	25	42	4	12	38	35	0	65	60	30	8	59	47	44	30	24	26	56	22	36	39	9	95	39	58	33	10	22	36	46	31	
91	9	53	60	29	34	46	82	71	61	52	15	60	47	36	25	0	55	54	49	20	40	5	55	24	36	44	55	14	72	36	95	10	14	54	51	25	47	16	49	
89	52	1	76	27	23	34	61	28	32	11	24	17	26	68	35	70	0	35	36	39	35	49	15	29	69	49	27	40	27	69	58	18	63	82	17	32	24	40	28	
78	12	45	64	59	42	60	47	17	75	26	40	91	50	43	73	70	9	0	25	23	37	53	47	27	38	18	14	57	40	39	80	58	39	19	20	50	50	41	23	
42	4	48	70	33	63	24	53	11	74	47	33	65	8	18	30	56	52	24	0	26	20	83	21	68	31	39	56	82	38	31	93	57	31	49	15	49	4	46	44	
59	58	29	48	6	55	12	31	53	47	47	47	53	42	17	55	49	87	62	46	0	58	37	51	11	32	39	63	18	52	64	2	13	41	3	40	37	40	48	44	
5	26	24	33	66	38	35	39	18	12	60	13	18	12	35	58	27	35	36	12	51	0	45	59	30	53	52	3	56	50	47	67	40	16	11	18	12	34	25	37	
82	17	57	91	80	63	37	90	62	81	55	6	51	52	79	16	74	65	66	59	11	71	0	68	15	44	52	46	71	80	44	99	1	44	62	59	16	55	37	57	
77	54	40	81	2	54	51	78	45	43	52	28	34	33	74	50	86	35	52	53	29	74	66	0	46	81	73	40	61	7	81	94	26	48	94	63	48	63	77	53	
5	19	52	33	21	38	56	47	18	53	22	41	53	12	17	49	65	35	59	21	48	19	60	9	0	46	14	19	44	26	46	50	45	46	26	18	12	10	25	19	
83	2	39	58	57	61	29	41	16	38	45	43	88	40	37	53	6	83	17	44	47	56	33	53	52	0	37	20	42	24	29	9	38	29	13	44	47	40	44	42	
57	62	66	74	38	21	39	77	69	54	5	24	70	64	75	75	58	71	88	4	64	16	55	26	68	89	0	46	91	43	31	59	60	68	76	54	64	73	30	2	
98	20	64	86	51	57	32	55	21	77	63	82	91	58	28	96	69	52	42	62	65	44	76	71	78	47	55	0	69	30	47	41	81	47	65	62	92	38	62	60	
56	49	32	51	27	9	18	33	57	68	53	50	59	35	17	26	55	60	8	30	4	14	40	15	56	76	45	64	0	32	70	74	45	47	6	5	17	55	71	50	
39	39	71	67	9	2	43	89	50	43	48	28	65	46	30	38	67	29	83	54	8	26	18	85	37	66	70	20	92	0	66	38	23	66	61	30	38	54	21	57	
100	15	20	65	44	63	50	50	62	85	58	44	74	45	46	10	38	26	54	14	37	54	34	32	53	42	50	5	59	12	0	59	39	42	60	53	54	3	57	55	
33	50	19	61	33	33	30	5	24	74	3	20	13	40	26	7	66	63	7	32	7	43	30	21	25	61	57	23	51	38	52	0	15	49	92	46	40	18	53	32	
29	45	32	51	26	60	9	34	34	54	44	1	58	3	16	40	46	51	50	18	39	54	24	14	43	29	36	43	71	31	48	79	0	7	6	42	36	55	4	24	
87	51	62	29	29	77	38	85	29	2	63	40	81	53	39	50	75	82	16	69	45	33	30	37	49	78	62	10	28	54	49	36	18	0	93	64	50	48	37	67	
90	32	3	22	37	48	52	5	45	78	53	21	66	28	1	31	81	65	37	53	17	36	11	25	30	59	67	61	42	29	59	60	16	31	0	14	11	26	42	51	
45	34	21	4	54	53	70	88	30	40	26	40	53	46	61	50	3	16	55	33	45	40	30	52	38	8	29	59	23	47	41	75	19	9	76	0	50	44	5	17	
73	49	72	95	36	55	51	70	78	71	86	74	67	53	76	104	88	40	85	85	14	43	86	54	32	55	78	7	74	26	76	46	19	55	52	86	0	54	74	68	
22	38	70	50	43	26	44	72	35	52	10	29	75	29	65	54	7	52	50	9	49	21	34	31	30	34	2	36	43	48	12	64	39	43	44	5	29	0	35	1	
96	43	23	62	34	60	78	34	56	21	44	43	71	48	29	57	80	75	14	43	41	55	51	65	40	70	36	70	62	43	70	89	36	70	17	46	5	6	0	38	
90	75	61	16	23	75	72	66	62	64	73	23	55	21	39	71	74	56	55	74	1	95	87	11	67	72	88	61	28	28	97	84	47	44	78	43	11	67	55	0	
M3
0	92	105	70	55	42	61	12	43	41	60	61	86	39	79	63	97	66	44	47	66	79	37	34	73	14	77	68	72	77	26	33	49	58	76	72	35	68	62	1	
51	0	55	34	30	1	36	26	6	63	35	58	58	11	1	3	2	55	19	47	60	62	6	53	27	39	23	27	59	69	36	8	21	33	50	28	36	43	61	37	
61	90	0	41	65	56	62	29	19	66	1	71	11	37	11	69	36	41	26	57	48	36	73	64	16	39	40	82	72	88	49	69	4	41	68	11	77	45	67	6	
24	57	45	0	65	64	60	43	67	53	28	56	60	34	24	68	64	16	53	6	11	47	39	38	47	5	20	59	63	53	3	56	62	16	40	89	11	8	2	4	
50	77	31	46	0	59	61	32	29	56	62	29	68	68	58	40	25	71	70	48	26	80	69	47	81	3	1	85	5	67	62	71	40	35	39	53	82	42	73	35	
58	124	82	51	84	0	66	9	16	73	54	68	45	88	41	64	67	82	37	70	65	45	7	40	63	49	84	10	63	61	61	82	4	77	62	55	19	66	49	20	
64	37	63	38	63	29	0	54	61	29	61	47	52	34	9	5	11	71	55	55	67	90	11	52	78	40	6	55	58	74	65	51	49	76	39	16	56	50	65	65	
25	85	75	76	74	75	43	0	63	92	42	28	79	58	82	10	93	74	55	87	67	58	56	51	21	43	65	78	98	107	80	52	47	77	70	42	84	72	38	46	
38	72	59	26	31	82	13	57	0	20	1	15	74	48	38	67	49	29	67	43	39	50	73	52	62	56	70	56	16	95	54	69	42	67	54	2	62	22	32	32	
78	69	21	66	118	89	62	71	63	0	34	12	71	1	66	64	54	77	35	61	29	72	34	70	75	58	33	49	87	60	74	102	69	40	89	29	45	62	60	48	
3	30	3	14	31	53	13	45	20	6	0	19	35	2	26	39	39	4	20	31	27	60	13	39	2	44	43	28	29	61	37	9	20	34	8	37	43	10	41	14	
20	10	61	57	61	46	11	71	4	17	18	0	83	56	7	5	47	18	18	53	15	13	51	63	53	44	30	19	57	51	68	53	66	67	70	35	9	63	42	60	
62	4	38	24	60	40	55	65	5	62	43	17	0	50	40	42	41	65	16	55	60	11	37	41	49	54	44	66	17	50	15	47	60	41	40	14	53	57	51	53	
58	98	50	99	87	79	84	26	80	86	38	56	26	0	77	77	52	38	80	21	27	33	54	88	52	67	4	35	42	15	29	69	94	94	70	44	61	95	91	87	
56	83	17	42	17	34	78	49	66	65	31	73	52	53	0	72	39	69	9	9	78	74	42	27	32	13	19	60	74	56	70	61	29	55	87	92	39	72	69	70	
4	37	75	65	28	10	71	35	42	63	78	13	57	26	21	0	28	78	63	55	47	60	5	60	28	57	74	13	88	68	45	76	30	41	60	41	33	61	59	44	
54	38	71	20	16	74	54	22	79	54	45	66	75	40	17	13	0	42	39	48	56	76	73	23	51	50	59	38	9	29	48	72	27	57	85	15	56	53	47	31	
46	91	65	37	3	27	3	41	20	47	38	39	49	48	49	43	65	0	19	6	45	53	39	60	12	27	60	41	1	50	65	42	47	66	65	51	8	33	64	34	
49	57	34	55	28	50	34	58	17	65	33	2	59	12	7	36	49	53	0	53	8	62	10	51	26	5	60	34	10	37	34	6	70	31	42	56	58	51	46	17	
52	60	27	46	42	26	48	50	31	72	47	61	53	23	76	31	45	28	31	0	77	33	1	35	9	76	71	52	33	55	48	20	43	45	46	51	61	60	38	58	
8	32	56	59	8	28	17	33	57	37	51	99	54	76	5	70	13	27	47	51	0	16	44	69	14	25	61	52	40	37	58	75	23	44	25	61	63	55	75	48	
27	57	21	27	58	41	58	26	51	12	34	54	52	46	68	15	64	9	51	58	63	0	26	82	67	57	51	62	56	88	53	40	61	31	66	76	56	52	54	56	
35	88	57	24	66	23	72	45	52	45	56	68	6	46	33	11	14	38	25	41	37	48	0	48	59	54	38	36	37	17	8	44	43	65	9	4	15	20	51	53	
26	96	26	14	48	20	63	45	52	23	46	58	17	27	26	31	56	55	55	31	27	60	43	0	20	16	59	46	8	12	42	58	40	19	42	53	47	10	41	43	
23	46	44	11	77	37	2	39	66	73	43	55	59	33	23	55	63	52	52	28	24	17	59	37	0	41	56	50	65	69	39	55	30	52	37	69	47	7	38	5	
21	49	42	9	11	67	67	11	23	16	15	20	48	31	21	72	61	50	50	9	22	56	42	25	50	0	54	56	44	10	37	53	59	18	37	31	45	5	36	38	
62	83	29	50	65	34	39	44	66	50	82	50	13	70	62	77	85	75	17	15	63	80	48	18	36	45	0	60	58	31	78	67	41	13	54	64	46	46	46	70	
41	87	62	29	51	73	57	53	40	68	56	72	20	35	41	59	63	9	40	46	22	76	33	55	67	28	4	0	56	48	17	29	15	5	32	79	63	25	43	58	
7	87	52	19	50	63	33	50	39	83	19	49	48	34	31	58	71	57	39	5	32	66	26	21	38	49	64	66	0	41	47	28	53	53	47	12	55	15	46	47	
35	17	56	9	72	53	54	10	4	55	42	56	7	45	35	55	31	50	64	40	36	43	58	49	31	31	1	19	56	0	37	60	73	50	51	43	7	19	27	11	
47	85	96	63	48	70	54	49	37	40	53	81	70	32	75	26	11	44	37	49	42	77	18	65	33	24	12	88	6	81	0	26	9	51	73	39	69	59	64	79	
42	58	81	48	21	43	27	51	10	58	26	62	52	5	60	29	63	46	10	65	61	82	3	44	81	63	53	69	57	64	27	0	63	24	58	49	64	44	75	77	
25	71	46	13	34	20	40	44	23	34	39	57	57	18	25	16	65	54	23	30	26	60	5	39	36	2	58	46	24	51	40	12	0	1	41	55	49	9	40	42	
17	87	38	5	42	80	36	36	56	68	14	49	53	27	17	68	57	46	32	22	17	52	49	31	26	12	10	28	24	62	33	45	55	0	32	74	41	1	31	34	
43	82	84	55	61	62	51	51	23	16	61	75	9	72	57	87	11	12	24	51	37	32	58	67	30	28	100	88	8	80	13	74	82	96	0	34	38	61	30	79	
58	95	98	55	58	73	18	50	9	47	47	45	40	42	63	66	28	43	47	63	68	63	40	79	61	2	42	42	20	49	36	36	81	61	11	0	69	61	58	2	
33	72	34	21	33	17	50	42	16	63	42	23	34	29	4	17	38	59	34	38	6	43	27	14	4	36	60	28	55	2	49	23	37	18	27	48	0	17	48	50	
13	83	34	1	67	76	73	32	56	65	33	45	49	23	13	64	53	42	42	18	14	48	49	27	45	31	46	48	57	79	29	45	51	42	29	83	37	0	28	30	
15	90	34	47	53	75	13	66	42	28	58	50	84	37	59	61	17	8	42	60	60	77	35	73	52	68	70	61	55	96	59	31	22	56	75	80	62	43	0	55	
26	67	47	14	80	14	29	39	24	15	46	51	53	36	26	70	66	55	54	31	27	47	37	40	58	44	19	40	14	63	42	58	34	45	42	63	21	10	4	0	
M4
0	50	11	26	37	26	23	49	16	26	3	32	64	13	67	43	35	3	9	69	6	15	6	33	37	42	10	11	16	43	35	33	33	31	33	20	55	30	59	16	
29	0	11	13	22	35	57	50	16	53	25	59	39	13	53	12	36	2	42	32	6	15	4	26	37	17	10	21	16	79	55	33	33	31	45	20	55	14	62	49	
3	39	0	42	62	69	64	80	32	53	19	12	45	5	1	62	52	42	14	35	22	31	39	60	16	58	26	46	32	46	50	36	49	47	61	36	10	45	30	23	
32	12	16	0	53	59	37	64	58	42	24	48	15	40	15	46	20	67	8	79	48	57	9	49	79	52	43	64	10	64	65	1	13	51	19	32	22	33	46	71	
44	20	31	23	0	68	56	33	69	48	63	28	58	34	33	33	57	75	65	8	59	57	57	52	37	53	14	57	43	40	20	76	37	42	74	3	5	52	18	77	
14	19	33	61	15	0	40	56	8	4	51	10	42	33	32	34	13	48	63	29	41	21	52	11	52	11	12	66	27	72	36	47	44	63	56	16	47	8	19	81	
6	58	40	30	11	49	0	63	51	11	34	17	8	36	36	39	20	56	47	57	41	28	62	18	25	27	19	5	51	17	15	39	34	31	56	23	45	8	23	64	
58	9	59	74	3	63	45	0	64	48	71	54	21	49	87	52	57	41	60	71	54	55	62	18	10	59	19	71	42	55	30	62	58	64	26	47	60	52	23	67	
28	11	25	43	29	17	52	60	0	18	42	24	56	38	63	40	27	46	56	60	23	32	68	25	21	34	8	62	33	78	50	16	14	48	62	26	16	22	50	50	
7	44	26	88	8	53	33	49	75	0	45	3	35	26	54	66	6	91	56	65	68	14	71	4	57	13	5	59	62	65	29	65	37	56	49	9	42	1	32	82	
59	9	33	3	51	62	63	30	55	56	0	16	69	32	18	47	65	64	30	88	68	12	2	46	42	35	64	68	44	78	78	40	83	7	57	68	16	46	48	49	
20	34	67	65	3	57	24	7	58	57	58	0	46	56	11	55	36	15	27	88	79	53	44	30	17	39	21	78	67	77	55	24	67	30	51	14	67	49	37	74	
14	51	15	30	15	21	40	32	20	4	29	10	0	5	45	8	13	33	16	64	10	19	77	11	41	20	5	59	20	72	36	37	37	20	49	16	49	8	39	33	
21	58	38	77	50	56	15	79	67	39	60	8	24	0	13	33	9	45	59	68	57	31	67	46	88	8	47	80	25	68	57	84	35	67	70	51	57	20	35	50	
48	12	26	41	49	71	19	55	31	38	20	32	42	67	0	57	47	44	57	56	21	30	30	45	31	54	25	12	31	11	70	16	48	46	60	35	70	20	73	58	
59	31	78	39	60	80	48	69	90	49	93	55	67	65	18	0	58	43	9	73	85	33	34	53	52	43	31	26	50	4	53	89	80	47	67	49	31	14	84	51	
9	73	56	85	38	44	24	79	66	27	48	33	65	17	66	92	0	86	47	56	98	44	62	34	87	35	35	89	53	56	45	80	28	60	79	39	45	10	23	103	
36	72	19	53	61	39	80	51	60	57	75	63	87	53	85	7	66	0	42	82	94	5	68	19	53	40	8	36	53	66	62	57	64	18	64	11	72	17	29	95	
26	47	33	48	27	65	23	31	25	16	45	22	25	28	27	56	25	51	0	20	28	33	55	2	55	26	24	43	38	70	29	44	15	32	8	28	27	20	40	81	
21	58	48	25	33	54	36	46	24	22	45	24	10	29	19	41	9	22	45	0	43	39	14	29	68	38	30	60	14	68	33	63	40	53	44	34	33	22	35	47	
39	41	2	17	59	47	48	77	7	48	16	54	79	43	68	38	27	20	33	86	0	6	64	55	28	64	1	46	7	70	46	24	24	22	36	11	46	22	53	80	
48	40	3	59	21	68	21	30	49	38	36	32	58	55	86	42	47	8	3	22	39	0	48	44	37	34	43	37	38	103	45	7	60	42	1	31	57	25	33	84	
40	31	32	56	18	47	32	4	46	30	55	33	3	31	71	34	39	59	42	81	36	45	0	37	32	32	31	85	41	77	52	63	42	46	48	42	75	34	11	59	
22	40	44	51	19	57	37	64	49	40	12	32	60	30	76	52	10	62	60	69	39	31	42	0	9	33	43	46	48	24	58	37	41	11	1	52	58	23	33	37	
37	44	58	47	40	11	9	78	33	29	62	31	67	58	51	39	38	38	66	54	62	24	70	29	0	36	26	40	51	70	29	62	69	45	26	9	8	33	44	15	
32	37	4	27	33	4	52	72	26	22	67	28	60	51	50	52	31	52	62	47	53	39	58	29	24	0	3	54	28	64	54	18	54	39	15	22	2	26	19	1	
18	55	37	55	19	58	44	28	45	8	36	6	46	37	65	50	17	33	61	27	35	25	73	15	56	24	0	70	42	76	30	62	14	60	60	20	53	12	43	93	
24	60	43	79	25	51	50	66	69	14	62	20	52	43	29	7	23	75	11	80	59	31	68	21	74	30	22	0	69	36	46	57	54	49	21	26	59	18	49	72	
33	8	52	55	34	53	6	72	75	23	56	29	53	52	30	15	32	63	82	26	67	40	65	30	83	39	24	82	0	59	55	91	56	82	75	35	68	27	58	102	
24	75	47	45	63	42	61	60	53	52	67	58	25	23	32	17	61	1	64	57	58	39	92	11	10	36	42	27	42	0	81	60	81	5	55	7	60	51	63	9	
15	44	46	61	52	40	38	61	10	41	60	47	79	31	80	71	11	64	61	62	41	50	15	7	54	44	41	48	3	70	0	49	25	51	34	53	14	24	37	80	
39	18	26	41	40	11	65	45	31	29	40	24	67	58	39	52	38	44	57	54	21	30	75	36	52	36	2	65	31	54	61	0	31	28	54	35	70	33	44	27	
18	39	37	99	19	49	11	12	71	8	56	14	46	37	54	47	17	17	54	61	79	25	82	15	40	24	16	41	37	72	40	11	0	67	56	20	53	12	43	88	
18	48	8	6	26	21	51	67	14	15	63	21	53	44	67	7	24	45	51	47	54	10	63	22	1	31	23	40	3	76	47	52	42	0	16	27	51	19	48	58	
35	14	18	33	39	63	36	68	23	45	32	6	62	48	64	53	43	36	49	77	13	22	22	37	44	8	17	20	23	86	62	11	34	38	0	27	47	38	7	83	
62	49	14	38	2	72	43	28	32	73	41	13	67	68	51	63	52	45	29	87	22	28	57	54	53	9	26	55	32	80	3	46	46	43	10	0	61	47	42	67	
18	29	31	46	26	64	51	42	36	15	45	21	48	33	72	50	24	49	32	83	26	24	72	22	44	20	23	24	36	34	47	53	53	9	41	27	0	19	50	48	
62	47	51	66	11	61	61	62	56	52	63	39	25	53	88	56	61	38	64	96	46	55	52	59	22	41	15	53	56	50	13	44	9	59	8	60	22	0	40	36	
26	63	45	47	7	72	38	60	53	16	23	22	33	16	73	64	25	46	55	45	66	33	14	17	70	18	19	52	5	59	48	33	10	48	62	23	61	20	0	72	
14	51	21	48	43	49	29	84	45	32	53	17	55	22	62	25	2	21	52	61	35	42	59	39	49	40	39	50	45	41	9	48	33	41	12	44	50	15	28	0	
M5
0	55	25	25	51	58	39	30	25	18	29	13	32	32	4	26	22	23	41	30	33	21	8	13	1	22	6	24	11	39	11	21	33	47	21	25	31	23	28	18	
31	0	28	24	54	69	11	21	10	17	35	36	35	35	14	50	21	38	8	58	56	10	32	44	16	29	5	47	34	38	14	23	50	46	20	24	53	38	27	44	
12	41	0	40	71	50	44	28	16	33	36	4	39	37	42	18	23	18	36	26	24	6	13	12	17	26	21	15	2	49	38	39	24	9	36	40	22	22	25	56	
34	11	37	0	65	57	38	40	28	45	45	16	45	5	38	25	3	30	61	38	36	29	13	24	41	20	33	21	14	46	50	32	23	53	39	32	10	34	35	4	
48	70	15	21	0	2	25	7	52	36	22	40	9	22	15	36	8	48	59	55	34	17	51	21	29	25	24	14	38	48	1	42	48	63	39	43	32	37	34	34	
66	89	44	57	86	0	59	47	35	52	43	23	58	35	67	37	45	37	53	19	42	58	40	31	48	45	40	34	21	62	46	28	43	60	55	32	41	29	38	51	
44	22	55	63	95	31	0	50	54	82	34	72	53	74	74	50	41	63	61	29	49	2	62	32	69	40	70	29	81	68	55	34	10	38	59	4	53	52	59	36	
49	73	42	43	43	40	44	0	23	42	53	21	54	49	56	32	43	26	38	4	27	5	38	29	46	42	30	32	19	13	55	39	41	46	39	43	17	39	34	36	
1	67	38	17	44	59	57	43	0	45	37	40	52	23	23	42	49	49	1	17	40	27	35	40	28	40	33	51	38	43	38	48	18	14	48	52	41	23	44	45	
58	25	25	19	39	72	37	27	56	0	32	26	30	32	74	7	50	40	46	48	46	27	27	34	32	52	34	66	53	33	11	52	75	38	15	19	44	36	44	44	
30	70	53	43	53	43	41	54	31	74	0	32	54	52	42	3	67	40	12	54	5	32	51	40	38	39	62	42	63	49	41	15	49	38	39	43	13	60	57	41	
38	62	14	41	60	39	33	54	40	59	52	0	44	60	50	26	56	7	38	15	13	28	26	1	47	32	47	50	65	38	55	33	62	53	39	43	11	38	24	47	
27	50	19	20	71	65	38	30	31	13	47	32	0	51	22	45	10	35	36	6	28	49	28	40	27	25	1	43	30	34	35	19	52	42	16	20	30	37	23	38	
14	50	22	20	66	39	38	19	25	13	12	18	27	0	34	25	17	32	18	40	23	12	28	9	27	14	1	3	16	19	36	19	34	3	16	20	12	19	5	46	
45	67	46	38	64	58	16	56	44	31	6	32	36	54	0	44	35	46	54	46	40	47	46	40	45	33	19	22	30	52	60	37	52	58	34	16	50	43	29	52	
45	11	20	41	46	8	49	56	2	41	27	60	37	27	26	0	27	47	45	54	33	22	49	39	34	24	29	13	58	49	6	47	34	58	37	41	69	36	39	39	
54	46	14	16	67	65	34	69	32	40	18	52	27	53	11	48	0	39	35	74	40	48	24	34	17	38	28	52	50	30	32	29	49	41	12	16	37	26	12	64	
50	66	18	18	37	29	35	31	21	36	29	44	44	53	32	28	33	0	59	60	30	5	19	6	24	9	24	35	42	27	32	26	42	30	36	40	48	15	1	41	
71	42	42	12	63	52	30	34	48	57	2	38	23	13	64	38	59	41	0	57	36	28	20	46	19	27	45	16	36	26	46	13	50	38	8	12	56	29	50	59	
34	67	25	33	57	40	18	51	3	49	36	21	48	23	30	17	19	35	12	0	1	21	45	29	31	16	62	38	49	34	39	24	25	37	33	33	2	22	8	10	
56	71	35	48	66	11	44	52	44	59	34	32	33	19	9	31	41	14	21	37	0	18	22	36	50	20	47	9	30	57	49	32	43	59	62	30	50	32	31	52	
6	55	45	4	83	56	4	42	9	31	22	45	48	48	36	43	35	39	52	62	38	0	40	20	33	16	19	24	43	52	43	37	43	57	34	37	29	42	28	20	
40	29	39	20	32	28	36	39	17	40	47	27	19	53	70	23	44	41	56	49	47	27	0	35	45	52	28	69	57	44	53	13	75	43	43	47	8	36	22	65	
63	61	32	49	29	10	58	79	58	64	52	18	8	52	50	35	42	32	60	33	38	47	51	0	59	45	52	71	81	2	31	27	80	78	61	65	36	63	49	64	
53	58	18	28	56	42	25	33	10	47	17	39	12	41	41	20	43	3	53	61	24	24	29	25	0	2	43	28	44	36	20	29	28	49	24	28	36	3	20	34	
69	59	34	39	58	22	8	45	38	27	12	26	32	59	31	9	48	5	71	48	28	26	40	27	45	0	43	8	24	48	48	9	42	47	57	41	44	31	22	14	
16	39	29	9	60	54	27	45	32	2	39	21	20	53	41	35	6	35	25	43	41	56	17	29	16	14	0	32	19	23	43	8	41	31	5	9	39	26	12	46	
79	80	19	44	73	29	29	36	36	49	30	48	17	54	41	15	70	27	62	34	13	48	42	23	34	4	56	0	46	46	33	31	27	66	55	59	49	16	37	36	
44	67	22	37	68	47	41	25	13	30	33	1	36	34	47	15	23	15	46	23	21	36	18	9	26	23	18	12	0	46	35	36	21	38	33	37	19	19	32	55	
73	24	7	63	92	86	44	81	62	59	34	60	15	64	9	72	26	55	12	57	61	75	71	68	33	54	47	50	58	0	72	64	80	84	59	36	78	55	57	80	
38	63	5	33	31	69	36	45	44	26	12	45	44	12	65	58	30	41	49	67	62	7	41	24	19	32	14	56	43	47	0	32	65	53	29	33	63	38	24	24	
72	43	67	35	17	16	43	83	57	36	33	59	46	6	8	67	55	49	66	32	55	50	43	46	72	60	46	49	57	20	69	0	79	47	31	23	56	52	56	64	
49	42	16	12	42	60	30	14	16	37	23	37	13	23	67	20	41	51	59	59	57	18	20	15	30	43	25	59	46	26	2	43	0	64	8	12	55	29	35	4	
49	64	20	13	42	49	48	57	25	45	19	16	34	34	43	37	44	27	33	38	34	38	19	24	5	25	45	38	67	5	22	51	13	0	48	52	34	5	26	40	
60	31	33	1	52	78	19	61	38	46	32	37	12	45	56	33	48	51	69	59	57	50	9	45	60	38	34	48	35	15	35	52	57	54	0	1	51	18	39	49	
38	15	19	31	78	71	40	49	37	24	35	25	14	58	40	31	28	39	47	47	35	53	4	33	38	36	12	36	23	45	38	30	28	20	27	0	43	21	34	34	
18	57	26	27	41	51	14	35	52	62	43	5	38	50	48	1	40	19	50	27	25	5	35	13	45	44	50	59	46	22	55	8	53	34	23	27	0	44	36	43	
50	55	2	15	44	47	33	58	7	39	1	23	16	25	25	19	43	25	50	45	40	20	13	30	31	7	27	20	49	20	4	33	54	37	42	46	20	0	8	37	
52	61	9	31	63	53	49	49	12	58	20	35	35	44	44	38	57	37	55	57	55	39	32	14	15	26	46	39	33	39	23	17	55	21	27	31	39	6	0	56	
27	56	5	16	77	35	44	62	40	19	48	11	37	46	57	23	23	25	42	33	31	46	14	19	33	25	7	49	36	40	51	25	21	48	22	26	29	34	20	0	
