40  2  1
2
	0	39	1	1
	0	93	1	42
	0	72	1	87
	0	13	1	52
	0	71	1	1
	0	56	1	59
	0	37	1	18
	0	98	1	7
	0	74	1	24
	0	3	1	23
	0	33	1	69
	0	56	1	59
	0	88	1	53
	0	76	1	21
	0	13	1	38
	0	95	1	39
	0	76	1	25
	0	23	1	64
	0	69	1	35
	0	47	1	5
	0	37	1	66
	0	13	1	41
	0	79	1	32
	0	5	1	68
	0	37	1	96
	0	24	1	71
	0	85	1	62
	0	17	1	26
	0	88	1	78
	0	16	1	69
	0	7	1	75
	0	84	1	3
	0	46	1	32
	0	87	1	11
	0	86	1	55
	0	25	1	1
	0	45	1	1
	0	5	1	12
	0	57	1	88
	0	28	1	46
SSD
M0
0	49	39	32	7	51	47	54	31	19	50	19	37	60	39	32	52	60	53	5	13	18	23	50	10	54	37	31	33	35	15	42	44	22	35	38	43	2	44	24	
47	0	71	55	67	57	47	76	40	28	50	43	59	26	39	54	37	80	75	70	69	71	69	48	32	65	79	53	54	32	76	11	53	51	68	13	43	61	10	26	
65	53	0	52	28	64	63	67	78	66	71	36	29	54	40	53	57	39	52	29	30	39	61	49	23	63	69	30	66	72	53	28	12	72	68	26	30	19	24	64	
62	81	80	0	52	55	71	81	55	43	72	73	57	57	56	47	62	91	73	50	17	70	49	55	47	72	11	65	68	43	77	49	26	69	67	74	65	61	67	29	
20	40	30	1	0	39	46	18	48	36	41	43	2	47	30	13	37	14	35	48	31	9	16	32	34	15	25	13	35	18	8	35	40	28	12	29	9	26	37	43	
27	71	47	10	71	0	43	77	77	66	74	51	40	78	63	7	11	50	20	71	40	42	41	29	33	46	16	10	60	66	33	41	49	52	7	40	35	34	60	52	
33	15	23	35	51	48	0	55	35	29	34	7	50	34	23	13	28	50	58	27	14	2	13	39	11	2	48	38	54	52	61	58	49	66	36	22	40	3	48	45	
21	27	13	46	20	8	58	0	59	47	52	34	50	7	41	34	14	52	35	33	46	20	17	39	51	36	31	25	35	28	9	36	12	52	71	4	34	49	38	41	
50	33	62	41	11	59	15	23	0	31	39	50	45	76	62	48	64	50	43	13	44	41	14	34	35	51	36	54	65	77	77	41	56	78	79	60	21	33	65	55	
16	77	69	44	62	46	25	45	9	0	71	27	52	42	69	55	30	80	44	60	57	48	49	41	1	58	58	22	44	80	45	53	22	64	88	28	21	46	72	79	
26	7	62	13	59	41	35	55	19	7	0	36	17	52	31	20	40	70	18	48	3	41	27	6	11	23	37	26	37	27	49	57	32	55	65	32	31	19	37	55	
42	1	72	25	4	30	57	77	33	34	63	0	45	42	52	57	2	5	46	44	13	51	48	43	33	45	49	24	52	64	40	55	59	5	6	63	49	48	63	20	
57	73	11	38	70	18	66	41	50	38	74	55	0	77	42	45	62	75	68	55	33	56	12	31	42	48	62	46	40	43	69	77	30	17	73	57	20	44	44	31	
53	85	27	56	43	40	46	25	61	80	65	37	60	0	15	2	47	56	83	53	56	56	21	49	37	66	38	61	54	47	45	72	72	92	37	37	67	45	74	84	
29	57	73	28	15	12	68	46	50	52	37	44	32	33	0	11	19	28	63	25	45	52	42	21	9	38	39	41	52	19	64	72	48	77	42	47	50	34	52	56	
7	59	49	36	53	51	43	50	23	15	26	32	9	51	49	0	16	79	28	51	26	28	1	52	6	63	32	33	49	80	17	44	12	68	78	46	39	15	31	43	
46	36	26	33	42	6	44	63	9	32	37	52	41	53	26	19	0	56	33	47	46	5	42	30	36	42	51	11	31	53	34	42	40	53	51	25	36	35	40	9	
40	48	60	62	21	2	30	49	47	48	71	65	70	20	59	44	65	0	62	38	65	39	36	59	5	51	50	40	34	46	28	55	44	76	6	35	51	64	55	56	
48	58	16	54	41	51	57	8	40	29	64	19	8	49	52	39	62	33	0	18	13	76	58	53	10	54	13	49	53	55	72	54	49	39	35	18	48	2	63	21	
11	79	74	49	52	33	30	50	14	2	55	32	57	47	67	60	35	8	49	0	28	53	45	46	6	19	63	27	47	56	50	4	27	18	37	33	26	51	59	12	
44	55	64	33	30	1	40	59	65	58	52	24	41	48	2	26	34	37	33	40	0	43	42	30	15	47	54	11	58	17	34	42	19	15	57	54	11	7	13	32	
33	18	8	49	36	33	42	52	26	14	19	37	53	54	8	1	40	38	61	46	43	0	52	42	18	59	60	39	54	40	52	43	39	81	63	7	37	32	33	30	
39	22	75	37	23	26	15	73	63	51	21	52	41	44	61	24	73	1	72	62	46	54	0	30	29	47	27	50	39	70	52	79	65	68	30	56	39	35	61	48	
48	37	51	2	67	57	48	60	52	40	62	25	6	44	51	9	38	60	37	37	19	30	16	0	16	12	26	15	26	50	38	46	41	51	54	21	40	8	26	44	
25	57	55	24	60	18	34	7	18	6	66	34	32	51	55	35	29	42	24	63	23	34	11	21	0	38	47	2	6	68	25	33	2	34	59	4	9	26	52	58	
12	52	69	20	52	49	31	52	16	4	64	34	24	8	69	27	2	24	51	9	37	48	2	13	8	0	22	29	44	26	50	60	29	50	53	35	26	26	44	62	
61	60	8	51	29	57	70	65	54	42	20	6	55	45	43	4	61	32	11	74	24	57	20	44	21	55	0	60	64	75	83	8	4	67	61	43	31	13	74	82	
18	44	36	5	44	56	16	57	54	42	47	24	13	51	36	16	10	66	5	44	18	15	14	2	15	19	28	0	33	57	6	14	33	25	61	28	8	7	33	47	
30	59	50	34	57	43	59	22	8	32	61	2	38	28	40	8	30	18	46	37	51	29	12	27	36	4	22	34	0	54	18	45	57	63	15	48	40	40	47	31	
65	22	69	19	69	22	33	78	70	58	64	22	24	62	47	27	3	77	52	22	37	48	34	13	34	30	43	30	44	0	53	42	58	69	32	39	55	26	44	21	
5	35	25	31	32	50	42	69	43	31	36	50	39	47	25	18	36	55	31	49	30	4	1	28	35	45	15	9	59	57	0	20	56	51	79	24	22	33	22	47	
36	14	39	46	50	58	27	33	29	17	50	26	50	14	39	4	50	51	59	77	20	18	32	39	17	56	70	37	51	64	60	0	42	32	8	4	34	9	64	61	
41	38	28	49	12	28	38	72	45	33	38	48	5	32	28	21	11	21	1	38	60	7	11	42	37	5	15	42	65	55	65	54	0	79	50	18	48	52	53	50	
51	55	45	38	69	43	45	89	56	49	56	33	28	32	45	38	43	42	38	5	51	24	38	35	48	44	61	16	46	64	39	39	43	0	71	3	33	40	66	64	
44	6	52	38	1	41	52	43	41	53	35	41	5	3	52	38	22	60	61	5	44	31	40	32	41	49	54	48	55	3	32	54	14	70	0	51	30	33	55	40	
40	52	54	17	41	70	49	69	33	21	65	5	21	59	54	21	53	66	52	52	34	33	31	10	25	27	41	30	22	64	53	11	15	66	51	0	5	23	41	59	
44	48	27	13	26	52	59	50	63	51	73	28	17	23	62	20	33	71	48	41	30	41	27	6	27	23	37	26	37	14	48	57	7	62	22	32	0	19	8	38	
47	51	53	64	72	44	64	47	58	46	95	12	68	79	45	32	69	73	64	67	6	74	51	61	3	47	87	42	46	60	65	73	42	58	74	44	49	0	56	75	
49	47	29	12	77	67	52	9	54	42	72	35	10	21	56	19	32	62	41	47	29	40	26	5	26	14	36	19	36	42	42	26	51	61	47	31	44	18	0	41	
74	54	75	51	82	13	65	85	67	55	15	54	33	36	54	21	31	89	21	54	15	80	43	45	59	62	51	62	11	16	85	68	65	67	14	71	13	58	19	0	
M1
0	31	69	2	21	51	23	47	69	47	63	55	18	37	68	26	40	59	21	42	44	38	39	42	6	60	25	12	44	34	38	40	2	20	42	56	47	40	25	42	
47	0	58	50	39	14	44	45	38	44	73	52	43	17	51	53	9	45	13	51	57	4	45	45	37	40	26	60	46	7	54	58	37	40	31	48	40	68	43	38	
30	13	0	33	52	26	33	2	11	57	64	10	13	31	41	10	22	1	30	55	63	59	31	17	37	33	3	43	43	17	10	52	33	18	12	29	54	13	45	46	
37	45	57	0	11	39	61	34	31	37	55	57	45	27	46	18	9	12	35	44	34	56	29	4	13	12	15	4	13	35	28	30	4	23	34	34	50	26	15	7	
39	43	56	42	0	33	51	32	51	25	57	62	41	15	57	40	51	44	31	49	22	44	17	20	12	45	3	43	41	40	16	18	42	38	42	53	38	49	3	33	
39	58	68	30	61	0	36	47	31	59	44	30	44	63	10	33	67	25	12	61	12	22	60	48	46	68	56	30	5	62	73	69	42	24	57	66	60	58	51	60	
34	15	62	26	27	38	0	6	46	29	28	32	17	43	33	14	13	24	17	59	50	8	35	48	40	25	31	32	35	8	44	44	29	22	16	21	6	53	10	42	
21	4	57	24	43	25	45	0	44	48	65	59	4	48	61	1	13	19	21	46	55	50	22	53	28	53	47	34	50	19	45	54	24	9	3	58	69	44	36	42	
37	56	66	40	47	45	61	68	0	40	54	69	56	52	63	64	44	54	38	74	28	76	5	58	40	55	51	50	12	58	57	66	34	52	40	51	75	35	51	69	
47	22	32	23	47	14	3	27	42	0	49	53	38	54	29	35	34	20	14	52	26	29	56	59	51	6	46	23	2	24	44	40	36	43	37	17	27	1	9	53	
32	51	8	11	29	26	56	41	30	55	0	18	16	42	17	38	29	8	24	54	6	48	47	15	39	9	1	45	19	44	15	11	28	34	27	5	42	72	33	26	
43	19	33	24	59	15	35	15	36	32	14	0	26	50	30	15	3	21	21	51	51	16	44	52	50	22	47	36	32	12	34	41	31	31	25	18	10	2	14	32	
56	47	54	56	52	26	14	38	56	10	10	48	0	68	4	46	45	53	47	46	42	40	56	53	50	39	56	56	35	40	51	65	59	44	48	50	38	34	42	17	
9	11	47	12	1	22	23	7	15	25	59	26	5	0	29	15	15	8	13	13	24	8	19	20	14	21	5	22	26	4	18	20	12	2	17	17	2	42	5	29	
14	12	34	17	36	35	38	40	42	62	15	6	19	44	0	13	55	40	17	39	35	23	46	15	21	49	40	27	27	49	53	50	17	5	50	54	62	55	32	55	
43	48	64	46	7	19	38	40	4	33	25	70	4	23	61	0	59	52	36	57	30	52	25	28	20	53	11	51	11	48	11	26	46	24	50	61	46	57	11	5	
20	41	53	23	42	18	36	37	64	10	82	36	24	58	59	45	0	13	36	23	23	38	33	26	27	39	44	33	12	34	56	52	3	41	35	47	32	34	36	4	
47	33	43	34	21	25	18	42	53	47	59	60	53	37	16	50	49	0	25	63	44	44	39	8	34	32	25	32	42	35	38	40	50	58	50	28	42	12	6	5	
40	40	52	43	43	10	56	36	57	54	25	43	33	21	55	44	44	49	0	30	52	37	40	37	47	50	9	53	60	33	60	62	43	44	42	46	31	78	35	35	
5	34	36	8	27	4	29	24	69	25	68	8	24	33	69	32	44	50	8	0	17	44	5	2	12	23	31	18	43	40	43	39	8	26	7	62	53	46	13	11	
19	25	35	22	37	17	43	56	45	44	55	50	38	52	32	46	31	23	22	55	0	58	5	56	2	6	6	19	34	27	47	43	22	40	2	20	67	4	16	49	
33	50	13	9	44	24	57	39	28	43	44	50	33	40	6	20	35	6	9	52	53	0	22	58	22	7	39	46	17	65	30	26	26	49	25	3	63	67	37	41	
45	47	67	7	10	31	49	43	51	36	61	62	41	15	65	51	7	40	1	49	33	44	0	21	23	56	14	54	44	40	20	29	35	38	3	53	38	60	14	32	
2	24	34	5	24	8	26	50	2	1	49	57	21	40	31	29	43	22	17	44	47	10	31	0	9	4	28	15	26	26	29	25	5	23	28	19	50	3	18	40	
36	14	62	39	5	13	57	38	57	31	7	35	47	21	61	46	44	50	37	55	28	50	23	26	0	51	9	49	29	46	22	24	39	44	2	49	44	48	9	39	
15	10	39	3	37	37	26	6	41	24	63	59	17	41	28	14	14	19	12	47	60	7	35	54	22	0	19	27	30	3	43	39	7	22	16	16	1	48	5	1	
34	51	30	10	43	24	58	40	29	69	69	60	34	29	16	14	54	7	38	53	45	49	50	59	41	3	0	47	18	54	29	25	27	52	26	4	52	34	38	10	
12	23	33	15	23	13	35	43	43	28	25	42	21	15	30	39	51	21	34	49	46	44	19	44	19	22	27	0	32	25	38	34	15	27	4	18	38	2	14	4	
34	34	44	27	26	26	25	49	17	52	64	38	51	42	33	54	56	24	27	25	27	9	35	9	39	25	30	44	0	18	34	30	9	15	37	21	49	13	20	18	
55	15	76	58	32	56	78	65	59	58	2	37	64	48	39	73	51	61	64	82	38	61	37	24	33	62	36	17	17	0	33	51	55	55	47	58	71	45	36	47	
34	17	17	37	38	38	3	6	10	48	49	46	9	54	2	14	13	32	4	59	7	29	35	55	41	4	42	47	46	29	0	57	37	22	16	42	27	57	31	16	
18	50	58	21	15	49	42	48	67	41	70	66	37	31	68	45	59	59	10	61	38	46	33	36	25	38	19	31	41	53	1	0	21	39	27	56	54	59	19	12	
18	17	49	21	40	17	42	37	69	27	73	21	10	46	51	45	39	47	21	8	30	57	18	15	25	36	10	31	17	41	45	52	0	39	20	44	66	28	26	24	
8	40	67	11	30	35	32	55	63	56	61	39	27	28	50	35	49	41	1	26	35	47	30	33	15	33	34	21	52	43	38	34	11	0	38	38	50	41	16	42	
46	36	67	11	48	47	3	25	67	50	30	53	36	49	54	30	34	14	38	78	10	29	53	67	53	43	51	8	56	29	46	45	48	41	0	42	27	36	31	38	
29	46	74	5	40	20	53	35	24	66	64	55	29	36	11	32	49	2	35	48	63	53	45	54	36	3	35	42	13	61	26	22	22	50	21	0	59	66	44	37	
32	8	59	20	54	35	24	4	39	22	70	57	15	39	26	12	12	17	10	57	60	5	33	63	39	18	50	25	28	1	41	37	22	20	14	14	0	46	3	41	
34	9	19	10	45	1	58	40	29	69	39	52	34	41	16	37	54	7	40	39	56	55	49	46	41	8	33	47	18	11	31	27	27	55	26	4	55	0	49	42	
34	26	65	37	31	4	58	61	40	57	64	45	53	47	39	28	60	62	26	32	12	62	21	39	10	54	20	35	57	57	17	13	37	23	43	59	56	61	0	28	
11	32	42	9	20	24	35	53	14	46	62	67	30	36	39	38	52	4	2	54	42	21	38	41	18	31	24	24	41	34	6	2	14	32	32	27	59	11	24	0	
