40  2  1
2
	0	83	1	74
	0	60	1	28
	0	1	1	41
	0	61	1	6
	0	25	1	19
	0	97	1	64
	0	94	1	64
	0	68	1	75
	0	42	1	26
	0	45	1	5
	0	25	1	69
	0	81	1	35
	0	63	1	31
	0	92	1	65
	0	100	1	15
	0	16	1	59
	0	66	1	41
	0	56	1	14
	0	88	1	99
	0	42	1	75
	0	89	1	84
	0	2	1	19
	0	69	1	5
	0	7	1	84
	0	64	1	2
	0	29	1	6
	0	13	1	3
	0	45	1	3
	0	92	1	9
	0	45	1	19
	0	92	1	4
	0	64	1	1
	0	44	1	99
	0	18	1	91
	0	25	1	79
	0	18	1	45
	0	94	1	13
	0	12	1	16
	0	48	1	26
	0	52	1	57
SSD
M0
0	63	59	3	34	24	50	34	63	22	18	46	14	45	37	55	61	3	24	17	35	26	36	48	67	40	11	29	59	38	4	58	51	22	35	33	35	59	37	73	
54	0	43	67	6	42	59	23	2	47	36	33	20	53	1	39	74	41	21	32	40	57	51	49	54	20	65	60	66	49	37	26	76	31	49	17	47	22	44	57	
29	6	0	56	71	28	30	55	60	43	20	51	48	29	35	50	48	41	26	49	38	26	7	7	63	46	34	29	22	5	1	28	51	22	11	33	45	57	48	43	
30	14	7	0	67	11	38	8	51	12	28	30	12	37	43	39	37	24	19	46	38	34	15	15	61	54	42	37	30	3	9	7	59	26	19	41	39	20	56	9	
23	47	49	43	0	36	41	24	13	63	5	7	51	22	6	35	57	32	23	1	43	37	57	18	23	4	45	40	69	21	38	35	62	35	34	44	56	54	59	34	
34	22	44	14	56	0	31	27	32	40	34	21	29	38	28	11	45	22	26	37	8	19	30	41	41	33	4	22	52	50	42	36	44	3	8	18	28	43	34	38	
15	31	55	40	40	40	0	18	37	9	38	31	48	41	18	29	47	60	29	44	28	22	55	53	37	49	30	15	7	36	29	34	47	49	10	29	12	10	51	29	
49	44	37	55	83	62	9	0	19	8	58	33	61	63	70	62	69	22	51	60	15	44	45	45	49	38	52	18	59	34	39	7	63	60	32	11	43	43	28	14	
22	38	31	50	28	20	29	44	0	50	52	7	42	32	41	42	59	34	17	12	37	13	39	6	57	47	21	16	48	8	26	34	38	16	29	20	32	56	9	15	
39	31	27	2	32	56	37	55	13	0	48	49	28	43	54	35	35	33	31	50	31	24	9	35	23	28	32	4	6	33	17	32	49	29	39	1	43	28	40	41	
41	44	46	62	47	32	33	28	53	33	0	6	21	49	30	32	27	3	23	9	42	30	32	11	36	1	37	33	39	31	31	32	55	5	43	37	36	24	41	47	
30	18	37	52	60	38	6	46	62	41	49	0	20	34	49	44	5	31	3	34	41	15	35	45	44	38	23	18	37	43	39	16	40	48	46	11	34	48	53	51	
18	15	8	31	47	37	30	29	60	48	29	41	0	38	32	39	31	50	28	58	30	21	16	16	63	35	6	20	31	5	10	16	46	31	20	28	30	54	36	40	
27	47	45	17	4	60	44	43	41	49	7	36	2	0	2	20	29	35	19	30	44	12	45	43	4	4	20	15	3	50	5	35	37	37	30	19	5	37	9	45	
28	2	63	10	60	7	34	4	62	60	21	52	59	49	0	41	25	15	37	55	42	30	63	11	14	24	38	28	60	33	31	46	45	47	43	37	49	61	52	24	
17	35	28	39	47	44	32	33	5	34	7	3	30	21	23	0	50	23	9	10	34	2	31	36	37	13	10	5	51	34	30	40	27	4	33	9	21	44	12	49	
39	30	44	61	67	17	28	46	47	27	49	40	53	39	58	26	0	46	13	52	36	24	52	5	59	48	32	27	67	50	25	48	49	45	37	21	33	36	12	12	
33	4	52	46	70	55	31	48	4	46	31	27	41	45	40	8	6	0	29	34	40	26	9	52	29	22	34	29	38	54	15	53	51	15	57	32	45	55	36	61	
31	26	19	59	68	40	50	5	77	28	40	41	68	49	55	70	66	46	0	28	54	46	27	27	7	59	54	19	26	25	21	27	33	42	31	51	27	77	68	41	
57	47	40	39	34	10	68	2	45	23	47	43	32	57	63	24	49	40	49	0	48	42	24	48	46	53	50	22	41	46	42	69	40	40	52	49	56	31	52	60	
45	53	46	53	49	36	66	22	33	6	41	27	2	55	57	18	12	57	43	44	0	36	51	48	6	47	44	35	30	31	48	27	61	38	47	20	55	43	19	60	
13	35	31	35	43	57	47	29	45	35	44	41	27	17	32	27	46	50	5	53	30	0	31	39	43	32	6	1	54	37	33	36	23	31	29	5	17	42	36	45	
51	34	27	56	51	56	35	45	39	9	26	37	23	55	34	18	59	54	43	44	58	36	0	35	30	35	34	39	2	33	2	56	25	38	39	31	55	68	15	71	
27	49	45	49	57	14	16	41	46	49	58	55	41	31	46	41	59	61	19	67	24	12	45	0	57	46	20	15	68	51	13	36	37	45	25	19	31	43	34	29	
6	9	2	59	72	31	33	24	18	46	23	11	51	32	38	47	4	44	15	52	41	29	10	10	0	49	37	32	23	8	4	31	54	25	14	36	48	28	36	12	
32	14	16	54	62	38	11	48	23	52	25	21	46	36	34	2	65	9	24	28	49	17	24	24	24	0	25	20	39	22	18	2	42	22	28	24	36	42	30	42	
17	39	35	16	47	45	47	10	49	29	48	22	31	21	13	31	37	52	9	42	11	2	35	24	47	16	0	5	58	39	25	34	27	35	33	9	11	35	17	49	
40	44	37	79	81	44	1	71	76	41	50	67	40	18	19	65	36	33	27	36	4	42	41	23	8	38	50	0	28	10	2	36	65	14	49	11	61	48	50	5	
47	33	58	69	23	27	62	20	35	39	37	31	8	37	48	14	56	53	39	40	64	32	61	45	60	43	40	35	0	64	14	54	48	34	50	39	14	57	42	4	
48	10	52	30	63	56	31	41	50	56	39	43	40	27	41	29	68	16	40	12	42	33	24	40	13	47	18	26	36	0	54	49	33	49	64	26	42	61	48	66	
37	13	7	7	22	36	38	8	34	51	23	39	14	28	43	20	49	47	5	32	3	34	15	15	27	9	42	27	6	13	0	36	59	30	19	41	53	65	48	25	
37	4	55	4	27	1	52	30	38	3	30	36	51	41	33	17	57	56	29	31	31	22	4	44	67	36	7	17	21	59	45	0	47	37	53	29	11	36	18	27	
12	21	14	33	57	36	31	50	51	5	5	36	29	19	28	30	24	22	21	39	51	41	22	22	35	31	27	44	33	20	16	18	0	3	26	48	51	43	39	58	
18	30	79	67	73	22	10	66	55	52	50	43	8	39	7	41	62	1	28	56	40	46	9	27	77	67	54	49	69	43	47	53	60	0	25	53	47	22	18	63	
48	3	59	22	69	5	41	64	36	7	38	34	24	17	39	15	12	25	40	41	45	33	44	18	50	44	41	36	19	57	29	18	58	35	0	40	41	27	43	53	
38	15	8	59	56	37	39	58	52	12	29	40	56	38	44	38	46	37	33	31	12	27	16	16	20	9	35	30	31	14	10	13	52	31	20	0	44	19	44	22	
41	8	49	41	71	11	44	7	2	63	58	45	31	16	46	35	41	18	17	52	56	26	31	50	57	4	34	29	33	51	51	35	41	21	57	33	0	61	53	59	
40	43	51	33	48	45	33	34	21	47	16	9	26	44	20	7	52	44	32	22	6	25	54	52	46	33	33	28	54	44	21	41	50	27	15	32	13	0	29	72	
42	54	65	60	7	14	34	34	6	29	37	39	16	3	31	51	45	25	52	33	17	46	28	50	11	20	31	49	53	53	64	27	23	6	27	40	55	46	0	47	
44	47	40	66	47	10	25	58	33	44	50	10	46	9	63	27	6	65	36	20	41	29	48	10	37	41	37	32	63	18	30	32	13	47	42	14	48	41	51	0	
M1
0	27	30	29	29	23	10	3	43	20	51	17	32	5	24	23	43	19	20	20	39	11	24	25	5	13	18	27	37	24	14	17	16	19	9	27	38	38	20	37	
34	0	19	30	24	16	36	4	32	2	33	22	23	13	14	20	39	7	8	26	44	16	12	13	10	18	19	18	19	20	2	24	8	24	39	21	2	34	14	11	
35	33	0	24	49	29	36	41	23	27	51	43	13	29	46	45	43	33	38	26	4	37	41	51	48	52	44	24	37	34	40	23	33	33	35	14	52	40	15	36	
41	31	37	0	50	27	34	49	25	31	48	51	20	31	50	19	13	37	37	24	30	35	47	52	51	36	44	32	42	37	43	21	37	44	57	12	51	43	14	20	
49	36	42	52	0	32	39	15	39	26	57	47	40	18	44	44	48	28	5	17	10	27	42	9	40	15	43	48	43	30	32	26	32	53	36	51	54	51	22	46	
24	7	21	19	26	0	25	27	34	6	7	2	25	3	16	24	38	9	10	10	37	18	14	15	12	20	23	20	9	24	4	12	12	26	32	23	4	17	6	27	
47	15	21	34	43	11	0	39	8	15	14	13	19	26	7	33	53	21	21	8	51	19	29	37	34	39	32	35	32	12	26	5	21	34	55	35	35	43	28	28	
66	4	42	28	56	27	24	0	54	34	45	35	54	17	46	35	47	39	29	27	42	48	44	21	42	50	30	50	51	34	34	55	3	56	63	46	34	66	46	43	
34	12	18	33	21	7	15	10	0	12	43	26	25	23	31	24	38	18	18	5	31	16	32	33	14	5	19	38	29	18	22	2	8	28	26	16	42	21	7	15	
27	27	24	23	27	9	30	19	26	0	26	19	45	6	14	13	37	1	33	19	40	31	43	48	45	20	12	46	12	13	37	17	1	23	35	41	45	29	8	19	
16	44	27	18	24	30	10	39	49	46	0	26	33	41	3	2	23	30	14	34	34	20	35	36	33	8	19	36	43	53	25	45	32	21	17	36	39	44	15	33	
11	26	54	45	40	40	53	32	37	34	48	0	18	26	48	43	49	30	58	18	56	32	32	55	43	51	42	21	34	52	52	56	40	33	57	17	19	37	32	33	
32	33	29	29	28	15	36	25	32	1	32	18	0	12	20	19	21	7	11	25	14	6	35	7	39	26	18	28	18	19	31	23	7	29	29	28	42	34	5	25	
38	30	16	25	25	26	33	24	33	16	37	13	1	0	15	27	42	8	3	23	31	7	13	14	1	9	22	19	23	27	3	20	12	15	19	22	27	34	16	26	
50	43	9	25	47	48	55	41	49	44	46	18	48	43	0	16	36	24	44	16	29	35	37	49	29	37	11	43	35	55	38	42	14	41	44	43	55	59	44	15	
25	20	25	26	22	7	23	42	50	20	29	32	32	28	39	0	45	25	9	13	29	24	34	39	20	28	37	40	15	20	29	10	26	20	10	42	43	1	29	36	
3	39	16	18	19	47	6	43	49	41	36	11	28	20	32	9	0	25	26	38	29	15	30	31	28	3	4	36	22	48	20	41	19	34	24	36	44	39	10	43	
24	17	49	46	22	34	52	4	11	47	49	58	46	48	50	20	54	0	44	42	47	33	48	49	46	21	56	54	35	46	38	39	43	60	42	53	47	31	28	4	
17	31	43	38	38	33	40	39	7	27	41	43	30	30	37	5	57	33	0	23	45	31	38	23	47	38	44	25	27	40	40	27	33	33	50	5	26	31	2	37	
2	22	34	36	37	16	31	19	28	28	39	24	16	17	16	46	46	24	34	0	9	31	29	5	40	48	42	12	25	34	49	18	34	24	3	8	47	28	23	24	
31	22	14	16	26	18	25	21	20	22	31	9	9	9	39	7	23	10	28	15	0	22	21	7	25	10	2	4	17	28	27	12	28	16	4	15	39	20	4	16	
33	41	4	29	5	23	28	29	32	9	32	26	21	20	18	27	48	11	12	4	34	0	10	17	14	22	26	16	18	27	6	31	15	28	41	25	28	17	22	28	
29	37	32	25	26	24	31	18	17	13	28	18	6	6	19	31	35	10	21	33	36	12	0	26	6	14	30	1	14	31	15	35	17	13	35	12	13	17	8	13	
27	12	15	31	60	6	58	44	54	42	20	27	48	33	10	29	50	47	48	41	30	46	37	0	48	51	36	43	20	13	42	47	39	47	43	44	42	44	34	13	
40	40	24	22	22	27	35	21	37	13	44	10	28	24	19	31	39	12	13	27	32	4	17	18	0	6	30	23	30	24	7	30	9	12	27	20	31	31	13	30	
28	30	28	40	10	46	47	34	41	32	43	31	19	32	23	50	27	16	17	29	20	6	21	22	19	0	49	27	29	39	11	51	20	33	15	30	35	30	1	34	
36	44	9	11	35	40	47	38	42	44	35	4	37	34	43	2	22	36	37	37	31	38	28	42	36	44	0	34	21	50	31	34	47	27	30	29	46	45	31	37	
25	37	39	21	22	20	50	14	13	32	24	37	2	2	38	46	31	29	40	29	32	16	14	40	25	33	49	0	10	45	34	41	36	9	33	8	32	13	8	9	
6	19	40	2	41	34	42	51	27	33	5	45	28	4	51	27	21	39	45	32	38	17	46	53	34	25	42	40	0	26	42	29	34	48	14	20	42	15	5	17	
36	25	26	3	35	21	28	31	30	25	41	39	19	19	6	19	22	31	31	18	39	29	31	47	42	19	32	14	27	0	36	15	31	18	40	21	49	30	23	26	
39	32	13	28	18	33	35	19	26	19	39	16	17	17	8	35	45	1	2	33	38	10	6	7	4	12	34	12	25	30	0	36	15	18	33	15	20	28	19	19	
41	9	15	37	37	5	12	33	40	9	40	32	39	20	28	27	51	15	15	2	54	13	38	31	46	34	26	44	26	15	38	0	15	37	49	52	39	37	22	33	
43	45	30	40	31	17	36	23	32	35	4	46	13	21	19	50	50	37	38	30	32	7	33	43	34	42	45	16	29	53	32	46	0	28	52	27	51	15	16	28	
36	17	34	32	21	22	19	1	24	23	35	20	13	13	20	41	38	22	23	34	11	14	20	26	8	5	40	8	21	34	17	40	3	0	26	19	38	24	9	20	
37	37	34	27	28	19	40	29	36	5	36	29	37	16	24	23	45	11	35	29	38	24	39	40	35	12	22	40	22	7	29	27	11	33	0	45	53	39	18	29	
14	35	18	20	42	3	59	43	50	37	41	21	41	40	31	21	39	25	26	24	22	29	30	31	28	36	54	36	27	44	20	47	39	31	23	0	34	35	6	43	
19	42	22	24	47	8	21	29	36	45	48	7	37	29	48	11	35	11	42	46	44	23	41	23	40	46	10	46	34	52	36	47	51	40	29	42	0	21	14	29	
45	25	29	27	27	21	28	26	39	18	49	15	28	28	24	20	44	15	18	18	14	9	17	22	3	11	35	23	35	28	12	15	14	17	32	25	35	0	18	33	
1	3	17	13	10	19	40	29	19	5	16	15	31	15	24	23	32	11	18	26	17	3	20	23	20	28	22	26	2	12	12	27	11	32	25	31	11	3	0	28	
40	30	24	30	25	26	33	33	45	29	52	7	34	34	38	32	1	31	22	15	24	1	30	37	34	42	31	29	38	36	26	20	35	41	47	40	8	37	35	0	
