40  4  1
4
	0	79	1	86	2	5	3	28
	0	45	1	88	2	57	3	44
	0	10	1	21	2	39	3	74
	0	14	1	28	2	46	3	19
	0	13	1	43	2	56	3	64
	0	26	1	13	2	16	3	38
	0	93	1	53	2	93	3	67
	0	54	1	26	2	100	3	56
	0	33	1	90	2	2	3	10
	0	63	1	44	2	62	3	87
	0	7	1	61	2	61	3	28
	0	58	1	87	2	29	3	27
	0	15	1	49	2	63	3	16
	0	69	1	14	2	97	3	91
	0	57	1	62	2	90	3	98
	0	57	1	88	2	14	3	55
	0	34	1	45	2	67	3	90
	0	62	1	82	2	55	3	99
	0	82	1	47	2	98	3	77
	0	72	1	56	2	71	3	62
	0	36	1	47	2	79	3	95
	0	34	1	78	2	19	3	100
	0	26	1	27	2	96	3	17
	0	85	1	9	2	77	3	54
	0	5	1	15	2	8	3	45
	0	22	1	43	2	37	3	18
	0	6	1	73	2	2	3	14
	0	2	1	100	2	83	3	19
	0	31	1	44	2	36	3	93
	0	71	1	78	2	44	3	3
	0	77	1	61	2	61	3	4
	0	26	1	61	2	35	3	22
	0	81	1	4	2	28	3	31
	0	8	1	83	2	78	3	31
	0	7	1	18	2	68	3	56
	0	25	1	48	2	96	3	93
	0	63	1	88	2	59	3	79
	0	8	1	4	2	1	3	89
	0	42	1	65	2	79	3	65
	0	99	1	81	2	56	3	29
SSD
M0
0	2	66	33	43	48	45	22	35	67	51	46	54	57	67	55	54	1	60	46	76	50	73	54	70	13	36	64	41	65	47	32	56	20	56	47	1	32	41	63	
62	0	60	55	42	74	35	51	65	93	27	6	89	85	26	66	80	28	40	40	70	57	67	71	64	66	69	79	37	69	66	53	9	71	42	42	62	51	37	62	
40	58	0	16	23	29	41	32	42	32	8	17	55	73	50	4	50	71	17	26	56	12	34	54	50	64	32	60	55	60	47	34	66	36	9	61	43	32	39	43	
37	28	56	0	19	27	11	12	15	33	4	21	36	43	20	26	20	52	46	9	44	34	65	37	46	46	2	49	25	30	30	18	62	6	45	33	24	15	9	39	
47	33	55	37	0	51	34	30	26	60	46	50	34	62	34	69	58	50	50	25	20	73	52	76	14	67	40	47	31	49	62	56	67	57	67	59	62	65	21	7	
29	49	71	53	3	0	50	46	42	76	62	55	36	78	50	44	20	52	34	41	31	18	64	65	30	69	54	63	2	62	58	61	33	43	82	61	42	43	37	23	
35	27	50	26	28	33	0	30	15	49	44	43	9	70	58	37	42	17	21	30	9	62	16	40	3	46	24	36	26	35	33	40	42	43	13	34	16	18	27	48	
34	32	63	43	34	31	1	0	17	35	61	23	7	8	62	20	22	23	23	66	23	49	18	38	27	48	4	51	27	33	38	20	10	55	71	32	26	23	7	54	
50	11	59	35	4	49	41	29	0	58	28	16	43	46	38	42	48	49	21	42	18	58	57	41	12	56	41	45	33	27	34	38	64	9	46	15	30	19	10	24	
9	56	4	30	10	43	55	34	49	0	10	6	57	37	57	18	36	67	22	6	6	26	45	56	37	53	46	62	54	69	49	36	33	50	23	72	45	34	43	30	
34	51	62	37	8	58	55	17	47	67	0	27	55	62	55	40	46	63	56	46	41	23	69	39	35	61	49	45	52	52	32	19	51	37	65	56	28	17	26	28	
17	57	47	45	36	47	52	42	42	47	63	0	51	50	73	48	45	50	27	61	69	65	36	7	63	28	43	51	58	43	40	43	12	46	66	16	36	25	28	42	
49	44	41	28	38	9	43	32	17	48	46	53	0	72	60	55	52	1	1	51	11	39	50	67	5	58	34	38	37	11	70	44	18	48	58	10	45	57	51	58	
60	12	47	42	73	57	19	56	43	35	58	49	33	0	62	61	21	37	34	40	21	33	25	84	53	55	30	40	53	22	7	37	19	62	48	3	52	65	5	22	
50	15	50	51	32	15	38	48	52	70	27	5	49	12	0	25	60	63	26	33	65	57	3	34	59	33	49	48	43	57	46	53	27	37	19	30	42	31	40	52	
22	47	68	38	37	29	12	25	55	63	22	56	51	27	51	0	62	57	46	47	38	38	66	55	64	14	45	41	44	5	48	9	34	58	61	69	44	33	38	57	
45	26	47	32	28	40	47	7	21	30	13	1	16	52	64	60	0	32	12	48	15	43	54	59	9	15	38	42	45	42	52	39	49	52	62	24	48	37	46	48	
21	36	22	48	55	26	6	40	35	26	40	49	51	57	48	36	66	0	44	34	71	44	66	51	65	67	48	63	54	9	13	31	84	20	41	47	55	44	53	38	
48	51	12	31	45	42	36	42	16	33	30	36	18	25	55	26	1	31	0	48	43	34	17	76	37	47	47	45	58	44	69	13	35	51	31	43	63	54	42	65	
40	23	45	29	20	33	22	26	11	40	41	32	9	75	26	19	5	25	25	0	33	44	5	13	29	35	13	18	36	35	24	29	42	41	38	28	17	9	18	40	
30	31	50	47	35	9	47	15	28	47	20	53	49	50	47	17	32	54	29	38	0	38	3	27	41	11	38	25	37	42	48	9	38	50	21	30	44	33	8	55	
54	45	46	3	30	1	28	29	32	47	15	27	34	28	37	43	7	50	46	26	27	0	12	54	50	42	19	41	29	42	47	9	60	23	61	22	22	32	26	50	
34	25	21	34	25	39	37	31	41	41	30	44	20	69	24	35	43	35	36	37	46	41	0	36	40	4	28	19	17	28	29	35	53	46	39	1	20	14	23	29	
65	54	16	39	8	34	55	51	18	58	31	43	28	44	55	30	26	44	43	46	26	2	48	0	24	73	53	57	52	39	29	34	61	49	35	53	24	55	42	13	
67	34	42	18	44	32	33	22	7	41	36	43	40	62	50	54	42	56	56	41	1	54	40	57	0	48	24	28	47	62	60	40	65	38	48	47	46	47	41	64	
8	37	59	35	26	13	18	6	19	40	28	28	67	68	67	38	27	21	57	11	51	15	45	37	48	0	9	56	8	58	30	25	66	47	76	67	26	15	24	46	
71	22	68	56	44	54	3	20	7	25	56	13	62	82	52	59	12	72	47	78	36	39	64	52	52	61	0	41	17	43	42	10	74	49	61	55	16	36	20	44	
49	4	25	45	36	32	20	37	24	20	43	30	79	55	20	39	29	65	26	35	53	24	36	46	63	22	11	0	34	60	40	27	58	48	18	63	33	25	34	42	
71	49	41	20	40	50	30	46	34	52	38	26	70	77	54	55	39	84	46	42	60	15	61	71	54	80	21	68	0	64	56	37	27	40	60	67	43	49	43	28	
65	48	53	34	44	48	49	22	7	57	41	11	56	61	5	2	58	72	18	11	17	25	56	70	11	64	40	42	63	0	73	10	81	24	45	51	62	59	39	64	
3	17	41	28	19	34	8	25	1	36	46	38	10	10	3	31	16	26	15	51	17	21	52	30	30	38	27	14	50	36	0	26	43	40	34	35	19	8	17	39	
57	12	33	28	35	38	28	44	32	28	20	38	47	63	16	47	37	63	11	43	61	3	44	54	62	30	19	6	42	7	48	0	57	48	26	59	41	33	3	50	
68	58	34	41	32	28	52	19	36	67	33	51	4	32	58	44	50	20	20	64	30	56	8	7	24	38	43	52	51	30	36	50	0	53	53	16	32	21	30	52	
33	49	63	24	38	50	24	12	7	59	42	56	26	29	58	27	56	42	32	47	52	46	56	49	46	39	40	72	63	46	42	40	59	0	31	19	35	27	36	58	
24	51	65	50	65	79	32	43	36	54	55	42	57	60	68	17	41	73	1	10	65	68	18	64	77	48	23	63	46	72	62	39	90	23	0	45	45	54	49	28	
44	30	19	45	45	58	11	28	15	33	30	21	70	57	51	33	20	9	11	43	44	27	51	60	60	65	2	41	25	2	50	9	47	49	26	0	24	44	28	52	
38	64	2	28	18	3	9	14	49	44	15	11	65	15	38	16	48	51	29	38	51	21	46	61	45	8	39	67	31	61	54	38	62	48	21	73	0	39	47	38	
63	29	37	12	3	53	37	9	39	57	30	22	50	61	46	15	21	38	64	35	36	59	57	14	30	36	28	63	47	40	7	44	55	24	56	51	3	0	1	23	
69	55	19	45	45	35	18	58	43	14	37	46	11	95	64	33	26	27	27	36	37	41	14	76	31	44	60	49	57	37	69	63	12	65	38	36	60	54	0	65	
59	73	27	53	37	64	69	57	29	69	45	33	42	26	11	41	76	22	54	62	68	49	27	69	62	29	60	72	59	68	62	71	75	65	46	46	58	47	56	0	
M1
0	40	29	38	56	39	37	27	58	33	37	53	37	40	33	53	29	5	26	50	45	10	7	20	50	2	47	51	53	1	52	50	69	64	14	3	36	28	67	18	
40	0	37	54	15	55	39	40	69	36	25	74	42	17	35	69	41	57	25	63	28	30	20	36	29	33	33	37	36	60	65	50	4	17	17	35	39	30	14	30	
80	68	0	18	24	56	65	53	81	74	59	76	63	57	61	23	67	65	48	59	16	70	37	37	67	11	50	79	76	27	16	53	44	71	57	34	79	56	23	56	
39	77	12	0	57	57	73	63	35	28	75	79	61	80	42	1	75	83	73	13	49	82	59	62	27	44	4	76	35	13	49	14	77	44	88	41	73	64	56	89	
53	68	79	53	0	54	38	22	48	67	40	69	58	67	34	62	40	63	46	53	17	30	29	35	17	38	41	52	86	48	67	54	54	34	58	40	80	29	2	68	
13	28	23	62	21	0	84	60	80	93	98	31	107	87	98	67	90	40	92	82	60	94	81	81	73	34	41	101	62	54	60	55	88	13	74	78	96	93	56	100	
61	68	52	12	40	46	0	32	39	68	57	10	49	38	51	40	31	41	38	23	30	67	89	27	57	55	44	69	57	36	79	20	70	68	68	31	18	46	20	46	
39	20	54	44	66	45	54	0	62	19	56	72	52	72	50	14	46	50	13	5	41	23	55	26	56	54	65	68	87	30	21	64	65	19	10	42	32	45	31	76	
34	13	39	7	48	70	33	41	0	1	1	25	23	32	37	36	31	28	40	48	34	26	48	51	62	48	10	66	2	48	62	49	19	62	3	62	25	45	83	28	
33	5	30	38	3	30	39	45	64	0	41	74	22	10	35	67	37	48	35	29	12	14	28	58	63	30	26	25	29	76	62	43	76	40	52	63	1	30	48	31	
46	24	43	6	87	53	45	46	18	42	0	34	48	23	35	35	15	63	31	47	43	33	34	42	61	39	38	39	42	41	16	48	10	11	23	51	45	36	49	36	
45	33	50	40	34	34	55	17	4	62	95	0	95	67	64	57	68	76	56	48	61	66	80	69	94	52	39	14	28	42	25	68	102	60	47	85	14	87	44	88	
56	57	44	50	5	33	60	35	83	50	32	76	0	33	56	31	62	40	43	38	62	26	2	32	24	39	1	74	52	55	32	45	76	41	31	31	34	51	47	8	
9	45	6	45	51	64	15	21	40	62	17	78	71	0	11	50	17	52	11	52	43	40	57	45	70	15	2	29	5	54	43	19	64	16	57	57	64	6	50	7	
41	31	3	40	35	41	40	39	70	9	26	68	23	18	0	47	42	50	26	49	40	41	6	22	28	34	9	54	37	35	40	17	5	19	18	29	40	31	47	31	
14	46	48	36	60	37	46	49	8	28	46	64	39	28	42	0	44	46	29	59	17	1	16	18	18	46	33	60	47	29	50	32	70	35	20	34	42	37	60	29	
47	23	45	61	50	62	9	34	46	79	34	48	38	25	28	27	0	8	41	65	82	57	89	43	73	32	41	46	44	70	46	58	81	44	70	42	80	23	48	46	
2	40	71	55	59	65	13	24	82	66	35	76	5	51	29	40	35	0	36	48	63	58	56	63	40	33	55	42	70	71	19	77	82	31	47	27	69	24	81	62	
20	42	33	72	69	78	42	48	52	22	44	105	74	13	38	77	44	46	0	51	45	20	79	68	97	42	5	56	27	23	15	40	78	11	78	17	6	33	77	16	
34	69	31	70	76	57	6	46	2	61	7	27	79	11	36	75	6	59	36	0	68	65	82	70	74	40	27	54	30	73	68	44	41	41	43	82	65	31	75	32	
36	5	49	63	54	58	24	30	57	24	40	64	3	56	74	70	34	30	8	61	0	28	32	58	12	72	53	45	49	43	3	49	43	29	5	7	27	69	85	53	
48	55	17	21	62	33	42	12	26	56	40	60	40	37	38	47	28	42	23	43	54	0	10	14	20	42	53	34	56	51	42	52	24	37	37	30	38	33	61	6	
33	28	40	21	56	22	31	6	54	21	3	49	3	20	27	36	33	31	14	16	33	16	0	3	33	31	36	45	39	62	18	16	57	48	2	8	24	22	54	16	
34	32	46	9	44	10	19	38	62	57	21	37	17	62	15	24	21	19	2	50	72	44	53	0	21	19	41	33	72	50	53	29	55	36	68	7	55	10	69	65	
40	67	56	65	27	66	72	21	98	65	47	37	47	50	68	61	57	41	58	52	36	60	17	47	0	66	66	62	69	16	62	22	37	2	46	52	68	63	58	60	
33	36	30	42	69	76	28	45	62	29	21	22	57	10	24	68	30	38	35	5	41	33	27	57	27	0	6	42	29	23	7	43	43	40	10	58	32	19	22	31	
36	51	46	52	9	10	63	61	88	3	58	39	58	34	29	76	65	63	20	71	37	61	28	43	69	57	0	69	47	30	47	35	92	36	53	59	48	54	54	55	
27	23	49	29	52	23	44	44	57	5	46	21	42	42	40	49	9	44	27	12	6	28	50	16	46	44	58	0	61	70	21	52	29	49	5	8	27	35	52	55	
36	40	33	29	60	53	42	41	67	13	38	84	38	13	38	58	6	4	38	51	68	51	8	38	40	42	29	56	0	50	16	46	68	30	37	43	42	33	77	34	
69	70	79	47	2	43	9	67	93	61	39	72	55	61	53	62	54	52	38	79	32	36	51	29	43	57	61	43	4	0	64	28	48	48	61	42	46	48	47	44	
50	48	18	25	60	26	35	33	78	30	37	51	28	36	31	38	20	15	18	56	55	46	23	7	37	9	50	49	55	66	0	45	33	52	46	23	3	26	62	57	
35	41	43	55	16	9	53	81	38	76	6	30	69	62	52	78	69	62	87	57	76	32	71	94	76	9	25	94	19	75	47	0	77	35	62	98	84	71	44	83	
32	35	29	46	74	47	31	32	61	28	17	66	34	9	27	61	33	49	17	63	40	32	54	28	58	25	25	45	28	76	66	42	0	39	9	44	31	22	73	22	
41	22	39	68	55	73	82	2	62	29	12	100	44	78	57	42	46	42	41	33	41	33	39	54	74	71	34	13	57	40	44	62	65	0	10	35	6	73	48	53	
13	8	26	40	48	58	72	21	34	1	57	82	35	50	68	61	18	22	24	52	13	5	27	57	46	58	66	60	69	74	63	56	37	63	0	62	4	63	70	63	
44	39	57	21	49	22	31	50	7	2	23	49	29	47	27	31	33	16	14	62	35	4	58	3	33	31	53	43	66	62	65	29	67	48	13	0	3	22	81	68	
64	65	70	42	30	43	1	49	16	47	43	36	50	50	48	57	40	51	4	36	64	49	45	24	13	18	32	66	44	44	66	50	37	13	50	40	0	43	8	63	
20	75	66	53	60	54	5	40	86	72	7	68	61	58	1	68	7	60	14	53	88	30	69	35	65	5	54	19	77	71	55	73	54	72	58	47	58	0	70	77	
30	51	52	63	50	64	15	5	68	19	17	63	52	60	11	45	17	29	24	36	70	40	34	45	75	15	64	29	41	58	52	32	47	3	39	57	61	6	0	1	
42	37	41	47	53	59	43	32	50	6	21	56	37	21	39	51	36	51	29	50	42	34	44	40	12	2	37	30	40	43	9	45	8	29	11	48	33	34	35	0	
M2
0	55	22	28	25	25	31	8	13	24	33	22	74	17	21	49	50	23	44	16	47	42	17	52	32	42	18	24	42	3	19	29	48	25	36	31	48	12	80	53	
6	0	33	20	36	27	15	17	24	32	10	23	58	28	22	33	61	24	28	27	31	26	28	62	16	53	2	25	26	14	13	21	38	25	20	6	14	13	64	22	
40	30	0	54	13	30	51	39	24	35	44	48	78	30	47	22	50	37	10	20	6	15	20	52	5	51	38	50	15	42	20	47	27	14	46	22	53	38	47	26	
21	50	48	0	26	40	30	20	38	47	58	38	8	40	37	32	60	8	30	30	30	25	30	15	15	14	17	27	19	29	28	6	37	24	35	32	55	28	63	31	
17	17	10	20	0	18	53	30	35	23	55	14	67	30	13	12	66	15	7	25	49	44	23	27	34	1	40	16	44	25	11	43	48	17	30	30	40	4	45	30	
40	40	67	54	11	0	51	26	50	38	70	48	33	57	47	47	59	49	64	47	28	15	39	19	32	29	38	50	38	42	3	57	31	41	56	37	7	38	57	44	
44	64	71	69	37	74	0	44	48	58	20	71	99	45	70	54	88	69	66	51	80	75	33	24	65	77	51	25	74	25	62	70	48	69	69	66	59	61	84	84	
7	26	34	40	37	37	37	0	25	36	45	11	16	9	6	61	62	35	46	28	59	54	29	64	44	54	30	16	28	15	31	41	60	37	48	20	49	24	24	65	
33	77	60	66	63	39	69	13	0	9	18	60	81	55	59	78	88	25	82	1	83	52	2	37	70	27	56	62	75	41	53	67	80	19	51	16	62	50	66	81	
78	90	87	90	86	95	30	91	94	0	31	57	93	79	59	75	34	90	25	15	53	92	43	86	97	109	101	37	49	38	55	58	66	15	55	3	104	86	99	92	
34	52	61	48	62	55	43	35	30	41	0	51	61	53	50	61	11	52	56	33	30	54	29	69	44	59	30	53	54	42	41	39	66	51	48	48	77	41	32	65	
48	53	15	64	64	62	36	45	30	41	50	0	97	70	57	52	40	57	64	33	42	69	29	50	59	55	71	60	69	1	55	49	51	51	31	21	35	48	77	28	
69	55	73	72	53	53	23	7	70	75	58	29	0	64	65	61	98	65	6	60	35	59	59	51	53	16	82	39	16	59	63	29	17	62	58	65	64	56	59	42	
44	40	12	58	31	4	54	4	62	3	62	6	5	0	51	26	23	41	56	24	24	19	24	29	9	49	42	40	19	36	23	24	2	18	50	26	27	42	37	30	
28	35	54	31	56	29	29	41	46	33	38	25	78	50	0	30	65	26	9	3	49	10	34	54	34	53	33	27	33	12	22	7	38	28	42	49	41	15	79	39	
30	32	57	57	55	31	54	43	30	41	50	51	80	33	20	0	40	1	56	23	23	18	23	55	8	59	41	53	18	38	8	48	30	2	10	25	54	41	56	19	
10	51	37	9	10	29	19	5	28	5	48	27	23	32	26	37	0	22	21	31	35	26	32	64	20	57	6	29	30	18	17	25	42	29	24	37	23	17	68	41	
38	41	65	17	68	53	47	12	56	36	76	55	54	44	49	15	58	0	60	42	42	40	19	37	30	75	34	18	40	46	37	25	3	25	39	47	39	45	56	48	
68	89	52	18	87	89	77	81	86	94	79	85	72	59	16	62	58	66	0	79	90	81	90	29	77	78	64	87	83	76	75	70	85	2	35	78	111	75	86	63	
25	51	51	28	18	9	61	13	9	20	29	22	34	41	21	6	60	21	24	0	31	26	13	34	16	38	48	4	9	33	19	58	38	22	30	27	32	12	64	10	
40	76	67	70	29	66	76	4	58	69	78	64	1	36	1	58	13	46	70	56	0	51	56	75	41	80	63	66	51	28	26	28	63	42	41	30	44	54	89	62	
6	6	33	20	36	18	17	19	24	4	44	14	60	28	13	22	50	15	30	20	20	0	5	41	5	24	4	16	4	8	11	23	9	14	22	22	40	4	53	10	
22	64	49	7	32	27	31	1	32	43	50	39	55	39	38	49	77	40	44	35	44	42	0	15	32	61	18	41	21	30	29	37	54	39	36	29	42	29	74	53	
39	51	65	38	43	16	45	33	49	8	65	36	60	52	35	5	59	20	5	38	42	37	42	0	27	6	60	38	12	28	27	48	49	21	22	44	39	26	75	38	
27	27	54	41	39	17	38	40	45	25	45	35	65	17	34	9	37	24	41	7	7	2	7	39	0	45	25	37	2	29	7	34	14	1	33	9	40	25	40	13	
16	49	42	19	35	17	52	2	34	22	22	13	66	30	12	31	59	14	24	29	29	24	29	5	14	0	39	15	24	24	10	5	21	16	30	31	39	3	62	35	
2	47	29	16	32	23	11	15	20	28	40	19	70	24	18	29	57	20	24	23	27	22	24	58	12	49	0	21	22	10	9	17	34	21	16	29	45	9	60	33	
32	49	29	32	62	47	49	45	34	45	54	46	67	47	37	3	33	18	62	37	37	26	3	19	22	63	36	0	32	30	25	55	16	19	27	39	63	36	24	36	
32	32	59	28	1	28	43	10	43	30	63	40	44	54	39	34	76	41	3	46	46	7	7	1	31	43	30	16	0	34	37	26	35	21	48	13	51	30	70	36	
3	8	30	36	19	33	39	16	21	32	20	30	82	25	29	57	19	31	52	24	55	50	25	5	40	50	26	26	50	0	27	37	50	33	44	39	56	20	41	61	
37	37	64	51	49	27	48	2	38	35	55	45	52	27	33	19	47	29	51	17	17	12	17	49	2	55	35	18	12	39	0	44	24	11	8	19	50	35	3	23	
18	49	45	32	48	30	54	31	36	35	24	26	62	18	25	38	66	1	52	36	36	31	36	12	21	22	41	28	13	26	23	0	11	29	43	7	14	16	69	42	
51	10	55	48	49	22	67	64	69	55	51	48	23	19	47	42	66	49	40	40	40	32	28	6	25	67	55	10	35	59	40	57	0	34	65	42	19	38	73	46	
23	26	50	29	42	27	37	23	41	24	22	12	68	40	8	19	35	24	50	40	40	1	25	51	25	44	24	25	24	28	17	43	17	0	40	35	49	13	6	25	
64	50	59	5	77	65	2	71	82	32	91	61	43	86	60	80	77	59	57	78	78	73	77	66	63	65	68	63	70	41	58	57	85	64	0	75	21	51	14	37	
46	46	52	24	44	36	57	52	64	44	46	8	78	36	53	28	11	29	46	26	26	21	26	3	11	13	44	4	7	38	26	48	33	20	35	0	11	44	59	32	
25	30	51	28	43	26	43	38	43	31	20	22	45	33	21	61	22	11	56	20	33	54	38	44	44	2	30	7	47	33	19	44	56	25	39	61	0	12	69	36	
12	48	38	15	40	13	48	25	30	18	50	9	62	34	8	59	67	10	61	33	57	44	25	48	49	55	35	11	59	20	6	46	43	12	26	48	35	0	70	40	
45	33	48	5	50	46	54	17	46	51	35	42	42	67	41	55	11	43	52	49	17	56	50	1	55	65	41	38	13	53	39	57	65	45	59	62	8	32	0	7	
18	29	45	30	4	9	27	31	36	12	13	24	13	40	23	30	73	25	40	37	1	38	30	11	28	4	14	11	22	26	21	16	50	25	32	16	32	14	76	0	
M3
0	3	17	17	8	62	62	45	31	42	57	51	14	3	45	4	40	45	76	2	72	11	52	59	36	57	62	47	67	42	69	28	28	65	49	29	46	47	47	43	
52	0	5	32	51	59	43	51	37	54	61	44	54	66	34	24	28	48	70	45	78	24	22	54	69	10	27	39	75	66	61	21	22	64	56	59	55	49	9	1	
4	29	0	49	40	62	55	23	63	45	56	40	46	35	58	36	9	29	61	34	20	43	54	8	23	68	81	45	27	35	44	60	13	20	75	50	49	20	40	59	
1	32	21	0	37	26	35	39	46	68	21	76	29	31	38	33	21	60	52	30	87	39	43	32	40	86	56	38	37	15	42	57	36	78	13	58	29	21	20	49	
17	27	33	62	0	81	76	58	63	74	35	39	59	29	79	1	49	51	66	10	3	31	46	12	75	72	59	55	64	83	23	47	53	39	83	71	63	8	45	5	
45	42	60	36	11	0	52	29	15	45	75	46	32	76	63	41	58	51	81	37	46	18	59	55	49	61	84	57	80	54	63	26	33	57	61	50	8	6	59	27	
46	60	59	63	48	46	0	49	35	45	36	43	44	38	52	25	64	40	46	29	62	32	5	31	8	54	19	42	15	53	24	46	43	11	17	12	63	36	58	14	
21	52	66	66	54	80	70	0	40	47	24	45	57	19	44	15	73	72	33	7	26	20	47	19	79	66	52	50	78	62	12	34	47	38	37	70	71	36	25	27	
34	41	35	57	4	32	49	4	0	40	56	24	7	58	38	16	33	26	56	12	31	51	34	46	29	36	67	52	55	29	44	1	8	50	36	45	25	40	34	2	
14	14	20	35	38	24	72	10	73	0	20	36	56	33	87	29	52	54	73	44	75	38	49	37	22	68	70	29	19	69	30	54	52	29	23	49	15	27	52	45	
68	69	76	98	23	73	24	45	31	41	0	61	14	45	45	57	27	45	97	53	72	51	52	66	36	77	97	55	86	70	59	42	49	33	55	62	46	47	36	43	
49	37	37	57	25	53	16	25	11	36	77	0	28	64	59	37	54	47	46	33	31	66	55	3	9	35	40	64	25	50	65	22	4	46	22	41	46	53	55	23	
45	52	46	68	15	43	60	15	1	51	54	31	0	68	15	27	10	15	67	23	42	33	22	57	6	47	78	62	56	40	55	12	19	52	25	56	16	17	45	13	
41	41	57	31	29	33	5	29	15	47	14	49	32	0	6	41	58	22	45	19	47	10	57	9	43	9	1	37	33	54	2	26	31	48	11	60	37	29	35	17	
47	60	57	27	46	70	38	46	32	43	29	59	30	3	0	34	56	55	75	54	73	50	19	49	52	5	82	34	81	61	42	43	27	43	49	33	55	63	54	44	
26	2	33	6	31	35	22	34	20	53	41	50	3	43	34	0	3	24	35	30	61	37	41	33	25	16	3	39	8	27	29	31	38	6	37	27	35	18	12	6	
69	67	30	49	13	34	60	35	54	14	78	52	68	16	21	78	0	67	91	37	80	53	62	82	61	27	87	56	83	83	82	29	49	91	73	78	7	56	79	66	
14	45	15	50	50	47	29	33	57	49	38	32	51	32	32	16	55	0	46	42	74	37	37	26	22	62	32	32	72	9	29	41	27	69	40	37	23	56	2	1	
31	14	18	69	54	34	49	44	52	33	42	45	61	21	52	8	8	60	0	49	68	54	40	11	71	57	66	20	67	29	46	22	4	41	47	41	41	70	34	59	
38	69	36	72	54	11	16	54	40	71	57	22	57	34	33	66	28	35	88	0	68	47	53	44	14	69	14	38	47	63	51	51	49	71	48	68	57	11	61	52	
71	72	77	51	46	46	23	20	32	82	71	41	49	56	15	58	75	40	29	54	0	73	64	66	20	78	77	49	70	71	65	43	50	92	1	27	67	82	68	44	
71	64	70	70	21	52	49	29	36	51	30	6	53	17	79	9	67	32	71	47	45	0	52	36	42	55	20	56	30	69	36	47	37	36	54	38	71	63	74	48	
60	67	52	41	53	44	57	53	39	23	45	23	22	29	53	65	48	19	41	32	50	57	0	53	44	32	89	23	61	75	49	27	34	25	20	57	44	55	46	20	
49	62	4	29	40	68	40	40	26	45	39	60	43	7	31	52	58	62	77	48	67	13	56	0	65	7	83	36	83	63	62	37	29	71	53	31	18	69	11	38	
32	42	33	44	64	15	32	15	68	32	32	67	74	34	41	62	84	28	63	37	9	12	52	27	0	55	60	32	5	27	20	44	48	35	71	67	41	47	32	35	
24	37	37	4	23	47	15	23	9	36	33	36	26	38	6	35	33	45	52	31	50	45	31	44	48	0	71	11	58	38	37	20	4	46	28	33	32	44	34	21	
56	54	42	44	26	18	32	26	12	43	29	46	29	37	60	38	55	7	66	13	53	31	42	16	28	58	0	22	69	51	23	23	21	63	20	46	43	50	45	24	
22	45	67	59	54	17	55	50	57	41	3	41	40	8	71	38	58	25	31	24	52	15	1	14	62	50	47	0	28	82	7	31	40	33	38	65	2	34	4	21	
34	4	42	38	48	48	54	66	52	41	34	72	35	25	66	40	61	56	57	55	57	24	32	45	57	58	75	12	0	72	38	49	9	51	5	15	33	22	35	49	
2	33	3	47	38	56	17	21	61	50	36	65	44	33	20	34	54	61	34	32	69	32	25	14	39	74	43	20	67	0	24	48	18	60	41	40	11	51	2	39	
75	43	61	69	45	68	60	63	49	77	8	43	50	10	74	75	63	57	39	13	41	4	53	3	72	50	36	34	74	71	0	20	59	42	70	74	55	23	57	11	
55	65	65	35	48	72	44	48	34	51	34	1	17	46	37	60	43	16	40	5	59	40	11	31	37	13	68	42	32	69	32	0	32	53	42	43	49	50	57	46	
46	2	2	55	48	53	66	74	60	1	82	56	53	77	57	38	53	68	17	56	49	59	34	76	75	33	47	62	56	89	70	65	0	11	66	6	83	35	50	47	
4	35	49	49	6	11	57	42	28	74	47	14	11	35	35	36	26	42	85	14	69	43	49	44	33	58	81	79	66	59	56	23	45	0	24	1	41	42	64	40	
48	55	73	47	18	23	58	56	49	79	20	24	62	13	49	29	75	44	51	18	51	16	57	15	55	25	23	46	38	81	8	24	47	54	0	38	63	35	58	23	
25	36	26	70	53	38	7	44	39	13	36	71	24	41	43	57	27	29	57	2	80	24	34	37	46	77	13	14	61	20	40	50	37	66	47	0	34	26	25	46	
50	9	43	30	55	6	16	58	44	72	43	53	27	5	39	70	53	58	63	64	15	55	41	5	49	63	80	21	47	60	47	55	51	58	46	88	0	50	44	54	
27	56	47	7	20	48	34	20	6	42	47	32	23	48	25	32	23	29	25	28	47	48	2	47	7	1	50	30	57	41	40	9	23	44	39	52	30	0	37	13	
29	60	51	11	45	56	65	56	42	32	51	42	58	14	64	61	51	57	78	46	10	8	40	6	70	54	60	68	67	45	72	19	52	82	43	36	5	51	0	54	
94	52	52	74	72	88	42	31	69	51	43	49	52	45	83	80	25	47	67	15	76	20	52	38	74	74	71	56	93	106	31	39	19	61	89	49	56	32	51	0	
