40  8  1
8
	0	14	1	28	2	89	3	64	4	61	5	4	6	70	7	6
	0	47	1	75	2	3	3	27	4	100	5	27	6	21	7	32
	0	10	1	49	2	61	3	89	4	13	5	93	6	91	7	43
	0	13	1	80	2	18	3	7	4	1	5	33	6	55	7	7
	0	94	1	74	2	92	3	43	4	8	5	22	6	71	7	98
	0	30	1	67	2	78	3	17	4	70	5	28	6	7	7	24
	0	79	1	11	2	37	3	61	4	95	5	11	6	51	7	61
	0	43	1	40	2	69	3	84	4	77	5	80	6	93	7	94
	0	79	1	72	2	66	3	39	4	32	5	8	6	2	7	66
	0	27	1	80	2	48	3	97	4	81	5	2	6	69	7	26
	0	77	1	15	2	78	3	29	4	48	5	30	6	44	7	91
	0	64	1	84	2	60	3	94	4	1	5	100	6	47	7	13
	0	95	1	87	2	20	3	30	4	16	5	6	6	63	7	47
	0	8	1	9	2	63	3	59	4	81	5	15	6	17	7	32
	0	60	1	69	2	12	3	85	4	20	5	24	6	31	7	73
	0	52	1	21	2	39	3	15	4	61	5	66	6	62	7	33
	0	76	1	20	2	58	3	72	4	23	5	72	6	24	7	30
	0	1	1	34	2	19	3	20	4	46	5	95	6	82	7	37
	0	90	1	21	2	68	3	98	4	40	5	82	6	41	7	94
	0	39	1	55	2	98	3	56	4	75	5	11	6	6	7	25
	0	62	1	15	2	78	3	96	4	100	5	76	6	25	7	53
	0	95	1	27	2	57	3	26	4	89	5	34	6	17	7	36
	0	35	1	58	2	66	3	14	4	22	5	7	6	77	7	96
	0	15	1	74	2	78	3	48	4	98	5	37	6	65	7	60
	0	2	1	53	2	74	3	11	4	77	5	4	6	77	7	9
	0	32	1	46	2	66	3	48	4	53	5	91	6	93	7	29
	0	75	1	5	2	23	3	53	4	61	5	15	6	7	7	70
	0	30	1	59	2	63	3	52	4	13	5	7	6	47	7	14
	0	53	1	55	2	35	3	2	4	64	5	53	6	62	7	41
	0	16	1	42	2	75	3	83	4	15	5	85	6	3	7	15
	0	94	1	28	2	51	3	13	4	37	5	37	6	75	7	61
	0	88	1	78	2	83	3	53	4	39	5	50	6	79	7	60
	0	79	1	79	2	48	3	29	4	59	5	37	6	31	7	43
	0	6	1	52	2	64	3	57	4	83	5	2	6	60	7	94
	0	85	1	31	2	58	3	71	4	10	5	18	6	91	7	63
	0	55	1	89	2	12	3	65	4	27	5	57	6	9	7	76
	0	52	1	24	2	91	3	32	4	37	5	83	6	5	7	60
	0	21	1	3	2	54	3	19	4	2	5	91	6	96	7	71
	0	51	1	56	2	47	3	76	4	25	5	17	6	37	7	24
	0	52	1	37	2	71	3	25	4	61	5	85	6	6	7	41
SSD
M0
0	51	28	40	25	56	31	44	57	35	11	14	47	42	58	55	47	78	61	15	57	9	6	61	41	58	57	26	1	44	45	54	35	48	55	55	46	47	36	8	
58	0	68	55	29	47	21	3	41	31	41	36	56	19	54	40	62	56	12	54	54	52	46	47	32	39	44	53	35	22	55	35	32	44	42	8	37	43	41	43	
18	19	0	18	21	23	43	6	19	29	32	8	12	11	20	17	14	47	30	32	50	9	24	39	10	44	19	4	33	13	7	23	23	10	33	17	13	9	32	34	
35	21	29	0	39	34	28	41	56	34	30	12	2	50	31	28	19	54	37	13	32	29	31	8	17	21	32	5	50	20	46	30	34	21	7	28	22	14	39	3	
39	16	61	52	0	13	57	44	11	48	24	24	44	7	6	10	62	57	40	42	6	40	19	54	20	8	32	54	38	23	43	3	28	42	30	44	25	31	17	61	
16	11	33	13	20	0	49	34	53	5	41	11	24	47	10	9	36	52	12	3	45	10	33	34	43	9	13	24	31	46	35	36	10	2	33	9	4	27	41	23	
11	2	41	24	25	26	0	43	34	46	25	36	39	19	23	3	56	16	23	36	26	21	19	20	32	47	24	37	26	6	46	20	26	13	41	20	37	17	25	12	
46	44	50	42	45	23	49	0	73	52	37	20	57	35	63	38	56	53	65	23	8	63	56	29	47	62	36	39	61	50	36	51	56	55	58	14	29	58	43	25	
6	16	48	18	25	20	47	50	0	49	7	16	33	38	17	14	12	46	29	1	41	15	26	39	27	41	18	5	21	12	40	34	20	7	38	14	32	30	31	28	
32	24	11	29	9	31	30	2	40	0	28	29	33	15	28	25	4	44	42	24	48	26	27	10	22	52	9	4	47	25	28	4	31	18	38	25	27	30	44	45	
10	17	52	32	18	34	34	43	26	35	0	25	31	8	30	28	64	3	2	39	8	29	6	53	21	45	32	43	25	15	22	24	29	21	24	5	26	16	34	27	
46	22	24	34	39	46	39	20	41	43	24	0	46	44	36	22	48	39	22	24	31	43	16	55	2	37	50	36	46	5	41	15	20	39	32	39	7	13	3	27	
49	35	43	1	44	22	42	34	65	48	44	8	0	55	45	42	33	59	42	27	46	43	45	22	31	35	46	13	6	25	60	44	48	35	21	18	36	28	44	17	
49	1	46	53	2	50	42	29	44	62	19	9	49	0	39	25	62	42	25	27	42	50	19	39	5	29	17	39	37	8	28	8	13	42	15	49	10	16	27	63	
2	25	23	27	28	29	22	6	18	28	26	10	20	18	0	23	47	41	24	31	7	24	22	2	20	47	27	37	17	7	40	9	8	16	41	6	12	31	26	24	
14	16	56	45	2	47	25	46	56	22	38	27	32	12	44	0	4	7	7	37	41	8	10	43	22	25	37	1	29	19	48	28	33	34	35	22	23	20	16	11	
11	18	5	23	9	6	44	21	13	41	20	23	1	9	35	31	0	4	33	39	59	24	7	24	22	45	24	19	26	16	1	25	12	25	32	19	27	17	35	14	
6	13	48	49	14	43	49	41	56	45	30	21	27	4	48	26	60	0	28	35	54	29	2	51	17	41	29	39	21	11	40	20	25	38	27	14	22	12	30	23	
5	16	30	29	24	53	29	46	38	35	30	31	37	14	11	5	4	9	0	34	15	28	12	9	27	7	6	29	20	18	35	30	35	48	37	24	5	22	37	27	
30	58	39	50	58	37	38	29	17	44	47	36	61	49	17	24	52	52	56	0	3	27	13	18	36	58	30	3	11	39	21	47	70	59	3	55	41	47	58	29	
19	31	49	29	45	7	45	32	3	42	25	47	40	45	42	28	55	45	28	30	0	42	9	28	8	46	8	42	34	11	46	21	12	39	17	12	13	19	4	20	
46	29	59	37	14	45	20	30	3	55	28	49	50	41	6	26	69	43	26	28	50	0	12	58	6	45	29	40	13	9	50	19	29	32	20	39	11	17	28	32	
28	10	46	62	11	27	51	37	53	8	28	8	50	1	48	33	23	51	34	36	48	45	0	45	14	38	26	2	43	17	37	17	22	51	14	58	19	25	36	42	
34	26	6	34	25	39	5	22	35	11	25	24	28	27	31	23	30	40	23	25	23	25	17	0	3	42	15	20	49	6	23	14	39	26	38	22	8	14	25	50	
42	21	51	46	35	44	35	22	37	55	20	41	42	40	32	18	70	35	18	20	42	43	12	59	0	37	46	32	57	1	42	11	37	35	33	42	3	9	20	56	
38	33	69	35	33	37	56	48	60	64	33	60	4	43	21	17	23	76	76	47	34	32	55	56	56	0	35	32	45	59	11	50	37	24	31	4	61	41	24	51	
21	16	60	18	2	17	59	63	77	41	46	43	33	74	1	14	9	72	23	21	63	12	38	39	48	41	0	36	36	38	40	58	10	7	38	14	51	35	57	34	
36	37	52	39	44	41	51	50	62	21	14	3	54	34	38	35	19	29	51	6	16	36	32	31	47	25	32	0	51	34	50	25	41	28	48	35	15	42	53	53	
5	38	47	45	39	2	50	53	6	33	1	33	47	29	42	27	58	24	35	4	46	28	25	30	42	11	45	21	0	36	3	17	24	34	18	39	36	37	55	7	
25	4	52	68	33	27	23	54	45	62	3	40	46	23	30	2	55	18	1	26	61	48	21	56	36	54	29	15	40	0	34	39	20	57	46	33	22	31	3	42	
29	24	60	26	33	28	43	51	76	22	54	24	41	28	25	22	43	78	29	38	59	23	31	47	41	24	26	44	44	44	0	29	28	15	30	22	38	6	7	42	
4	41	44	58	42	64	47	35	16	6	29	18	31	34	34	39	26	55	38	33	58	11	12	43	47	71	42	37	19	21	57	0	21	51	57	34	52	58	11	26	
5	39	43	59	12	64	21	20	7	29	9	14	65	35	19	22	60	50	38	27	38	28	25	22	40	58	9	45	20	21	60	14	0	63	56	59	45	51	14	27	
8	3	47	5	12	7	46	50	73	42	33	30	20	61	4	1	37	60	49	17	50	2	25	26	35	28	5	23	23	38	27	48	7	0	25	1	40	25	57	21	
38	45	80	47	46	63	4	55	64	77	62	22	28	36	25	56	72	31	60	65	29	15	34	60	49	73	43	65	53	43	72	47	49	50	0	42	54	44	43	13	
28	35	69	52	36	9	71	34	25	44	21	30	49	26	43	48	57	21	48	42	76	49	24	73	39	48	51	49	43	33	23	42	47	41	17	0	43	34	52	45	
30	6	25	50	32	27	20	2	25	30	34	39	27	22	46	22	49	23	41	44	42	44	26	4	22	48	26	39	32	25	42	33	43	39	45	38	0	33	44	7	
19	14	58	16	23	18	16	61	84	53	36	41	31	53	15	12	48	54	31	28	32	13	20	37	46	22	16	34	34	48	38	2	18	5	3	12	11	0	43	32	
20	14	23	17	24	19	22	39	18	28	17	41	32	26	16	13	1	21	35	29	40	14	24	2	20	40	17	35	25	18	12	30	19	6	37	13	25	31	0	18	
40	4	24	35	43	48	23	40	36	29	31	42	46	38	12	41	48	33	41	7	41	27	35	3	21	46	23	9	55	24	41	32	6	44	49	10	13	25	16	0	
M1
0	15	21	39	29	45	7	78	33	20	52	49	32	44	20	50	33	25	3	31	44	25	39	18	59	38	23	54	48	26	42	37	64	46	27	47	46	37	22	23	
38	0	47	16	52	17	45	26	40	19	43	72	10	46	35	69	71	64	5	54	76	53	41	44	63	68	46	43	7	27	15	39	8	19	64	38	59	57	60	36	
35	30	0	53	33	22	17	48	39	24	22	21	32	45	2	20	1	31	4	40	39	29	40	11	38	42	32	24	3	12	52	33	18	17	16	22	8	7	24	5	
19	42	66	0	19	30	54	59	15	19	39	35	39	6	30	2	41	34	46	13	50	17	48	50	47	47	42	18	12	42	45	66	13	47	42	23	13	57	30	34	
2	16	6	59	0	31	37	71	22	42	40	44	48	15	27	3	56	32	33	4	6	29	60	15	44	29	23	47	24	40	21	15	39	40	26	39	43	30	38	53	
57	47	77	9	41	0	37	20	63	65	44	46	6	55	53	42	59	40	35	35	61	57	68	33	55	58	53	46	8	67	23	14	53	34	25	44	31	29	37	19	
32	56	35	29	11	34	0	60	15	32	34	31	14	35	38	32	15	23	53	13	35	43	48	15	41	20	5	36	30	56	24	30	58	28	23	34	28	19	4	5	
14	36	29	61	24	27	49	0	42	41	39	54	59	33	31	3	19	35	27	40	41	39	13	50	60	37	32	56	42	62	1	57	25	6	45	32	55	64	1	58	
13	46	40	15	42	24	41	58	0	61	46	45	37	41	31	58	10	64	1	2	62	5	37	49	76	42	46	17	33	54	17	9	30	9	54	11	58	45	44	32	
18	54	45	70	13	39	34	63	30	0	28	46	55	30	48	37	15	16	49	28	22	43	63	28	24	55	20	27	35	51	23	20	54	34	23	39	37	24	5	50	
28	30	44	42	40	42	37	62	40	29	0	49	43	31	51	27	14	37	59	31	38	25	38	4	72	35	34	44	13	8	61	53	17	33	36	15	1	27	13	53	
55	51	12	63	48	21	27	42	52	58	32	0	37	47	41	30	50	57	22	42	49	58	27	21	37	51	42	1	28	36	62	28	13	27	26	10	22	17	15	12	
65	38	31	2	37	56	51	82	53	50	56	20	0	74	35	28	77	42	72	50	61	82	82	9	21	39	66	14	21	40	75	67	52	51	50	56	49	41	19	36	
4	47	51	41	4	33	39	77	22	18	59	20	24	0	52	27	65	57	35	62	45	57	71	48	32	70	55	39	37	27	65	69	15	32	53	49	57	44	54	55	
43	23	14	44	26	38	4	62	4	47	38	46	8	30	0	36	14	27	11	28	14	37	43	27	55	35	20	40	34	9	39	45	49	10	11	12	36	23	19	20	
38	54	52	37	38	7	54	85	56	52	16	36	54	25	7	0	45	11	23	42	42	48	59	35	66	51	50	33	27	39	35	55	48	47	21	28	32	44	14	52	
14	23	10	52	46	39	24	28	48	60	16	15	20	44	49	58	0	58	45	48	61	8	64	35	61	24	40	38	3	39	52	65	48	54	28	42	32	48	39	40	
20	51	57	36	42	28	26	90	46	31	51	14	51	34	41	30	52	0	15	12	66	43	51	48	64	24	36	37	5	25	5	48	5	59	30	2	53	49	41	42	
12	47	21	59	33	55	19	56	14	44	64	49	30	20	9	56	45	53	0	43	65	65	15	45	61	49	35	66	60	32	54	13	44	31	53	42	44	49	34	10	
25	39	66	62	1	31	26	57	43	39	9	15	17	12	40	29	38	59	56	0	48	38	35	20	53	52	41	26	27	32	31	1	36	26	6	31	25	16	37	13	
14	49	57	38	16	24	19	50	20	62	24	36	40	36	16	22	45	28	15	2	0	8	51	13	65	45	10	26	6	19	37	35	20	19	18	24	22	9	34	35	
5	14	54	17	22	28	23	27	40	36	28	22	5	9	27	26	32	56	36	40	44	0	63	17	50	19	38	30	24	38	17	39	33	19	22	28	26	13	12	35	
15	34	47	61	16	31	50	45	22	49	40	31	27	49	31	3	55	32	10	17	44	33	0	39	39	49	14	57	49	63	41	2	24	21	1	52	37	68	3	26	
42	50	5	54	31	23	18	48	32	25	23	59	42	49	16	4	44	36	12	41	40	27	39	0	22	44	33	25	19	38	17	34	47	11	17	11	21	8	2	34	
43	4	22	59	33	48	43	36	45	26	48	59	63	30	42	46	63	26	32	43	38	61	28	37	0	9	35	18	3	62	62	16	54	43	41	48	35	33	4	59	
22	54	43	4	41	60	57	62	61	37	38	49	54	30	40	32	14	58	53	64	47	42	22	55	40	0	67	8	37	19	45	57	19	61	60	66	45	51	6	8	
47	46	76	78	1	49	59	74	5	57	64	21	46	34	28	57	46	13	43	3	25	43	38	28	75	30	0	43	31	46	22	20	50	36	13	49	18	49	36	70	
9	52	41	65	28	18	44	32	36	40	47	44	48	15	57	51	11	44	40	34	51	39	9	45	56	45	26	0	1	17	53	31	18	51	21	56	49	41	15	31	
16	39	55	53	34	35	30	56	52	13	35	40	39	37	12	33	56	63	26	43	52	9	6	16	44	55	45	37	0	58	53	17	55	19	6	35	33	20	45	46	
36	26	56	22	22	30	54	58	63	67	39	37	36	40	30	2	48	34	44	54	37	4	57	48	50	14	53	14	24	0	48	70	64	37	44	51	20	44	37	66	
14	18	49	46	9	30	32	61	13	31	18	29	37	4	36	40	47	21	7	11	33	10	43	21	31	38	3	27	39	40	0	28	6	44	21	48	26	50	44	38	
52	41	48	79	84	77	62	29	77	86	54	35	58	75	54	72	18	21	69	55	69	46	82	63	17	62	78	76	41	56	60	0	15	52	66	57	70	62	18	70	
3	45	49	33	51	27	30	61	55	50	35	54	55	75	25	33	19	56	34	24	46	47	53	24	76	37	45	37	14	15	64	46	0	30	29	1	16	20	45	4	
44	48	31	23	37	21	16	47	41	51	12	3	11	31	30	19	13	49	40	39	38	41	56	10	38	5	31	23	17	16	5	32	16	0	15	15	19	6	31	5	
12	2	43	45	19	16	47	55	23	36	54	39	2	37	7	52	23	31	42	21	15	1	30	43	78	47	13	56	17	49	40	38	50	47	0	27	36	39	32	26	
55	48	56	9	35	15	13	3	39	56	12	38	36	51	44	46	26	20	69	37	59	52	56	31	4	44	29	53	7	35	44	54	30	46	24	0	28	36	28	29	
31	5	34	60	15	43	47	52	19	68	40	35	18	48	42	15	4	27	43	17	13	32	13	13	85	10	9	54	27	47	36	29	21	47	27	22	0	37	50	52	
49	39	47	43	28	12	7	38	32	50	12	48	32	53	21	10	33	40	51	30	29	38	47	1	53	38	22	14	8	35	42	23	44	7	6	12	10	0	22	23	
19	15	43	56	11	3	41	57	15	33	46	31	39	6	38	42	56	23	14	13	7	26	44	33	47	40	5	48	28	41	32	30	30	38	23	46	28	31	0	45	
70	68	69	52	65	79	68	56	57	9	37	85	32	60	25	66	62	54	39	27	47	52	70	42	44	2	59	48	65	60	28	40	19	49	35	25	53	64	54	0	
M2
0	26	32	55	30	62	68	39	5	4	33	53	66	51	34	23	42	62	51	64	35	35	16	37	35	63	43	55	20	52	72	39	56	51	26	50	40	39	30	49	
16	0	3	63	56	37	39	10	50	35	4	45	37	22	79	6	13	48	55	70	52	30	60	8	54	46	14	61	59	65	75	62	27	56	54	21	45	10	1	36	
43	40	0	27	26	67	3	53	4	36	46	26	46	62	63	17	47	35	34	6	8	69	17	51	15	53	1	56	49	7	20	45	29	42	35	2	21	48	25	47	
47	31	10	0	29	47	12	33	63	69	38	3	23	45	19	28	21	28	60	34	42	64	2	16	39	8	38	41	4	4	60	13	47	59	39	6	60	16	35	56	
36	60	7	16	0	49	46	30	45	18	42	20	22	43	21	16	55	46	73	43	23	20	36	17	66	42	33	47	38	11	8	39	5	70	29	40	41	44	61	16	
37	18	24	18	59	0	42	30	53	56	25	31	2	6	40	17	28	51	74	19	39	51	30	12	35	44	17	16	40	40	30	49	40	32	41	42	31	31	8	57	
77	69	18	44	27	51	0	37	67	51	58	42	60	49	23	36	28	5	37	53	49	62	26	78	27	54	33	49	66	59	61	61	17	31	51	36	11	40	63	7	
21	44	50	62	47	69	30	0	41	20	21	14	50	22	41	53	60	39	13	6	43	41	17	55	19	58	5	32	25	17	77	50	33	40	13	36	78	48	16	57	
23	25	31	69	70	12	28	11	0	49	32	62	65	50	55	34	4	46	63	16	47	58	67	16	50	1	42	37	10	43	1	42	25	30	48	49	32	21	29	64	
23	50	15	76	21	41	18	63	18	0	57	32	24	32	55	34	23	23	9	77	44	61	19	20	21	66	40	14	30	43	62	27	34	61	41	8	66	54	54	22	
23	34	40	27	33	47	56	40	7	18	0	42	57	24	26	39	50	59	52	56	34	45	12	45	9	8	31	52	15	45	57	51	59	28	23	51	9	47	38	21	
5	81	73	46	65	2	18	54	19	10	3	0	69	12	40	53	72	49	1	70	66	54	27	43	54	59	65	6	68	32	86	46	16	19	14	66	66	29	70	27	
37	18	24	75	65	36	48	31	59	38	25	62	0	43	81	11	19	57	68	76	57	51	8	29	63	51	23	45	64	86	92	67	18	67	19	38	40	28	22	57	
55	36	27	66	61	7	70	49	64	60	43	45	2	0	45	33	41	65	86	75	65	69	30	47	61	35	45	64	79	27	55	40	40	85	41	32	62	49	36	32	
54	36	28	9	44	16	39	2	32	46	41	7	50	14	0	1	48	55	58	18	14	69	29	43	47	35	53	14	31	24	71	40	62	37	65	32	84	11	28	45	
61	62	49	25	72	12	55	45	61	6	1	34	38	6	62	0	43	56	18	71	56	76	39	59	64	1	52	51	14	47	54	17	61	57	40	20	52	59	7	76	
9	60	25	17	50	25	47	42	26	5	67	38	48	60	34	47	0	2	1	64	15	87	20	51	14	43	30	60	39	39	28	31	58	83	11	33	86	42	64	31	
53	45	19	34	51	41	34	27	45	27	52	32	54	39	13	26	4	0	13	43	39	78	2	56	49	60	9	39	56	49	66	65	37	62	45	12	82	21	49	58	
31	12	18	54	21	2	54	25	65	18	19	25	23	16	33	21	24	40	0	63	37	22	19	23	30	46	29	59	74	69	55	34	42	32	17	1	60	25	16	51	
41	22	28	54	46	16	43	30	2	25	29	9	30	11	44	2	7	19	51	0	53	40	21	33	58	42	18	62	50	23	15	44	35	4	34	21	26	35	2	14	
68	59	18	31	52	39	37	26	56	66	65	31	63	38	12	25	29	54	50	42	0	87	51	12	27	15	20	38	34	48	35	62	48	2	24	55	21	35	20	1	
74	55	44	43	14	53	73	49	13	51	17	54	25	51	35	6	46	23	40	65	27	0	32	56	68	9	49	35	59	3	30	55	63	68	16	54	46	58	52	14	
32	13	19	28	63	14	17	10	14	40	20	26	53	33	7	3	29	59	6	37	14	46	0	24	64	10	30	33	33	43	31	44	43	56	51	22	59	26	17	52	
52	47	53	63	67	70	64	17	44	19	54	35	75	42	42	27	8	30	16	69	47	39	44	0	8	14	39	50	33	51	65	16	40	24	15	11	89	50	22	58	
28	38	44	25	52	26	35	18	46	56	35	23	35	17	4	17	54	44	74	34	12	1	45	34	0	25	10	18	47	4	82	56	4	53	31	48	83	27	42	50	
56	51	28	2	35	13	32	36	14	59	12	9	43	32	22	35	1	35	12	52	44	50	22	36	5	0	52	48	24	24	74	33	61	39	53	20	80	31	46	69	
25	16	22	63	19	56	2	29	13	23	23	50	22	41	42	25	32	11	43	45	68	49	23	27	17	65	0	68	73	78	49	57	5	70	61	40	50	29	20	46	
50	43	8	5	52	4	35	23	21	56	24	26	5	35	9	22	13	51	63	39	35	50	25	39	62	5	48	0	27	27	80	36	43	5	21	29	21	18	47	42	
19	42	47	42	68	40	51	21	39	38	47	40	24	26	21	7	32	9	41	51	9	64	30	50	66	23	26	2	0	57	85	48	42	37	23	40	35	44	43	44	
54	45	11	60	48	61	31	58	42	5	52	49	26	2	71	54	61	40	39	66	35	18	52	56	46	68	6	27	82	0	33	63	11	46	65	61	58	20	13	65	
13	51	43	24	24	31	54	17	19	51	56	22	16	29	3	16	6	40	38	33	29	81	44	58	23	50	50	28	46	34	0	12	54	23	6	47	17	26	43	49	
73	60	66	49	20	70	39	70	65	36	62	52	22	59	56	22	15	64	62	31	45	12	30	2	4	29	65	82	63	71	9	0	23	50	61	73	47	70	45	42	
45	36	17	67	1	12	26	31	37	47	43	28	5	57	46	36	34	14	46	69	40	49	33	47	41	76	1	66	40	82	58	4	0	57	21	4	65	49	18	6	
60	49	26	77	86	69	60	62	36	63	18	56	81	23	56	18	38	50	10	74	62	30	46	23	43	55	66	48	59	72	52	74	77	0	1	52	66	62	11	16	
1	37	43	76	30	64	25	50	70	4	44	2	61	62	55	41	53	67	61	56	60	34	71	45	27	31	45	66	57	73	65	48	18	64	0	60	17	4	9	26	
29	30	36	85	51	70	45	43	56	66	37	12	65	55	64	25	36	48	42	57	24	63	66	41	46	65	20	51	63	92	42	64	29	41	21	0	66	34	34	69	
15	40	11	54	13	23	26	53	37	47	9	60	46	65	60	49	29	35	67	2	18	8	6	51	41	16	1	59	56	11	44	64	29	29	69	36	0	53	43	59	
64	58	51	44	58	62	69	28	53	57	18	65	45	74	48	49	39	16	42	55	62	11	35	54	80	64	44	53	20	51	97	61	9	10	29	47	69	0	62	63	
18	29	35	53	28	54	71	21	23	14	18	46	23	52	32	38	45	40	49	62	4	34	48	40	80	62	46	13	40	17	60	74	22	8	50	22	30	34	0	68	
41	22	28	31	50	38	4	24	44	54	29	29	7	31	10	18	38	42	54	40	15	25	35	30	48	57	8	31	27	29	68	43	15	38	27	14	52	12	26	0	
M3
0	25	25	30	30	2	48	46	29	9	37	62	66	76	40	35	53	20	23	22	53	57	58	57	34	38	34	42	56	56	49	21	45	57	62	50	57	35	67	17	
25	0	59	47	45	36	1	30	34	22	9	27	21	55	29	10	20	49	14	25	28	49	53	39	13	40	19	20	21	27	4	18	25	35	44	11	23	1	43	35	
49	6	0	33	41	39	10	54	26	52	16	10	45	29	15	6	5	43	10	7	8	53	27	61	46	4	52	22	51	57	30	14	36	45	22	44	3	34	2	65	
33	29	60	0	11	80	30	16	18	40	57	25	29	63	35	42	28	28	11	55	36	57	66	51	21	1	35	5	19	25	12	26	23	37	52	52	53	57	33	33	
45	36	26	48	0	40	44	52	45	26	27	14	41	57	50	11	2	44	51	1	29	42	54	53	63	9	42	16	24	30	24	1	28	58	66	40	38	56	48	38	
25	6	6	54	70	0	34	27	10	17	42	60	54	57	21	43	53	49	47	3	48	38	86	72	46	62	15	38	54	37	37	51	58	53	69	44	56	34	48	62	
28	24	56	39	50	50	0	35	37	44	34	34	3	71	36	35	9	59	35	4	31	70	55	58	43	47	37	46	30	11	7	21	34	47	49	62	48	46	46	7	
42	38	49	2	20	26	39	0	27	49	30	30	38	5	12	47	21	17	20	32	45	35	11	35	30	10	42	14	24	25	21	35	28	25	32	6	62	48	25	38	
47	34	15	51	24	60	41	37	0	38	13	47	55	14	36	14	32	53	48	49	32	56	40	64	20	59	34	42	48	54	38	33	52	4	39	50	62	46	58	13	
29	25	36	38	4	26	28	36	38	0	17	9	2	60	19	14	24	15	36	27	7	43	52	2	30	22	21	6	3	9	8	22	7	47	50	36	9	3	41	17	
22	41	47	22	28	39	39	42	46	55	0	12	27	64	14	25	31	11	23	28	43	46	49	38	44	17	22	7	6	12	41	4	10	48	72	8	26	4	44	20	
32	53	54	38	28	60	13	60	63	75	28	0	53	56	65	12	30	62	56	47	30	59	46	35	66	46	17	40	63	69	36	25	59	9	78	44	24	25	11	77	
1	42	23	6	17	55	31	27	31	33	52	38	0	41	26	41	41	41	24	61	49	46	33	64	10	14	7	18	32	38	25	21	36	50	32	50	66	70	43	38	
18	61	63	34	52	57	46	42	48	31	6	7	21	0	41	36	45	44	52	58	30	61	28	8	25	25	39	42	41	47	49	26	32	50	50	22	59	39	74	10	
27	74	7	56	61	55	4	38	56	47	27	64	20	53	0	47	9	52	63	42	62	45	36	64	47	59	40	61	58	49	66	25	62	70	27	64	48	26	33	60	
28	26	77	22	20	69	29	33	39	48	1	26	26	31	38	0	3	41	37	20	3	32	28	44	50	30	46	13	36	42	9	18	40	32	51	38	50	34	48	50	
40	36	42	72	64	36	39	47	40	58	43	40	36	19	48	40	0	65	47	56	17	23	65	33	60	21	18	68	34	40	19	33	25	55	23	67	54	32	42	48	
35	31	67	47	38	50	8	42	38	40	9	48	31	65	40	31	30	0	42	48	38	55	18	17	55	12	51	43	42	20	14	28	46	43	56	46	52	42	53	3	
27	8	21	32	27	52	36	43	9	50	21	7	20	59	10	24	19	18	0	32	42	39	2	33	40	20	19	27	1	7	39	29	5	51	52	34	16	36	9	15	
17	13	15	45	17	66	39	47	49	45	20	33	9	20	48	50	35	60	47	0	43	61	72	59	49	46	45	56	27	18	19	33	26	62	61	17	60	41	34	41	
44	32	6	17	35	9	37	36	24	43	63	5	50	61	16	53	49	52	35	29	0	55	64	53	19	25	33	29	30	36	33	18	10	56	31	63	74	54	27	44	
42	54	41	34	16	35	34	30	38	50	3	42	41	47	29	13	31	43	7	28	29	0	56	70	13	32	27	39	38	44	37	21	42	47	44	40	58	36	74	42	
42	40	60	56	23	58	30	34	6	47	5	35	46	59	33	44	3	2	41	16	53	23	0	39	32	9	45	11	39	42	29	13	43	49	43	42	45	23	57	25	
56	54	18	75	57	62	50	61	11	71	44	57	54	64	66	54	50	22	22	63	16	15	33	0	54	54	16	58	76	62	37	1	26	15	45	60	78	70	51	45	
46	65	72	61	67	49	10	6	49	26	33	69	65	31	5	39	51	50	31	64	52	25	34	80	0	57	3	33	63	69	48	50	67	71	20	54	79	57	63	73	
36	37	41	58	43	44	48	16	4	6	46	15	30	36	46	30	21	71	56	33	41	30	71	9	48	0	27	58	9	5	28	42	13	9	49	38	31	9	47	23	
31	31	48	8	26	59	34	31	33	53	46	13	28	18	43	30	30	43	19	32	25	47	69	26	36	1	0	20	7	13	14	28	11	52	35	40	29	24	7	21	
33	41	39	38	49	61	36	52	55	4	37	33	2	62	54	49	41	8	39	65	24	61	35	30	42	13	18	0	27	4	25	39	31	37	42	23	66	69	64	26	
50	60	39	47	32	59	58	54	69	47	37	4	19	56	44	21	35	60	47	43	39	38	60	30	37	17	16	49	0	4	45	38	2	48	68	31	52	52	36	12	
39	30	28	18	27	7	46	28	34	41	18	25	30	48	45	2	20	53	27	27	20	49	45	22	46	26	13	30	44	0	26	35	20	49	68	52	39	51	47	58	
8	4	57	40	32	62	7	15	17	26	40	58	4	70	16	41	3	58	15	56	11	57	67	40	37	48	24	51	52	29	0	1	53	58	29	42	28	32	26	66	
44	31	31	30	8	8	43	51	35	42	41	60	36	59	38	51	39	45	15	28	45	12	29	72	41	38	40	7	56	62	23	0	6	4	65	6	64	50	60	55	
54	50	18	41	56	56	27	23	47	16	40	28	24	48	13	26	44	29	48	12	44	42	51	42	6	25	13	33	22	28	33	40	0	17	37	55	43	21	60	29	
23	15	51	77	32	58	43	8	12	49	41	14	49	28	61	40	39	24	56	52	4	51	22	61	55	30	51	47	63	25	32	35	20	0	62	53	49	36	5	12	
49	25	50	42	41	36	12	21	46	38	10	34	41	26	53	6	24	18	58	6	20	53	26	55	65	49	61	34	45	51	30	39	49	53	0	47	56	34	14	15	
22	5	31	19	22	8	33	21	16	24	17	42	42	47	46	1	19	45	9	13	8	19	44	1	37	11	40	29	45	17	25	34	25	6	67	0	17	33	56	38	
46	27	27	40	30	4	19	48	31	38	38	3	56	60	41	22	40	61	58	13	40	33	65	29	38	21	36	26	54	58	46	29	3	49	66	49	0	18	13	61	
42	38	39	39	37	16	41	27	43	50	18	38	38	48	24	2	20	58	49	5	20	49	45	19	67	47	48	30	53	59	21	35	38	25	49	54	3	0	48	63	
31	27	66	4	22	43	30	27	29	10	54	36	27	59	2	38	26	39	22	63	34	49	58	33	17	1	17	16	30	20	10	18	34	48	9	12	51	55	0	10	
24	43	45	40	38	22	47	51	43	12	19	35	44	39	56	3	21	39	55	38	21	50	23	26	68	24	54	31	51	57	27	36	55	15	69	32	24	22	65	0	
M4
0	33	37	43	25	23	16	39	7	46	18	2	5	22	34	60	21	46	7	43	29	16	37	50	31	22	25	9	40	10	10	9	12	22	10	9	4	52	49	20	
20	0	19	66	23	31	16	62	40	27	36	35	44	53	24	5	38	32	40	73	58	21	56	58	47	50	26	38	54	34	59	10	40	50	38	37	36	45	58	3	
21	50	0	43	32	30	14	30	45	54	4	40	12	56	30	53	24	42	21	42	45	54	30	54	15	18	47	30	61	25	45	63	20	18	6	27	4	57	26	31	
33	45	50	0	45	39	15	35	42	40	24	37	28	47	36	57	10	6	42	42	1	54	37	11	27	18	47	9	21	25	53	63	13	18	6	34	41	68	17	31	
12	62	24	35	0	9	47	50	18	45	37	31	43	47	41	62	15	42	32	42	37	14	51	47	52	31	9	45	39	3	28	28	9	34	39	38	41	62	42	14	
44	64	31	28	58	0	44	60	35	15	40	41	53	25	62	15	36	35	46	67	14	20	30	40	22	43	64	2	50	42	55	51	30	43	31	3	29	45	8	44	
38	28	18	50	36	29	0	21	50	47	14	45	16	1	26	54	26	18	4	47	19	56	31	20	46	23	44	32	14	30	49	28	51	23	11	13	24	7	37	16	
38	27	22	50	18	35	49	0	44	20	39	39	47	44	46	2	20	17	44	59	39	20	46	24	50	37	18	46	7	20	7	54	35	52	40	23	39	36	59	19	
47	53	14	35	59	3	9	49	0	68	29	34	39	16	44	65	38	38	15	48	21	46	51	45	42	5	12	1	40	39	27	18	29	25	20	38	6	32	11	45	
29	26	31	14	9	26	23	42	35	0	32	48	43	28	20	67	25	21	27	19	16	31	44	26	28	4	6	3	36	20	45	41	26	33	21	26	1	20	32	10	
35	17	32	50	15	32	40	67	41	50	0	47	57	40	46	11	20	11	14	62	52	37	41	61	46	46	32	54	20	26	27	51	32	18	51	44	49	78	35	25	
29	51	34	46	31	29	45	36	4	43	15	0	11	52	51	61	25	53	4	43	48	42	38	47	62	19	22	37	62	26	37	54	9	19	7	6	41	49	47	17	
16	24	36	45	4	2	18	35	30	45	24	40	0	59	46	39	24	52	43	22	47	26	16	29	57	18	21	55	51	15	17	35	21	13	6	17	45	54	52	26	
37	54	23	8	17	34	12	44	43	44	33	46	37	0	32	10	19	15	51	51	10	8	46	20	36	27	34	18	30	28	53	53	22	27	15	5	40	34	26	39	
67	57	47	53	57	22	8	27	23	41	58	52	37	22	0	35	25	15	46	67	30	37	12	39	61	52	51	56	13	59	32	56	40	52	40	42	53	36	54	17	
54	18	46	31	55	28	47	15	32	13	18	30	42	46	29	0	12	38	35	54	33	13	46	24	5	50	53	41	28	32	7	59	7	50	38	18	48	38	49	37	
34	49	29	51	33	34	31	41	9	7	20	4	16	36	3	24	0	38	9	19	49	47	32	18	17	24	27	29	36	31	42	52	14	19	12	1	46	35	43	2	
38	20	32	4	50	3	20	40	31	43	29	26	33	52	39	48	15	0	8	47	6	34	42	16	32	17	49	14	26	30	50	32	18	23	11	4	46	55	22	36	
40	13	45	57	34	40	49	45	15	26	4	10	22	63	30	18	4	53	0	46	59	21	49	45	44	30	33	48	62	37	47	10	20	17	18	17	52	60	58	14	
22	36	34	45	2	19	47	35	28	6	24	35	21	35	50	60	24	36	2	0	47	24	37	57	62	18	19	47	39	3	31	38	19	18	6	42	45	72	5	24	
37	8	42	52	39	37	2	17	12	51	15	7	19	10	57	67	31	53	12	49	0	16	44	55	70	25	30	16	8	32	45	57	17	25	13	14	49	57	20	25	
27	38	29	50	7	24	42	61	32	38	40	27	39	16	14	55	8	33	5	50	8	0	35	49	48	45	24	32	47	17	43	43	24	39	35	32	44	66	5	24	
47	37	27	46	51	38	50	49	59	7	38	54	42	24	22	1	38	14	33	56	48	3	0	5	38	32	61	56	15	39	17	37	49	32	20	22	33	16	46	45	
32	53	34	50	18	31	47	20	30	29	29	25	13	56	55	49	29	46	30	47	29	40	42	0	62	19	12	9	55	19	46	40	35	23	11	6	15	57	38	36	
37	52	42	6	39	37	22	42	12	47	23	7	19	38	43	2	17	13	4	8	8	47	44	18	0	19	1	16	12	32	7	24	17	8	13	14	18	55	24	25	
40	69	6	48	33	48	33	3	13	45	23	36	31	7	20	33	39	55	20	16	20	55	49	60	34	0	23	44	53	44	43	63	5	11	25	6	9	49	45	37	
33	41	43	58	15	19	5	32	41	38	23	54	1	25	49	56	38	34	55	39	5	37	33	46	26	35	0	68	10	26	34	51	32	30	23	34	60	71	49	37	
52	86	68	64	54	17	73	54	64	55	43	59	47	40	62	79	43	24	64	61	7	32	56	44	77	37	66	0	80	44	61	62	15	37	25	62	31	77	66	50	
37	20	47	60	17	25	22	58	38	15	3	33	7	25	66	62	40	62	38	45	62	6	39	52	55	41	17	70	0	28	34	47	12	33	29	40	37	47	14	39	
51	44	17	66	53	22	29	32	17	56	34	21	33	54	60	56	47	26	26	24	55	29	33	52	45	13	11	50	21	0	13	32	31	41	29	28	27	71	24	27	
21	29	39	54	11	28	56	54	29	31	23	24	25	16	46	25	34	38	29	51	8	3	2	24	62	37	28	37	39	12	0	35	28	37	25	31	54	40	35	33	
43	13	44	54	31	23	11	25	44	65	15	48	11	68	73	59	51	4	53	49	56	44	36	56	16	28	38	54	13	12	40	0	23	40	33	44	47	74	38	53	
34	24	14	46	38	25	7	36	42	40	25	37	29	11	15	25	10	15	42	14	16	52	27	16	42	5	7	56	31	24	13	24	0	19	7	9	20	3	17	32	
13	57	47	19	15	32	1	24	28	55	19	23	35	2	5	26	30	2	28	58	21	37	37	9	47	38	32	29	38	26	51	35	21	0	26	19	61	61	37	37	
17	52	41	29	30	30	45	19	29	38	8	24	12	44	34	44	8	36	29	26	31	46	21	41	48	2	31	39	45	9	37	56	34	2	0	27	51	59	47	15	
14	41	1	40	33	41	28	30	38	12	14	33	23	32	32	31	6	47	25	37	42	55	30	37	29	13	42	44	56	20	48	33	11	13	1	0	18	24	40	26	
28	48	45	2	43	41	5	38	16	43	7	11	23	41	39	42	13	9	16	45	4	44	19	14	30	21	34	12	24	17	45	56	16	21	9	18	0	35	20	16	
29	19	9	41	33	20	36	31	41	38	20	36	24	6	17	45	20	48	41	38	43	47	22	11	37	14	43	51	50	21	49	19	42	14	2	4	15	0	28	27	
42	69	8	64	25	37	35	38	2	59	10	17	29	5	51	40	43	63	22	59	52	47	45	31	36	29	40	35	68	32	22	52	27	37	25	20	25	63	0	35	
54	44	34	66	58	8	24	42	32	42	29	27	39	31	42	32	27	49	32	63	68	38	13	25	41	39	50	65	50	46	36	15	37	36	27	29	40	23	39	0	
M5
0	60	27	24	49	38	42	38	19	31	25	27	38	53	14	52	35	20	37	22	36	3	10	35	50	27	30	36	26	24	39	51	30	30	3	47	3	26	48	29	
25	0	2	22	2	12	39	37	16	28	34	9	2	17	33	4	32	13	43	32	27	7	21	38	14	28	3	29	24	20	26	37	40	27	32	33	32	5	19	34	
25	53	0	1	45	18	29	17	6	18	3	15	25	40	23	39	22	36	16	22	23	32	39	33	37	1	28	23	39	26	32	37	54	17	19	34	32	27	35	30	
31	38	2	0	43	3	1	19	43	55	37	28	52	18	23	27	22	39	40	19	30	38	23	19	20	16	32	30	38	26	39	3	20	24	15	9	31	30	5	32	
42	38	61	30	0	3	46	18	27	39	45	17	10	25	13	29	35	21	23	43	35	35	56	26	22	33	48	39	17	28	17	13	48	34	49	9	20	20	43	10	
27	32	50	51	30	0	31	34	12	24	30	20	31	46	25	45	24	8	39	28	25	20	41	39	43	32	34	29	32	27	38	6	60	19	34	2	34	19	32	42	
19	54	28	27	31	27	0	35	34	46	25	27	53	47	15	34	17	34	32	7	18	26	11	7	27	4	20	33	26	32	40	40	53	12	3	37	26	19	14	21	
19	60	6	32	25	49	46	0	42	54	1	4	34	49	37	46	34	24	28	14	32	10	1	26	42	14	27	49	31	22	30	56	31	43	26	40	24	26	20	28	
11	39	39	31	31	11	15	14	0	4	10	1	11	26	9	25	8	22	19	8	9	18	25	19	23	30	14	9	25	12	18	24	40	3	18	20	18	13	21	22	
5	59	35	25	27	16	47	8	27	0	4	36	37	32	16	24	40	29	13	31	30	12	19	43	17	36	8	3	19	6	12	18	39	35	12	14	12	27	35	27	
15	31	25	19	39	18	43	51	33	45	0	10	3	18	7	18	41	14	35	21	24	22	8	33	11	31	20	38	41	17	32	44	37	37	22	47	12	13	36	2	
11	12	18	23	33	22	46	14	33	4	10	0	35	38	22	22	34	24	19	8	28	18	1	26	15	35	14	9	25	12	18	24	5	41	18	20	18	20	41	22	
43	22	45	14	51	13	34	42	24	36	42	1	0	9	41	13	40	5	47	33	19	19	48	51	6	26	46	29	45	12	38	35	32	35	47	43	50	4	27	34	
38	33	21	30	52	11	10	18	44	38	44	44	37	0	36	29	38	21	38	28	35	45	32	28	22	19	41	43	22	1	42	44	10	33	24	39	45	32	3	42	
35	24	40	5	49	41	18	45	23	35	16	32	29	21	0	48	25	7	31	36	40	42	34	4	41	33	45	13	29	33	1	28	25	34	31	44	11	39	39	37	
7	21	31	35	38	48	53	19	30	30	23	17	49	28	25	0	4	31	8	6	47	9	14	39	49	38	19	35	37	35	42	48	41	41	14	46	14	18	42	20	
16	27	44	23	56	22	33	41	39	35	41	47	47	8	34	10	0	40	46	42	28	23	29	51	15	35	45	40	45	21	49	55	33	50	23	51	23	25	26	43	
26	19	26	31	40	30	54	17	48	19	14	31	35	48	37	30	42	0	19	14	36	33	9	29	23	43	21	24	11	20	24	3	39	47	33	19	27	26	56	28	
30	52	31	5	41	30	15	33	35	23	29	44	54	4	41	27	32	15	0	33	44	37	36	33	41	27	33	28	41	20	37	15	29	38	29	39	37	5	13	25	
25	36	24	38	21	40	52	48	48	38	44	35	42	29	40	40	40	30	23	0	46	28	7	32	33	53	2	28	23	28	25	31	51	49	32	46	20	1	33	3	
21	67	16	35	51	50	24	22	44	44	50	44	63	45	19	53	18	45	53	33	0	28	30	42	46	39	46	49	36	40	30	41	39	13	28	32	28	23	18	40	
11	58	1	20	22	44	11	43	34	35	40	40	34	23	29	53	39	35	27	25	39	0	12	29	46	26	3	9	24	33	18	24	45	34	18	25	18	35	22	33	
11	53	10	24	38	53	38	53	34	46	40	21	50	46	29	38	26	16	20	6	41	18	0	18	50	42	19	45	40	14	35	48	45	35	18	32	16	18	45	20	
22	50	32	26	42	20	9	10	3	15	21	12	22	7	20	25	19	33	30	19	20	29	15	0	18	24	25	20	36	23	14	35	32	14	23	31	19	18	25	33	
48	56	38	4	55	3	38	51	43	41	47	35	28	43	56	3	55	30	56	23	9	36	38	56	0	16	36	46	57	2	55	37	22	50	52	33	40	6	42	24	
10	48	28	33	51	33	41	49	33	45	39	4	52	16	4	33	36	34	29	24	5	17	11	32	26	0	32	41	32	32	17	56	16	44	17	50	17	36	34	4	
28	40	12	43	4	29	37	31	50	21	27	32	25	12	23	44	37	35	29	25	38	35	12	20	37	46	0	11	6	28	8	26	34	32	29	31	35	35	30	35	
32	58	31	45	45	28	59	46	40	42	33	30	59	53	50	59	43	37	11	27	23	39	14	39	61	33	26	0	9	35	2	8	66	48	11	24	37	39	59	17	
10	25	40	24	32	5	1	13	32	3	9	39	42	6	21	23	29	16	18	19	28	17	23	19	16	16	13	8	0	11	17	23	31	24	15	19	17	26	24	32	
13	9	38	41	38	48	20	16	32	44	42	41	38	53	31	39	44	37	38	20	35	20	27	38	50	35	33	22	38	0	31	27	47	39	20	53	20	32	45	18	
10	48	25	25	42	14	21	42	20	32	38	21	39	49	15	49	4	34	44	10	15	13	24	5	42	36	23	37	32	28	0	26	43	9	17	34	17	19	27	24	
39	19	29	34	21	33	36	44	42	38	33	35	42	11	15	33	36	46	46	20	37	46	29	23	26	35	2	28	23	27	25	0	36	31	11	48	46	32	29	34	
3	49	34	18	34	42	14	41	26	38	32	29	30	16	21	1	3	27	36	2	43	10	17	25	42	29	15	41	29	31	38	36	0	37	10	54	10	14	20	16	
6	52	34	33	36	38	10	37	29	41	35	29	48	49	4	38	3	30	47	28	4	13	20	28	31	25	40	41	21	34	29	26	40	0	13	23	13	8	16	39	
24	41	43	52	52	32	36	17	13	25	4	6	32	47	30	46	29	43	40	29	30	31	38	40	44	6	35	30	5	33	39	45	58	24	0	41	31	34	30	8	
23	7	15	29	14	28	34	26	42	16	22	23	16	31	28	28	5	25	24	3	16	7	21	15	21	28	16	21	37	24	30	29	47	22	30	0	30	15	20	17	
6	21	16	28	45	8	21	36	29	40	16	15	8	23	24	18	26	19	47	32	27	13	20	39	20	36	40	43	36	4	14	42	40	21	13	38	0	10	39	33	
15	61	43	9	37	8	23	50	35	46	10	10	33	38	17	8	16	35	56	28	14	22	29	3	1	21	41	51	34	7	42	37	27	11	22	36	22	0	29	29	
18	40	1	46	42	15	42	4	24	36	42	33	33	48	36	35	27	42	18	40	36	25	32	36	40	47	32	41	48	28	22	49	43	30	25	41	25	40	0	51	
27	62	33	43	49	38	56	30	34	20	25	27	53	54	38	46	50	51	25	41	37	34	28	53	39	27	30	7	2	28	16	22	46	45	3	15	34	49	51	0	
M6
0	25	46	12	23	38	47	41	49	49	10	38	6	12	29	24	48	55	33	22	19	35	36	51	30	8	40	65	28	44	2	44	49	52	27	25	56	36	33	52	
45	0	22	31	34	16	1	40	28	52	42	47	40	33	30	20	3	52	32	21	37	34	45	35	35	33	41	50	47	43	32	32	23	44	44	34	46	49	28	51	
53	27	0	15	19	30	41	5	34	38	44	10	46	17	19	30	9	49	2	5	21	18	18	42	7	45	28	17	28	22	35	33	8	20	28	14	8	33	27	40	
7	50	34	0	49	47	54	37	46	37	54	21	59	47	49	53	22	48	29	35	51	37	59	54	18	16	68	17	34	36	58	47	60	30	56	48	48	20	41	19	
59	39	54	58	0	53	25	38	65	65	39	64	1	13	62	58	63	69	22	49	54	59	69	55	31	17	44	6	11	69	31	58	55	76	41	62	57	3	14	56	
58	30	10	47	16	0	52	43	12	48	45	37	36	65	15	8	45	33	16	53	55	33	22	67	67	48	18	62	41	63	61	14	48	55	44	66	61	55	43	30	
59	27	56	38	37	58	0	35	25	30	44	49	41	20	28	24	51	25	29	56	56	36	45	15	26	47	37	11	50	22	5	12	61	58	23	40	34	57	27	41	
44	46	6	31	36	41	39	0	41	41	37	27	59	34	38	18	22	61	45	22	11	16	26	45	36	32	20	34	33	15	43	52	62	38	33	33	27	31	20	32	
48	16	47	48	32	49	38	29	0	52	71	23	49	70	1	57	40	38	2	58	49	61	59	72	60	61	46	66	52	49	60	20	34	52	54	66	61	41	47	58	
2	33	25	18	31	38	27	15	55	0	24	5	59	42	26	29	43	50	46	44	24	39	25	48	11	39	34	23	36	2	15	39	49	16	22	20	14	49	7	21	
37	8	17	35	39	45	30	18	57	48	0	51	13	37	51	10	32	1	21	25	41	38	65	64	39	21	52	48	24	43	18	13	52	60	48	38	39	20	48	61	
68	29	48	63	39	47	5	38	47	36	29	0	56	54	5	61	53	62	39	53	41	11	63	71	64	23	59	48	19	59	27	26	42	33	23	45	39	45	64	33	
51	20	32	39	35	22	42	36	39	34	5	20	0	52	10	33	25	44	42	40	26	33	46	45	3	17	18	20	32	23	38	33	46	14	31	17	11	45	28	17	
55	59	25	29	22	23	34	38	41	35	58	43	66	0	35	38	55	63	25	19	35	32	39	69	1	53	48	49	45	41	53	28	72	46	42	32	40	47	46	35	
61	20	34	53	40	17	37	36	11	65	61	36	60	70	0	32	44	51	15	62	62	57	32	46	28	61	42	42	65	62	67	33	6	20	24	46	60	9	60	54	
49	23	30	13	17	35	30	22	35	34	42	17	30	15	16	0	29	48	39	3	19	16	46	38	17	43	14	13	29	25	11	15	37	38	24	10	4	31	29	25	
39	19	18	19	7	1	8	28	1	43	48	26	13	21	3	16	0	25	5	9	25	22	23	59	10	12	26	23	35	31	12	22	23	44	32	22	35	25	23	38	
49	37	44	45	33	27	22	50	27	26	29	29	39	47	29	23	2	0	31	35	43	1	46	34	36	38	44	47	35	37	33	35	36	23	30	16	38	46	4	54	
48	41	25	32	20	24	57	29	23	33	50	12	6	50	4	37	46	6	0	38	44	18	22	51	52	33	3	33	26	44	17	42	11	40	11	23	24	43	28	15	
46	47	37	4	8	43	41	13	47	28	33	20	44	6	30	43	30	59	48	0	10	7	39	44	8	48	48	37	20	16	28	26	63	29	17	7	28	22	21	30	
56	38	2	50	39	33	25	60	33	27	39	13	45	45	31	48	8	57	37	41	0	2	10	9	42	44	51	22	67	56	22	52	55	24	51	37	31	27	38	63	
40	39	36	35	20	19	59	44	38	8	20	39	28	37	12	34	27	59	42	25	35	0	48	54	39	48	40	29	51	47	47	33	49	5	40	26	20	39	45	52	
47	21	28	21	25	32	2	30	43	32	50	20	8	23	14	1	21	58	47	11	27	24	0	36	25	24	22	8	35	29	29	5	37	46	22	8	2	31	27	29	
47	9	30	39	40	21	31	24	34	34	24	23	40	20	16	26	9	54	38	42	58	19	50	0	38	45	24	13	47	31	20	14	39	41	24	10	4	40	29	36	
5	29	27	39	33	10	38	42	11	60	15	36	43	41	14	4	6	50	15	29	45	42	34	4	0	24	35	53	55	51	42	4	47	58	48	42	63	54	53	42	
45	32	37	64	58	35	54	55	54	13	74	48	21	42	42	50	37	48	58	62	10	37	44	28	60	0	37	39	14	68	25	27	3	59	35	63	57	35	62	49	
38	32	20	22	37	14	54	39	14	23	40	13	38	40	11	27	45	34	18	28	34	8	43	61	42	23	0	37	16	50	53	35	43	30	51	41	36	33	18	5	
57	51	41	43	47	35	17	16	35	12	48	31	35	20	32	48	16	55	39	49	41	11	62	14	38	44	14	0	22	39	28	37	63	33	30	18	32	45	39	26	
9	19	49	10	27	56	9	56	68	75	82	58	57	60	47	60	43	68	72	61	77	74	77	33	32	73	72	50	0	72	35	41	41	73	56	51	52	73	9	82	
46	28	31	13	45	50	22	10	50	34	19	24	57	37	21	24	38	45	41	39	52	34	20	43	40	34	29	18	31	0	25	34	44	43	17	15	9	44	2	16	
34	44	24	12	30	7	42	52	26	42	59	31	50	53	29	22	41	47	30	41	57	33	11	40	46	48	18	39	41	39	0	28	62	47	32	18	30	28	43	30	
30	54	26	39	15	24	46	7	39	6	4	15	2	50	25	13	14	28	3	43	49	12	46	5	46	50	47	44	57	23	23	0	15	34	16	2	35	32	28	42	
28	42	35	30	36	64	59	47	46	41	56	31	23	40	23	35	52	52	33	28	44	37	47	9	42	24	43	5	38	34	44	48	0	54	43	29	23	1	39	23	
57	51	31	11	37	14	38	9	33	25	50	31	50	55	36	29	13	41	37	44	57	13	43	44	1	49	19	15	5	39	30	35	60	0	32	18	50	27	12	31	
24	21	38	26	2	21	17	34	3	7	28	1	54	10	6	22	45	43	7	46	34	59	42	41	28	58	46	59	55	54	65	25	39	41	0	46	66	26	52	40	
30	43	46	28	45	39	37	25	31	15	34	4	33	44	14	39	14	60	35	32	47	45	35	58	35	49	44	33	46	12	12	10	51	58	5	0	24	21	17	31	
40	14	21	30	31	36	36	35	36	25	44	14	43	44	7	17	24	56	40	42	56	20	45	29	45	45	15	4	38	22	22	20	30	42	15	1	0	31	20	27	
61	22	52	21	33	46	44	38	50	35	21	26	50	31	39	50	25	45	54	19	35	10	64	11	33	61	67	56	37	41	53	51	32	32	42	32	47	0	16	52	
8	25	32	38	42	47	47	46	47	36	55	21	28	35	18	28	33	54	51	44	60	31	31	6	1	28	26	15	28	33	33	30	41	27	26	12	6	42	0	38	
69	25	9	27	31	39	47	28	57	12	29	2	59	29	43	28	34	23	19	17	30	14	39	57	31	12	63	60	9	39	42	30	35	36	40	30	51	22	44	0	
M7
0	31	14	39	57	1	47	17	51	6	37	38	42	26	24	53	6	38	16	58	45	13	29	43	40	23	35	27	36	35	48	15	52	6	17	42	7	59	51	33	
49	0	37	49	44	10	61	51	56	44	25	25	68	58	19	42	51	54	71	17	12	63	75	10	28	46	60	32	14	59	43	4	40	58	32	2	27	10	66	38	
41	60	0	44	49	29	13	64	45	8	22	14	56	49	7	31	11	40	13	55	11	38	56	68	34	20	37	54	42	61	9	57	46	50	31	47	42	61	39	35	
70	12	39	0	54	47	41	85	55	40	2	43	13	70	34	60	82	64	65	61	36	52	63	29	37	55	24	13	47	69	17	48	37	44	47	34	2	54	43	37	
21	24	32	19	0	13	23	44	43	33	28	50	22	36	51	67	33	44	43	20	8	35	7	27	36	48	46	39	21	35	43	2	48	33	44	22	28	47	9	16	
62	7	3	31	47	0	27	26	67	29	12	55	34	53	53	72	43	63	49	33	25	29	52	18	41	49	51	2	32	25	23	43	32	71	36	23	40	49	45	26	
49	63	28	58	29	32	0	39	21	55	56	22	17	29	14	22	25	45	58	44	59	61	67	15	46	31	16	36	18	7	40	50	29	37	25	27	50	71	19	10	
46	51	26	54	10	20	67	0	48	13	41	27	36	62	9	44	25	57	61	54	16	10	44	60	24	42	3	44	47	23	45	59	36	29	19	41	45	53	40	13	
57	34	25	30	51	42	33	35	0	38	39	32	50	17	34	49	37	37	73	1	24	56	61	33	32	45	43	17	53	29	27	9	44	34	20	38	39	28	6	41	
7	44	27	52	41	14	46	30	37	0	43	6	55	39	37	23	19	30	29	49	51	4	42	56	46	36	3	40	8	27	24	28	39	16	23	47	20	27	19	1	
8	43	26	53	51	12	16	22	10	20	0	16	56	25	9	33	20	52	16	23	29	27	43	14	54	37	34	38	34	36	34	29	58	20	31	43	21	44	36	35	
14	33	29	41	22	2	53	37	18	26	38	0	49	22	44	4	26	43	36	59	51	33	49	44	36	43	55	28	56	51	5	30	48	26	4	49	15	55	67	14	
15	52	35	39	41	21	34	38	9	27	45	40	0	34	35	39	27	42	12	9	33	34	38	50	34	2	44	47	40	33	14	36	30	17	7	28	28	36	7	40	
22	7	42	58	26	29	12	45	21	34	6	32	60	0	52	39	25	45	44	56	21	25	12	27	67	51	4	55	4	63	9	3	28	34	45	41	2	21	54	57	
37	39	57	20	71	40	50	31	31	49	29	64	40	50	0	29	16	29	35	38	17	24	64	46	50	59	51	40	3	49	44	58	44	49	37	22	29	33	23	56	
26	22	43	41	44	16	56	49	47	22	1	16	57	51	27	0	38	8	3	35	44	26	47	42	6	24	40	26	56	22	22	41	18	38	9	42	39	38	30	20	
73	22	49	3	48	40	40	45	44	50	12	48	23	64	44	17	0	2	6	48	9	6	25	39	47	50	34	23	57	26	27	58	24	43	56	6	12	43	40	47	
52	6	55	63	35	38	28	75	26	44	43	42	49	25	51	9	45	0	45	55	50	68	60	7	28	40	2	41	52	27	36	42	40	22	35	33	59	4	1	42	
20	21	40	32	54	27	34	43	40	30	41	19	52	22	8	36	32	34	0	15	23	39	17	19	42	22	58	3	36	42	24	41	33	32	36	24	33	23	36	27	
33	26	43	7	41	16	31	9	34	22	16	6	27	41	29	23	23	12	55	0	40	52	48	42	6	24	38	26	43	28	1	2	18	45	12	34	16	2	24	20	
26	21	29	19	47	27	55	27	31	36	28	12	39	47	50	11	38	34	14	49	0	45	54	25	48	48	33	9	29	54	30	46	39	38	29	30	28	5	28	25	
36	42	44	23	17	17	58	3	2	23	3	21	43	30	30	31	48	30	45	65	11	0	51	43	7	25	40	27	35	33	39	42	19	24	38	14	9	39	68	21	
56	33	38	14	38	26	3	34	24	42	23	40	34	57	32	57	68	28	58	54	40	1	0	33	26	44	32	17	68	60	38	61	38	56	42	16	23	40	40	40	
57	32	13	13	24	27	49	9	19	33	22	32	33	6	41	49	20	40	28	45	4	56	6	0	18	26	28	33	26	2	37	41	24	4	8	22	12	50	54	29	
32	32	28	26	40	1	42	51	36	7	35	5	42	40	14	22	44	27	54	49	34	37	45	27	0	9	25	11	41	50	23	26	3	44	22	30	33	23	52	5	
2	27	19	8	43	9	40	25	46	14	17	23	28	34	4	8	14	46	24	58	29	21	7	19	34	0	39	28	44	21	17	23	4	14	25	38	15	12	32	9	
59	58	3	41	53	28	10	63	45	34	25	32	61	53	20	3	49	44	39	71	35	51	37	28	18	36	0	12	20	31	33	5	30	40	45	33	50	29	55	22	
46	34	45	15	74	35	33	64	58	13	24	39	35	56	48	56	58	61	68	70	9	25	36	2	25	43	42	0	47	55	7	31	16	55	20	7	24	57	29	10	
10	12	30	52	60	17	39	13	40	22	53	53	15	39	40	52	22	47	32	37	56	27	20	10	39	15	46	39	0	38	47	31	45	22	33	20	3	54	12	12	
40	41	37	36	7	10	38	60	60	50	45	43	56	59	34	46	3	23	39	42	42	39	45	52	34	9	11	36	61	0	53	50	7	52	15	5	45	50	47	12	
44	20	18	1	62	31	28	67	63	48	10	51	21	17	42	49	33	53	66	69	44	60	8	20	45	13	13	21	53	44	0	52	45	52	53	42	10	54	18	29	
38	32	35	13	24	26	61	45	42	50	22	11	33	46	7	7	7	39	43	64	46	43	45	40	46	50	10	33	24	26	29	0	10	50	24	13	22	15	63	38	
34	16	26	24	57	38	30	45	25	37	33	42	44	48	2	40	34	48	32	11	54	7	8	33	28	3	45	44	62	35	37	38	0	46	13	50	33	36	60	10	
7	44	27	27	53	14	37	5	42	19	36	18	47	37	20	29	11	40	29	62	20	26	42	40	4	22	6	24	19	32	36	24	16	0	30	27	14	21	10	18	
37	4	45	4	46	18	9	55	37	4	13	19	11	47	31	29	11	43	47	24	47	29	30	12	8	26	33	24	38	36	10	40	20	19	0	38	13	10	49	22	
63	1	39	60	46	12	63	62	62	59	12	53	70	35	52	4	27	14	13	31	45	24	47	43	43	35	53	38	24	59	53	37	55	8	46	0	60	42	52	24	
38	48	53	29	43	26	54	59	42	50	16	11	49	46	38	28	32	59	60	55	61	43	66	56	39	45	47	49	5	21	3	33	31	21	28	5	0	71	27	38	
25	26	28	7	50	1	4	44	52	37	16	21	27	56	48	38	16	47	2	10	24	44	39	20	41	48	38	24	57	28	31	35	13	26	20	3	16	0	57	45	
27	42	30	38	24	13	3	50	48	19	41	17	54	3	26	34	20	11	49	53	42	46	35	35	3	15	13	19	37	2	11	38	15	39	11	22	37	35	0	17	
37	56	52	60	31	25	62	60	7	49	61	10	52	45	58	27	27	47	38	44	62	56	69	55	58	33	35	39	60	9	28	34	31	49	27	29	13	23	71	0	
