40  8  1
8
	0	72	1	61	2	25	3	94	4	87	5	3	6	49	7	18
	0	40	1	92	2	87	3	23	4	91	5	25	6	61	7	100
	0	12	1	56	2	5	3	48	4	40	5	83	6	52	7	96
	0	53	1	56	2	10	3	10	4	59	5	28	6	90	7	51
	0	93	1	63	2	36	3	44	4	54	5	44	6	67	7	6
	0	40	1	62	2	29	3	30	4	59	5	90	6	22	7	21
	0	17	1	45	2	40	3	46	4	20	5	8	6	51	7	16
	0	34	1	68	2	95	3	38	4	1	5	78	6	90	7	2
	0	90	1	64	2	51	3	79	4	34	5	28	6	90	7	39
	0	4	1	7	2	30	3	50	4	86	5	10	6	64	7	79
	0	84	1	34	2	35	3	20	4	68	5	22	6	19	7	31
	0	20	1	28	2	47	3	33	4	71	5	94	6	72	7	25
	0	12	1	53	2	5	3	100	4	34	5	23	6	41	7	81
	0	27	1	44	2	66	3	100	4	41	5	74	6	21	7	93
	0	92	1	57	2	45	3	87	4	56	5	23	6	43	7	6
	0	10	1	73	2	38	3	2	4	79	5	73	6	10	7	12
	0	18	1	58	2	25	3	89	4	41	5	12	6	17	7	44
	0	64	1	81	2	58	3	23	4	30	5	36	6	52	7	81
	0	28	1	88	2	22	3	41	4	41	5	26	6	77	7	52
	0	63	1	29	2	88	3	75	4	71	5	76	6	93	7	60
	0	73	1	46	2	36	3	2	4	29	5	89	6	81	7	94
	0	26	1	14	2	72	3	89	4	86	5	15	6	32	7	65
	0	87	1	38	2	13	3	51	4	61	5	57	6	47	7	37
	0	93	1	12	2	60	3	11	4	25	5	28	6	35	7	65
	0	53	1	24	2	57	3	73	4	50	5	63	6	72	7	46
	0	83	1	26	2	21	3	94	4	80	5	91	6	58	7	70
	0	72	1	58	2	58	3	64	4	35	5	59	6	50	7	77
	0	74	1	26	2	64	3	94	4	50	5	18	6	67	7	27
	0	37	1	36	2	2	3	12	4	43	5	60	6	93	7	69
	0	62	1	92	2	60	3	61	4	13	5	11	6	50	7	18
	0	93	1	38	2	95	3	3	4	67	5	87	6	50	7	41
	0	37	1	64	2	55	3	35	4	90	5	99	6	42	7	46
	0	15	1	68	2	81	3	5	4	28	5	16	6	23	7	82
	0	48	1	76	2	93	3	39	4	19	5	85	6	42	7	36
	0	69	1	6	2	58	3	69	4	45	5	12	6	86	7	49
	0	72	1	8	2	33	3	72	4	20	5	88	6	33	7	24
	0	85	1	44	2	99	3	16	4	7	5	83	6	6	7	56
	0	84	1	28	2	67	3	4	4	66	5	87	6	95	7	53
	0	26	1	32	2	72	3	37	4	37	5	17	6	63	7	73
	0	25	1	32	2	43	3	69	4	50	5	66	6	33	7	65
SSD
M0
0	52	24	56	51	53	27	58	14	56	45	62	59	50	54	50	44	60	21	62	47	37	60	58	36	78	64	44	17	20	67	55	37	28	12	49	23	47	29	69	
30	0	52	72	51	33	16	47	15	39	24	20	46	38	25	55	21	15	60	45	53	34	6	35	34	54	34	47	44	29	37	47	7	24	43	51	42	36	18	64	
62	33	0	44	15	34	27	34	27	33	34	26	23	32	19	14	8	24	19	45	11	1	32	22	27	75	33	8	31	17	31	41	1	18	8	42	30	45	24	33	
5	59	68	0	65	40	60	61	33	35	75	49	59	21	27	48	14	56	59	42	60	39	56	56	59	64	13	43	37	28	55	47	34	51	36	59	45	63	32	63	
70	18	33	35	0	42	35	25	20	47	53	29	48	34	27	41	28	10	12	64	33	4	11	26	21	5	53	45	48	27	47	24	35	35	23	3	12	47	50	66	
48	32	79	9	64	0	45	1	44	51	51	53	63	50	12	21	43	72	32	44	14	53	39	5	34	8	60	64	54	18	49	4	19	36	7	49	43	58	34	66	
23	46	19	49	46	46	0	65	37	62	1	31	40	9	50	45	20	55	50	36	42	32	52	45	58	46	45	28	14	26	30	50	32	49	39	61	9	3	55	38	
64	26	60	34	38	38	43	0	54	41	61	59	66	35	39	69	72	61	6	55	27	40	62	70	64	63	49	44	42	62	16	23	55	15	61	70	64	42	14	60	
63	3	65	55	63	6	59	47	0	24	33	46	48	18	38	52	56	16	63	5	60	69	45	51	48	54	29	45	30	5	15	13	46	56	53	53	71	65	42	23	
67	20	77	32	54	67	41	44	75	0	42	51	66	64	10	24	58	17	35	64	44	53	17	40	20	58	23	49	21	70	16	37	67	28	39	25	46	61	37	72	
47	55	36	59	56	43	43	58	20	41	0	67	50	39	35	51	17	56	62	49	29	42	50	60	7	38	10	15	40	59	16	19	17	6	39	52	17	49	33	7	
35	39	16	51	37	59	34	21	24	15	52	0	51	40	29	42	36	28	27	66	37	29	1	17	39	38	26	32	40	12	19	56	29	14	12	44	11	45	25	61	
53	35	55	14	26	45	33	13	50	42	46	27	0	42	46	16	50	24	13	10	28	44	20	15	29	70	19	59	21	59	11	31	33	50	24	9	38	10	29	67	
56	29	37	56	18	38	27	40	1	33	32	1	52	0	14	10	25	49	21	14	29	42	22	38	23	16	47	48	43	2	31	41	1	18	25	38	32	47	23	46	
61	75	61	70	10	65	79	34	24	51	25	25	44	52	0	56	59	8	67	54	51	39	46	42	69	83	21	46	30	11	14	56	60	59	40	23	36	21	16	21	
38	9	50	44	33	33	38	32	43	36	20	22	32	30	34	0	24	54	1	44	10	22	8	59	3	58	44	33	23	54	55	48	47	54	5	18	12	27	3	55	
51	35	36	50	59	8	59	49	1	32	43	48	51	56	43	16	0	53	27	61	36	7	34	29	29	56	7	11	5	65	52	52	33	44	4	44	31	37	29	31	
67	34	63	64	37	31	27	38	31	62	15	54	81	53	55	43	12	0	54	6	63	37	61	25	56	73	37	41	35	35	74	21	63	71	34	71	53	47	56	57	
30	7	45	15	4	4	9	36	29	7	27	29	66	1	5	35	38	28	0	34	21	47	28	49	31	29	15	44	8	30	27	48	24	39	43	36	35	8	14	26	
51	12	37	44	34	36	11	35	29	41	29	51	61	37	28	26	10	62	37	0	41	35	44	57	39	46	35	36	33	54	53	1	23	24	5	54	30	31	6	40	
45	13	47	44	38	13	35	20	18	8	53	49	48	35	22	33	25	7	6	6	0	50	10	30	19	55	35	47	33	19	13	37	55	40	26	16	4	42	46	5	
59	30	3	17	30	12	31	41	42	37	41	41	18	36	23	11	23	39	7	40	3	0	29	34	24	49	48	23	43	32	35	45	5	22	23	39	33	40	24	48	
31	29	1	54	28	47	18	47	40	43	36	34	28	44	32	27	21	37	32	50	18	13	0	35	34	32	15	21	44	30	44	54	14	20	21	49	3	38	33	46	
32	53	40	62	51	51	38	59	58	47	56	41	68	46	33	50	39	68	19	71	63	53	48	0	62	16	62	25	55	23	45	31	15	32	60	48	64	55	38	51	
51	37	22	33	49	23	31	51	18	25	29	19	57	29	23	37	3	22	48	50	45	28	34	24	0	63	28	32	5	19	16	29	5	22	25	49	6	51	28	52	
62	39	71	30	36	36	41	29	51	39	1	43	4	33	37	32	62	40	4	13	21	60	36	31	20	0	27	52	37	21	27	47	49	20	24	22	54	26	45	44	
45	25	51	37	30	69	15	38	20	1	33	52	13	41	15	29	52	22	38	35	43	31	22	40	25	48	0	23	26	19	21	42	58	33	31	30	41	10	42	70	
19	46	48	1	57	35	66	53	28	22	68	12	57	28	17	40	9	43	47	39	24	34	8	49	20	65	17	0	32	29	25	63	55	13	31	51	20	9	24	14	
9	32	31	12	31	25	59	66	54	47	1	58	46	30	51	39	51	33	35	19	31	2	6	61	12	66	11	51	0	33	28	14	33	2	51	59	12	47	50	50	
60	41	48	26	55	27	58	50	52	23	11	57	64	29	37	29	60	35	40	63	49	26	22	37	30	12	17	15	48	0	43	64	57	10	44	52	39	64	22	22	
49	63	45	57	11	34	9	26	18	39	27	38	59	35	53	54	20	60	65	62	68	45	59	54	59	17	45	49	40	17	0	76	58	62	42	27	35	29	57	26	
53	38	49	6	61	55	13	38	3	73	11	61	23	39	22	51	50	59	48	3	63	62	35	28	6	15	54	58	44	49	19	0	62	13	3	44	39	17	38	68	
51	23	47	53	41	35	11	37	28	17	29	44	66	16	3	40	9	38	51	49	43	34	18	51	32	59	34	38	32	33	15	25	0	2	31	29	37	31	8	58	
57	52	24	25	27	61	40	50	26	46	58	14	47	45	16	49	38	60	55	43	47	37	23	11	25	65	47	28	40	46	10	54	14	0	39	9	17	44	21	17	
71	52	58	64	27	64	70	64	3	28	51	44	69	16	42	53	65	44	64	19	52	71	27	55	9	35	55	54	53	44	19	69	44	12	0	43	29	52	66	39	
3	10	45	27	38	42	60	13	35	40	55	17	41	41	17	50	16	61	49	46	30	16	38	6	53	47	3	35	39	12	56	39	34	51	38	0	15	62	5	63	
46	50	47	29	41	48	48	28	41	57	61	42	3	57	50	31	22	39	28	25	43	18	21	30	44	74	34	7	36	38	26	46	32	17	19	24	0	25	44	38	
42	36	32	4	32	32	2	4	13	47	20	24	59	28	37	40	6	44	44	5	55	31	45	53	12	55	31	13	29	45	15	3	19	23	28	63	28	0	42	55	
52	33	55	29	7	54	37	3	36	9	55	19	32	10	23	37	42	30	43	15	9	66	30	40	33	53	30	4	34	39	29	50	18	35	51	38	24	54	0	83	
15	51	17	44	27	19	42	26	32	62	55	53	18	61	48	43	13	24	43	17	40	30	19	45	56	67	21	29	18	27	17	61	30	38	35	39	51	17	53	0	
M1
0	43	33	52	41	46	32	1	33	24	9	27	21	27	3	25	14	49	13	22	33	10	46	44	10	22	44	35	32	30	54	39	50	36	11	18	14	39	33	27	
54	0	56	30	14	2	55	21	11	54	47	52	31	27	41	24	11	44	30	33	51	35	30	12	7	42	24	14	42	21	71	58	74	27	40	47	46	61	8	24	
35	32	0	8	23	3	50	42	14	42	49	42	1	35	8	10	32	45	44	9	24	48	33	45	8	18	44	26	38	15	39	46	11	6	11	3	27	65	22	12	
33	32	27	0	40	31	32	54	47	63	26	57	22	58	38	21	44	3	25	53	36	32	68	6	67	36	67	59	17	24	50	16	47	15	34	15	47	1	41	24	
21	56	24	22	0	33	14	14	46	6	42	27	18	50	39	62	20	39	26	36	24	55	50	7	15	15	55	17	32	35	26	51	10	18	42	23	19	56	41	30	
44	31	6	1	48	0	40	1	43	55	59	46	40	47	29	39	50	50	44	22	35	60	48	50	52	38	47	63	48	33	11	24	53	60	14	21	22	9	4	30	
16	4	11	15	40	45	0	53	1	67	8	28	31	60	14	44	7	11	24	36	33	53	26	5	47	35	5	32	40	24	48	48	25	23	5	12	21	54	51	21	
13	50	54	37	54	32	15	0	51	62	54	21	33	8	21	10	49	3	16	83	48	54	29	19	48	30	27	59	54	39	63	3	59	5	46	27	12	23	9	16	
1	36	37	35	10	3	10	10	0	2	38	38	14	46	23	34	40	29	24	55	20	19	37	22	11	2	41	13	30	27	47	42	37	14	8	15	15	5	37	24	
8	43	37	26	36	70	1	1	33	0	48	38	5	37	36	57	40	29	15	46	11	61	37	13	2	2	42	4	21	56	38	64	43	5	51	44	53	62	28	36	
29	50	57	32	38	3	46	46	47	38	0	47	45	70	21	39	61	34	33	83	53	24	45	14	47	29	74	49	6	19	49	25	10	15	45	32	61	52	9	34	
36	34	20	48	22	58	37	29	14	32	24	0	20	21	27	20	18	36	39	39	50	5	25	30	41	33	31	32	27	48	45	19	18	44	75	61	45	31	67	26	
37	44	56	12	49	39	14	4	21	22	57	53	0	56	13	14	8	44	43	70	40	38	61	24	31	17	37	28	50	48	31	26	72	34	63	61	13	13	27	47	
45	59	5	32	45	8	60	68	39	68	20	49	21	0	6	38	16	78	65	35	38	62	23	46	52	56	43	29	11	29	53	30	10	8	10	17	26	57	63	26	
42	19	52	39	49	34	46	17	11	38	11	40	40	34	0	38	13	31	35	5	23	60	48	24	34	4	47	49	19	20	39	27	41	23	14	21	18	65	4	30	
27	50	41	45	48	73	20	20	22	12	36	21	24	56	39	0	59	48	34	65	30	17	53	32	21	21	10	23	39	67	48	40	38	24	53	60	57	80	47	42	
7	34	46	35	40	50	34	33	32	40	27	48	22	44	27	18	0	21	25	87	33	9	45	17	49	12	57	51	31	9	52	38	60	3	62	51	19	3	50	27	
26	4	55	44	44	4	19	19	35	11	66	56	23	16	8	67	58	0	33	51	29	76	25	31	20	20	60	22	25	23	30	42	55	23	32	31	38	37	46	40	
1	45	10	32	31	40	10	41	20	61	7	25	1	74	45	1	10	19	0	75	23	43	61	55	11	4	49	52	47	42	36	5	46	51	49	30	65	66	37	39	
19	44	48	25	47	48	12	4	41	4	11	46	14	48	33	4	48	15	6	0	22	55	48	7	13	10	17	15	32	64	33	41	54	16	46	53	62	56	39	30	
45	54	26	11	40	52	17	61	9	61	47	46	31	47	6	61	41	62	21	28	0	55	7	30	15	51	38	21	47	24	48	54	44	11	5	12	21	34	34	20	
32	19	49	50	17	42	18	10	9	17	5	56	29	50	8	1	59	48	39	70	35	0	22	37	26	21	66	28	8	36	51	15	49	29	68	50	26	54	48	11	
49	52	39	28	24	41	18	24	34	55	40	33	46	2	35	55	30	38	57	22	19	46	0	47	27	11	18	34	36	13	36	35	6	28	20	1	20	82	30	1	
56	59	49	6	37	51	31	36	46	50	23	39	62	50	20	51	56	20	7	59	52	36	72	0	49	18	63	61	23	60	61	45	64	6	74	65	46	37	62	11	
41	43	50	25	47	62	34	34	50	26	25	21	31	54	10	54	50	50	42	50	20	44	26	46	0	35	75	37	54	63	65	49	66	38	71	65	52	80	2	15	
12	15	58	65	60	42	20	41	5	33	46	10	45	59	60	58	12	1	55	67	8	43	51	53	28	0	19	44	61	70	41	36	40	21	59	66	60	58	18	38	
8	53	52	43	8	74	18	18	43	10	39	55	22	26	42	35	49	24	32	31	28	20	26	30	19	19	0	17	24	70	55	15	60	22	58	61	60	70	45	14	
17	64	58	9	6	59	22	22	43	14	56	59	26	58	18	27	61	49	36	16	14	43	56	25	23	23	62	0	2	56	45	56	43	5	49	44	65	35	35	39	
45	41	33	51	49	46	13	40	5	32	66	45	44	40	28	40	35	46	54	62	27	51	19	52	20	21	47	20	0	18	7	18	5	21	25	6	41	10	27	1	
17	42	6	6	50	5	19	19	51	11	40	15	23	13	23	41	58	37	24	62	29	48	55	5	20	20	60	22	19	0	14	48	31	23	38	45	54	11	46	22	
50	45	33	29	49	62	46	59	61	53	38	48	40	47	9	37	38	1	30	40	12	59	48	11	3	38	26	61	46	50	0	19	75	29	63	58	69	15	4	34	
20	24	49	38	4	33	7	13	33	5	7	50	17	45	24	25	45	7	27	55	8	10	35	25	14	14	42	16	32	37	50	0	51	17	18	25	30	67	7	25	
39	2	38	46	42	3	33	40	2	61	33	52	50	1	50	10	45	13	5	51	37	61	58	51	68	16	61	40	21	28	35	59	0	43	35	16	45	67	14	25	
16	51	44	34	44	10	9	9	41	1	43	37	13	45	44	65	27	2	11	54	19	69	39	21	10	10	29	12	29	47	46	40	14	0	54	35	61	70	30	6	
59	43	44	48	29	41	60	54	23	61	65	55	20	49	9	60	30	62	49	65	22	46	40	30	36	40	27	58	36	13	37	44	33	48	0	1	10	79	62	10	
50	57	35	65	46	32	51	60	36	52	56	46	37	40	26	52	21	55	66	66	13	37	57	47	53	31	44	49	27	4	28	35	24	63	11	0	27	73	70	1	
17	52	53	33	58	8	24	48	18	60	37	9	17	7	22	57	49	38	41	27	14	42	54	22	65	11	56	68	19	58	62	56	20	40	61	61	0	65	13	45	
7	3	59	63	11	19	3	57	18	72	56	37	24	29	47	2	44	59	59	84	41	65	63	53	46	44	53	42	11	7	21	9	52	39	39	20	33	0	19	29	
36	9	16	54	13	70	29	29	33	21	43	38	4	29	46	39	40	16	8	51	36	24	12	41	30	2	47	32	46	29	66	37	56	33	40	33	56	70	0	42	
17	24	6	42	63	54	60	65	3	57	65	13	61	7	57	58	19	57	61	42	68	46	54	42	39	66	69	63	11	46	18	2	52	30	61	50	53	57	45	0	
M2
0	52	38	56	68	45	53	42	51	57	19	56	59	24	13	55	64	84	54	28	47	71	41	48	61	29	19	54	40	74	73	53	53	14	28	55	56	69	18	46	
52	0	41	39	39	8	32	75	12	18	20	62	44	38	24	41	55	37	50	39	1	27	76	53	7	46	2	33	19	53	38	25	52	16	62	58	35	41	32	57	
43	56	0	44	61	60	60	54	8	14	15	48	49	43	59	51	42	65	11	44	6	38	65	71	18	55	11	58	54	42	43	37	10	25	50	12	49	40	31	14	
3	44	62	0	60	51	55	36	6	63	47	84	51	43	22	22	37	18	6	10	31	33	32	64	65	47	25	47	58	54	65	32	8	42	34	61	68	83	16	55	
40	41	51	27	0	25	58	35	15	53	38	66	31	62	44	18	74	1	43	27	40	1	12	60	74	50	17	44	45	49	45	69	45	22	35	51	49	22	50	46	
53	38	42	40	2	0	57	52	53	48	62	62	38	39	49	23	61	19	40	40	2	39	50	48	38	15	42	45	44	68	17	39	15	41	40	42	56	16	66	61	
36	62	15	23	45	14	0	31	28	34	34	58	27	9	32	31	43	51	12	17	26	39	8	61	22	54	31	41	27	45	41	38	20	45	58	32	8	8	33	28	
30	36	20	19	24	34	17	0	33	32	30	3	23	40	36	10	30	47	17	39	31	20	4	52	43	13	36	60	54	41	37	19	33	41	41	37	16	35	19	7	
43	6	55	30	38	7	14	38	0	47	1	56	34	24	6	23	31	30	35	11	38	47	15	35	42	28	17	15	1	32	13	52	24	52	50	37	17	52	17	71	
54	34	45	43	61	38	52	52	54	0	55	66	41	17	44	41	35	71	59	30	5	3	29	57	68	11	38	14	39	15	42	35	19	41	43	36	9	51	56	42	
22	6	50	57	74	43	43	38	52	64	0	20	31	47	36	1	78	69	61	60	36	38	72	43	73	20	47	51	37	53	47	41	33	37	52	67	21	49	37	35	
16	62	45	20	72	42	39	26	7	21	21	0	24	43	37	28	38	14	20	34	33	5	5	42	37	62	1	51	37	42	38	43	38	42	6	11	42	57	46	25	
55	76	44	42	80	50	66	72	57	50	64	65	0	41	21	51	63	70	58	42	4	57	84	59	57	79	60	70	56	70	11	56	59	60	54	61	13	28	64	63	
52	41	42	39	8	41	6	47	55	52	50	54	43	0	40	47	84	45	55	59	52	15	24	53	49	62	40	49	35	61	57	78	46	37	35	56	44	52	11	22	
8	10	71	11	40	9	37	17	16	9	52	59	60	56	0	34	45	39	27	13	40	42	53	52	53	50	40	38	24	48	15	49	29	47	49	11	40	44	17	53	
18	19	11	34	35	8	35	38	24	25	31	64	46	29	27	0	58	30	27	36	22	13	72	4	34	49	18	36	22	14	41	53	26	41	51	28	17	53	47	30	
55	61	35	73	63	32	39	64	33	1	55	50	70	48	31	32	0	67	37	61	36	34	58	56	58	42	42	6	26	5	73	62	50	13	53	24	40	21	54	16	
16	19	39	27	48	41	48	14	14	29	38	66	31	15	40	35	74	0	43	34	21	53	12	24	16	11	38	49	35	49	12	35	45	1	22	56	26	51	53	58	
29	59	43	41	84	60	27	22	2	35	27	64	46	15	59	63	9	69	0	41	3	5	48	82	66	71	31	40	54	26	40	4	24	47	77	56	40	55	60	50	
52	32	58	46	31	7	19	3	8	14	59	12	31	36	11	28	31	29	41	0	38	4	63	7	44	9	22	20	6	34	47	33	31	69	17	2	22	30	42	72	
15	51	4	2	53	22	29	48	17	10	24	25	7	1	21	34	28	30	18	2	0	26	44	50	27	43	20	30	16	30	1	16	19	34	46	21	23	40	28	23	
20	40	14	18	60	29	36	26	27	33	29	48	9	11	28	13	23	46	30	38	18	0	3	55	37	17	4	37	23	40	25	41	29	20	36	31	27	9	44	33	
15	54	27	2	72	52	59	10	18	28	13	41	6	52	19	10	49	30	18	22	15	45	0	40	50	49	37	56	46	24	20	44	20	24	37	44	24	39	28	46	
3	2	32	35	12	26	71	9	45	33	46	19	13	43	21	25	7	11	31	35	22	38	20	0	30	41	47	16	58	9	29	38	23	42	56	35	31	14	46	48	
62	48	53	64	1	19	28	65	44	33	66	82	68	69	20	37	7	38	69	6	50	38	49	49	0	42	31	4	15	25	31	18	51	27	72	56	31	53	1	48	
22	2	58	16	57	26	25	62	22	25	45	37	9	6	25	9	63	44	32	36	18	21	58	51	71	0	6	34	20	54	25	3	34	61	11	75	27	19	42	62	
25	21	45	33	60	53	36	65	49	64	65	49	22	67	48	21	74	8	49	26	30	36	42	35	18	73	0	77	71	73	38	37	51	59	2	62	40	44	59	24	
47	41	49	42	13	20	22	36	31	39	63	16	7	45	19	36	45	27	14	54	16	41	61	9	27	18	30	0	14	48	18	20	60	63	40	66	2	7	50	68	
56	33	56	59	35	4	11	63	64	44	51	79	55	52	3	20	93	52	63	61	35	44	55	32	71	25	14	12	0	32	50	49	48	74	57	59	14	49	34	75	
61	37	60	61	69	71	38	65	37	6	68	70	54	35	20	54	67	78	76	51	41	7	65	45	11	24	44	50	65	0	33	4	11	29	54	72	43	64	27	36	
28	29	14	52	72	47	64	60	27	33	8	63	54	58	5	1	61	69	30	4	25	10	37	7	37	52	30	44	61	41	0	53	29	44	69	31	40	14	50	33	
2	35	55	15	51	42	48	16	31	55	16	70	42	39	40	6	29	43	30	35	35	54	57	39	50	12	21	57	53	58	54	0	33	24	18	72	60	52	41	4	
30	21	27	17	44	13	29	25	8	42	15	56	3	15	21	25	60	45	33	2	8	12	2	55	50	57	43	60	46	5	19	59	0	39	52	44	21	36	43	46	
38	54	8	25	74	58	4	33	21	1	28	41	19	46	13	19	18	53	24	45	9	34	10	28	31	31	24	45	61	46	35	2	1	0	60	25	37	51	4	27	
48	22	51	35	15	40	45	75	16	7	39	2	63	21	39	15	67	11	36	55	24	40	54	20	44	33	50	48	34	42	24	19	12	51	0	10	29	23	61	27	
49	44	67	69	46	15	22	50	27	3	55	15	66	15	14	31	37	63	6	15	31	33	62	43	9	36	25	23	9	4	61	5	52	58	5	0	19	41	45	37	
57	18	63	50	2	8	11	50	30	63	50	14	14	43	40	56	37	37	6	29	23	33	50	52	26	52	38	52	75	14	30	32	39	21	38	68	0	41	15	66	
30	56	49	47	2	61	54	62	3	43	44	15	31	40	57	21	17	16	18	47	9	39	50	63	31	79	37	48	55	47	46	37	64	20	40	66	49	0	32	35	
22	50	8	37	17	13	73	46	12	27	28	19	57	22	27	50	55	54	24	28	17	51	65	68	31	27	13	71	64	55	54	50	13	38	17	25	49	4	0	27	
45	29	19	32	4	32	39	5	32	33	16	64	22	33	31	22	19	8	12	52	30	39	52	14	20	6	33	10	26	49	36	30	34	49	16	28	40	46	55	0	
M3
0	25	24	36	46	4	10	47	18	40	28	35	40	9	30	35	64	56	23	6	25	20	30	33	29	24	31	50	38	33	20	28	52	53	24	38	30	14	21	31	
7	0	48	16	44	11	48	37	45	37	32	39	42	48	12	33	24	51	10	35	29	59	34	31	31	5	32	48	33	33	44	30	44	47	40	1	18	16	19	35	
47	43	0	55	10	39	50	50	44	27	19	28	36	63	46	22	64	7	23	16	40	64	39	48	11	43	16	34	34	17	43	14	23	41	47	17	49	33	40	41	
10	41	22	0	24	13	26	41	39	34	6	13	23	32	40	33	45	25	21	33	3	46	8	11	40	2	6	37	7	33	18	16	18	35	14	17	61	51	11	9	
28	50	20	32	0	27	49	46	30	28	24	31	28	37	48	42	14	54	28	38	21	56	26	16	36	31	31	48	45	62	16	33	48	48	20	34	19	21	28	27	
27	17	39	7	35	0	7	52	56	51	23	30	34	14	12	49	32	39	38	44	20	63	25	22	57	19	9	54	24	50	35	33	35	19	31	34	58	51	11	26	
34	28	30	43	9	19	0	57	5	19	30	20	38	48	45	14	60	52	45	49	27	30	32	27	25	43	17	23	39	26	26	24	10	33	30	27	18	49	35	28	
45	41	43	50	9	34	64	0	42	17	30	30	39	57	45	36	23	2	21	42	44	3	15	52	6	38	37	29	24	30	39	42	30	39	25	37	10	28	5	47	
27	36	21	7	41	30	40	55	0	17	23	18	36	22	45	12	19	42	10	3	20	27	8	28	19	19	20	18	24	45	33	8	13	46	31	20	56	26	28	26	
16	40	22	37	48	37	14	48	41	0	22	1	47	36	44	35	43	5	14	1	27	50	32	35	46	41	37	8	46	50	22	16	38	7	26	3	9	31	31	33	
24	33	56	43	9	23	58	65	49	8	0	26	55	55	65	38	40	22	25	26	51	54	56	43	60	55	41	15	4	18	59	24	34	34	34	45	57	48	55	50	
23	18	32	3	29	26	35	22	17	9	19	0	24	2	42	7	58	11	34	38	16	16	21	24	35	15	19	22	20	46	28	23	31	1	27	6	51	36	24	22	
18	38	11	36	11	17	16	36	7	9	14	22	0	41	20	33	69	44	14	5	12	6	17	20	40	30	22	36	38	52	7	46	32	36	4	25	7	38	19	18	
38	56	29	18	45	39	54	50	5	22	34	41	8	0	9	54	24	7	40	52	31	6	20	32	29	30	34	34	19	45	35	37	46	14	34	28	49	33	18	37	
42	41	35	26	50	45	62	44	37	43	38	42	49	54	0	38	68	32	17	59	35	66	40	37	40	36	25	53	43	7	42	32	18	8	46	37	48	58	43	29	
31	55	23	40	32	26	26	41	44	3	27	4	22	39	54	0	57	36	35	54	24	53	29	32	26	48	34	13	23	49	19	43	51	38	23	11	62	46	32	30	
28	33	12	35	42	19	49	56	31	33	22	12	39	47	9	28	0	55	22	18	21	56	26	29	28	23	17	6	37	25	16	24	10	31	20	29	2	13	20	22	
26	40	18	25	38	9	46	20	35	28	22	29	29	44	51	24	34	0	12	22	19	34	24	27	18	13	24	4	27	49	14	17	17	27	18	32	19	3	10	25	
10	33	22	27	13	10	17	41	31	22	6	13	14	28	45	22	60	27	0	33	3	8	8	11	50	39	17	37	30	42	18	24	10	6	20	17	52	35	11	9	
31	60	23	48	36	14	41	62	67	35	7	34	44	41	56	47	47	49	35	0	24	25	29	32	4	36	34	42	31	45	19	40	51	56	23	37	69	26	32	30	
5	54	17	22	19	8	26	36	49	29	1	8	18	27	50	47	61	43	46	28	0	41	3	6	46	34	28	33	25	39	13	35	45	30	16	12	56	67	6	4	
42	12	46	39	29	2	39	21	73	58	30	52	34	46	44	57	52	61	5	55	47	0	51	54	51	40	41	65	54	58	62	43	56	42	40	36	53	36	43	53	
17	15	9	11	31	3	38	44	52	37	13	20	30	9	4	32	58	1	36	33	10	20	0	18	38	15	20	28	28	47	5	37	31	19	9	23	37	27	18	16	
25	56	37	5	2	28	41	19	32	49	21	28	1	10	35	48	60	40	36	11	18	60	11	0	50	17	18	52	22	38	33	31	33	35	10	32	65	66	26	24	
16	5	7	12	30	19	1	47	52	23	12	19	29	38	40	34	52	47	20	39	9	52	14	17	0	2	28	24	29	50	24	36	40	41	27	23	46	22	17	15	
22	47	34	2	31	7	38	2	51	46	18	25	20	40	35	45	24	37	33	42	15	43	7	23	7	0	18	33	19	25	30	28	30	37	26	29	50	63	13	19	
9	51	40	44	8	28	49	56	52	48	24	31	23	50	30	43	8	64	31	41	21	64	26	29	37	32	0	48	46	5	36	36	50	43	10	35	50	22	29	27	
47	80	52	60	51	59	31	74	49	30	60	37	42	72	75	31	87	44	47	38	57	59	20	53	53	53	15	0	26	52	52	46	57	60	44	34	82	70	34	57	
9	59	47	30	32	38	42	49	33	16	25	10	39	45	73	50	50	6	9	49	43	58	48	27	44	42	46	33	0	14	43	8	41	44	18	29	48	32	39	34	
16	34	28	6	8	19	37	8	55	15	12	16	12	38	27	10	29	41	37	39	9	49	14	17	21	1	22	25	23	0	24	32	34	17	27	23	56	58	17	15	
9	52	1	26	23	12	30	40	45	33	5	12	22	31	54	31	65	47	40	32	2	37	7	10	30	26	12	37	29	43	0	39	29	34	1	15	60	51	10	8	
22	18	11	39	25	25	43	53	8	17	18	13	35	42	36	21	34	57	21	45	15	50	20	23	43	36	10	36	42	35	10	0	3	42	14	22	13	28	23	21	
19	18	31	36	33	22	40	50	16	43	15	20	32	41	30	60	45	54	30	41	12	55	17	20	40	28	2	47	39	27	27	9	0	44	30	14	53	57	20	13	
33	3	41	42	15	37	17	60	55	48	45	52	57	52	2	59	50	41	32	61	42	36	19	45	22	31	52	68	59	7	37	56	69	0	41	27	37	42	45	28	
44	14	38	53	18	41	41	19	54	6	42	19	37	22	23	13	61	34	23	57	39	2	44	47	41	17	37	28	38	51	34	49	35	51	0	26	22	41	44	6	
2	29	34	26	39	10	37	51	27	4	15	10	30	45	10	9	56	44	13	23	23	29	28	31	19	14	9	4	28	8	30	18	6	26	34	0	63	4	11	24	
33	15	35	37	33	21	38	53	16	15	4	16	34	31	19	10	62	44	24	34	36	39	18	44	30	25	44	25	28	42	31	29	58	13	35	11	0	15	6	21	
38	40	35	18	31	2	39	43	53	22	34	23	22	37	44	17	64	38	5	15	31	41	36	32	11	6	34	32	20	46	31	10	43	51	35	30	58	0	3	18	
20	58	28	37	34	23	41	25	59	7	16	23	33	42	42	53	70	21	45	32	13	56	18	21	51	46	39	48	40	54	24	50	56	18	28	27	27	36	0	19	
37	43	29	30	21	32	19	44	12	9	33	10	26	24	31	4	44	11	41	36	30	59	35	14	32	30	27	19	29	27	25	34	20	44	29	11	53	37	38	0	
M4
0	2	23	8	69	59	60	57	36	63	61	35	21	65	58	59	11	30	59	62	46	70	52	68	57	40	23	63	5	49	71	10	52	26	47	61	62	35	30	37	
29	0	41	32	26	22	20	17	41	1	11	44	26	33	10	12	10	47	42	15	10	14	67	31	30	22	2	42	33	41	39	24	6	22	20	1	3	29	31	4	
48	59	0	11	46	50	22	45	24	61	15	59	28	34	11	40	51	46	44	43	6	53	64	49	33	44	46	70	56	30	64	20	48	47	29	29	31	27	41	41	
26	48	41	0	41	29	33	35	34	48	9	37	26	59	29	30	46	7	60	33	30	3	19	43	27	40	42	40	47	8	57	39	15	25	38	43	21	46	15	31	
49	1	2	32	0	2	18	47	41	42	57	37	38	23	7	24	22	54	30	29	48	63	29	45	60	54	42	9	63	56	51	34	43	33	43	1	73	47	57	42	
12	17	27	21	30	0	6	37	46	35	41	50	49	58	41	42	41	13	7	15	42	51	21	7	40	36	44	39	3	21	55	42	21	38	40	45	33	43	14	34	
32	44	1	21	4	14	0	37	59	35	49	52	46	51	41	60	64	20	13	32	47	25	73	7	50	36	44	38	43	58	64	45	11	46	17	19	58	42	58	58	
35	35	23	43	14	36	2	0	27	35	20	26	62	48	3	42	39	42	24	4	44	45	76	13	12	42	6	42	15	31	39	51	2	8	2	41	48	33	66	20	
19	35	21	36	22	22	52	49	0	55	58	32	42	17	53	44	3	49	36	13	25	15	72	62	18	56	8	62	27	47	43	44	22	58	31	5	50	51	28	55	
24	69	57	25	48	47	36	33	6	0	5	49	21	15	37	24	43	32	58	38	43	3	64	47	39	53	40	57	49	20	14	55	36	22	17	45	34	51	62	44	
52	18	46	36	2	42	53	50	45	62	0	37	42	14	26	55	4	50	10	3	10	63	46	64	14	29	46	11	25	75	62	29	47	52	53	5	69	51	45	2	
83	55	65	72	9	31	73	71	40	76	42	0	38	69	24	66	48	70	55	9	66	5	92	83	83	48	78	10	58	69	4	25	43	76	32	56	57	50	63	67	
50	25	34	48	52	31	39	46	5	60	62	49	0	16	41	66	32	24	71	51	39	49	81	60	51	15	47	26	10	32	54	2	35	9	9	44	75	11	36	13	
30	68	25	45	28	26	4	53	67	7	36	54	44	0	55	47	7	44	37	31	1	17	59	31	29	60	41	57	51	41	68	46	35	23	41	43	72	42	36	44	
35	41	49	35	36	66	64	61	34	8	55	32	41	37	0	56	39	54	49	59	43	30	86	69	3	46	46	21	32	30	44	50	33	7	25	52	47	2	47	29	
21	23	30	10	21	43	9	6	34	13	27	10	46	41	10	0	46	36	31	11	51	52	40	4	19	33	13	36	22	38	23	42	9	15	9	9	55	17	58	27	
15	39	13	40	20	36	8	5	33	41	25	6	46	41	9	33	0	5	30	10	33	46	28	19	18	43	12	38	21	37	45	6	8	14	8	9	24	39	52	11	
45	44	4	50	18	1	21	18	46	38	39	44	13	33	22	36	58	0	43	23	40	54	81	32	31	23	25	3	10	27	41	32	11	4	21	45	67	15	48	39	
34	30	46	64	47	37	35	32	7	17	26	57	60	35	36	27	10	56	0	22	17	22	72	16	24	37	39	48	48	60	50	39	28	37	30	36	18	44	46	28	
40	56	13	54	30	23	26	23	48	35	17	48	9	46	27	18	29	25	48	0	16	31	73	7	36	28	28	39	26	31	10	30	26	8	6	48	9	16	37	19	
29	51	33	59	21	37	58	56	53	26	21	53	14	13	45	47	16	30	9	57	0	37	29	28	55	39	11	35	21	36	58	29	39	13	33	63	45	58	6	14	
22	8	7	12	37	36	34	31	30	38	25	33	41	2	25	26	31	24	23	29	17	0	41	43	23	36	38	33	47	4	27	38	34	21	34	39	17	9	45	27	
39	13	6	44	51	12	55	52	47	2	46	33	31	51	42	30	77	41	45	13	47	35	0	43	40	28	53	43	55	21	43	52	3	38	55	44	38	34	51	48	
24	41	29	23	20	22	8	5	33	3	26	32	68	45	9	35	39	48	27	10	35	48	66	0	18	4	12	7	13	37	45	13	8	14	8	47	26	39	54	26	
42	61	35	69	40	32	28	25	8	53	30	43	44	43	24	50	33	1	36	30	1	29	57	39	0	6	30	17	41	57	36	23	28	34	28	47	67	21	36	1	
43	36	47	37	23	37	51	48	21	52	69	71	43	35	52	37	24	61	50	8	70	31	93	59	57	0	47	23	30	66	63	68	19	57	51	6	86	22	76	49	
21	54	43	27	36	26	24	21	30	55	15	33	32	7	20	1	19	26	46	19	16	29	56	35	9	26	0	54	37	4	43	28	24	21	24	39	7	12	25	17	
39	60	6	57	41	21	29	26	26	57	32	53	44	9	30	38	57	69	51	31	38	51	85	40	39	35	33	0	42	58	1	10	29	35	29	36	29	55	3	39	
1	57	14	6	44	11	20	43	24	60	37	20	48	47	47	38	19	60	43	41	5	26	63	47	56	48	31	41	0	70	35	50	46	47	46	59	29	17	40	39	
5	52	46	10	20	59	52	49	13	46	30	16	58	54	8	56	50	33	40	21	40	48	88	26	6	43	51	38	36	0	39	47	30	4	52	22	77	61	52	57	
12	30	17	3	10	37	19	43	61	8	63	52	49	40	24	58	73	6	52	40	28	12	35	13	49	11	50	39	46	35	0	51	6	12	10	58	55	36	63	53	
59	77	45	64	48	42	45	42	65	25	63	58	53	46	46	77	57	11	17	47	29	25	56	56	33	57	46	26	51	41	28	0	44	18	6	76	76	56	45	37	
36	5	8	42	36	45	45	42	45	5	36	39	57	63	27	56	60	14	42	6	43	15	95	12	38	41	22	12	37	19	25	21	0	36	31	46	63	3	60	19	
22	40	23	27	24	76	50	47	30	40	34	21	35	56	13	59	62	49	55	38	17	50	69	43	23	20	54	34	53	4	26	24	7	0	49	39	91	38	52	54	
56	68	55	20	32	52	53	50	17	70	44	66	64	49	6	45	54	21	17	48	45	58	52	64	59	7	38	5	43	77	56	57	49	55	0	56	36	62	58	43	
28	10	21	11	41	17	29	26	20	55	47	53	17	12	30	43	57	64	51	31	54	65	89	40	39	36	21	38	42	58	37	53	22	35	29	0	63	26	81	47	
43	40	31	51	22	12	10	7	35	43	1	34	35	44	11	2	47	50	32	5	2	15	57	21	20	12	14	40	23	35	29	14	10	12	10	32	0	19	21	3	
41	48	3	18	17	37	8	43	50	7	56	48	31	58	2	57	56	43	41	48	49	27	45	35	43	42	50	10	59	24	20	63	24	41	44	47	48	0	33	33	
19	49	40	51	31	6	19	16	36	36	10	43	19	7	20	11	55	59	41	14	11	24	51	25	29	21	23	49	32	36	16	19	19	21	19	20	2	28	0	12	
69	33	43	72	48	38	36	33	61	30	27	12	48	31	37	3	73	69	58	31	28	23	31	34	46	38	40	66	49	61	34	40	28	38	36	58	19	45	27	0	
M5
0	43	54	54	33	31	44	50	37	61	11	58	22	40	53	51	39	61	51	63	37	43	71	28	7	45	44	65	51	16	64	54	34	46	50	28	53	52	68	35	
61	0	35	18	23	39	34	40	34	15	36	22	42	48	31	57	44	51	9	39	53	56	41	43	19	33	34	47	43	6	46	8	24	40	61	18	19	13	37	19	
54	49	0	45	46	36	57	37	39	49	30	53	67	29	61	51	58	40	16	30	2	58	43	45	42	30	57	5	23	29	53	52	26	27	48	41	75	65	63	75	
15	40	10	0	36	49	24	8	17	50	23	21	40	55	7	18	2	41	41	72	8	55	54	46	15	48	47	47	15	19	27	22	37	4	55	22	37	34	33	44	
41	44	34	37	0	41	23	13	8	67	36	53	45	21	48	27	34	31	38	33	7	13	53	13	39	51	8	45	49	28	50	33	38	43	61	36	50	2	54	44	
18	6	41	19	49	0	2	24	34	46	15	23	43	49	9	9	22	19	40	44	35	24	31	42	28	27	41	25	40	32	47	39	49	51	53	15	42	36	17	46	
23	14	63	53	49	48	0	14	49	54	5	47	44	39	53	42	63	9	48	40	25	37	48	54	33	40	49	15	64	32	37	40	50	63	43	5	51	52	23	58	
47	23	18	8	54	15	26	0	20	1	6	40	40	38	32	18	21	43	39	14	32	38	47	40	30	58	42	33	42	37	26	23	54	7	34	29	41	24	57	56	
5	8	5	37	41	39	52	7	0	39	16	31	30	47	54	59	45	39	42	36	34	26	71	25	10	48	52	23	20	24	45	41	42	54	25	36	52	45	29	8	
38	12	42	19	59	14	15	37	9	0	11	57	29	44	28	65	38	32	46	47	37	34	71	62	19	47	31	22	31	42	60	45	43	51	50	28	48	16	46	45	
19	36	49	64	26	38	37	37	38	51	0	38	42	38	46	60	37	31	35	30	4	10	63	29	22	38	37	60	46	9	33	21	27	59	17	1	24	37	64	44	
23	23	62	62	53	9	1	23	35	63	14	0	48	18	62	51	65	18	57	49	22	46	39	54	12	49	22	24	57	36	46	38	54	32	52	14	38	19	32	38	
52	38	23	9	36	40	41	45	20	16	37	49	0	48	44	18	39	58	72	49	11	56	76	25	45	49	57	24	44	53	64	59	66	11	73	22	46	42	23	18	
36	26	56	33	28	28	29	51	23	4	17	24	43	0	35	26	30	23	56	41	38	48	33	51	33	33	45	16	34	40	30	1	39	65	10	16	3	19	60	49	
35	26	17	59	37	54	37	37	2	30	39	22	60	25	0	52	3	39	35	52	33	41	29	17	33	49	48	27	8	20	28	59	38	43	25	6	10	4	50	14	
60	43	48	62	39	7	50	8	57	68	45	24	62	43	49	0	5	20	43	49	46	32	69	15	35	49	38	24	9	22	30	52	26	45	70	34	51	2	50	48	
64	26	45	54	22	65	33	39	48	64	44	7	49	47	61	37	0	50	27	69	66	55	57	42	18	34	33	56	27	5	13	59	23	71	61	17	70	41	60	31	
49	42	43	23	12	3	45	55	39	20	8	59	56	30	14	52	40	0	33	31	2	40	58	40	49	9	15	6	28	39	63	12	21	18	47	17	32	40	51	37	
46	9	13	3	57	23	55	39	27	48	54	14	25	36	38	49	33	32	0	37	34	31	53	41	46	8	68	12	43	40	11	42	56	35	80	40	53	34	57	53	
66	2	46	36	31	40	35	57	34	42	48	47	41	40	58	55	49	48	7	0	19	12	68	20	40	12	39	45	40	31	44	32	37	50	48	43	46	40	49	46	
38	41	38	17	54	41	42	26	5	35	6	23	40	41	45	37	47	46	7	33	0	13	33	4	40	41	65	24	48	37	11	33	38	34	32	29	14	43	54	41	
46	18	32	39	35	13	17	37	13	53	30	41	17	13	70	43	22	21	10	5	50	0	42	29	36	44	51	40	21	23	36	5	10	51	53	30	62	47	47	24	
4	34	33	27	36	38	44	7	38	19	18	10	29	28	20	44	21	25	28	29	26	40	0	12	14	21	37	4	19	23	31	52	11	39	11	35	53	8	41	12	
41	32	35	19	38	52	10	22	38	58	23	58	20	14	13	46	39	25	30	39	7	24	60	0	8	10	55	14	44	44	47	44	13	2	57	23	46	40	41	39	
52	38	42	26	64	22	21	40	45	26	34	43	54	54	53	55	53	38	3	32	18	60	34	12	0	37	39	41	67	58	40	53	53	42	33	28	67	16	52	72	
58	40	53	15	14	52	39	34	45	28	49	14	57	35	41	12	34	46	48	36	33	63	50	39	2	0	41	11	47	13	26	65	31	14	32	25	63	49	49	31	
26	27	66	52	48	18	55	65	53	34	38	12	20	30	52	51	24	2	40	52	38	32	55	17	36	16	0	44	63	31	49	7	49	47	39	43	37	59	66	61	
49	48	49	55	43	44	51	51	16	26	47	54	65	6	64	28	35	40	44	7	4	59	34	23	54	7	52	0	62	46	56	36	27	39	69	41	52	52	64	52	
58	32	58	20	52	9	35	56	29	10	31	37	24	35	48	57	18	32	25	28	33	54	56	31	39	36	51	11	0	35	43	65	53	13	62	47	17	36	66	49	
48	16	29	53	6	49	17	23	39	48	28	49	33	31	45	40	71	34	24	59	50	39	50	26	2	18	17	40	26	0	61	49	7	55	51	1	60	25	44	60	
65	26	1	39	39	34	40	62	32	42	53	35	50	31	18	70	28	22	38	64	20	69	27	49	58	45	45	39	49	45	0	33	37	6	8	47	50	1	71	35	
77	25	48	34	37	47	48	54	45	41	43	37	2	19	51	36	36	8	34	4	36	47	41	43	6	12	17	49	57	20	61	0	38	36	57	7	69	56	48	22	
46	7	6	30	9	44	41	51	16	47	5	41	48	44	44	17	48	42	1	36	31	16	31	3	38	35	26	25	37	25	38	36	0	33	28	28	40	45	21	51	
52	26	51	33	28	20	29	45	23	4	25	34	16	36	42	57	52	45	46	23	13	48	58	48	3	16	39	15	9	11	33	59	29	0	64	23	36	30	60	2	
69	32	39	51	19	26	47	59	36	22	33	15	35	41	17	50	8	2	34	69	25	49	64	29	38	25	46	44	47	25	8	29	17	56	0	37	30	8	54	27	
23	33	63	40	32	35	36	44	30	11	17	57	48	57	49	59	59	4	67	19	1	49	87	54	24	49	45	43	45	42	63	46	60	36	56	0	34	31	31	61	
39	29	59	36	2	31	8	7	26	7	17	38	46	42	45	2	55	1	57	43	39	32	34	59	36	10	18	18	7	42	53	49	57	32	56	21	0	5	12	17	
52	51	14	58	82	28	54	66	48	29	50	75	31	58	57	4	77	69	74	77	43	68	41	16	16	54	40	58	32	71	74	69	57	46	59	44	18	0	77	67	
42	33	53	39	30	32	11	33	39	53	24	9	57	18	54	61	47	28	48	59	10	44	57	50	26	23	41	34	47	13	44	59	31	69	50	3	15	49	0	46	
58	20	49	48	32	30	27	37	30	19	35	28	34	18	30	6	21	15	27	22	17	2	34	42	48	31	59	50	38	38	21	22	27	68	1	40	5	21	54	0	
M6
0	43	15	36	36	50	21	12	67	31	51	34	63	80	68	53	43	27	14	45	22	45	59	13	47	48	33	62	37	8	29	42	33	82	53	53	22	63	14	69	
65	0	66	53	30	48	71	35	66	2	59	60	50	47	5	74	36	57	53	58	8	39	46	11	70	17	25	25	59	50	39	59	40	52	37	1	39	54	60	51	
26	65	0	57	86	50	23	83	60	62	51	15	21	67	85	65	81	68	30	69	13	18	69	13	21	42	64	70	86	41	74	18	64	38	30	51	53	4	28	35	
43	30	13	0	46	40	39	19	51	28	56	20	48	3	9	74	55	42	67	51	28	16	18	5	19	39	30	33	54	30	29	39	3	25	29	45	19	60	68	29	
3	52	35	20	0	1	4	43	67	15	36	37	37	61	57	57	27	49	1	47	15	5	43	46	37	36	2	54	37	17	43	16	17	49	24	36	6	3	35	4	
50	52	41	38	86	0	64	39	54	29	29	15	55	59	39	64	9	31	63	31	33	28	39	57	42	54	17	31	32	35	53	44	35	40	4	13	24	65	12	38	
47	97	11	75	42	29	0	16	12	64	75	33	82	84	43	61	44	63	37	50	76	64	39	29	40	66	43	33	14	39	61	79	37	21	38	64	67	15	32	74	
32	46	31	23	4	42	25	0	54	18	12	40	26	51	47	45	17	39	49	39	18	27	32	11	40	5	5	49	40	20	2	29	5	58	30	5	9	50	41	42	
32	23	45	43	53	39	39	11	0	9	1	12	2	20	43	55	13	35	84	35	54	28	43	47	42	57	26	51	36	56	45	4	19	62	65	46	45	45	37	40	
40	8	34	39	61	51	65	52	15	0	7	51	49	59	57	25	27	6	19	26	10	28	56	31	50	61	32	68	23	55	45	43	29	36	21	32	59	44	36	46	
19	15	29	44	71	25	39	29	23	14	0	62	26	50	75	35	55	57	78	51	47	8	30	33	60	45	6	64	16	59	29	45	3	57	51	38	54	25	40	20	
21	45	21	19	41	38	63	53	7	40	50	0	57	39	50	5	20	42	25	42	58	27	44	1	28	28	23	48	30	12	25	61	27	38	24	41	52	55	16	64	
3	72	5	22	71	56	55	26	78	17	74	39	0	54	23	52	35	36	44	18	17	25	19	48	32	38	19	8	34	19	45	28	19	19	25	52	8	19	57	28	
19	72	49	2	35	72	54	76	27	48	81	70	72	0	33	68	80	27	43	73	48	55	16	79	69	24	50	27	50	50	69	59	50	93	70	84	39	59	66	5	
22	60	31	19	58	42	23	31	69	14	51	36	50	44	0	51	28	50	16	50	14	13	32	45	36	2	16	7	51	16	31	25	5	27	36	57	5	46	52	21	
6	59	6	4	26	49	48	38	70	48	79	41	42	24	41	0	28	50	56	50	43	12	39	68	15	38	59	33	43	20	10	54	12	23	51	67	48	40	1	49	
30	47	15	29	74	49	38	41	54	3	74	7	30	73	13	59	0	5	72	5	24	16	13	55	46	38	26	63	6	26	36	35	26	65	46	66	15	56	7	61	
25	20	11	23	41	40	61	57	12	26	23	30	53	43	36	9	6	0	75	28	47	26	36	11	34	3	40	52	29	36	29	58	31	42	57	21	38	8	20	33	
38	60	12	38	60	35	82	45	21	46	52	13	31	57	75	24	62	9	0	21	31	46	14	36	15	2	60	47	29	54	44	69	46	57	27	11	49	30	14	61	
26	18	59	14	10	55	63	9	1	19	44	79	64	34	84	82	71	71	74	0	66	20	71	40	87	62	68	34	41	68	65	66	61	66	75	80	57	65	73	23	
42	30	30	7	62	10	24	55	69	61	61	43	31	60	6	26	41	63	65	6	0	13	68	29	51	9	24	22	64	13	46	41	48	49	36	45	54	58	37	35	
14	15	7	7	80	62	32	33	78	62	78	66	58	44	72	54	42	19	67	32	70	0	70	57	56	74	82	24	65	19	74	14	67	24	23	74	74	13	24	69	
14	79	26	7	46	52	50	45	68	14	61	61	33	28	61	10	48	67	57	67	63	32	0	53	35	35	25	53	60	18	6	17	19	40	32	32	54	55	21	1	
49	65	25	49	61	2	62	36	48	44	41	17	79	51	63	81	33	20	32	51	43	18	50	0	66	11	41	49	56	35	72	55	46	61	28	5	35	22	36	55	
11	28	55	39	34	52	6	5	6	44	18	38	48	16	32	55	76	64	29	19	44	16	5	15	0	11	8	53	53	18	58	4	39	22	66	55	35	16	66	20	
47	38	5	15	14	33	80	81	55	56	84	4	78	7	26	33	64	55	70	8	69	39	1	43	58	0	47	53	32	63	4	40	55	51	22	68	63	4	44	33	
30	35	30	28	50	49	55	53	40	31	5	54	20	48	53	14	52	29	22	45	36	21	54	57	20	57	0	57	40	31	31	47	27	3	56	20	27	49	25	6	
35	7	35	25	4	72	61	10	62	42	47	40	67	38	52	19	57	17	72	23	42	41	66	54	44	63	8	0	51	3	39	33	41	2	32	21	33	69	12	21	
49	27	27	48	53	15	55	45	60	2	18	17	49	58	32	56	2	24	82	24	39	35	32	23	32	17	38	41	0	17	45	54	19	7	7	40	34	62	26	10	
32	43	5	33	53	53	8	57	9	42	9	40	54	44	68	19	38	39	74	60	1	36	24	55	34	21	34	62	44	0	39	12	31	24	18	24	62	25	9	48	
35	40	38	23	85	1	56	46	21	18	52	38	65	43	8	64	32	11	16	54	18	12	45	49	40	39	15	54	6	20	0	29	20	53	27	36	9	40	35	51	
23	78	25	15	41	38	12	31	71	58	66	53	2	43	34	9	47	56	68	15	60	31	52	1	31	47	62	51	54	39	29	0	31	42	20	41	51	58	20	54	
50	51	3	43	48	14	13	3	72	49	50	51	22	24	49	51	29	51	69	25	21	4	4	62	34	19	46	60	28	55	3	19	0	31	40	49	60	49	48	14	
23	51	23	21	14	38	37	27	67	58	63	9	45	41	8	7	38	3	67	49	45	4	28	56	32	43	37	24	43	37	27	43	1	0	59	45	56	49	18	38	
43	38	34	16	60	50	57	28	1	4	75	9	49	35	32	27	2	12	27	18	20	32	32	29	52	57	37	5	25	45	47	5	35	60	0	51	34	72	26	47	
31	52	34	19	40	48	52	42	61	14	45	36	61	13	41	47	42	51	60	61	14	5	12	11	36	20	16	11	36	16	41	25	16	23	3	0	5	46	36	17	
20	64	23	8	76	42	41	31	64	3	60	25	50	52	55	49	35	57	77	53	3	17	31	34	25	24	5	73	56	5	31	14	5	58	25	55	0	35	43	42	
9	36	47	39	63	46	44	50	44	34	2	47	34	48	53	56	23	3	18	45	34	29	38	46	47	37	27	46	37	36	16	24	24	19	28	2	25	0	47	27	
33	74	36	21	79	55	54	44	6	2	73	38	24	62	51	62	32	23	41	47	16	30	44	37	35	37	18	8	45	15	21	27	18	68	32	68	7	36	0	55	
55	65	42	31	77	37	16	49	73	60	76	71	73	86	92	80	68	35	99	71	60	66	87	47	31	30	62	22	41	60	71	29	62	77	63	49	51	21	36	0	
M7
0	48	9	14	66	19	34	40	40	21	10	28	40	46	2	20	48	34	12	43	24	41	53	10	12	25	17	40	49	11	49	34	55	21	37	46	50	5	12	22	
37	0	63	61	48	50	32	16	27	47	65	67	63	22	57	48	48	20	45	14	44	63	28	56	24	55	66	18	66	34	64	46	73	56	25	58	73	47	52	31	
65	17	0	19	64	35	17	71	37	23	24	42	54	72	16	52	62	48	23	59	42	10	63	24	37	61	31	34	28	25	61	43	69	56	63	55	58	49	11	37	
43	12	54	0	35	3	23	7	18	38	47	52	51	13	39	38	4	11	26	24	47	25	20	38	15	22	54	5	33	16	9	37	62	59	22	30	14	34	53	45	
53	88	70	33	0	22	40	37	47	20	59	13	10	10	51	37	11	33	11	46	6	9	50	48	45	42	31	40	41	32	15	50	68	54	32	5	53	69	12	57	
19	73	46	10	26	0	41	38	22	38	25	28	42	16	39	38	43	20	2	3	38	1	15	45	14	43	32	48	9	23	47	46	70	58	53	6	10	42	44	52	
32	71	59	33	41	2	0	46	45	17	48	51	38	39	52	60	44	43	25	26	9	24	38	27	17	66	40	20	20	46	40	42	86	71	61	29	25	16	59	27	
49	60	45	43	51	32	14	0	9	29	55	50	45	4	54	30	39	2	51	56	39	54	11	53	6	59	48	21	50	31	67	28	76	65	13	56	55	46	62	57	
7	12	34	39	12	19	1	28	0	34	35	7	28	28	27	8	29	16	29	42	15	27	17	35	34	11	26	19	37	22	33	4	54	41	5	23	28	30	14	44	
16	82	43	48	71	33	15	48	56	0	44	44	69	54	36	28	12	52	46	57	34	1	61	40	46	51	46	51	41	42	9	59	62	28	6	58	50	39	24	56	
34	43	20	54	51	29	11	29	24	30	0	40	52	35	21	38	23	6	31	44	36	51	42	29	37	43	32	47	16	9	37	31	14	73	44	6	21	8	34	38	
55	60	63	43	43	55	37	21	9	52	21	0	39	27	13	1	27	25	23	50	7	11	16	21	29	59	19	13	20	15	59	38	31	16	18	54	45	34	32	36	
1	67	28	33	31	3	46	39	35	40	22	1	0	7	14	27	15	43	24	27	33	25	37	22	31	44	29	39	33	23	52	4	57	40	4	30	34	24	5	41	
47	65	25	38	1	7	32	16	27	27	13	20	17	0	5	44	18	20	15	31	13	16	29	13	24	49	20	39	37	14	7	13	27	6	28	12	38	49	4	43	
67	59	44	33	78	44	26	54	32	59	2	20	32	58	0	46	40	26	4	38	51	35	61	2	15	76	9	58	49	3	61	26	47	61	41	39	54	41	56	32	
53	58	53	30	43	42	24	8	19	39	33	8	45	14	25	0	49	12	32	37	40	44	21	24	16	66	6	31	53	2	54	25	34	49	5	54	32	56	55	31	
69	77	70	14	63	41	23	23	34	34	59	65	62	25	54	55	0	25	35	65	48	32	36	28	6	16	63	46	59	55	13	11	34	62	4	56	9	55	13	3	
43	51	19	63	52	78	63	61	69	44	57	56	3	39	49	64	6	0	59	70	63	17	32	24	56	11	3	67	23	58	28	52	81	25	54	32	45	63	63	53	
60	65	17	30	27	43	28	36	14	49	48	7	38	42	45	16	7	40	0	65	39	42	10	52	44	64	34	45	52	30	5	53	52	44	33	38	60	60	39	40	
54	50	59	46	21	43	25	46	8	30	17	35	37	8	9	46	38	41	19	0	33	3	12	17	30	43	10	55	56	18	42	41	53	76	52	14	66	56	39	24	
14	29	41	40	29	9	55	45	42	53	42	48	45	41	34	52	46	49	32	30	0	31	45	42	20	57	49	68	39	32	50	28	60	53	25	32	8	37	21	54	
33	70	29	32	46	1	45	52	44	57	3	50	11	38	47	32	57	40	10	4	58	0	15	55	6	65	40	53	5	43	67	36	48	11	49	28	32	42	63	16	
41	34	14	39	38	66	50	42	53	44	42	42	45	48	34	22	55	26	44	71	38	53	0	42	50	47	40	37	84	36	59	59	67	80	38	49	48	63	35	65	
54	8	22	48	59	24	6	6	17	37	17	35	18	12	9	32	9	10	19	10	31	46	12	0	14	35	24	29	8	18	59	29	21	48	21	41	14	38	66	24	
52	57	54	51	38	41	39	23	6	5	30	38	50	29	22	25	55	27	32	59	50	53	29	29	0	41	11	8	59	31	24	49	56	13	28	4	69	19	56	60	
53	28	66	49	36	53	35	19	7	50	72	38	42	25	73	45	39	23	50	17	48	4	32	5	13	0	20	42	8	52	57	44	80	11	9	30	49	67	2	19	
5	44	23	37	29	42	24	8	19	16	31	32	44	14	23	40	14	5	26	64	38	18	16	31	16	46	0	19	32	29	12	38	2	44	23	18	56	9	35	36	
61	63	57	42	3	28	26	10	15	29	41	22	19	16	33	13	20	14	3	46	15	18	23	18	9	29	31	0	50	11	19	34	59	63	25	14	57	2	21	40	
46	24	3	37	53	6	19	3	14	34	14	40	50	9	31	35	44	6	8	30	29	28	16	17	11	29	6	26	0	8	58	31	59	39	18	33	37	25	61	37	
53	38	55	44	57	23	5	63	43	38	13	31	25	37	5	57	51	5	15	17	30	45	59	4	26	87	20	41	37	0	57	5	58	49	28	50	46	37	35	11	
70	65	68	47	53	54	42	26	37	3	51	26	54	32	43	6	23	30	24	51	45	47	39	42	34	36	16	49	52	20	0	38	12	9	21	8	50	74	55	49	
32	60	51	40	6	34	33	44	39	32	2	25	5	22	1	49	4	1	11	39	18	5	57	9	21	53	9	52	28	10	26	0	47	26	1	17	54	41	24	39	
55	55	65	46	21	15	34	18	29	31	23	35	19	24	28	15	38	22	38	14	33	36	18	36	26	69	30	41	31	29	42	48	0	39	32	32	46	54	26	58	
25	23	51	2	19	20	2	27	38	26	40	27	35	33	32	7	36	31	3	44	14	34	20	35	35	62	25	6	38	13	40	35	47	0	24	30	43	34	37	42	
24	52	19	54	30	43	25	38	1	54	33	40	45	44	25	38	47	25	26	37	42	45	51	24	46	13	32	25	53	2	48	4	39	63	0	6	66	47	48	31	
59	70	41	24	21	22	11	8	19	39	53	10	22	14	45	8	38	12	38	46	33	36	21	19	16	13	2	31	47	22	31	21	44	51	23	0	52	43	39	41	
4	70	31	36	60	21	3	62	62	36	32	50	41	25	24	42	63	56	34	45	28	43	57	21	14	27	39	39	30	33	59	56	77	43	59	48	0	27	34	44	
7	37	4	16	31	38	25	12	23	43	15	50	34	18	27	41	48	16	31	62	9	46	25	35	20	32	34	1	61	36	37	42	60	46	27	24	18	0	24	47	
46	48	3	31	8	33	54	51	57	21	62	27	17	24	65	37	25	4	17	57	8	23	55	39	5	56	45	54	55	46	29	45	65	64	22	19	64	69	0	45	
43	15	52	30	37	9	26	30	41	33	1	30	47	36	32	10	54	34	28	15	39	31	43	35	32	69	21	13	39	24	45	21	46	21	27	36	40	40	21	0	
