40  6  1
6
	0	45	1	65	2	22	3	81	4	14	5	90
	0	7	1	89	2	22	3	90	4	10	5	26
	0	32	1	51	2	44	3	31	4	86	5	65
	0	58	1	66	2	79	3	18	4	72	5	78
	0	15	1	64	2	46	3	87	4	8	5	82
	0	60	1	79	2	57	3	43	4	35	5	61
	0	4	1	31	2	29	3	18	4	41	5	88
	0	78	1	92	2	38	3	97	4	76	5	42
	0	12	1	7	2	8	3	80	4	41	5	60
	0	80	1	93	2	7	3	90	4	13	5	76
	0	20	1	99	2	92	3	51	4	53	5	17
	0	89	1	52	2	98	3	14	4	3	5	81
	0	5	1	25	2	77	3	80	4	90	5	89
	0	97	1	82	2	5	3	31	4	75	5	8
	0	8	1	23	2	78	3	51	4	83	5	13
	0	40	1	50	2	94	3	9	4	87	5	45
	0	79	1	45	2	61	3	78	4	95	5	78
	0	97	1	57	2	6	3	88	4	27	5	24
	0	54	1	87	2	86	3	86	4	40	5	40
	0	60	1	85	2	46	3	77	4	93	5	31
	0	36	1	39	2	43	3	33	4	37	5	77
	0	61	1	73	2	84	3	24	4	22	5	37
	0	77	1	71	2	50	3	78	4	91	5	53
	0	91	1	87	2	26	3	11	4	43	5	95
	0	97	1	75	2	56	3	23	4	5	5	3
	0	26	1	67	2	20	3	61	4	86	5	74
	0	86	1	33	2	48	3	50	4	30	5	89
	0	41	1	4	2	11	3	58	4	71	5	29
	0	66	1	83	2	80	3	55	4	36	5	49
	0	90	1	47	2	65	3	17	4	53	5	11
	0	15	1	99	2	45	3	44	4	41	5	65
	0	76	1	52	2	13	3	70	4	5	5	92
	0	84	1	15	2	80	3	32	4	43	5	17
	0	39	1	43	2	93	3	32	4	50	5	46
	0	46	1	52	2	67	3	85	4	40	5	85
	0	39	1	14	2	93	3	73	4	91	5	97
	0	69	1	24	2	67	3	69	4	22	5	46
	0	8	1	15	2	21	3	18	4	98	5	50
	0	6	1	41	2	5	3	9	4	93	5	44
	0	1	1	100	2	53	3	35	4	35	5	52
SSD
M0
0	32	47	70	87	43	43	70	16	34	70	42	58	48	30	65	50	31	39	59	73	15	46	48	64	57	61	69	41	64	48	77	35	44	53	60	15	25	46	65	
40	0	80	54	83	82	65	58	57	80	92	3	83	62	71	31	44	65	66	47	81	76	53	20	64	69	95	37	7	25	17	46	45	55	32	40	64	80	71	55	
64	34	0	3	10	30	62	32	49	37	49	16	17	26	48	30	42	3	52	14	58	4	65	54	44	50	27	5	42	28	29	3	43	6	48	36	45	26	63	90	
37	1	25	0	67	60	29	11	42	44	56	11	47	53	56	16	52	50	28	53	89	38	61	19	36	16	77	45	15	33	25	52	53	63	40	48	48	65	35	40	
69	43	8	43	0	25	59	72	49	12	58	46	26	1	50	5	30	43	27	32	49	44	50	29	53	46	2	37	17	3	34	43	33	46	61	45	75	1	65	65	
54	22	22	34	54	0	7	12	34	22	1	32	25	40	41	36	35	42	50	31	58	8	49	19	31	24	55	27	17	9	46	32	53	20	33	31	22	57	13	32	
46	17	11	23	53	27	0	39	44	11	23	27	14	29	30	25	39	46	39	20	70	7	69	8	20	59	44	25	6	42	41	43	42	31	22	33	15	52	2	69	
30	49	25	34	2	13	28	0	15	29	55	51	32	18	29	22	47	23	38	38	66	39	67	40	52	63	19	13	34	20	47	60	34	48	52	51	18	18	34	13	
8	33	27	42	69	38	15	42	0	27	42	43	30	20	2	41	47	33	11	36	59	15	56	20	36	70	63	41	25	46	20	49	7	47	25	32	34	11	18	37	
45	26	29	55	69	64	48	6	25	0	5	36	65	57	39	52	68	33	48	43	47	52	27	48	17	18	8	29	25	58	46	20	44	51	55	69	26	48	35	23	
48	1	25	30	44	57	37	29	53	46	0	11	55	54	21	39	43	60	30	55	59	28	28	28	23	24	53	22	15	33	25	54	53	62	40	48	1	60	43	63	
72	50	35	62	12	52	70	62	52	15	64	0	53	28	66	4	57	42	47	54	60	57	77	56	72	45	29	43	28	21	61	62	17	30	75	70	60	12	61	50	
42	12	41	61	44	8	63	72	71	45	63	15	0	60	85	50	20	76	80	1	83	74	67	39	22	68	57	6	26	44	31	24	64	74	30	14	73	60	69	74	
70	77	42	77	19	59	61	3	77	46	58	80	60	0	84	39	21	56	61	66	77	72	35	41	51	80	36	33	45	37	47	76	67	80	34	34	39	29	67	84	
68	39	41	68	68	28	45	32	74	17	55	49	63	78	0	35	37	76	1	40	78	56	46	42	49	76	82	63	53	71	10	39	36	37	40	22	47	70	32	90	
66	31	39	18	57	61	58	53	46	37	48	3	48	73	44	0	56	47	3	54	95	69	65	53	63	1	24	56	30	62	29	58	62	43	59	39	45	69	45	61	
28	19	31	46	8	15	35	18	8	35	45	22	2	24	18	2	0	16	27	8	72	35	11	35	24	43	25	13	33	9	36	31	27	41	33	21	16	24	38	6	
20	27	21	33	62	37	6	2	29	21	11	37	24	39	40	5	49	0	48	30	55	17	59	18	30	46	48	35	16	52	51	53	45	3	15	43	25	52	12	27	
50	22	19	50	33	54	23	50	30	15	1	32	41	49	28	33	58	27	0	36	45	34	49	23	28	23	50	43	33	51	46	54	48	39	30	58	22	49	10	71	
44	22	25	23	2	11	45	22	49	29	56	32	43	18	57	22	28	55	33	0	49	13	40	45	50	9	19	31	17	20	37	7	50	27	52	59	12	1	32	65	
74	52	25	13	67	25	50	17	78	56	50	62	54	58	31	24	48	54	40	51	0	61	57	28	55	51	52	62	46	54	21	37	68	7	51	39	69	30	37	94	
50	3	30	46	11	41	19	31	43	34	35	13	37	27	49	31	3	65	53	43	54	0	61	30	39	66	28	47	17	29	27	56	24	50	41	11	38	27	21	65	
67	26	20	7	26	36	24	55	47	39	36	36	23	42	15	1	48	55	3	29	35	35	0	24	29	42	6	34	34	44	33	43	35	40	31	2	43	42	11	45	
12	35	2	37	5	45	24	27	17	32	51	39	42	21	31	25	50	13	40	48	36	35	9	0	48	42	22	11	8	23	49	37	12	40	50	49	25	21	30	15	
52	42	38	28	27	67	54	44	41	54	21	52	68	43	55	31	28	49	55	36	34	65	42	38	0	65	44	63	56	45	6	35	60	74	36	29	23	43	60	39	
58	33	27	58	69	34	31	26	57	46	21	41	21	64	46	27	29	20	4	27	86	42	38	31	36	0	74	32	41	65	2	31	58	34	32	25	18	68	18	65	
58	29	23	35	15	6	8	29	56	23	35	14	26	3	35	35	4	58	44	32	57	1	41	20	32	54	0	37	18	22	53	55	41	10	34	45	27	31	14	81	
50	3	31	22	69	7	16	44	64	31	43	13	34	15	50	8	51	66	51	21	43	27	45	28	40	49	64	0	17	14	24	44	40	37	42	47	35	27	22	65	
81	39	33	47	10	47	37	43	66	37	49	49	34	26	34	30	55	10	43	40	8	48	19	37	42	45	27	45	0	28	44	52	58	51	44	53	49	26	24	65	
56	22	16	27	58	41	10	22	49	25	32	2	28	43	35	30	8	31	22	33	70	21	75	20	25	22	58	39	20	0	46	51	47	36	27	47	29	54	7	69	
56	51	48	43	54	64	33	26	64	48	60	53	51	66	52	10	12	62	34	15	85	44	21	17	32	51	71	49	39	57	0	14	76	68	15	8	52	70	39	65	
36	57	6	37	14	53	43	70	16	41	50	54	40	30	30	14	59	36	39	46	78	40	44	39	64	40	31	43	46	32	48	0	35	44	53	27	16	30	46	65	
24	39	43	55	78	54	31	58	4	43	18	49	46	36	18	57	60	48	27	30	75	31	66	35	35	62	71	57	21	62	33	62	0	63	41	48	39	27	34	53	
41	25	27	54	67	39	31	43	60	28	4	35	49	45	3	41	48	22	12	44	13	42	52	31	36	5	6	29	36	57	21	50	22	0	38	21	25	20	18	84	
26	34	37	13	79	45	22	16	6	37	49	44	40	38	20	45	37	14	29	39	24	33	2	34	44	3	30	4	10	48	31	51	25	39	0	42	14	29	28	4	
38	4	22	39	7	43	12	25	18	25	39	14	30	23	32	27	9	57	41	36	42	23	64	24	36	68	24	2	18	25	28	57	36	47	38	0	31	23	18	48	
49	50	3	38	45	49	29	2	41	44	52	47	47	61	55	17	60	38	35	49	36	35	69	41	53	5	62	40	39	63	33	38	15	20	55	21	0	30	35	90	
60	71	25	60	66	45	50	68	40	65	70	54	68	61	48	79	75	50	57	59	40	61	91	62	52	51	83	62	8	41	66	60	59	63	76	50	66	0	56	56	
56	9	3	34	45	38	7	50	36	22	19	19	25	40	22	17	48	38	31	20	68	18	62	7	12	58	50	36	17	41	33	38	34	23	14	44	26	44	0	61	
21	41	33	55	75	40	28	11	1	40	55	51	43	33	15	54	60	9	24	34	72	28	69	33	49	78	76	54	38	43	33	46	20	34	38	45	9	24	31	0	
M1
0	30	53	71	72	13	55	42	30	29	53	39	9	51	20	4	67	20	17	49	39	74	15	36	13	44	2	44	9	10	39	43	39	38	42	47	40	76	49	58	
33	0	39	53	23	39	58	13	49	38	66	10	54	36	2	19	68	30	23	13	45	93	29	42	46	53	41	32	24	16	7	59	40	57	31	31	26	13	19	6	
34	5	0	59	68	51	16	13	46	61	71	55	52	69	80	51	75	51	49	29	56	80	28	19	35	42	61	21	37	32	61	48	68	49	43	68	58	50	7	86	
35	50	52	0	89	40	14	9	72	71	58	32	39	3	79	13	43	49	47	65	29	22	7	64	62	39	7	51	67	46	61	73	69	10	57	74	35	66	25	70	
58	49	76	18	0	62	41	5	39	37	9	48	5	47	20	44	64	2	21	45	35	85	26	32	55	64	54	47	63	53	35	39	35	38	6	21	36	38	35	49	
65	3	13	23	57	0	80	77	77	61	74	14	79	25	45	69	5	56	79	23	79	69	34	34	29	81	86	66	60	54	71	23	25	47	60	59	81	47	45	80	
59	51	7	30	97	53	0	55	73	62	51	29	5	47	71	4	28	4	2	38	35	56	67	32	28	38	54	51	35	1	16	39	35	38	51	69	56	71	55	54	
23	29	59	38	46	29	21	0	39	54	25	28	14	17	42	35	80	56	41	19	35	48	15	6	36	43	63	22	15	33	38	20	2	19	37	21	45	3	22	24	
60	36	56	46	36	58	18	5	0	8	56	2	54	16	53	49	60	53	49	51	3	71	17	1	61	68	31	47	63	16	59	26	21	1	22	66	61	82	36	58	
27	66	56	52	61	25	46	63	71	0	55	40	73	37	71	8	69	7	53	62	72	72	56	8	28	29	4	14	30	25	54	10	70	34	36	58	35	40	19	6	
10	53	13	59	20	30	49	52	40	51	0	29	48	27	79	39	87	69	42	21	36	14	20	18	37	44	66	23	39	34	39	50	68	48	45	22	91	4	28	91	
27	75	82	52	27	44	48	51	39	27	26	0	13	1	50	43	6	38	41	18	43	56	12	40	28	15	57	14	30	25	5	40	43	37	36	21	94	49	19	62	
42	70	60	53	67	46	31	60	48	56	57	57	0	17	55	56	85	66	21	15	5	71	51	2	68	34	24	54	65	63	5	9	5	8	40	39	56	53	25	24	
54	74	76	68	50	24	42	43	31	46	50	40	77	0	48	32	82	77	35	76	37	64	51	22	55	31	69	41	57	52	69	2	59	39	60	15	60	76	11	70	
51	17	53	28	47	38	39	42	30	45	47	39	29	53	0	1	79	74	20	55	34	68	54	38	52	33	68	38	26	47	59	63	58	38	53	12	53	73	43	72	
35	8	2	53	64	28	64	66	70	8	71	55	69	61	17	0	60	85	30	28	39	82	54	31	36	43	65	22	29	30	56	37	37	45	2	52	2	38	27	21	
47	70	56	67	44	64	36	39	27	11	44	36	72	38	37	35	0	30	29	78	31	63	31	35	48	55	65	34	35	45	51	1	55	35	56	9	47	69	39	69	
60	85	73	47	37	66	85	12	62	61	15	65	85	21	74	50	5	0	50	1	44	26	55	70	62	33	91	48	64	59	11	7	90	2	70	58	65	40	19	62	
24	44	54	11	58	2	16	60	53	19	16	12	52	57	72	51	70	51	0	81	63	33	62	61	19	32	54	11	27	22	51	38	81	39	27	64	96	46	16	11	
65	56	69	66	56	71	38	25	13	28	71	22	74	36	37	17	10	3	69	0	23	35	37	21	23	65	51	64	56	21	6	39	41	21	16	63	69	45	16	78	
60	26	56	57	47	16	29	16	4	19	59	13	63	27	11	35	41	64	44	60	0	82	7	12	26	67	42	50	21	27	17	37	32	12	33	24	44	40	19	16	
64	62	6	81	36	33	41	15	28	22	91	37	56	23	55	30	85	76	74	54	5	0	51	6	44	4	53	51	65	51	61	33	56	36	57	68	82	84	55	20	
5	87	96	46	40	46	65	68	56	20	73	26	22	43	47	47	84	44	58	30	52	71	0	49	53	11	44	39	55	50	48	9	52	55	61	38	67	20	42	71	
58	71	73	6	67	74	35	23	68	70	77	77	33	75	31	53	90	70	68	9	25	92	71	0	62	62	50	48	64	59	22	67	63	25	70	66	64	83	13	80	
13	41	50	45	4	36	40	27	15	30	57	24	6	31	50	18	16	70	42	28	25	22	39	23	0	36	53	35	51	28	16	40	36	23	44	22	10	46	40	55	
14	51	28	13	48	25	33	20	8	23	62	17	64	31	12	36	39	44	53	34	18	47	32	16	15	0	31	1	17	12	41	28	21	16	23	33	49	36	6	42	
16	72	19	49	55	41	53	46	34	49	18	24	63	57	63	21	77	15	16	25	44	39	58	42	22	25	0	11	27	22	22	38	62	39	23	34	73	46	16	92	
9	57	76	34	43	26	38	45	60	75	57	56	67	54	57	42	76	59	69	66	63	85	47	65	10	17	39	0	12	7	36	23	72	24	18	49	81	31	1	84	
58	57	1	84	74	49	56	43	31	46	65	40	65	54	86	19	74	12	87	70	41	55	54	12	61	82	69	63	0	54	18	64	51	39	60	97	59	79	59	37	
16	3	71	41	50	33	45	7	53	68	3	25	19	22	43	49	61	66	45	59	33	70	19	46	17	24	45	3	19	0	43	30	29	31	3	49	31	31	8	68	
24	63	48	64	25	54	37	32	20	35	65	29	73	6	78	38	81	19	49	26	30	44	44	22	8	8	55	31	44	42	0	40	13	19	48	56	88	42	33	79	
5	38	46	14	71	32	68	14	59	32	25	59	67	65	15	39	64	65	15	38	30	10	58	35	27	41	72	31	33	34	60	0	41	58	53	41	6	42	25	16	
67	70	76	65	47	26	41	49	51	66	37	60	57	66	50	56	78	76	53	70	55	112	75	59	68	54	89	54	62	65	87	53	0	59	20	33	77	89	5	81	
16	40	28	2	50	33	45	52	67	23	12	32	74	61	51	5	72	66	5	19	62	40	54	63	17	24	46	3	19	14	35	30	60	0	25	56	34	38	8	17	
17	13	72	42	10	10	44	32	20	35	17	21	74	43	22	39	6	67	37	26	15	60	30	28	18	25	20	4	20	15	44	31	31	1	0	17	78	35	9	31	
25	47	47	50	21	42	13	16	4	19	21	13	49	27	58	12	53	48	6	62	8	65	28	12	26	33	42	12	28	23	52	37	32	12	33	0	64	47	17	63	
14	8	16	39	41	2	43	50	48	18	54	29	70	35	58	47	34	64	40	68	44	56	28	5	15	22	44	1	17	4	30	28	11	29	23	30	0	12	6	84	
5	61	64	42	28	11	30	33	21	36	38	10	44	8	60	20	68	65	23	74	17	80	1	29	18	25	47	4	20	15	20	31	49	29	26	3	72	0	9	72	
31	61	62	19	61	20	43	3	18	33	23	27	25	41	77	10	36	37	51	24	28	75	29	26	32	8	56	18	34	29	55	45	30	26	40	61	62	43	0	74	
22	50	81	64	62	36	48	6	34	49	65	43	42	57	13	37	64	65	56	82	44	34	33	42	79	69	72	65	62	15	72	67	62	42	28	48	79	85	70	0	
M2
0	1	2	27	43	41	46	22	48	59	15	59	39	52	37	54	31	24	33	4	58	58	9	34	34	4	32	45	37	61	47	33	53	11	14	40	6	35	51	27	
44	0	37	21	71	69	72	88	74	101	54	49	85	65	14	81	8	69	10	70	57	60	75	46	11	45	73	90	92	77	89	91	85	56	10	20	72	53	77	35	
12	35	0	61	66	34	53	51	82	68	45	56	73	69	71	14	65	42	35	38	64	39	10	14	57	38	48	58	59	18	17	43	40	45	19	62	7	55	5	18	
41	35	11	0	18	86	59	73	42	100	75	3	18	67	68	49	48	65	67	37	60	47	65	37	61	48	47	60	32	20	16	94	54	59	12	33	3	38	60	73	
44	38	38	64	0	22	3	9	69	40	32	3	60	15	4	55	54	63	44	5	41	50	44	73	27	5	10	58	55	27	8	55	58	77	4	38	14	30	67	47	
45	22	21	28	44	0	35	58	48	8	27	48	35	53	22	1	32	13	7	3	53	53	26	23	54	53	55	34	50	27	51	80	52	75	23	16	31	27	51	29	
57	6	65	33	8	64	0	52	57	53	43	57	37	49	42	41	36	37	38	23	9	48	12	47	24	59	3	58	60	31	62	23	43	84	14	6	19	64	60	59	
40	36	34	17	9	10	49	0	61	58	57	56	87	42	59	29	66	39	50	39	79	3	41	49	33	60	21	11	27	17	32	16	36	53	34	40	65	57	20	33	
7	30	31	56	32	42	24	51	0	54	41	3	62	17	48	22	37	31	43	30	10	23	38	3	46	33	56	12	28	12	25	51	4	40	27	41	35	32	13	26	
62	7	6	50	29	20	64	43	79	0	67	71	62	57	7	43	37	90	1	42	45	79	11	64	39	74	79	66	82	12	44	70	37	77	8	49	16	12	36	14	
18	22	21	27	31	35	10	20	3	8	0	14	22	16	22	32	6	42	16	41	21	34	26	14	54	44	42	18	34	23	35	59	15	8	23	45	31	27	23	29	
32	12	56	55	2	70	18	51	59	81	59	0	84	63	34	39	42	66	24	53	56	5	51	59	45	32	7	35	35	22	25	63	54	65	44	53	60	38	65	69	
43	32	26	75	16	34	60	58	28	72	37	39	0	53	38	58	62	62	64	22	46	10	17	34	65	62	61	25	41	48	61	29	5	67	55	54	26	68	49	62	
60	37	18	64	10	32	2	43	59	84	19	9	40	0	26	50	40	68	24	40	40	58	43	63	55	36	34	71	61	7	48	38	42	90	45	29	50	10	55	27	
64	69	50	60	12	52	34	30	59	91	25	41	3	27	0	49	8	63	14	63	72	26	26	70	5	63	44	75	38	29	38	1	21	81	27	1	2	41	80	52	
17	36	41	66	52	47	44	51	39	59	54	50	78	37	68	0	23	63	48	43	15	47	47	50	59	40	61	34	50	14	30	22	42	50	32	46	45	52	18	31	
24	47	48	21	2	19	51	57	53	49	49	51	75	63	25	56	0	44	38	38	5	59	38	16	59	50	58	60	71	62	56	73	54	50	52	3	20	22	47	55	
44	40	38	54	31	36	16	79	60	29	58	29	52	34	31	42	69	0	26	21	34	36	47	4	47	70	48	15	31	31	47	61	46	57	44	44	52	48	35	48	
18	41	38	32	43	53	35	53	3	45	11	14	68	28	13	33	5	42	0	17	21	30	49	14	9	18	46	23	39	23	11	24	15	27	38	47	46	11	24	37	
62	48	43	36	34	17	13	68	78	47	44	34	65	20	49	4	3	12	44	0	51	54	46	22	65	39	6	33	49	32	53	62	64	32	55	48	61	35	41	52	
20	15	14	58	37	12	37	51	5	1	20	16	46	30	15	35	14	44	9	43	0	28	19	16	47	46	69	23	39	20	38	63	17	53	16	52	24	20	26	7	
33	29	27	72	45	33	44	71	85	49	49	55	18	61	30	13	59	22	11	32	53	0	21	32	62	42	47	4	20	59	16	42	9	24	18	33	61	68	4	17	
42	26	28	33	51	42	56	65	52	15	39	30	38	49	29	65	33	88	23	64	4	51	0	63	59	68	88	70	39	34	65	54	59	24	30	68	38	34	58	36	
47	43	21	62	39	34	24	50	68	37	64	37	33	42	39	14	56	2	34	7	34	39	55	0	17	73	48	18	29	20	17	31	16	60	19	47	60	28	5	18	
44	38	38	62	39	44	16	67	29	37	53	37	60	42	17	29	68	2	34	29	42	44	55	12	0	26	48	23	39	39	32	38	41	65	19	51	5	56	20	33	
59	32	38	73	43	52	35	75	44	78	7	42	73	28	59	55	31	46	57	19	34	71	48	55	10	0	8	64	30	40	49	46	33	58	60	47	61	11	46	26	
32	40	39	49	47	53	33	37	32	26	35	43	49	34	40	35	59	11	34	38	13	33	4	21	38	8	0	32	45	12	12	8	28	34	34	20	49	39	52	47	
18	14	12	57	72	54	71	62	88	36	35	73	79	64	50	67	44	64	44	17	87	10	33	70	47	44	47	0	5	54	73	38	58	31	46	18	46	55	61	57	
41	32	31	74	54	45	56	68	42	18	40	32	36	49	8	10	45	68	26	52	60	73	24	49	43	13	9	62	0	28	6	54	54	72	30	74	41	37	16	9	
71	58	48	29	65	44	57	53	83	44	74	64	50	50	6	49	42	37	14	42	69	2	34	9	52	58	67	53	61	0	22	24	11	94	35	55	33	21	40	53	
34	51	56	83	60	65	45	75	24	43	71	35	68	49	57	36	51	23	51	2	42	35	61	33	76	60	54	44	58	44	0	46	36	63	58	73	62	36	45	58	
50	55	36	71	28	38	20	16	46	77	37	27	58	13	44	68	41	73	42	58	58	12	12	57	24	54	30	65	24	15	66	0	7	83	13	18	68	28	67	38	
26	21	29	44	6	28	43	57	11	50	52	22	81	36	56	41	26	50	51	34	29	27	50	22	54	52	62	6	22	31	44	28	0	48	46	35	54	51	32	45	
38	6	26	49	49	13	29	63	69	13	55	63	82	49	27	1	36	75	21	37	59	30	27	47	39	54	61	9	25	32	64	58	57	0	16	26	36	32	56	16	
19	42	18	57	30	18	36	63	4	41	1	15	8	29	13	34	49	30	49	39	22	35	22	15	39	9	37	24	40	17	18	51	16	41	0	41	47	40	25	38	
41	17	16	60	37	30	5	31	70	3	9	28	47	44	3	53	35	47	11	48	22	43	21	19	49	67	37	63	55	20	1	18	38	74	18	0	26	22	46	24	
43	4	16	40	41	38	4	76	80	61	60	53	64	75	40	20	14	57	36	42	42	35	45	29	37	69	36	14	30	32	23	49	45	20	25	39	0	13	11	7	
29	52	6	55	85	46	68	73	72	92	66	76	50	70	88	59	58	67	50	9	80	69	27	64	54	55	61	88	81	54	17	44	11	62	29	73	57	0	55	27	
81	76	75	69	56	24	66	62	76	89	66	46	68	59	89	4	61	56	25	54	88	58	58	28	70	74	38	72	69	61	7	33	53	71	9	64	101	64	0	8	
27	15	31	58	44	54	36	16	57	37	5	37	74	29	51	38	45	73	45	53	74	28	21	68	40	53	46	65	40	31	12	3	17	10	29	34	40	44	74	0	
M3
0	67	20	43	54	61	55	69	61	30	60	64	65	71	29	35	53	62	41	74	42	34	60	44	47	20	47	56	54	71	54	39	21	56	77	30	65	49	60	42	
46	0	67	49	38	63	47	73	57	78	65	69	71	25	83	34	45	68	12	44	72	52	76	60	46	70	48	48	2	49	60	55	58	59	69	33	64	55	72	8	
35	49	0	44	53	36	4	39	41	42	49	61	52	70	20	29	3	17	75	49	41	23	44	28	8	27	44	5	48	40	3	23	46	51	26	12	50	54	9	68	
45	46	53	0	15	4	25	15	25	45	60	14	4	62	16	25	33	1	53	45	37	43	29	24	37	48	40	21	44	32	40	19	33	31	26	67	46	55	5	13	
55	56	71	49	0	42	46	34	44	24	30	46	7	71	53	10	31	27	68	39	14	27	17	1	22	6	25	59	27	41	21	27	20	53	63	22	40	14	42	49	
12	65	43	82	34	0	73	7	60	78	13	20	17	70	42	64	66	14	57	38	63	54	24	55	58	76	57	39	75	47	46	60	51	50	84	71	94	64	76	17	
13	27	10	22	54	44	0	17	41	47	40	54	44	73	21	30	5	12	62	50	37	14	40	24	42	5	45	46	49	51	44	24	70	42	31	53	41	60	10	53	
42	36	34	58	46	53	23	0	59	12	59	24	17	74	46	68	5	25	51	47	51	55	8	53	42	46	41	41	59	49	46	64	13	52	71	72	2	22	50	1	
32	16	31	79	46	67	39	37	0	39	32	44	78	8	66	38	59	32	19	42	40	6	73	57	39	62	51	46	17	13	65	37	75	34	9	7	68	50	58	68	
44	68	89	89	82	44	64	17	47	0	46	76	7	32	55	54	16	21	72	5	45	20	52	63	47	56	69	27	70	43	5	46	107	48	65	1	76	16	44	42	
57	56	53	18	51	30	51	42	40	18	0	24	40	18	42	46	29	7	63	47	32	16	15	60	2	30	56	39	65	21	37	47	55	44	46	55	35	22	41	16	
20	49	57	51	50	62	69	35	26	81	63	0	65	36	8	30	51	19	25	42	29	48	26	77	42	42	45	8	47	13	12	38	17	16	79	57	60	63	61	28	
46	8	53	67	36	30	52	5	28	46	9	61	0	57	42	59	29	57	66	63	41	13	3	32	2	39	27	5	8	34	37	44	92	23	75	60	8	52	57	5	
33	7	30	42	40	31	2	37	41	45	17	13	47	0	35	50	25	32	23	33	35	34	38	22	3	25	65	35	34	35	38	4	44	30	51	6	34	28	30	31	
68	42	36	29	1	46	54	62	6	43	58	34	16	80	0	14	35	44	45	56	52	32	60	65	26	2	29	56	33	50	60	63	65	60	73	44	36	73	52	53	
59	50	52	71	45	23	31	50	36	42	35	27	47	57	43	0	12	60	62	56	29	9	42	70	3	32	6	40	10	27	38	40	57	37	61	45	21	77	58	30	
56	70	46	14	47	36	25	14	52	36	65	46	36	72	16	25	0	33	9	40	37	39	40	24	16	48	33	8	39	42	39	19	65	63	26	67	1	15	5	45	
61	55	58	2	35	20	30	35	24	50	48	34	24	26	21	23	37	0	73	50	42	22	45	29	10	25	19	41	39	27	12	13	13	29	31	50	48	60	10	33	
64	50	1	14	47	34	33	14	35	53	46	38	36	68	12	2	23	33	0	58	36	20	7	56	14	43	17	4	21	38	35	32	65	31	7	44	32	86	37	39	
51	45	21	60	62	48	20	55	44	37	55	40	60	7	10	16	13	50	46	0	54	34	12	60	28	43	31	57	17	52	9	42	61	17	34	1	46	60	48	55	
56	60	50	28	57	50	71	18	62	77	9	22	17	72	8	52	32	47	40	41	0	54	32	58	62	34	67	44	44	49	3	37	53	9	67	72	74	54	51	59	
42	73	45	71	38	70	56	55	3	9	2	40	60	35	47	56	61	59	29	76	10	0	68	55	55	77	71	62	75	67	46	7	71	4	41	23	70	75	36	58	
62	14	17	35	60	57	44	17	63	46	29	28	27	11	50	52	16	34	65	56	36	44	0	23	45	60	67	50	49	27	9	46	59	28	58	48	29	60	57	32	
63	44	62	63	26	49	34	53	46	12	44	35	50	68	43	42	57	15	74	76	2	60	5	0	34	57	57	57	15	62	17	15	66	44	80	32	71	63	62	72	
48	72	28	47	69	5	27	33	15	70	61	68	21	39	17	34	4	57	58	38	64	52	22	51	0	14	49	14	53	9	12	46	98	80	53	54	64	63	32	52	
52	8	71	63	68	28	82	41	4	13	71	63	83	86	54	75	33	28	100	95	80	90	73	79	39	0	53	45	10	66	68	3	94	36	37	86	47	74	62	80	
37	59	44	66	51	5	29	9	65	49	19	63	65	43	20	27	48	54	59	22	28	45	22	28	39	52	0	63	46	46	56	23	81	3	30	8	43	59	9	57	
9	42	8	77	69	60	43	24	34	38	33	71	62	49	51	60	42	25	60	54	41	7	65	59	47	66	51	0	10	56	42	34	85	35	34	11	81	29	40	73	
16	15	77	38	71	21	64	25	63	27	8	62	60	31	57	26	17	55	75	30	64	44	74	68	38	54	41	58	0	1	3	48	53	62	12	46	56	54	49	18	
76	51	63	86	57	40	46	7	46	55	46	44	64	13	42	8	29	67	65	12	46	26	59	50	20	49	23	54	27	0	55	45	74	54	52	28	38	55	31	47	
48	64	66	77	59	37	45	27	44	30	49	41	61	64	46	5	26	74	28	16	36	23	43	54	17	7	20	22	24	34	0	1	67	51	51	25	27	7	35	44	
48	59	27	76	43	34	51	29	44	29	61	52	50	21	46	30	33	32	75	34	19	48	22	6	6	43	45	43	32	5	34	0	25	58	59	49	27	54	38	7	
60	14	55	81	1	22	43	65	58	62	14	26	64	76	48	63	14	49	65	40	52	75	32	39	20	57	39	48	21	52	14	32	0	14	71	27	45	54	71	68	
63	89	9	70	16	69	44	19	50	66	68	44	71	72	60	37	42	53	74	85	75	55	68	62	45	67	52	45	56	71	43	5	46	0	31	52	64	69	49	22	
35	7	24	44	62	66	4	39	43	49	42	56	6	65	43	52	27	22	57	24	50	16	62	46	63	27	67	52	71	73	3	23	74	17	0	63	63	54	32	40	
36	35	33	45	77	43	5	40	32	54	3	77	45	50	44	53	28	35	42	56	60	37	34	47	22	11	59	59	72	54	55	47	93	52	29	0	64	31	33	19	
40	69	44	71	12	32	33	47	20	31	25	6	85	34	28	48	20	39	31	52	38	65	16	30	60	38	63	19	54	23	32	40	37	3	33	68	0	83	61	48	
23	75	58	55	54	13	30	2	19	5	46	66	61	39	21	30	51	55	38	7	11	48	18	29	42	53	45	66	49	9	6	24	96	53	31	54	51	0	10	26	
42	56	39	51	35	30	11	21	47	31	55	47	67	60	2	11	32	36	64	31	23	29	26	10	23	34	26	60	30	32	38	5	77	57	12	53	32	41	0	50	
6	55	24	37	54	34	56	32	44	35	25	63	41	45	44	40	14	43	68	37	30	28	33	17	6	43	5	5	23	15	36	43	72	16	61	47	70	12	40	0	
M4
0	86	51	11	53	26	71	1	22	47	54	82	42	69	40	45	50	33	70	79	49	72	54	22	83	65	72	33	6	34	60	76	27	32	65	74	67	46	71	1	
68	0	62	29	74	71	54	56	73	64	37	46	20	20	74	14	48	62	59	59	15	22	72	3	73	36	86	3	56	31	6	51	15	49	37	72	27	13	13	22	
39	24	0	36	28	12	17	53	55	14	21	9	8	19	41	28	32	47	9	54	33	15	6	29	2	22	44	37	19	35	37	1	19	21	30	6	11	33	29	38	
52	21	45	0	24	31	30	49	56	60	42	22	17	32	33	45	30	46	55	31	12	40	20	34	15	35	9	34	32	36	37	47	46	7	22	33	34	44	44	33	
57	38	36	46	0	45	47	17	43	28	35	35	22	38	5	49	38	54	23	18	63	11	46	51	61	49	63	51	23	42	44	15	33	40	56	39	25	28	61	52	
82	34	48	65	17	0	55	19	68	31	35	60	47	63	30	58	46	56	9	43	59	36	1	9	70	19	13	47	48	54	50	40	31	5	40	26	50	53	57	66	
95	40	37	36	39	36	0	47	67	32	51	65	49	70	16	28	37	61	9	65	14	56	18	32	58	16	25	53	51	5	53	42	60	76	72	58	37	63	4	41	
97	73	58	96	54	52	42	0	81	18	53	75	23	77	54	52	38	69	69	76	65	51	22	84	79	66	20	4	13	61	18	63	18	92	40	82	72	52	72	2	
11	45	50	36	48	29	33	26	0	70	79	27	26	6	61	69	68	58	15	25	63	49	34	47	20	40	53	50	31	27	43	71	9	39	48	73	63	59	52	26	
85	73	45	82	69	64	11	52	80	0	94	55	21	49	68	80	82	45	61	45	66	54	5	75	48	61	74	86	65	57	89	79	15	67	62	72	69	87	56	53	
15	24	66	40	77	55	66	30	51	61	0	43	13	5	42	48	56	62	49	4	27	19	50	37	70	3	83	37	35	16	40	48	47	12	64	77	58	47	47	30	
61	18	20	24	52	27	39	76	68	84	51	0	14	7	65	42	63	70	32	52	43	50	49	17	24	44	51	31	7	57	34	75	43	43	18	60	55	41	41	50	
30	43	48	52	46	34	33	18	11	73	12	25	0	35	59	67	52	36	59	60	61	38	43	45	18	5	7	11	35	19	59	68	22	34	7	43	76	33	16	45	
67	46	2	1	2	11	57	27	53	38	5	45	7	0	15	5	8	33	3	3	71	21	16	55	71	59	59	2	33	29	38	25	43	50	56	20	35	38	69	1	
15	86	2	31	56	22	11	30	51	76	82	68	35	29	0	74	4	43	53	35	66	75	44	51	61	68	49	5	35	57	63	79	56	61	89	68	83	75	56	30	
51	66	34	51	69	57	17	6	78	65	50	48	59	12	62	0	7	74	60	63	46	48	76	15	41	61	17	77	21	58	12	52	17	60	10	22	60	60	62	55	
2	67	60	27	69	42	10	17	25	57	32	61	51	20	56	5	0	28	52	68	3	37	69	38	62	67	6	43	22	47	63	44	43	48	17	59	38	10	55	17	
30	40	18	55	34	69	49	45	8	30	37	55	24	55	33	16	46	0	25	60	65	31	48	53	66	53	12	31	50	53	56	17	35	76	53	81	18	49	50	28	
81	3	47	32	70	41	59	38	51	69	46	44	32	25	76	17	53	45	0	72	28	35	72	16	71	49	58	16	2	44	11	56	28	62	50	18	31	26	26	35	
40	18	11	16	31	19	14	55	10	67	64	10	27	20	34	42	16	73	45	0	43	32	9	17	3	3	45	14	14	36	34	54	43	22	31	1	55	41	35	4	
64	27	25	55	44	60	2	37	21	17	13	42	11	52	38	38	35	10	12	70	0	18	35	40	44	49	49	3	52	48	23	4	22	39	49	70	14	36	47	41	
24	23	25	29	57	32	44	39	60	78	56	2	19	12	70	47	15	28	37	55	48	0	54	22	29	16	56	36	12	9	34	72	48	25	23	65	49	46	46	39	
10	32	34	17	43	31	30	25	46	21	65	11	28	21	56	56	70	57	46	66	36	44	0	30	15	35	45	45	21	48	48	66	39	34	32	35	64	48	47	25	
33	32	38	58	52	25	10	48	27	56	27	36	50	27	38	26	74	54	51	38	50	57	61	0	29	19	71	45	46	45	48	43	8	3	37	64	2	52	6	26	
32	20	25	29	23	11	10	47	59	59	56	2	19	12	36	44	61	65	37	49	38	24	47	22	0	15	37	33	12	28	36	46	45	14	23	57	56	34	27	47	
92	60	48	6	48	81	51	41	76	70	42	65	72	46	61	41	40	72	56	57	69	46	13	20	65	0	15	71	69	21	64	65	61	66	4	46	17	70	48	67	
47	46	24	52	80	55	35	62	31	46	3	25	42	35	75	63	20	27	60	60	52	1	64	45	52	39	0	59	24	11	57	71	71	48	29	71	72	25	69	62	
44	32	36	40	35	23	22	59	68	11	51	13	30	23	6	50	73	36	48	16	25	36	29	33	7	27	49	0	23	21	32	58	3	26	34	69	26	46	14	59	
84	44	9	52	55	3	62	52	62	69	73	54	4	57	68	3	50	27	47	38	69	74	34	47	47	54	51	57	0	21	60	71	19	43	75	64	56	4	67	76	
64	58	32	63	18	27	44	37	64	54	56	61	48	64	15	72	62	53	15	44	6	37	63	33	74	75	29	22	49	0	66	41	59	66	69	65	51	35	70	78	
64	27	15	52	44	72	7	69	44	17	24	42	11	52	32	38	1	39	12	34	6	18	35	40	59	49	62	40	49	16	0	4	22	65	49	49	14	7	13	41	
55	18	16	46	35	63	27	60	49	8	15	33	2	43	48	29	26	59	3	61	43	9	26	31	50	40	87	31	43	40	34	0	13	56	40	61	5	27	41	32	
52	35	35	57	73	60	7	41	22	18	36	30	47	40	60	33	64	46	57	25	29	67	29	24	55	46	53	33	40	12	51	70	0	63	46	54	11	58	43	21	
58	59	46	65	15	68	17	40	34	51	54	38	45	48	28	44	61	1	35	41	20	33	33	55	65	68	21	36	46	31	67	38	56	0	32	62	46	51	15	35	
67	44	42	16	59	82	7	36	70	26	1	59	28	59	64	55	5	63	12	13	62	35	44	16	76	57	9	27	54	11	24	21	22	62	0	2	31	53	18	52	
29	8	53	32	84	47	50	44	65	26	11	64	38	38	63	32	57	57	68	1	33	40	44	21	60	52	79	21	8	49	24	69	33	67	52	0	17	31	31	40	
63	51	14	60	45	42	41	70	67	63	3	33	50	43	46	2	53	68	29	60	30	55	78	53	26	13	62	61	43	21	25	68	75	45	13	55	0	65	58	78	
26	20	33	39	58	60	82	41	42	62	41	48	39	50	71	44	20	66	66	73	45	24	80	33	75	36	86	33	46	40	36	81	45	15	67	102	57	0	43	41	
64	28	3	49	48	41	58	7	45	45	74	22	39	32	4	25	68	10	57	74	53	60	63	41	49	29	49	41	2	24	44	54	8	33	43	15	55	2	0	34	
82	63	61	71	17	28	48	42	53	53	60	60	6	40	17	30	29	61	48	43	88	36	18	47	86	29	38	76	33	67	69	40	58	65	81	64	50	53	61	0	
M5
0	52	20	55	57	65	51	46	59	49	40	16	30	36	33	53	29	11	50	47	55	39	51	60	44	45	57	53	30	38	12	67	36	53	3	54	13	4	71	46	
18	0	56	13	9	6	30	37	51	21	80	61	11	8	12	84	76	67	42	68	66	37	53	46	50	39	49	59	66	30	27	33	30	45	89	40	68	17	13	32	
53	19	0	56	54	29	69	10	1	47	18	20	37	43	15	71	58	57	45	55	14	40	13	1	81	71	39	45	60	33	11	63	65	48	37	69	75	38	58	11	
17	22	16	0	31	34	39	29	31	20	47	60	38	7	46	88	15	78	65	25	50	51	30	19	34	39	5	43	65	55	33	72	29	63	66	39	48	6	61	69	
48	34	19	57	0	66	35	51	27	51	42	47	61	38	63	75	48	13	59	23	42	41	27	62	26	31	56	35	74	47	40	21	38	9	44	5	43	38	73	41	
26	65	75	3	84	0	48	45	46	29	53	58	29	16	31	75	83	24	43	59	73	52	61	65	57	62	70	25	6	49	42	53	38	55	72	48	1	25	73	60	
38	61	36	7	68	87	0	56	56	79	62	22	42	66	82	35	53	81	47	28	68	74	70	65	81	18	71	24	89	35	61	29	65	50	37	17	22	9	69	35	
48	54	45	4	50	55	32	0	27	49	42	47	61	38	74	53	52	13	11	12	1	41	54	62	46	32	59	24	66	67	18	66	31	69	61	36	36	8	10	15	
49	43	82	8	78	58	8	60	0	78	54	47	3	68	81	59	62	112	17	55	6	74	83	74	75	55	75	69	5	84	32	2	60	62	73	78	69	71	52	48	
8	47	23	50	62	44	48	44	47	0	19	40	38	31	8	24	8	6	38	42	55	33	27	39	39	44	35	48	63	26	23	32	31	15	38	49	44	39	66	74	
28	67	43	72	26	8	40	54	38	12	0	94	2	72	52	36	23	75	15	70	82	68	61	3	66	71	4	31	63	17	43	52	58	32	2	76	50	3	79	45	
19	58	17	3	31	42	41	38	57	21	69	0	33	9	48	25	76	56	33	69	66	67	54	9	50	48	9	59	19	36	11	73	31	51	71	10	78	18	37	73	
18	60	66	51	47	9	61	65	27	43	90	69	0	50	22	36	30	64	52	90	89	31	44	10	73	20	34	82	43	40	37	1	72	37	82	82	71	59	64	94	
2	42	66	11	63	71	24	21	61	5	91	45	23	0	31	89	60	66	52	52	50	51	37	65	34	39	72	43	50	40	18	61	14	55	84	24	82	1	49	68	
25	65	31	34	75	27	47	44	26	28	55	55	24	15	0	59	58	42	17	59	73	12	49	21	57	62	76	66	53	5	2	42	37	20	64	47	47	24	55	74	
5	72	15	54	32	93	5	35	21	70	70	91	83	82	95	0	42	57	31	60	78	81	75	1	72	27	70	81	76	93	57	50	52	25	1	3	53	59	80	17	
17	54	19	15	63	61	70	59	2	67	61	56	65	75	83	69	0	61	79	83	34	70	72	41	69	20	23	78	67	90	60	64	49	98	16	67	98	57	54	4	
11	17	56	20	48	30	18	14	51	14	5	10	24	1	40	45	35	0	37	12	25	4	24	25	9	14	22	18	37	30	3	48	1	38	24	19	14	10	36	44	
49	31	62	27	47	29	32	54	22	21	4	51	22	65	57	2	20	55	0	41	27	26	26	24	23	28	25	12	39	38	37	39	3	52	23	21	13	24	38	39	
70	34	54	30	9	64	25	69	49	24	53	54	68	68	72	51	9	58	9	0	22	43	29	58	26	31	54	35	42	28	24	53	6	37	72	24	37	37	41	61	
20	71	33	16	64	30	60	43	61	50	73	78	68	37	53	79	78	44	52	38	0	58	66	2	63	44	71	72	79	40	63	39	43	55	92	7	33	46	53	45	
28	29	68	7	33	48	30	63	57	30	23	49	42	63	67	55	9	85	54	47	37	0	13	43	21	26	44	30	4	42	57	28	39	41	33	57	15	13	44	56	
55	69	29	17	31	51	55	44	24	51	26	48	45	58	80	5	39	62	15	90	73	16	0	33	72	31	47	67	57	3	29	18	52	18	35	3	45	46	16	67	
54	54	52	63	11	49	31	56	17	57	62	67	52	58	72	80	47	33	38	7	19	61	51	0	46	51	61	14	19	26	52	63	39	41	79	57	24	58	72	73	
49	5	44	39	40	37	6	48	39	33	54	25	42	39	43	72	23	67	30	49	13	14	38	44	0	2	53	6	51	18	33	55	15	26	47	33	60	9	44	32	
53	59	60	62	69	21	50	56	28	55	26	52	45	43	76	42	2	18	46	54	44	46	66	46	51	0	47	18	29	34	45	70	43	41	45	61	30	46	76	75	
38	30	60	26	32	51	31	73	8	20	52	23	51	61	68	25	48	54	8	40	38	39	25	6	22	27	0	31	15	43	35	13	2	51	50	20	61	14	13	57	
38	31	43	40	30	63	47	13	32	41	79	60	59	28	29	77	64	68	35	67	54	30	73	63	38	20	18	0	41	47	44	23	50	43	88	60	81	37	29	70	
53	18	38	57	44	4	51	60	43	48	77	76	55	43	43	34	44	77	33	4	31	20	64	67	61	37	58	27	0	61	58	77	41	72	80	48	66	17	56	5	
54	67	15	63	88	70	68	30	10	37	45	74	62	44	83	43	61	81	1	82	61	42	33	19	59	64	66	53	43	0	15	26	44	4	64	62	31	53	79	60	
68	48	64	58	66	48	46	37	64	52	23	68	42	61	55	71	1	36	55	72	56	14	63	43	40	45	44	49	55	43	0	73	58	38	42	66	15	43	17	7	
46	17	56	51	52	49	18	60	51	4	55	37	31	41	55	46	35	26	42	46	25	26	49	56	9	14	65	18	37	30	32	0	27	38	59	45	64	21	42	41	
47	11	50	7	46	41	12	54	45	1	60	31	45	45	49	64	29	35	36	21	19	20	6	50	3	8	41	12	19	24	22	30	0	32	53	1	66	15	18	38	
28	17	56	22	44	49	18	47	25	31	60	37	12	18	55	20	35	31	42	42	18	26	10	56	9	14	46	18	56	30	44	67	27	0	59	15	25	21	56	44	
2	13	32	28	19	36	33	30	66	22	11	52	30	44	51	55	11	19	42	2	40	12	17	31	24	29	32	33	40	45	43	51	4	53	0	22	57	7	39	59	
12	43	65	21	73	18	34	31	60	6	31	36	33	2	41	54	53	2	51	38	51	30	18	16	35	40	48	44	3	39	28	23	24	54	50	0	40	11	19	8	
59	45	64	2	57	39	46	66	59	43	14	65	33	49	21	28	54	76	9	56	53	46	52	34	37	42	35	46	43	38	36	75	52	8	33	5	0	34	55	46	
52	14	73	53	49	46	50	19	67	60	51	56	5	47	52	38	61	22	15	58	62	15	11	71	55	55	53	6	56	67	49	58	47	48	70	65	60	0	26	50	
53	9	3	48	44	41	31	44	45	9	44	48	46	43	20	92	70	75	50	74	13	34	79	46	44	49	11	53	65	38	35	12	56	53	63	56	80	52	0	67	
25	26	61	49	24	58	27	3	60	54	49	46	63	45	64	13	44	20	51	56	34	14	52	59	18	8	1	27	55	39	47	76	36	47	59	40	58	30	43	0	
