40  2  1
2
	0	33	1	60
	0	48	1	74
	0	64	1	80
	0	10	1	78
	0	84	1	8
	0	8	1	60
	0	86	1	39
	0	48	1	85
	0	78	1	49
	0	54	1	32
	0	97	1	73
	0	35	1	46
	0	95	1	62
	0	94	1	20
	0	84	1	34
	0	49	1	64
	0	46	1	23
	0	83	1	56
	0	27	1	87
	0	85	1	86
	0	85	1	46
	0	26	1	17
	0	53	1	49
	0	75	1	38
	0	47	1	85
	0	73	1	85
	0	15	1	1
	0	97	1	51
	0	20	1	86
	0	93	1	8
	0	1	1	34
	0	62	1	10
	0	45	1	95
	0	23	1	67
	0	80	1	71
	0	84	1	92
	0	53	1	30
	0	7	1	56
	0	74	1	34
	0	32	1	27
SSD
M0
0	29	5	14	67	72	37	56	62	66	39	25	36	30	45	22	42	48	9	22	6	38	39	54	46	55	27	51	46	60	34	73	39	43	52	52	26	29	39	31	
20	0	34	67	33	62	42	65	7	50	28	42	21	50	20	39	53	23	12	36	51	48	50	32	54	39	2	26	36	49	42	44	48	5	48	12	68	82	53	8	
45	3	0	42	52	71	40	51	58	18	7	1	21	27	2	7	59	37	47	28	30	31	28	11	31	42	34	32	45	35	19	58	39	37	61	20	11	57	42	38	
26	19	54	0	47	48	13	32	62	57	71	9	15	46	45	65	18	45	44	45	39	14	15	30	51	31	69	59	22	36	44	60	15	19	28	33	2	5	60	39	
45	70	3	58	0	87	14	24	51	85	53	68	25	1	45	16	32	48	51	67	84	81	79	33	74	64	27	51	61	74	81	67	65	48	85	5	4	69	22	68	
33	64	22	58	42	0	53	47	49	59	44	17	11	17	22	21	61	39	42	47	72	16	18	45	21	53	18	3	52	54	9	72	29	16	21	19	35	50	28	50	
37	30	60	1	27	59	0	18	26	45	73	12	26	49	30	67	29	48	52	28	50	25	17	41	20	42	58	49	33	47	52	71	26	30	39	44	13	16	69	50	
46	39	20	48	25	42	33	0	94	67	18	48	22	26	72	71	76	58	42	63	54	66	35	54	58	42	68	53	16	10	59	16	7	39	48	12	5	25	3	32	
42	62	1	50	43	44	56	38	0	69	72	53	34	19	67	72	78	58	84	38	66	49	52	76	45	53	70	46	18	1	61	17	7	42	27	71	62	48	80	66	
33	29	33	20	56	29	43	62	77	0	41	39	45	1	33	58	22	35	15	67	48	44	45	10	16	52	15	22	49	66	40	89	45	36	58	46	32	35	26	69	
38	22	38	32	55	23	31	66	23	54	0	32	37	36	44	25	54	68	47	1	5	43	37	59	9	32	49	34	3	14	31	51	35	27	24	50	44	47	30	51	
42	21	18	6	29	64	29	48	65	60	46	0	29	2	18	47	34	1	16	32	55	17	9	15	7	30	41	54	38	52	5	76	25	1	44	38	18	21	28	46	
16	52	52	52	72	22	52	50	47	71	59	33	0	47	2	51	22	14	29	64	24	46	48	17	1	62	48	33	20	75	39	68	52	44	51	49	64	44	58	68	
44	37	67	8	65	49	31	49	1	53	57	27	33	0	63	78	36	50	47	63	53	32	33	48	14	49	75	60	40	54	54	78	33	37	37	51	20	23	77	57	
84	63	60	48	47	86	71	90	96	3	79	7	71	41	0	73	76	43	58	74	12	59	51	38	49	44	72	79	80	31	47	93	67	43	23	36	60	63	70	87	
83	15	46	76	56	90	50	59	70	24	19	45	43	70	60	0	3	61	40	25	46	76	55	63	41	60	65	67	81	9	68	2	15	28	56	28	22	77	21	3	
70	2	27	97	63	41	23	30	27	100	78	66	17	66	64	33	0	53	62	31	86	65	59	65	70	69	52	29	75	25	58	67	43	55	7	45	43	99	77	58	
53	12	14	21	34	31	28	10	61	12	60	38	7	9	14	50	26	0	30	44	64	13	10	42	13	62	37	42	18	36	1	46	21	42	57	58	27	36	24	42	
57	58	16	52	36	85	47	40	57	30	3	40	8	11	16	50	54	41	0	31	66	9	12	38	15	68	39	52	61	47	3	75	23	17	60	54	29	44	26	44	
45	55	58	37	51	36	32	64	93	61	75	13	44	43	59	65	37	45	64	0	55	58	44	9	4	54	62	47	10	83	46	16	42	23	55	60	6	52	69	51	
34	39	37	59	5	68	7	52	84	78	25	48	35	32	34	25	76	37	40	67	0	36	6	65	36	20	16	40	42	56	24	50	31	37	43	47	50	25	47	59	
53	46	55	17	16	75	40	5	22	17	71	36	1	72	5	82	45	6	56	5	47	0	42	3	50	49	86	77	49	12	71	69	36	36	55	47	29	32	56	52	
64	57	79	28	74	66	23	70	100	93	3	32	24	49	79	27	56	68	36	83	72	52	0	19	74	69	92	1	49	74	66	78	53	57	66	71	40	43	89	70	
62	3	51	64	63	21	1	52	58	36	55	39	40	46	51	50	19	53	63	1	66	21	47	0	50	82	47	32	62	59	38	13	58	45	4	48	14	45	57	25	
64	4	53	42	65	23	44	13	59	29	75	1	42	38	53	52	70	37	52	68	4	44	45	35	0	26	49	28	38	32	40	26	60	37	4	50	54	57	59	60	
64	26	29	46	54	33	10	39	50	56	78	35	22	57	63	58	74	7	76	57	44	57	22	85	59	0	59	21	29	34	50	77	61	26	35	60	4	12	67	37	
3	65	17	50	26	45	73	66	87	47	11	61	44	47	3	51	49	6	9	37	42	39	48	68	51	22	0	9	19	77	39	67	31	6	49	16	62	65	62	67	
52	63	41	35	61	11	19	55	68	56	63	36	30	36	41	40	48	56	61	55	15	24	37	53	40	72	37	0	19	62	28	5	48	35	40	38	47	49	47	67	
15	34	28	12	32	6	35	54	63	31	46	31	14	13	36	35	40	53	55	35	54	30	14	52	35	53	32	17	0	58	23	28	12	4	35	33	24	27	42	28	
53	73	60	71	12	65	14	73	101	74	47	37	23	11	53	13	65	56	17	63	89	53	5	4	59	72	35	53	39	0	47	64	7	56	33	12	73	59	8	65	
53	54	12	54	32	81	43	42	59	54	61	36	23	7	12	48	51	43	59	42	62	11	8	40	11	64	35	48	57	49	0	71	19	44	62	66	25	40	22	40	
67	68	27	43	34	58	8	57	74	48	62	51	38	22	27	63	48	1	74	57	63	26	23	35	17	79	50	63	32	64	14	0	34	56	68	81	40	55	5	55	
56	34	49	42	41	47	65	21	79	64	65	1	55	28	49	59	53	6	38	11	63	33	9	49	43	57	54	58	21	10	36	69	0	13	55	50	54	57	59	20	
37	71	30	64	5	99	61	37	66	42	58	54	41	25	30	23	25	61	28	8	76	29	22	58	29	37	53	36	75	67	17	74	29	0	20	14	43	58	38	58	
53	10	30	50	48	36	61	29	30	28	50	9	23	25	30	65	52	6	60	27	45	29	23	48	29	59	53	42	18	43	17	66	32	20	0	9	43	58	40	2	
11	25	49	58	2	88	81	34	80	5	65	69	80	37	57	47	81	60	53	55	50	70	53	69	43	48	39	63	73	85	58	33	78	60	35	0	30	73	29	75	
37	26	61	1	2	55	20	39	48	55	55	20	22	57	47	16	29	50	53	10	50	25	22	41	59	41	29	36	29	43	50	37	26	10	35	44	0	12	22	46	
45	7	42	27	35	36	1	20	62	61	59	16	3	43	51	53	55	52	57	38	55	44	3	66	40	67	57	47	10	24	38	58	42	7	16	44	39	0	61	27	
37	41	47	12	69	70	26	54	63	5	22	31	10	4	67	48	14	20	35	67	7	36	37	52	73	53	74	81	44	28	65	17	37	41	50	43	24	27	0	61	
48	66	60	42	35	87	65	44	39	65	51	10	11	35	60	53	18	46	41	38	11	41	45	28	52	25	65	66	74	9	47	66	59	7	26	44	34	57	20	0	
M1
0	13	21	63	69	47	58	38	70	60	63	77	52	32	61	81	45	42	54	64	65	42	57	16	64	44	38	16	38	24	59	32	55	16	25	1	71	85	39	35	
51	0	48	86	61	40	86	28	51	8	8	40	75	66	57	35	59	51	48	47	74	70	45	79	42	22	61	69	73	59	39	79	89	48	29	84	25	79	73	70	
5	66	0	5	39	22	59	48	64	21	28	55	53	44	35	49	84	43	6	60	34	39	62	57	2	15	39	55	69	57	47	44	67	70	54	66	3	57	61	57	
57	58	62	0	76	89	71	62	12	58	34	101	32	35	95	96	60	65	57	48	43	67	99	87	27	82	69	42	69	55	42	74	58	67	65	36	76	95	49	66	
14	25	19	45	0	45	49	50	29	52	57	24	28	23	17	78	66	51	35	55	51	1	55	65	61	58	47	63	55	41	75	30	46	53	53	49	11	65	40	52	
29	45	48	51	42	0	48	29	34	53	55	4	47	7	38	38	2	41	29	29	82	37	76	6	7	54	42	57	12	60	49	60	30	39	17	17	6	60	50	9	
30	16	38	51	11	23	0	35	37	7	56	43	36	8	12	42	61	43	10	40	59	9	31	37	41	5	39	66	15	25	27	27	31	40	38	57	30	15	30	36	
32	19	60	54	46	38	12	0	17	56	14	4	1	10	60	6	2	46	32	29	35	27	35	60	52	56	42	21	6	28	55	23	12	42	5	9	51	66	25	7	
37	35	1	50	15	28	69	40	0	62	62	47	15	46	40	75	81	4	35	16	21	24	78	38	60	45	40	70	40	26	81	13	69	53	48	21	34	65	30	37	
51	51	36	66	44	7	47	53	11	0	65	60	41	49	40	56	69	14	64	7	60	53	9	55	2	5	44	60	38	62	47	42	66	55	23	81	8	62	33	43	
43	68	67	74	58	61	57	48	36	66	0	7	35	30	62	57	21	1	42	48	41	8	100	27	66	65	60	5	12	78	19	80	30	54	60	3	54	52	73	75	
29	40	34	41	7	42	4	25	44	45	63	0	30	38	10	83	47	20	40	29	40	16	48	34	43	14	16	7	48	34	5	27	61	46	34	55	26	58	44	45	
53	55	65	49	59	50	55	58	37	42	54	69	0	31	55	56	20	3	43	47	14	9	83	13	25	66	55	53	51	63	14	35	54	38	30	50	23	55	41	8	
2	18	47	24	49	65	74	7	69	26	28	55	30	0	53	42	47	20	2	12	55	52	67	32	60	27	16	73	48	34	53	75	3	12	10	29	21	63	49	25	
14	55	56	64	37	40	36	39	44	1	28	69	53	65	0	51	15	43	10	5	34	43	4	57	27	27	39	90	39	25	54	75	37	2	34	37	41	86	23	4	
38	24	39	34	48	17	58	13	37	16	71	48	23	35	44	0	58	13	4	55	11	17	57	27	50	53	9	59	41	27	70	2	56	54	19	31	12	23	19	38	
56	33	61	85	34	66	69	34	63	75	94	54	55	48	40	13	0	42	70	4	64	38	78	68	27	44	60	93	60	46	80	51	57	58	49	91	44	64	61	57	
15	52	66	67	62	45	65	71	52	9	69	15	11	46	58	65	93	0	52	48	72	28	50	54	9	46	62	68	79	80	66	30	14	47	64	54	26	5	37	70	
33	29	16	29	55	22	23	13	68	58	17	43	13	40	47	78	53	8	0	19	9	40	56	22	50	67	4	20	12	22	65	7	63	49	22	23	46	51	24	33	
14	45	6	51	46	53	49	34	29	14	55	78	57	7	66	9	74	47	7	0	37	51	29	59	48	7	43	41	55	61	2	44	17	39	37	54	34	2	53	12	
43	27	16	39	53	16	13	23	29	15	43	53	28	23	6	50	14	18	35	13	0	1	44	32	49	52	14	82	20	20	75	72	46	18	32	6	47	25	35	31	
27	43	61	49	35	36	92	32	11	51	39	67	10	5	47	60	72	45	17	37	33	0	85	57	79	40	41	81	73	59	78	73	28	37	35	54	29	66	74	50	
33	2	3	30	11	44	66	26	14	66	7	16	47	42	36	34	17	28	30	39	68	20	0	60	11	11	42	58	47	37	33	29	8	24	60	68	6	60	46	48	
37	4	37	37	15	65	4	55	45	50	80	47	51	46	40	85	89	48	46	35	40	24	69	0	18	22	46	44	58	64	5	50	61	26	9	72	34	58	63	42	
24	46	56	9	59	17	59	33	50	7	74	72	10	51	41	60	79	37	46	46	43	29	48	51	0	44	33	65	33	19	48	24	69	46	51	72	47	59	20	30	
31	42	24	17	9	60	27	53	18	35	44	41	34	29	34	75	39	18	9	17	57	7	72	62	58	0	44	76	72	58	70	47	52	61	16	46	28	79	57	69	
28	59	38	24	53	84	59	8	63	53	72	38	13	57	45	84	48	3	23	75	47	35	51	17	45	77	0	67	31	17	60	69	67	44	17	38	44	46	32	28	
27	48	43	61	16	8	48	5	53	61	80	48	52	47	41	62	70	13	47	79	61	25	57	6	62	46	39	0	39	25	49	38	70	52	8	73	35	22	17	36	
41	57	55	5	48	88	87	5	18	65	67	37	46	19	70	69	81	36	41	51	80	57	84	50	34	26	32	63	0	50	88	80	42	4	49	68	41	76	55	61	
35	62	35	31	60	59	46	6	38	28	47	45	20	32	44	87	55	10	30	64	33	10	58	24	52	65	6	74	6	0	63	44	42	19	24	45	48	53	7	3	
36	53	46	32	20	63	13	16	57	59	80	46	21	37	45	63	56	11	31	60	1	29	59	25	29	33	7	5	39	25	0	58	60	52	24	46	39	28	40	36	
42	12	27	27	38	5	46	50	75	41	71	69	73	23	61	61	67	63	12	55	47	47	82	40	72	70	59	47	77	77	63	0	46	55	53	41	29	83	7	37	
11	84	37	102	71	63	69	37	95	81	107	46	91	65	72	97	80	24	3	27	20	67	110	87	55	13	80	81	74	86	68	75	0	84	77	62	90	71	49	67	
43	79	12	16	67	85	37	28	83	73	28	14	33	77	46	104	68	23	43	23	37	55	71	37	65	74	19	26	9	37	65	87	29	0	25	42	64	66	52	48	
37	56	55	41	33	71	68	25	5	41	29	55	30	18	7	80	56	9	2	17	18	18	41	34	9	58	16	58	48	34	77	67	41	35	0	55	49	23	29	34	
46	34	11	42	66	39	57	17	49	39	58	56	29	43	55	32	22	21	41	39	44	21	69	35	63	45	17	45	17	3	74	43	53	10	33	0	59	64	18	14	
15	39	12	31	6	39	63	15	43	37	29	22	20	11	2	73	51	10	26	41	54	15	40	24	20	58	6	22	38	24	67	24	34	38	24	45	0	24	39	35	
26	15	5	54	39	26	49	14	55	12	62	55	43	44	35	45	78	4	53	51	21	48	33	29	46	49	29	55	42	47	24	57	67	24	14	68	3	0	62	28	
74	54	72	88	55	55	5	35	54	51	75	77	77	52	56	68	70	67	54	69	10	53	75	21	55	49	63	41	59	59	22	57	75	74	42	55	32	55	0	70	
63	72	60	67	54	83	53	42	72	64	33	65	56	59	48	98	91	46	66	56	58	46	86	30	47	36	42	70	16	28	70	68	41	29	3	15	18	55	14	0	
