40  6  1
6
	0	82	1	67	2	6	3	92	4	60	5	81
	0	69	1	13	2	91	3	32	4	79	5	5
	0	26	1	2	2	21	3	1	4	55	5	51
	0	65	1	16	2	32	3	100	4	93	5	35
	0	42	1	50	2	97	3	76	4	65	5	41
	0	43	1	96	2	56	3	63	4	29	5	27
	0	64	1	71	2	66	3	51	4	46	5	83
	0	49	1	49	2	64	3	55	4	27	5	84
	0	47	1	54	2	66	3	15	4	80	5	83
	0	65	1	29	2	46	3	28	4	83	5	57
	0	16	1	26	2	77	3	10	4	89	5	77
	0	54	1	32	2	10	3	51	4	97	5	86
	0	15	1	57	2	16	3	94	4	4	5	87
	0	34	1	8	2	16	3	33	4	5	5	82
	0	56	1	57	2	17	3	76	4	35	5	59
	0	55	1	2	2	70	3	58	4	97	5	3
	0	95	1	11	2	77	3	22	4	67	5	100
	0	49	1	91	2	56	3	84	4	18	5	71
	0	82	1	99	2	41	3	2	4	3	5	35
	0	100	1	47	2	97	3	33	4	99	5	49
	0	71	1	90	2	48	3	28	4	2	5	46
	0	36	1	84	2	93	3	5	4	89	5	91
	0	86	1	13	2	80	3	92	4	84	5	83
	0	38	1	35	2	61	3	59	4	66	5	99
	0	59	1	44	2	66	3	15	4	19	5	38
	0	27	1	76	2	76	3	61	4	44	5	79
	0	19	1	64	2	48	3	59	4	12	5	40
	0	76	1	7	2	2	3	98	4	18	5	67
	0	75	1	62	2	6	3	68	4	41	5	97
	0	49	1	33	2	41	3	86	4	10	5	69
	0	24	1	12	2	90	3	35	4	27	5	1
	0	69	1	24	2	61	3	48	4	7	5	39
	0	88	1	33	2	20	3	17	4	31	5	77
	0	61	1	45	2	60	3	19	4	96	5	79
	0	53	1	6	2	49	3	39	4	14	5	24
	0	38	1	69	2	93	3	8	4	46	5	55
	0	59	1	25	2	94	3	62	4	100	5	1
	0	9	1	35	2	66	3	43	4	98	5	43
	0	73	1	86	2	78	3	6	4	29	5	39
	0	28	1	3	2	62	3	46	4	47	5	56
SSD
M0
0	25	29	25	24	39	42	12	9	29	20	19	8	21	41	28	29	42	33	40	41	6	29	4	40	15	33	32	1	31	20	21	10	16	17	19	12	38	25	12	
27	0	1	20	31	18	13	18	10	13	21	21	20	8	5	5	29	28	33	32	10	31	41	36	27	36	23	15	38	39	32	39	7	26	36	5	38	39	12	22	
10	26	0	33	20	17	26	9	33	7	32	2	30	23	4	49	28	14	26	45	32	4	41	45	36	17	23	24	11	16	5	19	32	23	28	23	39	12	18	33	
20	9	42	0	31	5	23	34	45	12	10	7	34	48	27	36	18	7	27	11	25	20	14	46	3	12	45	28	33	5	31	29	34	18	33	39	11	31	31	10	
34	18	7	44	0	42	13	6	30	32	36	35	11	27	8	4	6	47	2	37	36	8	12	48	20	11	36	16	8	9	35	30	27	30	27	6	15	41	28	26	
34	2	14	13	16	0	16	36	29	22	7	28	16	14	21	27	37	19	3	41	26	21	22	20	34	24	1	24	17	41	33	29	21	29	17	23	34	37	24	41	
10	2	45	47	10	23	0	4	36	16	41	40	17	4	25	27	26	36	24	14	13	12	38	39	27	21	30	3	3	35	8	35	12	33	11	33	48	10	25	35	
27	3	1	45	32	35	37	0	23	25	18	29	4	20	22	15	32	13	6	6	16	3	25	12	7	9	14	32	19	3	12	23	3	22	13	33	36	31	21	23	
12	25	13	22	14	31	23	13	0	20	34	2	5	3	24	8	12	24	23	34	11	19	14	27	18	20	17	9	19	14	8	20	28	24	21	32	22	9	22	16	
21	25	8	30	18	3	33	21	24	0	3	18	5	4	35	16	25	36	10	37	1	38	25	16	43	20	30	5	7	26	16	21	12	18	2	17	20	22	22	45	
11	21	31	11	6	31	17	26	33	9	0	40	27	43	49	10	14	49	1	18	25	34	26	32	25	1	32	33	19	34	32	46	35	34	7	45	39	38	30	28	
44	43	43	41	27	2	29	43	19	13	23	0	40	9	12	24	19	17	14	43	18	37	40	3	31	26	37	38	25	31	29	34	4	2	4	26	41	15	21	3	
8	5	47	35	48	16	19	37	4	6	44	30	0	1	18	5	25	44	30	22	35	32	6	28	41	33	10	24	8	27	29	4	8	4	1	48	38	46	2	34	
46	31	34	43	26	30	22	38	31	22	41	30	28	0	26	30	5	39	8	16	25	14	35	33	48	19	40	36	21	11	24	18	4	45	13	27	24	11	11	35	
3	37	34	44	22	18	22	14	4	28	32	46	37	13	0	9	7	4	36	11	35	14	9	43	9	43	39	26	37	10	18	46	8	4	2	28	9	45	19	20	
11	39	9	15	12	24	16	43	38	12	44	3	19	35	10	0	1	14	16	46	14	5	33	31	2	13	32	20	12	4	32	12	27	21	5	45	19	2	15	23	
40	31	14	32	19	7	18	22	17	15	21	8	38	40	19	33	0	37	18	39	24	11	3	1	2	15	34	9	14	27	39	32	29	4	39	1	3	4	15	7	
25	46	44	7	13	24	22	25	11	24	13	26	38	14	38	3	22	0	11	47	35	9	34	32	2	14	40	37	8	13	42	14	10	27	18	23	10	23	15	8	
10	40	34	30	8	20	35	45	27	28	3	36	37	30	7	16	25	3	0	13	38	20	6	14	36	20	13	42	17	12	12	20	22	16	26	37	49	29	19	12	
30	43	8	39	28	12	47	22	11	5	20	36	23	20	10	11	18	32	37	0	8	38	17	16	16	12	27	4	32	38	35	22	20	36	18	17	9	46	40	39	
29	18	40	40	32	27	36	43	18	2	40	41	32	46	1	34	38	9	34	45	0	35	6	18	4	28	26	35	32	32	7	11	2	39	21	32	40	22	37	2	
15	12	39	21	30	12	39	12	31	15	24	47	48	39	8	14	26	44	16	28	43	0	8	20	15	41	32	36	37	46	34	41	34	17	10	39	1	42	23	14	
21	29	1	2	25	4	38	25	11	30	23	29	9	9	12	29	25	27	5	10	2	31	0	1	33	12	33	22	17	2	32	18	10	24	25	41	19	39	26	26	
5	42	41	3	2	26	30	2	23	27	44	18	23	29	31	7	19	2	30	45	42	27	10	0	31	12	37	16	5	32	38	27	4	15	39	2	20	16	14	4	
12	6	6	39	1	36	22	28	39	15	24	33	32	45	16	17	24	46	41	19	5	32	3	29	0	25	43	36	38	48	20	42	37	7	30	31	22	44	43	42	
38	35	3	44	25	7	14	38	34	36	45	23	15	31	33	35	49	43	44	6	8	6	14	15	37	0	29	29	20	16	21	21	12	6	18	38	26	41	32	38	
16	24	34	19	32	38	4	16	22	28	30	47	23	1	1	8	20	22	1	31	6	9	44	26	15	4	0	11	27	30	22	15	20	30	31	39	32	17	14	33	
33	16	16	41	21	11	1	30	19	17	31	22	10	26	1	24	22	42	16	28	16	15	14	24	17	16	35	0	3	31	25	29	14	29	11	3	48	6	21	25	
36	18	16	33	23	30	18	4	7	10	44	27	29	13	21	25	20	41	21	34	26	3	20	17	3	23	1	31	0	27	11	28	32	5	37	10	20	12	4	23	
43	26	15	43	19	25	18	3	42	39	16	43	41	34	8	26	27	21	1	38	11	3	18	40	19	5	14	44	11	0	27	38	37	16	25	48	5	28	33	33	
11	21	31	19	22	3	7	43	20	22	9	26	1	17	7	21	39	19	3	38	37	40	22	34	7	18	12	29	13	39	0	20	24	12	17	1	35	40	18	44	
11	39	11	22	13	2	31	24	40	30	5	5	21	29	8	29	35	1	18	14	7	12	38	22	43	4	9	19	8	5	42	0	22	25	11	43	32	40	32	23	
39	27	41	36	10	12	21	30	35	18	12	45	24	13	6	13	6	48	21	15	41	29	7	40	40	15	23	29	17	18	37	2	0	7	20	8	15	7	22	39	
38	7	9	5	33	1	12	8	48	7	11	33	49	16	23	21	26	30	28	14	32	12	39	25	19	12	27	41	25	27	40	27	33	0	24	35	16	21	20	1	
41	36	12	34	5	32	31	37	9	23	48	40	44	26	9	28	10	26	9	22	42	42	41	38	17	34	48	11	8	44	23	6	42	14	0	10	37	30	20	19	
42	16	30	35	3	34	1	4	40	20	24	3	32	10	38	14	45	38	34	22	28	11	44	18	37	3	22	46	8	46	7	39	28	24	22	0	7	31	35	8	
1	16	41	17	2	6	31	6	29	12	20	33	10	7	32	26	31	38	29	2	18	5	31	29	35	17	35	42	8	26	32	13	21	25	21	7	0	17	27	30	
38	45	32	39	6	13	5	49	41	2	33	35	43	27	6	30	7	32	5	35	37	13	28	40	44	2	21	16	1	16	32	19	16	35	26	35	38	0	6	23	
13	14	35	27	45	39	28	7	7	2	36	40	40	28	27	25	35	44	28	37	33	1	18	17	42	5	8	38	25	32	43	8	44	31	14	9	38	36	0	32	
24	41	12	34	29	16	35	31	46	15	18	22	41	34	16	44	28	2	10	25	21	8	16	12	48	35	42	20	34	28	24	3	44	9	25	6	34	24	24	0	
M1
0	20	18	15	22	17	20	21	2	23	22	18	23	1	19	23	9	22	25	23	10	12	13	1	21	6	23	13	16	12	24	10	15	20	9	18	22	32	24	5	
16	0	5	23	30	24	23	22	26	34	21	29	32	9	14	22	19	6	13	20	10	20	21	23	32	28	20	14	21	12	30	21	23	15	20	36	16	5	25	23	
16	24	0	17	26	17	16	15	19	27	26	22	25	3	21	15	13	2	19	13	3	13	15	17	25	40	13	7	24	5	23	15	16	8	13	29	18	26	18	16	
14	11	3	0	29	7	21	20	21	8	18	25	18	8	15	20	8	3	9	15	8	18	20	6	20	22	18	12	29	10	23	7	5	13	16	17	21	14	23	4	
11	21	13	16	0	11	10	11	13	28	28	6	24	18	17	23	10	17	7	11	18	19	9	25	9	5	23	1	32	13	17	13	3	21	18	8	12	34	12	6	
16	10	5	24	30	0	7	20	16	8	30	26	32	10	28	22	20	9	26	20	10	20	22	24	20	35	8	14	2	6	1	22	23	8	17	6	20	19	25	21	
13	21	26	7	12	18	0	2	23	31	1	27	7	26	25	30	10	14	26	17	23	22	22	29	11	31	17	14	37	13	10	30	5	3	18	19	23	33	10	6	
16	4	14	33	15	15	28	0	16	6	30	12	22	19	19	25	25	15	26	28	19	20	4	19	19	3	13	23	16	16	1	9	23	24	17	34	15	22	17	21	
22	21	20	8	15	2	36	26	0	2	21	29	5	25	18	24	9	1	25	6	25	1	3	5	10	6	17	27	32	1	22	5	22	21	35	31	22	29	24	28	
12	34	22	16	35	10	19	28	22	0	2	31	34	27	10	32	18	26	22	20	27	4	18	33	10	28	1	10	25	4	26	13	29	32	22	32	1	37	8	19	
23	31	19	4	25	19	2	20	21	28	0	18	12	24	12	6	9	8	19	9	24	12	17	20	22	16	14	9	15	10	24	23	7	29	17	17	20	12	10	18	
14	27	18	5	26	1	19	23	19	29	29	0	18	1	19	7	11	11	16	10	23	13	13	4	10	15	15	10	16	11	4	13	22	18	18	3	2	15	19	12	
16	25	30	23	21	11	19	25	21	22	21	17	0	30	9	24	14	12	30	5	8	10	26	2	26	31	7	18	31	10	6	4	14	25	8	23	27	33	6	10	
5	22	13	6	17	23	30	22	28	30	20	15	28	0	10	30	2	17	20	28	15	14	4	6	16	30	18	21	31	20	15	4	20	17	23	28	15	34	18	26	
25	1	7	26	16	26	25	10	28	4	6	19	2	12	0	24	5	11	27	10	12	17	24	22	19	36	22	16	33	5	19	24	23	17	18	31	18	19	27	25	
17	25	11	26	22	11	10	20	13	23	22	10	25	16	14	0	14	15	13	1	16	4	9	13	19	26	6	1	7	14	17	15	20	21	9	23	12	34	10	10	
18	35	26	14	30	10	31	23	17	31	7	28	15	5	21	36	0	5	24	39	28	1	17	19	3	36	29	31	24	31	4	17	7	23	20	15	2	38	25	24	
19	26	14	10	32	12	11	8	14	2	32	28	15	10	18	24	15	0	14	12	19	23	10	24	20	10	24	2	33	15	4	22	15	24	19	24	13	13	10	11	
16	25	12	20	21	4	19	29	14	22	9	7	24	6	12	25	12	16	0	21	17	6	18	3	26	26	27	21	15	16	27	18	19	22	8	12	25	11	25	25	
1	23	17	30	28	15	4	24	17	33	20	20	17	22	20	22	18	21	17	0	22	26	5	2	23	25	3	5	8	6	21	15	24	27	26	27	16	12	16	14	
26	18	15	28	3	13	12	7	10	31	26	3	27	20	5	25	8	19	15	12	0	20	11	15	21	25	21	3	2	16	19	1	22	25	24	4	14	4	14	12	
19	20	25	21	20	17	22	24	6	23	27	26	5	25	21	24	9	25	12	15	30	0	6	22	21	44	9	13	14	12	24	31	15	20	17	18	22	11	24	5	
28	5	23	29	10	32	40	22	40	21	36	13	29	15	2	40	18	19	9	38	28	18	0	3	32	39	1	32	24	30	33	27	7	33	35	44	6	23	20	41	
29	18	26	26	22	20	25	20	29	1	19	13	27	16	23	16	1	15	25	19	31	13	27	0	15	1	24	19	23	20	14	19	6	2	27	27	14	15	16	28	
2	16	34	28	31	16	29	21	17	29	20	27	5	14	32	35	24	9	41	16	37	21	26	7	0	43	31	29	15	4	2	12	3	37	18	2	37	31	35	22	
21	28	22	8	31	20	12	29	22	29	23	2	25	8	24	13	18	24	22	16	27	19	18	10	28	0	21	10	22	23	26	20	26	3	18	29	1	37	2	19	
25	6	20	4	8	20	19	29	22	28	28	2	14	23	23	7	14	11	22	10	25	13	13	22	26	11	0	10	6	17	26	24	20	25	18	23	21	13	19	10	
16	17	5	18	24	3	2	12	5	21	24	23	17	10	9	15	6	9	5	3	10	18	1	17	11	39	15	0	24	6	9	22	12	15	14	15	4	26	4	2	
4	6	24	8	29	18	21	23	19	19	10	15	11	28	5	37	28	25	10	12	25	23	23	30	5	31	20	15	0	28	4	30	7	10	20	22	26	24	26	24	
33	28	33	28	38	25	30	28	11	11	12	34	23	23	37	37	17	21	33	5	38	29	29	18	13	8	29	21	13	0	32	24	23	28	25	12	26	34	32	13	
3	21	27	23	17	2	15	7	3	15	17	13	26	18	29	21	12	28	27	24	31	7	23	31	17	31	23	15	30	15	0	30	18	23	4	21	25	30	21	8	
12	9	14	33	5	20	25	21	19	32	27	17	21	19	10	26	9	18	7	16	19	21	29	10	23	46	6	23	3	21	6	0	22	7	22	19	22	27	34	24	
1	26	26	7	13	20	21	9	17	24	22	1	33	14	32	27	24	14	6	15	21	25	25	28	31	9	30	30	29	4	6	26	0	36	10	33	1	20	36	26	
20	26	14	27	25	12	11	21	14	26	25	21	24	19	1	24	15	18	6	3	6	13	10	1	9	27	19	2	28	15	11	31	1	0	12	11	13	35	2	11	
2	11	18	32	7	24	5	32	26	8	7	3	34	23	19	11	17	22	26	14	21	16	22	26	15	21	19	14	20	5	13	28	33	28	0	36	25	20	23	23	
13	9	13	6	27	29	28	5	23	23	10	26	39	18	3	30	13	17	31	27	18	25	19	20	11	24	20	22	39	8	28	29	27	9	17	0	26	22	13	26	
18	19	25	30	15	25	9	34	27	24	23	13	10	21	28	12	5	21	17	15	19	17	23	7	19	37	20	15	18	5	20	8	14	26	10	26	0	11	24	24	
22	16	14	3	19	12	9	21	14	27	31	30	10	9	14	24	13	18	14	12	19	13	8	23	4	12	22	2	29	15	9	21	5	2	21	22	3	0	13	9	
15	26	3	16	11	22	21	19	24	18	18	27	5	8	12	20	15	7	24	18	8	18	20	22	7	1	5	12	23	10	15	11	12	13	18	24	6	31	0	11	
17	12	17	13	22	9	14	16	14	23	19	18	15	17	21	21	1	17	17	15	22	13	13	23	13	36	26	5	30	4	16	29	7	12	9	10	14	30	16	0	
M2
0	26	32	33	16	4	1	25	21	28	35	23	2	22	12	34	23	33	28	29	25	36	33	15	6	35	21	21	30	20	29	19	5	12	5	14	4	27	29	9	
36	0	8	36	21	8	20	18	40	19	36	42	27	22	25	23	31	4	35	20	40	33	20	21	35	11	25	14	24	40	25	31	22	12	30	10	12	8	3	33	
37	9	0	41	10	24	10	8	17	38	30	32	17	12	30	3	21	16	20	16	11	18	10	36	25	19	16	4	9	30	11	22	12	25	20	17	5	20	4	24	
22	9	30	0	26	17	25	10	18	35	30	18	16	16	23	22	36	17	18	9	28	20	19	38	18	12	9	19	2	20	17	33	17	38	8	23	21	13	11	8	
25	12	25	41	0	21	13	11	22	24	40	8	15	15	23	14	24	19	23	13	29	29	19	20	22	16	13	7	6	25	18	32	14	33	11	20	26	17	15	23	
33	22	19	5	27	0	40	34	49	27	9	11	41	32	17	34	25	42	33	43	16	47	26	38	28	23	12	36	36	11	28	40	16	6	39	35	29	28	12	39	
16	18	28	37	21	26	0	4	17	11	14	36	23	22	2	27	31	10	40	18	23	34	34	14	27	15	18	14	11	7	26	10	22	24	18	16	26	17	20	24	
39	24	5	13	30	18	29	0	22	22	35	28	2	31	17	29	29	34	8	24	27	15	18	12	23	9	7	23	17	27	1	19	19	39	26	20	31	28	26	4	
6	6	23	40	8	16	7	3	0	17	31	29	14	9	24	1	18	13	28	16	17	1	13	27	13	3	20	1	13	19	28	31	9	13	11	14	3	24	9	21	
29	26	31	13	20	33	28	20	10	0	36	4	37	15	25	14	25	35	26	2	31	23	2	8	25	8	6	28	35	21	38	13	23	5	9	13	22	3	19	14	
28	13	20	27	26	37	12	23	14	27	0	25	32	6	29	23	6	31	22	12	31	44	30	3	12	32	23	19	22	24	36	16	27	11	28	3	34	17	27	29	
46	31	36	23	14	19	41	13	40	38	22	0	37	15	11	43	11	21	12	27	17	26	33	47	24	34	31	35	24	7	30	32	9	34	21	21	8	18	22	33	
41	24	33	34	16	22	14	11	4	10	17	10	0	16	11	39	31	22	32	24	36	32	20	48	14	36	3	26	26	9	11	1	1	21	33	2	21	10	34	28	
15	26	29	18	17	25	22	7	14	30	11	4	11	0	7	42	15	25	14	26	10	40	8	17	27	27	6	36	19	2	14	28	23	33	26	16	22	30	28	13	
25	17	9	30	6	14	27	29	36	10	10	26	30	6	0	33	36	13	35	38	31	42	30	39	37	30	3	34	34	24	35	16	36	22	8	13	29	43	27	5	
20	25	29	12	23	5	21	29	34	5	32	7	28	15	6	0	9	34	17	27	34	34	8	40	32	7	10	25	35	24	14	6	17	36	17	2	19	2	12	5	
16	9	28	15	11	9	10	8	29	17	17	21	17	12	2	7	0	16	17	3	38	13	34	2	25	18	21	4	14	30	29	34	12	2	20	17	20	2	12	1	
3	16	41	12	15	13	10	17	30	37	33	8	11	21	21	22	18	0	30	15	34	14	39	21	15	20	2	13	22	19	7	28	14	21	6	23	7	1	21	18	
31	16	2	29	21	12	20	18	28	34	10	6	8	13	27	26	12	24	0	23	33	12	24	7	10	20	7	14	16	23	31	21	22	9	10	15	24	27	3	3	
44	11	19	6	20	5	19	15	7	34	45	23	14	21	35	26	30	4	21	0	35	38	27	31	34	29	33	13	26	39	17	31	21	25	29	26	4	37	6	19	
1	1	33	40	17	11	8	32	3	35	28	30	9	29	19	27	1	24	24	27	0	38	12	22	9	22	18	28	37	4	36	8	12	19	12	21	11	19	36	9	
17	10	5	34	36	27	24	18	17	21	35	14	6	8	31	11	3	42	14	17	34	0	32	6	29	35	20	30	25	26	3	23	7	28	28	24	27	15	6	29	
24	9	35	17	28	3	31	9	17	22	36	9	32	25	9	28	13	19	3	14	28	22	0	41	15	16	28	29	41	18	6	2	16	34	25	7	6	37	21	12	
40	6	2	13	8	22	3	5	22	22	36	29	14	9	32	14	18	13	8	1	14	26	12	0	17	17	11	1	22	22	34	15	9	26	16	14	26	23	9	21	
3	31	41	21	11	11	10	27	3	37	35	28	11	8	16	43	19	41	37	31	34	15	32	24	0	20	17	30	24	26	21	28	14	21	10	23	13	33	6	18	
38	38	8	3	13	26	17	33	5	6	41	31	36	41	18	23	8	7	20	40	26	15	26	5	24	0	26	33	37	9	12	21	24	48	30	1	34	13	33	29	
2	9	2	15	11	12	9	8	18	19	22	4	7	11	14	17	21	16	26	17	5	29	11	23	14	20	0	4	10	21	25	24	12	6	13	12	3	21	12	17	
37	3	33	39	5	19	4	2	31	37	33	26	11	6	29	11	15	10	36	13	32	23	28	35	19	14	26	0	19	24	34	28	6	34	14	11	24	28	6	18	
42	1	32	36	18	9	17	15	10	27	42	24	11	19	15	24	28	14	32	1	37	17	25	45	10	4	1	11	0	36	9	28	9	37	27	24	15	5	3	31	
12	22	24	5	27	2	19	24	8	9	35	28	20	8	29	33	37	32	19	20	34	36	32	9	15	5	1	20	16	0	26	5	5	30	23	26	22	5	25	27	
32	7	6	45	36	40	37	10	5	2	29	12	40	19	30	23	21	16	14	28	2	12	9	17	38	16	26	31	27	5	0	11	14	27	29	42	30	23	1	13	
14	20	39	15	27	24	1	6	11	2	30	3	22	28	24	29	24	34	25	28	30	25	11	10	6	6	41	34	34	20	27	0	22	21	25	18	21	31	18	1	
28	3	18	13	27	6	14	25	21	21	23	33	13	18	4	34	16	25	43	12	36	11	8	49	21	15	2	21	5	36	9	30	0	8	21	31	7	2	14	26	
7	18	40	22	6	17	2	5	34	5	18	24	15	21	25	9	17	4	3	15	38	27	30	26	9	9	12	13	27	30	31	24	2	0	13	26	17	17	21	22	
28	19	6	2	15	17	2	35	39	4	22	18	30	39	23	30	39	43	2	36	16	2	27	12	40	31	25	31	30	35	16	14	37	11	0	3	28	39	31	33	
39	9	9	39	19	17	25	23	18	32	13	8	19	27	23	31	29	22	21	9	31	25	29	13	2	3	9	19	2	17	2	12	17	19	9	0	23	13	10	11	
3	4	35	21	4	13	10	9	21	30	33	21	4	6	9	18	22	17	9	20	32	30	15	12	1	21	23	5	26	24	3	17	13	21	12	18	0	22	13	18	
39	15	34	38	9	31	16	14	21	21	30	27	1	10	10	23	12	4	33	7	25	20	22	6	14	26	20	10	31	26	28	18	18	34	11	19	36	0	18	23	
15	10	5	22	12	25	1	3	29	30	17	33	18	13	6	18	22	17	25	20	3	30	13	16	26	8	23	5	26	31	33	22	4	5	2	18	25	26	0	13	
9	17	37	26	9	19	16	36	20	35	39	32	9	21	27	17	23	9	31	31	11	2	7	30	21	17	28	36	29	22	33	4	20	20	20	11	12	35	35	0	
M3
0	5	9	20	7	5	7	6	2	4	5	18	22	16	17	15	23	15	25	18	8	9	32	12	10	21	13	29	30	16	11	21	22	11	24	22	17	8	23	7	
13	0	23	17	1	34	19	19	18	15	1	2	19	12	23	19	37	1	14	17	13	28	27	33	15	35	26	8	24	22	21	29	18	6	30	22	13	13	17	23	
33	22	0	34	34	11	17	9	20	31	26	18	15	9	7	22	13	30	17	8	2	23	32	34	30	11	3	31	24	30	1	37	23	1	14	25	38	21	17	8	
26	21	15	0	16	21	1	22	20	30	13	25	28	2	15	30	29	23	16	19	18	16	10	32	23	13	19	19	8	7	17	8	26	4	9	11	25	24	11	24	
6	24	26	18	0	25	24	6	6	26	16	30	5	21	7	38	13	9	19	22	15	26	23	24	26	1	1	10	15	4	20	32	3	7	34	27	28	27	22	12	
5	18	14	21	10	0	18	21	13	10	23	25	16	24	22	9	28	20	13	16	17	16	7	24	7	26	18	28	23	15	16	38	8	16	3	2	16	18	16	23	
29	30	33	20	2	39	0	25	9	30	4	25	6	7	3	34	19	23	31	18	16	33	21	43	37	30	6	5	29	40	7	17	7	35	20	25	16	16	22	26	
21	2	4	12	19	16	14	0	19	32	17	15	20	14	12	27	18	30	22	13	7	28	19	3	24	16	8	10	11	35	6	35	9	6	1	8	16	15	22	13	
28	18	23	18	29	22	23	26	0	32	6	27	5	17	13	17	35	31	18	21	18	40	33	19	21	6	27	12	21	42	25	34	23	25	37	24	18	18	21	3	
19	20	15	20	16	2	27	25	27	0	10	12	12	17	18	20	24	41	28	2	18	9	20	15	16	8	18	30	38	16	17	29	5	17	30	29	1	22	31	24	
15	25	19	6	13	31	16	29	7	30	0	19	8	1	27	35	33	26	32	18	2	24	17	33	31	28	23	14	32	31	10	18	7	21	34	19	2	2	33	12	
12	6	19	13	16	11	6	9	7	15	13	0	1	24	14	12	25	14	1	4	22	2	11	4	6	24	11	19	9	9	21	16	22	21	26	9	9	5	4	13	
30	20	28	24	31	9	25	20	15	45	8	21	0	17	28	37	8	1	31	3	20	35	16	20	2	6	15	32	13	27	16	26	25	22	2	18	20	20	6	30	
31	1	22	23	21	18	16	17	29	12	12	18	21	0	24	38	2	24	11	14	24	21	30	7	18	2	12	35	10	24	22	4	29	17	30	19	24	6	3	10	
25	13	17	30	25	15	21	24	22	27	24	11	28	27	0	30	23	4	16	19	20	22	22	26	8	2	2	26	22	29	19	9	34	19	28	11	31	36	19	26	
30	27	31	37	21	12	9	8	6	36	21	2	15	14	34	0	37	34	22	25	4	29	32	23	5	27	17	33	2	17	33	9	22	20	9	21	17	13	16	4	
26	6	4	19	11	10	6	9	20	15	13	16	13	7	12	27	0	14	1	4	7	16	20	16	19	16	8	25	11	23	6	7	16	6	8	9	16	24	4	8	
12	26	29	23	18	19	13	10	15	19	28	36	24	32	28	23	3	0	21	22	3	32	15	18	22	20	25	30	31	4	31	11	32	13	21	4	17	6	24	13	
35	3	16	16	20	18	3	6	17	12	10	13	10	21	11	25	22	11	0	1	19	34	17	34	16	21	10	22	8	22	18	28	27	18	23	6	22	22	1	10	
16	10	23	22	1	12	10	13	24	19	13	3	17	9	18	14	29	14	5	0	25	11	24	36	18	28	17	29	15	18	25	33	10	25	19	13	25	24	8	3	
28	23	17	25	18	3	23	27	36	24	40	31	4	19	25	34	31	37	35	26	0	35	2	4	24	10	21	22	42	2	19	48	1	19	32	25	21	14	35	15	
5	30	17	6	9	4	21	27	25	39	8	4	15	19	14	37	31	31	25	6	20	0	23	20	2	20	4	29	35	2	19	17	25	19	19	18	20	20	28	26	
13	5	43	6	32	27	34	26	29	13	30	13	34	29	4	37	36	32	29	32	35	40	0	9	36	43	23	13	32	1	4	35	40	18	35	18	37	3	32	38	
22	11	2	23	26	14	11	12	23	20	18	21	10	12	10	25	16	19	6	9	5	12	25	0	4	14	6	30	4	17	4	31	26	4	17	14	13	4	9	11	
15	22	11	17	15	4	22	21	12	29	1	25	19	12	19	20	19	14	17	19	13	18	12	3	0	23	15	24	27	17	13	29	18	13	18	1	13	13	20	20	
26	10	8	27	30	20	8	18	3	12	24	25	23	18	16	14	17	25	12	15	11	16	31	37	23	0	12	7	21	23	10	13	18	10	10	20	7	5	15	17	
7	17	12	9	20	22	17	1	5	4	22	27	24	22	20	26	12	19	12	15	15	35	18	24	10	24	0	17	20	34	14	40	36	14	21	7	5	10	13	21	
12	16	19	12	20	21	17	8	28	24	11	24	29	22	26	33	23	7	30	28	22	23	20	34	16	31	11	0	9	23	21	29	1	1	28	25	2	19	2	26	
32	34	32	17	11	24	33	26	20	29	7	36	23	18	40	7	27	33	29	20	19	28	5	22	27	23	36	31	0	22	17	11	24	22	26	9	19	19	32	4	
25	24	12	20	9	5	11	3	12	13	5	13	1	16	20	9	26	29	30	19	15	29	12	37	19	21	16	18	7	0	14	10	15	14	18	1	17	17	10	21	
7	6	19	19	23	21	6	9	12	15	13	16	13	20	14	11	25	14	1	4	22	21	20	37	19	23	13	9	11	25	0	1	30	21	26	9	4	25	4	9	
29	22	36	30	16	27	9	22	6	7	17	27	26	10	31	34	17	22	20	23	6	19	30	21	10	8	6	15	9	19	6	0	26	4	31	19	29	24	8	1	
10	6	19	26	2	15	5	29	18	6	24	13	21	16	27	26	33	39	29	25	22	25	3	22	15	19	23	15	39	21	15	30	0	21	24	7	25	16	32	8	
13	26	25	14	17	12	23	15	23	13	14	4	23	19	19	31	39	14	31	12	26	3	23	28	10	17	10	16	36	10	19	25	3	0	8	12	26	1	34	17	
21	13	14	21	18	9	22	24	13	33	5	12	23	16	14	22	28	26	32	19	15	30	15	32	22	15	18	1	21	37	16	33	22	16	0	4	2	6	32	14	
30	36	21	11	6	7	34	31	3	21	24	25	23	31	29	11	24	33	35	10	24	20	3	28	10	24	25	18	34	27	23	42	31	9	9	0	12	24	38	21	
35	32	14	1	26	26	14	18	22	14	37	20	30	24	12	31	28	25	27	7	17	27	23	41	27	26	18	18	37	34	16	48	37	16	29	12	0	31	30	14	
31	26	3	22	23	8	21	13	2	35	6	6	7	13	11	13	15	34	21	12	6	27	28	29	16	15	7	8	18	21	5	2	23	5	18	29	3	0	19	12	
28	8	32	19	26	13	18	8	20	43	3	32	21	14	27	37	15	34	38	31	15	36	30	27	9	28	3	27	1	15	23	21	20	34	28	25	15	15	0	25	
16	30	21	7	18	13	22	21	15	27	25	24	24	18	9	4	35	38	39	26	24	15	19	14	10	12	22	19	23	22	23	37	24	17	6	26	24	5	16	0	
M4
0	12	13	7	25	9	19	13	2	26	20	17	15	5	30	13	13	15	3	8	17	22	12	1	17	5	3	11	17	5	14	5	15	1	10	14	17	16	14	13	
11	0	23	19	30	26	7	30	36	34	2	23	25	37	20	38	8	24	13	18	23	32	11	1	2	37	30	2	27	31	20	18	8	5	20	22	30	17	27	33	
16	16	0	5	22	34	14	33	5	5	5	19	30	17	27	28	25	37	26	2	29	45	39	23	16	22	28	21	16	7	20	29	23	41	28	29	10	31	26	16	
3	23	13	0	13	19	32	21	30	22	5	23	19	2	30	17	9	23	18	4	14	11	3	19	30	20	17	24	28	25	25	18	24	17	25	19	19	11	11	27	
22	2	24	20	0	21	27	10	18	40	28	38	26	44	23	20	21	3	14	13	33	8	21	35	32	38	27	20	21	35	23	42	6	18	21	25	26	22	1	15	
15	24	28	20	22	0	29	8	23	27	4	26	30	24	30	22	28	21	18	22	36	9	17	19	35	15	23	26	32	30	16	18	22	38	8	29	22	31	23	12	
32	32	30	8	38	33	0	11	22	9	37	35	32	45	31	36	30	1	20	1	29	7	31	32	44	5	37	28	34	45	31	45	29	25	27	23	45	4	37	17	
35	29	28	26	6	7	37	0	25	27	25	19	21	21	34	7	6	16	28	29	18	39	28	36	44	22	4	26	24	7	20	19	20	31	20	23	14	7	9	3	
34	13	13	35	4	14	2	36	0	22	38	32	32	45	39	5	14	39	38	23	38	21	39	17	27	6	49	36	4	42	16	29	29	33	20	41	41	35	34	40	
24	23	13	14	21	19	28	13	5	0	34	4	19	2	35	17	8	28	27	25	14	22	24	8	29	35	11	23	9	29	5	18	24	23	4	1	19	17	11	30	
30	35	6	28	21	25	32	27	23	29	0	25	12	8	14	23	13	6	25	23	20	35	22	5	27	14	41	13	1	32	36	24	30	27	32	14	22	20	17	28	
27	8	3	12	13	12	23	12	18	25	19	0	8	25	25	30	23	16	13	31	4	16	14	8	25	7	8	4	27	9	20	23	24	17	17	9	16	21	12	6	
25	19	3	15	18	26	20	12	7	13	13	24	0	33	33	37	26	18	16	28	9	26	6	35	25	18	29	1	30	16	25	38	28	11	17	14	14	26	9	13	
17	31	6	15	16	12	25	14	23	29	29	16	12	0	31	10	8	21	20	34	7	26	17	28	41	34	44	17	34	22	29	11	17	20	27	12	12	10	4	29	
25	15	26	29	11	22	24	17	25	45	15	19	40	25	0	26	25	10	29	1	36	39	20	4	9	22	23	26	30	7	20	29	24	24	11	5	33	24	17	23	
13	37	24	10	16	34	16	29	21	6	21	15	17	27	17	0	4	26	22	31	16	22	26	23	8	15	10	22	26	3	16	24	20	29	27	21	29	23	24	21	
12	13	16	10	1	11	5	25	2	26	14	22	9	19	3	31	0	18	19	26	22	30	14	35	26	25	3	14	23	10	23	18	16	24	25	23	27	16	16	26	
13	18	11	7	21	14	28	12	21	30	18	17	13	40	25	26	11	0	1	36	12	11	22	30	27	25	33	9	15	30	12	26	13	6	8	12	31	34	20	30	
17	14	7	3	21	10	24	25	20	26	25	23	9	39	35	22	7	25	0	32	22	16	19	35	29	23	33	5	11	29	8	42	9	21	4	8	27	30	22	26	
33	24	11	22	2	20	28	20	15	21	21	16	4	18	11	30	21	26	24	0	14	29	13	39	17	26	37	9	33	24	33	22	1	1	24	9	4	33	16	21	
21	26	10	6	7	16	27	19	14	20	20	18	3	39	22	37	33	25	23	35	0	31	8	25	32	25	35	8	37	16	20	38	33	11	24	3	21	33	6	20	
5	14	19	9	22	4	26	28	4	13	9	25	12	44	19	15	23	30	32	23	13	0	17	5	4	15	33	17	10	28	15	37	12	11	33	18	10	15	21	20	
20	39	15	19	22	35	36	6	27	39	13	12	22	36	21	26	1	27	28	3	17	47	0	14	41	15	37	17	32	9	22	19	26	11	33	22	27	32	25	18	
25	28	12	1	1	5	1	21	16	22	22	23	5	19	31	34	32	27	25	4	18	14	15	0	34	13	2	10	22	25	34	17	18	4	13	22	23	15	4	22	
42	10	4	36	28	38	25	9	28	27	15	2	23	21	21	25	5	40	40	12	28	40	16	45	0	16	34	6	19	10	23	32	27	31	22	1	36	31	26	12	
12	21	8	15	22	28	11	8	11	18	18	26	1	14	38	26	14	16	15	30	14	23	2	23	30	0	20	6	8	21	26	6	27	16	22	17	1	19	14	18	
27	23	12	12	10	22	29	15	16	11	22	23	5	5	21	20	18	13	12	23	17	31	15	20	34	27	0	10	8	25	23	3	4	18	19	8	15	1	4	22	
22	33	26	20	10	29	1	27	29	33	2	5	27	27	36	41	24	20	16	9	39	17	18	39	6	27	10	0	20	35	6	23	26	33	19	26	18	7	13	15	
7	13	11	29	6	41	24	15	27	17	21	13	39	40	13	20	10	24	29	20	40	23	44	29	17	26	30	17	0	11	24	20	20	17	26	15	32	14	6	18	
34	32	20	21	10	34	39	16	8	28	41	2	24	33	29	11	8	20	21	18	19	31	29	25	27	5	27	29	13	0	3	12	7	24	14	17	16	25	21	13	
20	23	3	16	13	19	37	31	21	9	38	20	22	39	40	28	20	34	10	32	28	1	25	42	6	28	22	18	24	35	0	36	22	17	17	21	27	35	26	37	
22	13	12	2	26	15	29	16	23	29	29	13	12	14	40	13	12	3	2	32	25	21	18	10	34	28	38	10	16	15	13	0	14	26	9	13	5	6	2	19	
15	38	23	31	36	35	44	24	28	37	8	14	31	18	47	33	31	7	26	33	30	20	12	20	20	32	14	28	34	41	8	22	0	31	26	6	27	27	22	47	
26	10	16	3	29	13	33	34	2	35	29	6	18	20	15	19	16	34	6	13	20	25	28	23	6	7	12	14	20	35	17	27	18	0	13	16	36	4	8	12	
11	37	9	11	3	30	11	19	3	24	35	18	25	28	17	39	30	23	20	23	28	33	20	30	48	17	26	28	11	35	25	34	32	16	0	12	29	20	36	12	
23	15	16	25	7	3	29	7	23	24	29	26	12	5	21	20	18	24	20	35	17	3	18	20	20	34	1	14	21	32	11	16	17	27	27	0	22	12	14	17	
25	22	14	12	10	19	11	22	20	17	24	10	9	3	38	18	16	8	6	31	15	25	19	20	23	27	5	4	6	12	17	19	7	24	13	17	0	18	12	26	
1	7	17	11	13	23	14	26	21	9	18	25	10	10	20	15	13	24	15	12	5	32	15	31	33	24	42	15	29	23	24	14	27	18	22	10	26	0	13	13	
21	18	11	4	10	14	25	21	16	13	19	27	5	28	39	26	5	13	1	1	18	15	15	5	26	27	19	6	15	25	8	28	13	20	8	12	20	31	0	18	
26	19	15	24	8	11	30	13	9	34	29	5	21	4	11	19	3	6	25	3	16	32	20	23	35	2	22	26	17	31	13	20	3	20	29	21	21	19	13	0	
M5
0	34	20	10	39	19	13	21	26	12	35	21	20	5	20	6	24	15	2	11	25	26	11	28	30	18	25	38	27	12	46	28	16	27	27	13	16	3	38	13	
10	0	23	10	20	22	3	13	14	15	11	9	23	23	11	9	19	11	11	14	18	22	36	1	6	21	13	40	7	27	17	29	26	30	15	20	4	12	17	13	
12	37	0	19	11	14	25	23	23	31	19	18	28	34	40	25	34	20	19	30	13	3	20	25	2	24	21	20	2	2	33	7	35	7	24	26	13	6	31	19	
17	25	22	0	26	15	15	19	31	14	41	26	25	25	31	8	28	28	15	13	27	28	31	20	24	20	12	6	29	41	27	30	21	12	32	28	21	29	18	37	
17	6	23	8	0	23	14	24	23	16	22	18	34	23	22	10	1	12	17	15	27	28	46	12	17	17	21	21	18	28	28	17	15	30	21	30	13	13	4	9	
15	35	7	10	46	0	13	10	29	12	7	1	10	7	34	6	26	26	11	11	19	1	34	6	22	18	25	17	27	14	29	15	29	27	8	26	19	25	35	35	
14	30	32	17	38	29	0	36	2	27	31	16	23	39	11	21	32	18	28	6	25	29	47	23	15	22	7	15	8	34	35	8	4	11	21	7	11	19	31	4	
8	42	17	26	42	38	14	0	30	24	37	25	29	15	15	25	6	11	29	27	33	31	32	21	7	27	29	34	11	22	8	38	35	37	19	24	20	13	24	13	
9	35	24	17	17	26	15	12	0	10	8	14	18	10	29	20	18	11	27	22	19	29	28	16	32	32	20	10	2	17	3	4	12	20	7	20	11	19	15	2	
14	4	5	15	15	11	12	22	23	0	3	18	6	22	20	18	28	20	20	15	7	31	2	10	15	18	10	32	16	14	15	6	4	20	24	29	13	21	3	21	
16	1	19	5	26	22	9	19	14	21	0	7	8	16	17	15	24	11	17	20	18	22	41	7	12	27	13	17	13	25	23	9	5	36	15	26	4	12	3	19	
9	27	16	6	4	15	9	12	5	8	25	0	28	6	30	2	15	22	9	7	14	22	22	16	29	14	21	18	6	17	3	24	30	4	26	22	15	23	25	31	
19	44	5	14	18	9	17	25	33	16	27	19	0	3	23	10	30	30	15	15	12	30	26	33	4	17	29	45	23	34	20	5	20	9	34	15	23	29	41	39	
7	36	23	22	3	32	8	11	20	18	24	21	27	0	40	19	17	22	26	21	2	15	29	8	9	8	25	28	5	16	2	32	5	26	27	1	16	15	28	19	
21	28	15	12	14	25	12	8	20	16	16	15	44	7	0	12	32	10	19	17	18	14	1	30	26	17	31	39	22	10	49	22	18	33	1	32	25	10	46	8	
6	36	11	1	37	10	4	12	20	3	30	15	29	29	25	0	17	17	4	2	16	17	41	22	24	9	16	40	18	33	47	19	32	18	21	17	10	18	32	26	
29	31	3	40	49	19	35	29	13	6	35	5	6	12	29	40	0	11	42	17	46	8	15	36	22	34	5	37	8	7	23	6	22	43	24	2	37	12	27	36	
13	25	27	9	12	21	19	16	13	21	11	1	29	14	30	15	22	0	4	20	17	21	40	15	16	13	9	5	10	21	7	24	15	28	14	35	3	11	8	25	
12	17	28	4	4	3	10	18	14	20	24	9	30	16	30	16	24	11	0	13	18	18	37	1	14	28	2	1	12	16	9	38	26	14	15	17	4	12	25	26	
12	1	18	15	16	27	5	19	19	21	1	14	14	28	17	15	25	16	10	0	23	2	29	7	12	14	18	45	13	32	23	26	31	36	20	4	9	9	6	19	
10	38	15	5	23	14	8	1	24	7	34	18	28	1	2	1	19	16	8	6	0	21	31	17	28	10	10	16	5	18	4	23	9	15	25	21	14	22	28	4	
6	42	43	33	44	21	25	38	11	35	10	36	43	45	46	29	37	25	6	13	1	0	10	27	37	10	11	12	38	47	40	8	48	2	30	25	31	7	6	47	
27	15	20	21	16	8	23	30	17	17	5	29	8	21	23	22	36	31	5	27	27	31	0	21	26	6	1	41	24	6	21	18	8	16	35	6	24	32	13	33	
27	18	16	13	34	1	26	25	3	17	19	12	33	17	34	19	17	14	24	10	21	25	8	0	29	18	7	35	18	21	31	35	29	20	18	28	7	15	5	14	
10	2	25	17	10	29	10	4	21	20	11	14	29	4	16	16	19	9	12	15	25	29	24	8	0	6	20	12	7	17	4	34	31	14	22	27	11	19	21	20	
25	18	1	18	19	11	23	22	22	17	30	17	13	26	34	16	28	8	23	13	26	20	6	1	29	0	17	38	23	29	40	27	29	37	2	4	12	2	14	26	
10	3	10	2	28	6	11	21	21	23	12	16	31	22	19	17	17	18	19	22	25	6	35	9	14	29	0	22	15	34	25	36	3	38	22	10	11	19	9	12	
18	26	32	20	19	32	24	10	24	28	21	16	37	19	13	22	27	21	29	27	28	11	30	25	19	31	23	0	15	19	12	25	36	13	25	26	14	17	5	25	
16	26	5	23	2	14	26	13	42	24	33	11	19	13	10	19	39	13	17	3	21	3	44	32	25	31	34	2	0	2	41	25	18	5	18	12	32	28	18	40	
4	40	11	31	4	40	34	23	26	30	3	37	39	10	10	27	5	41	27	29	17	23	6	3	49	1	22	4	27	0	28	21	27	21	34	9	34	26	37	8	
5	33	20	19	40	29	11	8	23	15	33	18	24	6	40	16	14	19	23	18	24	31	33	12	43	28	22	25	2	13	0	29	26	28	24	32	13	21	35	35	
23	28	35	6	4	17	29	16	23	8	39	2	19	24	7	30	1	29	24	32	29	23	24	16	10	41	33	43	20	23	17	0	3	42	4	11	31	11	41	27	
9	23	5	10	31	19	23	25	14	14	21	9	30	23	13	16	24	11	16	5	1	22	31	16	2	12	13	24	15	27	16	7	0	29	5	36	4	3	26	26	
24	34	2	2	32	23	22	20	15	10	25	10	29	17	32	15	26	12	22	19	19	23	33	17	8	9	4	9	16	28	49	18	24	0	16	29	5	13	21	27	
11	4	8	6	29	6	9	9	16	8	20	11	32	32	20	2	17	13	9	7	20	11	2	10	15	14	15	36	9	17	26	24	3	23	0	22	6	14	26	4	
12	42	10	7	28	16	10	16	19	7	5	21	14	2	31	3	5	21	10	8	22	23	15	3	30	3	22	27	19	15	16	25	24	24	27	0	16	24	26	9	
19	30	23	5	26	17	18	26	9	17	19	4	25	32	26	11	20	6	16	16	13	17	36	11	29	23	8	35	10	22	49	33	21	32	10	31	0	7	21	21	
1	33	35	12	44	27	28	36	35	27	31	17	36	40	40	21	27	41	26	24	3	13	31	10	27	29	38	47	15	46	33	43	32	42	5	34	34	0	17	25	
25	10	6	12	16	24	18	18	16	24	26	11	32	17	26	18	13	13	23	7	1	24	5	5	18	30	15	23	17	20	20	15	13	39	17	35	6	14	0	22	
9	37	24	13	10	25	11	8	6	12	1	1	12	10	11	13	18	4	19	18	21	12	35	12	16	12	16	29	6	17	3	20	23	19	9	13	7	15	20	0	
