40  8  1
8
	0	74	1	88	2	76	3	71	4	41	5	62	6	28	7	95
	0	69	1	10	2	94	3	6	4	95	5	18	6	44	7	40
	0	99	1	73	2	61	3	50	4	100	5	91	6	85	7	87
	0	90	1	84	2	31	3	58	4	66	5	59	6	70	7	25
	0	83	1	72	2	10	3	34	4	36	5	87	6	88	7	85
	0	49	1	22	2	70	3	73	4	31	5	64	6	28	7	71
	0	20	1	85	2	33	3	24	4	30	5	12	6	82	7	92
	0	67	1	20	2	50	3	47	4	86	5	39	6	37	7	6
	0	99	1	14	2	50	3	84	4	64	5	53	6	41	7	62
	0	99	1	45	2	80	3	32	4	19	5	37	6	56	7	55
	0	84	1	7	2	15	3	29	4	98	5	69	6	87	7	85
	0	5	1	88	2	61	3	33	4	77	5	7	6	100	7	25
	0	73	1	4	2	29	3	25	4	31	5	29	6	11	7	89
	0	17	1	96	2	1	3	100	4	31	5	28	6	63	7	10
	0	72	1	75	2	63	3	80	4	76	5	61	6	86	7	28
	0	5	1	26	2	37	3	21	4	52	5	61	6	31	7	75
	0	63	1	70	2	75	3	37	4	25	5	95	6	93	7	78
	0	54	1	82	2	53	3	20	4	70	5	89	6	6	7	57
	0	70	1	60	2	29	3	71	4	20	5	3	6	33	7	34
	0	25	1	61	2	98	3	43	4	55	5	62	6	22	7	52
	0	34	1	80	2	13	3	78	4	19	5	47	6	52	7	96
	0	25	1	97	2	3	3	61	4	73	5	39	6	63	7	17
	0	74	1	74	2	59	3	73	4	68	5	21	6	55	7	70
	0	79	1	7	2	7	3	56	4	63	5	34	6	84	7	54
	0	61	1	39	2	61	3	81	4	67	5	94	6	26	7	57
	0	96	1	28	2	64	3	20	4	6	5	59	6	29	7	12
	0	85	1	68	2	95	3	32	4	40	5	57	6	47	7	52
	0	41	1	69	2	73	3	45	4	88	5	67	6	50	7	78
	0	24	1	94	2	35	3	55	4	5	5	61	6	19	7	31
	0	97	1	48	2	91	3	20	4	74	5	96	6	23	7	68
	0	14	1	32	2	74	3	71	4	40	5	67	6	76	7	50
	0	42	1	41	2	52	3	22	4	73	5	14	6	72	7	26
	0	14	1	28	2	43	3	87	4	54	5	85	6	8	7	36
	0	12	1	21	2	88	3	10	4	9	5	60	6	82	7	11
	0	80	1	95	2	28	3	90	4	55	5	21	6	77	7	83
	0	72	1	5	2	44	3	23	4	92	5	91	6	23	7	99
	0	28	1	65	2	91	3	41	4	18	5	19	6	39	7	44
	0	84	1	97	2	2	3	66	4	80	5	24	6	64	7	68
	0	9	1	26	2	85	3	66	4	54	5	3	6	59	7	24
	0	77	1	32	2	94	3	13	4	55	5	80	6	96	7	100
SSD
M0
0	45	64	45	68	66	33	38	70	17	23	32	52	67	34	60	62	42	37	68	63	49	13	64	61	54	55	57	57	4	33	7	45	39	48	4	57	14	85	54	
11	0	57	20	74	17	43	70	40	55	70	50	35	50	51	52	51	63	61	12	51	54	14	41	56	15	1	21	32	9	43	2	16	50	47	10	2	71	45	29	
44	19	0	18	46	77	54	75	42	9	47	62	59	29	51	45	48	53	46	45	52	18	9	55	68	23	33	28	3	61	2	14	17	51	42	41	45	48	31	39	
53	39	5	0	9	33	57	71	59	24	53	26	1	68	36	58	49	22	49	23	58	62	66	52	22	44	49	61	50	73	61	28	34	33	37	71	16	68	59	9	
37	18	39	18	0	39	40	15	60	66	32	5	25	56	15	27	35	51	28	53	46	41	53	37	35	27	28	58	30	74	53	47	72	12	29	72	13	47	56	82	
51	58	13	52	77	0	34	29	71	57	14	60	41	35	57	41	32	65	5	61	17	57	84	25	96	15	49	4	41	54	41	67	83	61	61	62	53	54	47	57	
1	19	32	19	35	40	0	7	46	57	33	6	26	25	16	19	25	43	18	15	38	42	54	28	72	52	27	74	31	65	45	48	56	13	30	52	37	48	59	67	
33	11	30	35	34	41	12	0	52	43	35	35	32	15	37	36	44	17	38	47	54	6	33	46	16	24	35	53	5	20	53	31	47	19	37	42	8	44	33	27	
65	36	26	42	54	63	60	74	0	39	12	29	7	58	39	43	51	51	52	71	50	49	2	47	50	60	44	77	1	90	69	27	43	36	40	61	56	62	29	55	
40	58	47	28	3	55	59	47	66	0	30	56	8	8	30	81	25	1	12	10	44	56	46	39	71	49	51	54	39	51	46	62	81	50	9	35	53	9	36	62	
58	55	57	23	37	26	61	50	36	59	0	80	53	37	48	12	20	36	26	63	31	9	36	22	31	59	20	42	46	59	38	69	35	69	63	64	20	42	49	75	
51	8	29	8	59	29	30	40	58	58	22	0	15	46	5	27	25	51	18	43	46	31	43	37	80	69	18	71	20	74	48	37	62	2	19	62	26	37	48	74	
18	24	17	62	4	74	81	24	1	43	25	65	0	53	59	65	4	52	69	20	54	53	71	49	1	46	39	48	23	70	46	43	19	53	33	56	47	64	33	59	
55	33	34	3	65	31	34	61	70	32	35	41	38	0	5	56	64	52	6	29	63	37	48	58	67	28	26	48	14	26	21	40	56	25	43	10	66	12	42	58	
44	19	40	19	3	40	41	51	33	18	33	6	26	17	0	38	2	30	29	54	29	28	54	48	35	34	29	20	20	60	13	19	62	13	30	40	37	46	8	34	
56	38	41	6	65	38	75	47	84	43	44	74	49	85	76	0	3	19	9	74	14	37	64	5	58	42	3	50	29	42	21	55	71	58	53	60	64	80	57	58	
43	9	32	39	31	56	66	81	74	1	23	49	18	61	42	31	0	55	7	77	20	3	30	41	55	44	5	51	7	34	23	1	49	56	46	11	66	52	35	48	
27	14	32	10	12	31	6	17	11	45	28	1	21	12	11	33	14	0	24	1	52	37	26	13	86	51	24	38	26	51	49	43	68	8	25	27	20	41	54	53	
41	32	36	32	62	53	31	48	50	49	23	19	16	42	29	51	49	61	0	24	36	34	14	45	81	70	19	48	11	40	49	27	53	3	21	63	3	61	39	28	
5	75	61	62	37	85	36	63	69	19	72	62	55	81	14	72	57	83	24	0	68	76	72	4	84	25	71	34	56	25	60	71	89	55	35	55	22	38	65	27	
48	21	53	39	39	35	27	54	66	15	30	26	23	54	36	58	49	72	30	53	0	41	68	52	45	21	26	16	28	31	62	45	70	10	28	70	45	60	56	67	
26	48	28	16	3	46	63	57	74	25	4	46	55	36	14	5	13	29	19	82	24	0	2	15	68	52	13	60	39	52	31	65	81	52	38	47	38	24	15	41	
4	11	51	57	64	72	64	91	19	52	65	63	56	37	11	66	74	83	60	36	3	36	0	65	82	58	52	33	56	14	75	57	52	47	25	64	27	66	61	86	
31	49	19	25	23	57	10	37	36	32	5	36	16	16	38	14	22	25	22	43	33	56	81	0	75	61	22	47	21	13	40	43	63	43	60	43	67	45	49	75	
60	55	30	21	58	12	41	20	15	43	47	52	15	81	62	18	26	42	14	30	4	42	69	28	0	59	26	54	5	42	38	31	47	48	25	65	32	41	33	59	
45	56	61	49	36	79	72	90	68	19	37	79	49	69	47	38	46	31	52	86	30	8	35	48	50	0	46	68	72	71	39	57	93	74	32	40	46	15	9	35	
24	39	46	42	58	62	3	22	61	59	56	29	35	34	39	35	43	59	2	38	54	65	77	45	41	13	0	11	21	40	61	47	63	36	14	26	60	49	49	64	
6	41	11	17	32	10	63	58	26	16	43	28	48	79	27	6	14	30	10	76	25	48	75	16	69	53	14	0	20	51	32	46	62	35	16	40	59	9	48	12	
40	53	1	29	29	61	35	50	43	14	53	50	44	52	58	18	26	26	32	46	25	24	51	28	53	51	19	52	0	65	44	2	18	52	15	36	41	37	4	30	
56	41	14	41	33	53	40	29	68	55	18	28	25	49	15	35	43	3	49	28	54	5	32	45	90	49	28	57	30	0	28	47	72	12	30	67	59	54	45	42	
53	3	17	2	30	66	65	59	78	52	31	53	50	63	41	32	32	39	46	80	51	2	29	42	58	7	40	15	55	45	0	72	88	37	49	25	31	51	42	23	
55	9	40	19	64	40	41	51	69	46	33	6	26	18	14	38	34	58	29	54	19	36	42	15	12	7	29	8	19	61	20	0	61	13	22	45	37	37	36	5	
31	30	27	29	52	50	48	61	11	40	40	36	33	20	42	44	52	52	43	14	51	24	51	28	41	34	36	42	2	63	13	28	0	20	38	23	14	49	30	50	
37	17	31	17	47	38	16	33	44	44	8	4	1	32	14	36	34	56	27	31	34	19	46	30	66	72	4	73	6	75	57	23	48	0	6	48	35	46	34	60	
22	30	61	60	93	75	87	32	74	24	79	52	72	81	62	71	21	30	16	31	78	73	56	6	22	40	75	24	71	79	82	26	55	59	0	41	46	54	57	25	
63	21	46	35	6	83	67	92	73	50	41	83	59	73	9	42	35	30	56	35	61	12	39	52	67	40	50	48	73	78	19	75	93	70	63	0	26	61	40	17	
10	46	33	12	63	65	13	40	19	25	60	33	5	48	43	22	30	33	36	48	21	35	22	24	75	69	30	17	55	69	48	21	39	40	38	47	0	67	15	41	
60	39	40	38	24	7	63	85	69	48	61	57	54	85	56	57	65	39	8	84	10	38	12	29	89	43	53	20	15	75	22	41	57	41	54	61	22	0	43	56	
27	67	60	52	39	81	56	83	50	1	40	68	31	62	50	41	49	13	55	68	12	11	38	51	91	59	49	54	74	77	67	55	80	56	14	23	28	60	0	17	
53	45	6	16	41	48	63	57	18	30	42	40	2	74	49	5	13	29	19	74	24	13	40	15	68	50	2	6	4	52	29	30	46	47	43	13	57	40	20	0	
M1
0	31	62	40	63	41	39	45	62	61	51	10	59	57	52	62	69	15	17	61	31	42	48	17	16	7	78	62	25	71	66	61	26	27	43	9	19	24	33	65	
34	0	26	9	55	8	4	8	42	61	38	52	35	40	49	46	32	38	37	49	29	38	32	32	42	7	62	58	40	43	33	61	9	42	69	35	45	42	28	67	
15	22	0	30	72	18	36	4	2	60	70	24	31	36	19	53	28	36	25	73	13	17	42	46	15	8	42	27	51	20	43	17	37	13	31	50	15	58	27	27	
42	33	54	0	74	16	47	51	50	46	57	45	48	51	62	45	75	23	31	75	30	58	40	54	61	1	53	53	9	4	41	55	34	2	75	64	58	45	70	51	
19	32	19	14	0	50	40	50	38	41	62	38	55	35	44	1	41	29	45	37	32	62	21	18	30	27	3	63	28	33	31	25	27	6	27	30	40	16	34	55	
21	59	16	47	52	0	67	21	12	53	70	27	10	53	24	64	45	57	44	94	58	49	2	45	53	26	32	37	21	23	3	71	27	53	79	67	77	63	37	64	
3	44	23	36	90	62	0	62	72	58	76	33	16	51	30	51	51	4	55	85	76	10	27	62	56	32	34	67	65	42	71	39	33	13	19	49	9	33	43	62	
43	55	28	6	48	55	68	0	31	51	67	24	7	12	21	29	4	32	46	65	45	46	53	46	33	23	42	54	27	33	21	67	24	31	60	26	36	34	24	80	
49	44	66	53	76	52	52	48	0	79	64	22	24	60	7	58	59	53	18	88	44	46	42	30	42	40	32	11	56	4	77	45	21	40	83	58	59	48	46	78	
40	28	33	47	20	43	41	46	16	0	55	43	54	51	37	49	70	46	15	28	55	17	49	41	36	29	62	41	47	34	58	75	12	27	34	40	50	55	57	76	
66	57	56	8	10	35	71	36	8	55	0	20	46	68	29	68	60	9	18	75	63	36	30	49	10	62	54	22	19	26	43	67	32	59	37	3	13	18	32	47	
54	19	55	28	37	37	27	37	35	35	20	0	34	47	48	46	39	26	45	19	19	53	36	5	17	15	3	14	19	53	62	37	14	15	2	20	30	23	21	46	
35	56	38	61	73	44	64	54	52	56	56	13	0	52	10	50	31	43	35	80	56	35	50	42	54	12	31	50	48	22	69	66	13	52	75	66	76	58	23	87	
68	61	37	49	72	59	31	26	70	85	55	69	53	0	67	65	8	53	79	42	70	18	63	56	54	56	81	12	42	73	67	110	28	30	2	52	62	22	70	58	
47	10	46	29	55	28	16	28	53	56	57	35	45	53	0	16	52	38	52	52	29	58	13	15	27	27	42	8	43	35	38	78	14	25	40	32	42	22	31	41	
52	17	53	26	13	35	25	35	11	14	47	19	45	45	17	0	19	13	43	10	17	65	34	3	15	34	57	36	1	6	60	49	12	13	74	40	50	11	19	51	
61	17	18	36	8	35	24	22	50	42	35	7	22	50	36	44	0	24	44	62	49	57	51	35	47	14	44	64	61	48	59	58	33	1	78	45	41	53	37	9	
55	20	56	29	52	38	28	38	30	34	58	26	48	27	51	13	14	0	31	49	20	63	30	6	18	37	67	41	40	36	58	48	15	16	18	32	42	24	1	54	
69	42	41	51	9	46	14	52	59	62	80	22	70	61	65	22	67	20	0	58	26	47	59	28	21	38	15	16	20	54	70	39	37	12	48	14	24	29	44	6	
6	7	43	4	17	25	21	25	9	51	50	21	4	46	18	44	39	51	7	0	46	43	44	49	52	20	39	7	41	27	34	56	7	44	62	52	35	55	18	21	
2	52	74	50	77	67	66	70	41	39	92	1	32	70	2	64	51	32	42	79	0	30	35	73	42	47	67	52	51	42	79	54	49	21	69	35	45	49	12	70	
20	23	40	10	52	41	22	41	50	58	61	19	51	51	25	20	61	12	55	19	23	0	11	9	21	40	70	36	32	27	66	72	18	19	10	16	26	27	25	57	
14	64	18	27	84	30	3	16	61	87	102	60	43	10	57	59	40	45	63	95	64	76	0	50	36	59	52	61	59	69	55	78	59	37	77	43	53	2	60	36	
42	7	43	16	39	25	15	25	38	42	45	13	35	35	49	38	45	16	39	66	7	55	24	0	5	24	54	49	37	47	50	56	2	3	64	52	62	11	9	41	
50	8	7	2	47	12	22	26	42	46	53	19	43	29	57	35	50	24	9	28	15	25	32	1	0	25	33	53	45	36	37	32	10	11	72	53	63	19	13	18	
41	59	77	26	55	39	42	63	40	82	38	65	71	22	58	79	65	3	2	46	52	64	60	45	39	0	77	65	64	58	64	26	48	36	46	48	58	47	61	68	
18	59	18	53	36	51	73	77	54	55	39	18	45	80	59	86	80	55	29	79	66	76	30	52	12	30	0	4	11	31	5	75	58	62	51	49	57	15	64	66	
6	37	51	13	49	13	51	55	47	4	47	62	45	57	50	39	7	12	37	27	51	32	37	50	62	7	67	0	49	58	38	61	47	32	81	57	67	50	66	21	
69	46	77	49	60	64	4	64	40	39	90	74	67	2	18	58	63	22	41	2	81	63	17	67	31	28	66	51	0	58	73	58	47	15	91	57	15	48	11	64	
59	73	71	35	37	50	16	63	35	61	20	46	29	58	43	56	64	36	45	83	80	63	56	66	26	45	52	11	46	0	55	94	19	76	64	30	40	45	56	74	
3	44	30	53	17	60	52	62	43	18	58	50	63	68	64	66	78	53	72	67	44	48	42	30	42	61	59	66	27	61	0	91	29	40	91	68	70	48	46	29	
47	61	39	56	40	66	14	73	49	15	81	70	84	58	5	75	18	59	50	82	69	77	18	55	15	31	10	31	69	30	12	0	38	62	66	53	24	57	20	72	
12	52	41	30	32	3	60	32	24	49	15	42	35	11	28	9	49	31	40	39	52	32	9	38	17	17	57	44	7	17	28	71	0	48	34	25	35	25	51	69	
51	10	46	29	61	28	24	28	59	51	54	51	38	28	52	22	52	2	34	58	45	35	29	31	43	5	30	78	46	54	37	59	11	0	73	41	51	49	47	28	
1	4	9	23	56	22	18	22	54	66	39	21	49	38	63	60	33	52	6	17	43	52	46	46	56	21	24	68	32	57	16	75	23	56	0	49	59	56	42	15	
58	49	48	43	54	27	63	67	61	47	67	12	59	63	57	60	82	1	50	69	56	28	51	42	2	66	69	48	11	58	52	73	24	52	29	0	5	10	54	59	
67	39	4	58	52	24	53	57	58	34	71	21	56	67	13	65	33	13	65	49	71	76	48	57	17	56	72	78	59	64	49	21	28	67	51	43	0	58	41	74	
44	49	47	51	27	53	57	61	61	65	65	22	5	24	19	57	40	7	44	15	49	44	59	35	10	21	28	45	55	31	43	10	22	45	63	39	18	0	32	67	
66	47	56	12	72	52	61	51	3	7	81	37	39	48	24	34	58	26	4	41	58	53	3	47	10	42	49	14	36	21	74	21	38	16	54	20	30	11	0	65	
31	77	44	75	80	62	39	60	43	77	98	74	58	92	27	41	84	45	56	60	54	87	73	63	75	74	88	68	36	38	58	57	69	56	37	69	43	19	44	0	
M2
0	38	58	5	42	16	30	72	45	39	33	44	70	34	8	67	66	28	34	54	68	44	42	25	41	7	1	66	57	47	31	55	41	1	57	91	2	37	53	48	
69	0	86	82	76	47	44	29	75	53	91	78	88	68	71	83	4	89	83	25	93	73	70	53	92	10	79	12	67	71	65	78	40	44	41	37	84	69	80	82	
37	3	0	47	53	10	74	44	26	33	56	13	46	45	64	1	40	47	56	78	51	69	39	49	79	38	67	58	35	21	61	43	40	34	77	47	24	70	79	42	
53	11	72	0	48	55	6	65	9	3	46	40	48	77	52	67	94	17	76	22	38	43	54	43	5	56	60	59	88	29	24	52	29	40	50	67	74	49	77	14	
33	31	71	72	0	6	42	75	55	60	45	55	43	49	25	70	45	74	49	70	25	61	56	41	24	21	4	61	66	31	19	68	57	15	45	102	16	7	100	63	
37	37	55	64	38	0	60	56	23	9	29	23	59	60	70	41	47	15	8	45	64	33	44	78	46	46	52	47	74	73	67	9	20	63	46	47	64	55	68	7	
72	17	37	46	29	36	0	26	26	32	84	51	24	54	13	88	83	52	58	33	64	24	21	4	27	28	21	20	65	55	16	47	45	51	37	28	55	46	76	29	
71	31	37	78	32	39	37	0	32	22	80	25	32	42	37	58	20	58	25	39	25	27	38	56	45	40	46	58	65	51	61	24	39	57	40	54	7	49	66	33	
58	15	59	56	37	46	20	45	0	40	92	37	60	29	60	59	77	59	26	16	72	34	45	57	66	47	47	65	52	42	50	50	98	58	15	81	63	54	88	33	
73	28	47	47	30	29	63	44	15	0	21	48	38	52	51	1	43	12	59	37	51	25	36	33	54	38	44	56	70	10	45	5	56	55	38	47	56	47	79	66	
37	13	11	24	14	18	45	44	14	27	0	24	35	16	38	69	67	71	38	21	20	9	20	36	48	9	8	40	39	29	37	8	20	39	22	44	26	31	65	30	
55	11	19	22	12	19	17	42	12	32	62	0	33	62	47	29	67	63	30	19	47	7	18	50	46	20	26	38	22	50	5	18	78	37	20	52	38	29	63	67	
20	47	49	68	48	55	73	64	48	14	69	71	0	100	56	73	75	73	40	55	83	43	54	86	82	52	62	19	71	71	50	66	42	28	41	98	41	38	43	67	
28	8	29	75	7	23	28	61	11	10	62	9	60	0	31	54	62	54	21	65	42	53	50	58	41	37	21	78	22	12	20	20	74	32	62	69	33	24	58	13	
62	57	40	48	23	39	75	55	12	56	56	66	57	56	0	12	7	8	20	65	58	53	47	64	20	53	37	69	16	64	52	20	48	48	66	52	15	40	80	62	
57	45	44	9	47	34	46	6	43	7	18	57	8	49	26	0	54	9	71	42	13	42	13	40	41	42	41	20	72	39	37	41	53	65	39	9	42	64	41	54	
57	18	47	28	37	7	16	19	46	62	42	59	67	57	36	39	0	39	6	53	66	41	52	53	64	52	38	69	80	12	50	57	77	46	54	61	17	38	97	48	
33	19	43	82	35	42	66	11	16	10	47	57	56	60	8	39	68	0	33	39	70	30	27	10	69	43	49	61	75	48	22	53	51	17	43	85	61	39	19	58	
45	43	83	50	2	18	53	47	67	40	57	24	49	61	37	4	22	4	0	59	37	73	30	53	36	33	16	54	58	43	31	22	68	27	42	50	28	19	76	13	
60	16	36	69	28	35	4	49	25	5	83	21	49	53	21	45	17	45	12	0	60	23	20	3	62	36	42	19	68	21	1	14	44	53	36	9	50	45	35	54	
79	19	68	81	54	17	79	79	17	61	42	60	81	50	76	36	61	40	72	45	0	66	77	93	59	42	46	31	73	13	27	65	77	79	79	75	30	71	104	41	
45	1	61	49	2	9	54	32	2	22	57	67	23	61	37	64	57	64	31	9	37	0	8	53	36	10	16	28	42	40	31	20	68	27	10	69	28	19	53	73	
6	18	43	69	45	61	66	83	49	21	30	47	49	37	5	51	46	47	18	2	51	52	0	81	66	54	53	83	31	45	19	52	63	68	65	2	69	62	50	11	
61	6	26	65	18	25	70	40	15	21	73	40	39	43	11	80	73	58	47	22	53	13	10	0	52	26	32	44	58	56	5	36	34	43	26	71	44	35	69	57	
46	43	17	47	3	19	55	44	37	30	40	68	46	62	8	1	58	47	32	76	38	64	51	54	0	34	17	51	79	44	32	63	70	28	58	47	29	20	79	74	
52	28	43	16	29	36	2	53	22	34	17	33	45	23	14	78	14	15	45	36	44	24	3	39	20	0	40	17	46	36	29	4	52	25	37	50	55	17	76	8	
6	31	9	86	30	38	51	78	20	33	68	32	75	22	36	40	39	43	10	86	65	76	69	81	37	60	0	2	45	35	43	43	78	55	81	3	44	47	1	36	
11	24	44	34	36	43	23	58	33	20	19	58	26	50	29	84	5	66	51	40	54	31	28	11	70	15	13	0	73	47	23	38	3	61	44	78	60	53	1	25	
22	6	31	44	7	14	34	17	7	16	5	15	28	5	37	60	62	60	27	14	27	2	13	35	36	15	21	33	0	18	26	25	40	32	15	18	3	24	29	19	
75	9	27	65	32	18	15	34	29	35	34	40	53	57	16	48	36	1	35	36	67	27	24	7	49	40	27	19	44	0	18	10	48	57	32	65	58	49	19	71	
30	28	23	58	31	38	69	59	31	43	19	58	16	50	33	85	52	6	60	38	54	26	32	15	65	3	42	27	71	63	0	42	54	56	39	41	57	48	38	64	
50	30	18	3	29	37	40	28	6	32	62	31	4	21	49	38	23	38	5	56	7	75	30	74	39	45	43	51	44	33	42	0	63	39	21	3	30	31	51	35	
67	71	42	82	72	76	32	49	17	3	43	82	53	74	7	65	56	30	79	54	78	67	71	69	90	67	66	85	86	77	16	66	0	97	77	70	27	89	5	38	
79	24	31	69	36	43	32	32	33	39	57	58	57	61	29	87	50	76	54	40	71	31	28	11	70	19	50	41	76	74	23	14	52	0	44	46	62	53	57	75	
61	31	62	13	40	56	50	2	44	43	69	42	81	32	23	83	48	61	54	66	44	55	16	87	23	68	54	86	29	2	42	53	69	15	0	77	59	57	91	46	
7	35	67	61	45	61	66	78	49	30	81	47	28	37	5	37	37	76	59	62	65	50	61	96	79	63	59	55	41	50	13	6	70	24	52	0	38	62	4	51	
46	44	10	20	3	1	55	3	60	45	58	68	2	62	15	65	58	44	62	7	38	74	1	54	3	22	17	50	52	5	14	70	40	14	58	27	0	20	74	49	
78	28	93	75	68	71	33	79	68	81	93	46	81	97	16	88	43	87	82	68	103	63	47	70	93	12	64	52	57	89	10	80	108	6	76	94	94	0	114	84	
58	57	43	75	31	47	7	55	6	60	86	57	17	58	53	37	55	37	4	50	66	53	54	44	5	62	45	8	57	71	44	55	44	56	42	7	57	48	0	46	
45	20	32	45	2	18	54	31	21	41	6	45	5	37	37	31	1	54	21	28	26	16	27	53	36	29	16	47	60	43	31	29	32	27	29	11	15	19	59	0	
M3
0	18	11	26	32	11	43	12	35	45	39	57	9	39	50	36	35	50	15	29	23	51	41	12	69	44	56	37	26	57	30	14	50	29	41	33	68	42	67	15	
45	0	35	5	8	41	48	3	11	43	44	44	37	71	35	38	11	52	16	31	33	27	50	34	45	46	66	65	23	33	6	46	40	5	17	9	44	52	43	17	
30	44	0	12	20	59	17	9	25	11	54	36	30	4	37	23	51	20	59	16	71	59	50	14	42	17	44	56	64	54	4	52	68	46	22	51	20	50	8	2	
53	64	43	0	3	78	57	68	47	52	52	53	14	49	57	46	60	60	51	39	53	43	7	42	9	54	12	42	20	30	36	26	17	41	53	18	24	66	43	25	
44	55	6	66	0	72	20	58	55	46	55	16	44	60	51	37	23	51	45	30	59	6	64	8	67	45	58	28	81	65	60	80	42	66	52	12	41	65	6	16	
38	32	48	43	28	0	52	41	49	17	59	71	35	78	24	26	9	45	12	24	41	61	58	63	67	39	32	62	38	28	27	58	9	43	26	43	55	52	64	10	
51	79	62	34	69	72	0	14	65	58	52	68	58	60	41	53	49	37	18	26	54	18	28	34	56	49	14	86	44	25	61	36	47	26	16	24	37	63	6	54	
46	21	31	32	35	13	40	0	38	24	12	24	51	70	43	44	38	58	32	37	22	54	13	29	10	13	41	61	50	60	33	55	17	32	11	4	39	2	70	23	
62	55	46	58	67	75	43	60	0	32	57	35	6	30	72	41	12	60	33	67	74	64	66	22	46	16	4	34	16	63	43	53	30	46	50	48	59	9	70	53	
45	19	4	23	33	66	3	28	12	0	11	33	22	34	33	44	19	54	41	20	31	16	26	50	43	49	41	13	21	26	31	9	38	3	15	25	53	7	15	42	
5	7	48	18	21	54	61	16	24	56	0	18	50	84	48	47	24	61	18	28	46	40	6	47	56	55	14	55	36	32	14	59	30	18	30	22	40	65	56	26	
10	12	53	23	22	43	66	21	29	46	6	0	27	49	53	22	29	59	4	49	49	45	18	18	61	53	49	4	41	16	24	48	57	23	35	27	43	48	50	35	
48	29	66	40	36	67	69	29	46	34	63	66	0	43	54	10	46	47	49	46	52	46	35	3	60	52	71	3	42	42	12	65	59	24	29	17	52	38	39	52	
68	47	62	40	30	4	75	48	64	40	63	68	52	0	78	16	62	53	5	68	13	12	53	24	75	75	46	26	76	25	33	57	18	58	59	62	9	44	70	54	
63	45	49	55	58	27	92	50	43	70	62	58	66	40	0	50	57	45	6	66	4	78	42	55	60	65	18	16	59	77	13	15	43	56	68	41	73	31	62	55	
31	10	39	21	5	50	38	19	27	3	46	49	26	49	51	0	27	16	18	47	40	43	20	47	38	59	40	48	39	11	10	36	56	21	27	25	38	7	45	33	
47	6	37	9	20	53	14	15	23	55	13	46	47	55	47	50	0	64	28	43	45	15	48	46	41	58	18	25	35	45	14	38	52	17	29	21	56	64	44	29	
56	58	43	62	47	56	42	59	51	7	50	13	57	13	64	32	58	0	50	43	54	55	58	41	2	58	4	50	60	62	4	48	58	42	37	38	59	38	54	29	
18	23	51	15	15	46	69	32	28	63	73	65	34	4	55	39	40	56	0	55	62	49	25	57	27	44	80	2	52	62	35	53	69	34	46	38	27	67	48	46	
41	59	37	37	6	3	60	54	76	34	56	40	43	40	42	38	41	7	36	0	12	39	65	25	29	46	31	68	12	45	31	58	9	17	29	3	38	64	46	17	
58	7	13	18	21	47	36	16	24	42	54	15	50	60	13	51	4	65	29	25	0	40	63	47	35	59	59	52	5	41	19	35	32	18	7	22	21	10	56	30	
44	6	30	17	20	9	60	15	23	55	40	1	21	27	47	33	23	64	28	43	41	0	52	46	20	57	67	38	28	45	18	58	41	17	29	21	46	61	1	29	
38	22	38	23	36	29	6	31	39	19	56	58	41	72	63	60	39	67	44	17	61	39	0	58	34	22	44	58	51	15	34	47	60	33	4	37	2	51	36	44	
54	33	42	44	22	8	41	25	50	6	49	39	49	44	62	2	50	11	35	58	63	39	43	0	3	67	35	51	59	34	33	47	28	41	50	23	58	30	7	56	
11	47	20	25	49	11	73	56	33	38	32	9	69	31	43	23	64	60	8	57	46	25	60	6	0	53	64	28	9	45	54	72	51	58	44	4	26	51	25	43	
53	42	10	45	43	39	7	45	51	10	53	62	53	37	56	46	14	60	49	39	49	49	54	22	41	0	45	55	63	56	54	22	61	45	47	17	52	49	37	25	
55	38	46	30	33	69	55	25	55	20	21	25	54	77	66	7	55	44	46	52	64	58	48	5	10	55	0	62	54	29	38	61	22	36	48	53	23	22	67	43	
8	50	34	32	45	54	31	49	50	34	51	18	44	42	14	19	38	56	46	8	40	34	60	46	12	4	69	0	30	40	50	46	47	12	24	34	30	47	1	49	
41	67	56	34	27	43	17	51	12	20	53	38	46	33	1	43	71	78	44	59	35	21	15	59	54	49	55	65	0	42	25	8	49	14	8	34	69	56	47	71	
37	51	17	42	27	29	32	55	41	39	59	23	37	37	33	27	17	44	28	23	39	67	44	47	66	38	68	60	31	0	50	12	42	62	33	38	7	55	36	9	
32	33	62	44	28	62	20	14	38	26	69	72	49	59	65	2	50	39	40	16	31	57	43	70	12	44	58	71	50	34	0	59	68	35	36	48	27	30	19	56	
26	44	29	18	21	75	56	47	7	37	25	21	60	3	43	13	61	50	14	29	5	61	10	29	60	53	68	41	22	45	30	0	36	55	44	4	39	41	61	67	
71	54	39	48	2	10	38	63	44	3	46	52	34	23	35	55	21	71	43	55	66	36	60	35	58	15	16	18	2	61	53	44	0	38	35	10	45	42	4	44	
63	43	55	10	33	59	44	27	60	46	29	61	22	56	20	46	55	78	45	61	18	12	63	37	30	56	62	50	8	18	55	31	25	0	2	12	45	37	28	47	
51	27	37	38	38	39	18	4	32	36	50	44	46	28	54	12	38	49	39	34	21	27	35	54	23	59	49	41	24	1	39	3	46	38	0	29	1	30	9	30	
86	62	47	66	44	66	46	33	55	11	54	59	44	67	16	60	60	43	10	63	53	59	57	2	61	26	67	56	55	36	67	52	81	46	17	0	12	44	58	58	
33	47	43	58	12	47	59	37	48	35	13	50	33	44	32	17	44	40	55	19	46	52	4	15	62	34	56	15	58	7	48	19	69	58	50	45	0	21	52	5	
59	63	67	5	43	30	66	53	39	31	27	29	61	83	65	68	55	75	66	70	78	79	9	19	72	67	70	46	41	58	24	70	80	66	3	78	10	0	37	56	
47	49	50	35	32	56	57	58	42	28	43	4	57	34	41	48	44	1	5	10	40	72	35	55	23	30	25	41	57	35	25	13	25	60	58	32	4	59	0	50	
15	29	25	40	5	44	43	38	46	17	52	55	15	55	22	8	46	22	47	1	56	45	35	43	44	16	46	43	52	40	39	58	53	40	32	36	67	36	45	0	
M4
0	6	22	48	86	75	60	76	47	79	92	42	84	90	91	34	51	42	89	68	90	89	19	26	75	60	68	97	35	51	59	72	4	68	68	83	85	100	32	68	
54	0	51	41	49	26	30	35	30	5	3	67	52	30	14	53	10	46	47	31	26	31	59	37	39	23	45	29	39	27	37	39	48	31	44	46	17	78	51	31	
52	59	0	48	14	37	39	50	25	41	71	44	33	66	48	48	52	28	48	53	24	68	52	46	37	18	42	80	64	58	73	21	43	26	33	5	55	83	18	10	
68	56	57	0	60	59	64	25	50	52	2	78	45	68	67	5	24	1	44	53	40	50	56	22	58	43	53	81	43	4	43	2	57	51	51	22	25	80	46	51	
41	69	30	60	0	52	56	47	26	31	68	5	69	21	43	27	60	8	52	77	13	96	76	58	54	67	34	89	14	62	63	51	24	38	5	82	67	69	38	75	
41	36	47	45	37	0	26	32	38	1	46	10	13	8	47	62	76	19	89	47	86	18	10	23	63	57	64	94	31	79	9	60	67	58	56	70	46	56	34	61	
1	48	56	54	49	31	0	33	15	10	2	41	58	35	59	56	86	10	69	56	40	20	61	47	43	83	36	86	3	49	12	40	27	51	52	14	47	83	37	70	
76	10	54	40	43	44	46	0	24	48	78	50	50	69	68	55	59	19	45	64	92	75	61	53	52	25	45	4	12	60	21	41	50	33	35	14	62	67	16	33	
55	41	13	34	30	23	25	50	0	27	30	44	33	52	17	34	9	65	36	7	79	9	28	32	17	4	28	37	58	44	6	20	29	12	21	27	41	20	57	12	
37	40	27	25	58	2	6	12	18	0	38	43	46	6	71	68	68	22	89	27	76	51	41	54	43	60	48	92	15	63	13	52	63	56	64	50	26	54	67	63	
38	79	82	15	28	61	67	68	17	69	0	69	74	5	49	16	90	16	43	27	55	90	34	75	78	68	76	15	78	79	37	83	52	55	35	58	51	53	63	65	
49	78	65	29	44	40	44	50	27	19	63	0	36	16	71	68	51	22	54	65	82	69	63	18	42	74	37	89	15	62	51	52	83	66	64	86	9	64	42	19	
64	51	17	6	39	32	34	31	20	30	44	24	0	55	58	43	32	71	45	38	88	28	49	41	72	13	37	55	64	53	52	16	38	21	34	36	50	19	40	21	
2	43	46	32	50	42	31	32	39	55	16	68	38	0	77	41	54	61	64	70	79	78	62	39	48	32	42	77	54	68	53	47	36	19	32	55	15	17	75	40	
36	56	4	45	41	24	28	34	2	3	60	14	15	28	0	44	34	44	47	49	8	65	35	26	65	15	29	75	37	18	27	31	40	23	36	38	48	6	33	5	
32	58	37	45	39	22	26	32	38	1	44	29	14	26	42	0	63	36	18	47	4	56	61	49	60	58	25	80	29	22	33	57	46	29	24	45	46	64	29	66	
47	7	49	26	48	10	22	34	40	3	54	42	54	28	62	26	0	44	55	49	76	37	51	24	55	53	27	62	37	74	35	32	16	4	17	66	48	76	23	61	
48	38	47	27	56	51	50	29	39	55	68	15	61	45	59	27	27	0	35	56	41	64	68	25	56	32	28	63	40	72	38	33	22	5	18	55	58	56	9	38	
37	70	41	55	1	23	36	42	48	11	51	21	67	4	4	64	80	45	0	18	50	71	64	74	43	67	45	72	45	29	43	81	61	54	42	80	38	35	75	70	
42	25	7	54	65	31	35	41	32	10	67	72	23	35	84	22	67	26	67	0	73	21	35	67	38	39	49	10	44	79	42	55	39	47	5	34	55	55	12	47	
9	37	43	28	41	37	41	20	42	16	53	61	64	41	19	28	40	34	20	57	0	65	44	26	57	35	2	57	50	35	48	34	23	6	19	58	59	55	6	43	
35	61	3	32	43	59	43	54	28	38	65	61	71	18	49	67	29	41	75	45	78	0	62	61	41	73	36	28	72	61	70	14	39	58	6	36	8	49	77	81	
21	6	22	7	68	31	35	41	27	10	20	17	70	35	17	56	27	22	64	56	31	80	0	76	55	85	48	103	15	63	42	52	8	56	35	24	55	13	51	92	
27	71	21	38	51	57	63	92	52	75	75	2	81	74	21	80	58	61	113	73	96	106	70	0	49	81	44	8	67	69	8	48	27	58	1	51	16	33	55	49	
37	45	22	1	56	59	68	31	54	60	69	57	3	72	65	69	32	59	48	72	47	54	50	75	0	47	49	1	56	71	40	50	12	55	3	70	21	8	72	49	
45	35	63	24	20	13	15	40	1	17	47	54	23	42	39	24	28	55	26	53	69	44	30	22	53	0	18	56	48	34	49	10	19	2	15	17	31	73	60	2	
40	2	74	59	9	16	53	51	52	28	84	50	39	53	50	59	66	53	42	28	12	65	2	52	88	45	0	15	59	66	11	61	54	37	50	49	73	83	37	53	
19	11	51	52	48	36	43	30	20	45	21	36	51	70	51	15	56	66	52	81	13	23	58	5	72	22	34	0	76	38	30	38	47	30	43	45	39	52	25	30	
94	70	81	59	48	60	64	70	7	39	73	33	50	64	51	48	80	2	69	78	80	80	70	79	35	75	28	83	0	43	71	32	63	59	44	85	84	75	81	78	
39	38	51	64	67	57	8	71	32	48	40	58	75	73	37	55	89	27	74	68	35	58	60	80	20	68	18	73	20	0	50	57	65	60	69	32	50	82	35	76	
78	70	81	56	44	16	66	44	4	48	51	2	47	55	64	69	62	26	77	49	80	65	26	1	59	45	28	72	19	54	0	42	64	47	57	68	80	88	45	18	
17	46	80	28	39	58	11	11	31	51	43	57	67	62	75	55	46	26	71	60	56	61	46	21	37	39	4	59	19	57	53	0	20	47	43	55	4	92	78	47	
33	72	74	37	57	17	2	18	38	36	34	58	26	56	76	61	49	42	63	48	39	52	10	59	43	31	55	83	35	71	44	38	0	39	52	46	30	58	64	39	
34	24	86	13	63	60	64	80	38	54	81	76	79	77	81	13	26	76	61	42	66	50	56	11	42	93	14	49	88	76	65	19	8	0	4	94	44	74	74	55	
15	41	74	58	50	1	53	59	57	28	53	35	45	40	64	90	55	51	75	40	53	50	42	50	13	86	1	56	62	87	41	45	60	78	0	90	34	60	58	93	
89	66	30	73	39	62	64	5	10	57	91	51	68	63	69	66	34	20	75	81	88	79	39	55	53	43	46	45	13	44	14	34	40	51	26	0	72	20	82	51	
60	52	83	6	17	59	29	65	54	52	41	35	47	40	84	75	24	58	79	68	62	79	36	55	15	47	10	65	62	35	44	39	65	53	45	70	0	70	68	55	
77	67	73	27	21	80	50	51	75	65	33	55	68	61	25	32	45	65	76	89	49	27	5	50	36	68	31	86	71	56	65	60	53	62	62	79	3	0	6	53	
44	33	54	24	49	29	33	39	24	8	19	66	11	11	41	24	1	46	46	53	77	61	13	22	4	42	25	55	39	82	40	30	19	2	15	26	53	26	0	50	
40	68	26	45	30	59	61	5	43	63	14	21	69	87	30	27	74	4	72	73	78	90	22	1	36	40	26	33	80	80	72	19	65	48	61	12	77	21	83	0	
M5
0	40	6	31	63	44	48	43	40	2	32	19	37	10	23	51	4	24	17	71	54	38	32	29	43	21	70	58	6	48	44	1	43	29	44	8	34	49	17	55	
27	0	32	38	49	52	4	2	45	10	55	15	47	20	28	34	57	21	53	79	70	23	38	42	24	31	72	21	8	16	16	46	23	30	30	9	22	38	3	41	
10	11	0	25	60	34	33	3	61	28	66	31	52	38	6	54	44	41	71	26	12	49	67	52	25	47	80	50	37	45	25	50	30	27	48	7	49	9	21	40	
24	51	40	0	66	61	55	35	48	11	34	30	57	11	29	25	28	39	24	3	5	49	2	47	33	28	90	40	49	46	20	40	52	36	51	18	29	56	54	34	
8	45	52	30	0	21	47	31	56	18	5	35	67	28	22	50	1	49	16	38	53	47	39	39	39	20	80	13	27	65	49	42	25	23	38	17	33	41	11	72	
37	49	42	51	74	0	37	69	54	35	47	37	56	38	43	49	20	54	71	49	48	21	74	44	40	53	39	67	56	47	62	67	75	49	9	51	23	50	45	34	
60	39	48	61	47	50	0	59	46	8	53	56	88	18	28	18	51	5	47	77	54	37	60	40	59	32	70	18	54	6	54	42	31	54	28	7	48	26	1	59	
48	79	45	72	61	11	65	0	45	51	73	58	90	47	3	72	30	7	58	68	67	57	59	10	32	62	91	91	31	3	30	58	59	53	79	56	75	17	78	69	
14	40	39	56	78	77	62	60	0	65	66	33	65	31	12	22	68	36	64	58	72	73	87	86	39	49	26	20	52	41	58	58	42	48	55	67	53	80	61	89	
49	41	37	35	48	57	28	61	1	0	44	20	52	14	27	58	24	13	29	32	66	39	52	16	14	30	80	56	39	46	29	2	17	35	56	25	46	56	40	23	
8	42	39	45	52	89	64	62	30	14	0	22	54	65	11	75	72	44	68	83	53	80	85	40	10	38	87	81	41	31	47	53	55	37	90	17	60	75	63	74	
47	14	10	16	72	60	36	34	23	25	70	0	25	52	60	46	59	29	85	78	80	51	56	74	56	9	58	53	12	43	18	64	55	8	61	34	31	58	35	49	
49	55	51	49	18	29	35	75	39	33	45	34	0	36	41	47	38	52	69	47	57	28	91	42	57	43	4	6	53	36	59	16	63	32	7	39	8	35	33	57	
50	34	2	19	33	40	36	49	49	43	7	19	51	0	11	39	9	53	5	64	42	38	28	28	30	9	60	58	29	28	38	1	13	17	18	42	22	37	36	61	
13	52	23	73	60	21	1	54	47	21	66	59	38	31	0	31	43	1	60	65	64	49	62	52	63	45	33	31	16	19	67	55	44	67	31	10	61	14	14	57	
39	49	45	48	69	26	58	69	45	7	51	28	60	16	33	0	32	57	49	22	22	47	54	12	10	44	91	24	47	6	42	10	53	16	50	26	64	44	23	67	
42	37	39	22	14	34	39	57	32	15	23	22	43	41	14	42	0	43	8	79	24	21	31	20	34	5	54	22	41	50	41	4	51	20	12	32	1	28	26	45	
36	65	26	68	59	24	74	82	26	49	64	50	36	53	41	40	51	0	60	65	79	6	14	22	29	64	69	38	29	71	68	62	71	65	69	48	17	44	42	88	
42	26	42	11	74	46	28	46	45	35	12	25	56	45	3	31	1	45	0	73	34	34	20	20	23	1	63	58	44	46	30	59	40	9	24	34	14	29	28	53	
42	36	32	23	26	34	31	44	40	31	24	15	28	10	15	43	13	41	9	0	46	46	32	32	35	13	61	8	3	5	38	39	7	21	36	46	26	9	40	48	
44	54	41	39	14	30	56	54	57	47	40	53	16	11	31	16	29	38	25	30	0	62	22	22	51	29	49	51	53	67	58	40	52	36	52	36	42	29	40	23	
54	32	6	34	14	8	54	37	41	43	19	11	43	24	63	64	61	38	57	20	75	0	74	69	74	27	76	71	30	61	36	43	35	26	34	44	13	40	38	48	
1	30	17	38	94	66	52	50	45	22	40	15	47	68	6	59	29	51	25	78	62	55	0	48	10	29	80	17	34	64	40	61	68	30	44	52	35	57	51	71	
15	35	22	37	71	75	57	55	1	46	76	14	46	52	42	28	23	29	61	44	26	64	15	0	46	30	61	53	33	64	39	64	15	29	53	12	44	71	43	70	
62	51	67	36	79	71	53	71	65	27	37	50	60	70	28	33	26	48	22	73	59	59	40	45	0	26	71	41	45	51	55	43	65	1	49	59	39	54	53	78	
38	56	47	68	68	42	67	11	75	68	16	45	69	47	5	53	44	49	80	68	67	32	101	58	47	0	21	49	45	53	47	58	87	41	79	67	83	17	61	91	
51	24	36	49	48	43	34	44	41	42	56	38	70	50	45	59	42	34	83	31	72	10	76	48	66	47	0	63	50	52	58	20	9	53	21	3	10	37	35	17	
60	55	31	28	62	61	55	27	50	31	36	34	45	1	40	60	38	45	34	19	71	39	57	43	59	38	38	0	53	56	8	16	42	43	39	31	19	46	25	80	
43	34	56	31	75	65	56	54	7	45	74	39	38	55	5	21	35	67	67	31	61	22	21	69	51	33	71	50	0	1	35	58	36	48	65	11	13	40	38	50	
74	29	56	62	69	63	51	46	69	57	36	39	71	53	39	81	4	16	62	66	34	16	85	73	49	55	93	68	55	0	4	45	59	54	77	56	68	85	50	84	
18	46	62	31	49	21	48	38	65	55	32	45	76	59	23	51	21	32	17	46	54	54	40	40	43	21	22	23	23	10	0	79	60	29	30	54	34	49	48	73	
58	25	21	27	57	65	47	45	34	31	51	4	36	41	11	57	8	40	53	82	71	23	63	14	67	20	67	43	23	33	29	0	54	19	51	30	42	40	24	52	
25	35	51	20	13	55	37	55	48	44	21	34	12	47	12	24	10	54	6	10	43	37	29	29	32	10	3	47	53	55	27	56	0	18	33	11	17	38	37	8	
67	22	52	7	51	46	25	42	50	12	57	52	41	22	43	55	44	42	52	18	66	34	68	44	63	29	17	43	17	22	31	51	19	0	24	11	45	40	5	72	
61	28	24	21	61	1	7	48	37	5	17	7	39	8	47	19	20	24	41	74	72	35	63	14	45	23	21	37	26	17	32	37	45	22	0	21	45	45	15	29	
35	58	23	80	53	25	7	78	46	13	72	70	16	37	47	37	70	24	66	73	7	53	76	38	64	51	41	37	36	8	73	52	50	73	47	0	33	45	20	73	
22	65	38	67	52	33	56	48	12	13	58	44	76	23	47	73	33	40	56	59	43	1	79	45	57	37	75	58	36	61	32	26	36	59	33	12	0	8	6	55	
84	55	6	41	27	1	47	16	45	50	33	35	67	6	42	73	39	8	39	27	26	16	62	45	25	43	75	74	4	58	60	17	47	50	38	42	56	0	43	83	
76	73	44	61	43	46	50	72	42	4	49	52	84	14	38	64	51	36	47	73	71	39	70	36	55	28	66	49	60	62	70	43	27	59	24	3	53	32	0	64	
8	26	22	28	44	32	48	46	35	37	82	5	37	50	57	58	71	41	76	90	24	48	30	25	50	21	10	39	24	13	30	71	63	20	60	39	28	55	33	0	
M6
0	43	39	34	57	52	24	78	38	49	65	69	50	2	25	52	47	59	7	49	29	61	40	71	69	39	49	59	23	37	79	62	30	67	1	12	33	50	1	83	
42	0	6	46	71	63	34	73	76	60	27	53	64	52	66	6	45	18	77	10	57	37	64	59	67	41	68	72	37	43	77	26	58	22	60	50	70	77	40	17	
50	25	0	5	68	52	23	13	63	17	52	74	77	23	79	3	42	43	54	76	54	38	59	30	33	46	23	39	50	31	38	37	37	71	59	57	56	51	33	43	
44	15	18	0	19	66	56	52	6	12	48	49	44	48	51	51	33	51	79	48	63	49	31	49	91	17	73	66	22	18	64	50	9	66	46	35	24	66	22	58	
43	35	7	33	0	58	75	11	48	27	44	5	28	31	20	30	46	39	47	19	46	18	6	41	70	31	8	45	1	1	54	33	22	49	29	55	11	52	1	50	
65	46	43	91	85	0	81	73	8	30	58	47	83	56	6	10	46	53	45	41	61	59	56	96	42	37	24	45	63	72	13	44	83	16	77	36	76	17	44	11	
67	49	28	17	16	32	0	71	31	72	15	41	34	28	62	63	79	6	67	38	19	25	77	49	55	13	61	33	65	46	44	41	55	59	68	38	36	71	53	57	
36	11	23	1	62	10	83	0	33	41	63	64	63	34	44	48	47	54	71	62	21	43	45	7	44	32	62	18	36	15	35	8	23	23	43	7	36	39	4	2	
65	65	26	53	66	49	61	69	0	4	9	39	45	49	26	29	25	4	43	38	64	23	68	47	53	57	63	76	32	39	62	38	53	22	49	36	66	68	63	11	
24	14	40	58	16	1	76	76	33	0	49	76	38	54	35	16	55	76	34	22	57	63	64	89	71	51	5	70	26	49	2	41	42	45	20	41	58	28	50	40	
10	28	47	48	71	31	51	10	65	29	0	39	64	40	1	66	48	25	8	59	38	42	63	24	74	52	50	43	37	35	72	1	58	70	39	50	25	47	39	44	
29	53	26	53	91	49	18	69	59	57	13	0	60	49	60	36	63	4	34	23	69	23	28	47	53	57	63	44	67	31	74	39	59	8	58	36	23	59	53	62	
36	33	29	65	67	23	80	56	46	45	5	61	0	22	57	18	44	31	71	59	8	14	42	59	42	29	75	25	33	19	64	50	20	67	47	37	39	36	31	62	
13	75	68	9	2	68	65	60	50	37	11	59	81	0	66	39	47	66	7	64	42	61	62	33	104	27	49	59	54	11	74	32	71	45	22	53	38	62	42	87	
3	22	13	33	28	3	19	8	39	29	44	18	28	32	0	15	46	47	38	27	27	11	44	52	70	9	55	45	1	31	1	49	22	47	5	38	41	48	32	3	
73	5	52	54	47	75	83	81	56	51	18	71	49	15	51	0	8	67	55	48	20	74	30	89	62	50	66	66	22	52	41	3	43	61	80	53	62	40	3	66	
66	60	56	58	60	23	8	60	59	51	35	75	19	52	55	38	0	61	96	52	38	44	35	84	58	56	31	9	26	49	38	72	47	43	58	67	60	39	7	22	
55	62	16	43	81	39	51	59	52	68	3	29	50	39	50	55	73	0	90	28	69	13	71	37	43	47	53	79	57	58	80	29	49	83	84	26	66	64	58	52	
63	41	46	78	68	59	86	86	24	46	38	64	79	52	50	85	7	29	0	58	2	21	22	72	78	49	9	19	68	55	83	64	57	42	31	37	70	75	78	76	
10	22	72	72	79	80	62	60	47	28	5	56	72	40	63	54	57	64	45	0	26	27	32	51	93	75	36	89	45	11	78	43	66	41	39	50	38	62	8	83	
36	16	12	48	50	5	52	32	29	38	31	44	43	42	39	31	23	60	71	4	0	43	25	22	75	12	28	49	16	12	46	14	3	49	14	37	22	31	34	40	
34	37	25	11	46	58	86	33	31	28	27	17	51	47	65	62	81	52	56	62	29	0	20	59	80	54	38	10	36	19	43	51	57	67	47	5	45	42	63	72	
48	38	34	36	38	17	85	31	45	31	42	66	26	35	30	33	49	66	78	30	45	51	0	36	73	34	69	48	4	5	58	37	25	53	33	19	32	10	60	25	
67	21	17	53	51	66	38	53	34	43	27	49	32	39	50	25	32	65	95	35	51	48	30	0	78	17	49	65	21	17	53	49	8	65	16	42	27	30	57	82	
42	67	44	71	73	3	13	43	36	1	31	57	73	67	37	41	72	22	43	23	71	38	26	59	0	68	55	74	46	56	44	57	67	22	44	46	57	48	41	42	
43	57	18	25	69	20	72	81	40	51	28	3	62	64	54	58	71	19	78	13	26	38	67	41	68	0	71	89	45	46	18	54	47	64	26	14	54	52	11	59	
7	25	21	57	21	70	59	54	38	31	63	53	52	35	54	48	36	54	42	51	46	52	34	45	69	21	0	69	25	5	31	37	12	53	33	46	31	56	36	60	
25	13	34	59	3	45	46	80	51	14	60	58	54	54	54	54	49	51	60	33	35	65	11	71	83	26	72	0	27	31	14	40	25	75	54	59	1	76	9	20	
39	15	11	13	15	42	62	60	28	10	24	43	8	41	10	10	26	50	55	7	27	33	24	51	50	11	61	25	0	11	37	43	2	54	39	36	21	55	37	76	
31	56	66	64	52	57	68	26	73	3	57	83	94	7	70	20	59	54	66	30	22	73	38	17	75	51	46	81	70	0	61	9	57	25	5	47	4	28	54	63	
67	48	49	75	26	43	8	79	69	56	10	53	55	18	71	69	20	42	88	63	74	20	62	70	39	21	37	91	56	30	0	62	43	75	6	64	57	54	61	40	
36	38	34	44	16	53	68	6	1	46	31	66	63	8	13	54	49	46	71	4	52	47	47	50	36	34	62	60	38	34	61	0	25	56	62	35	44	34	34	45	
54	5	1	37	39	50	52	50	18	27	48	33	32	31	34	34	16	49	79	31	46	32	14	41	74	1	70	49	5	1	48	33	0	49	29	26	11	49	41	66	
55	59	9	68	14	40	50	65	52	15	12	46	15	46	15	44	70	20	52	53	34	39	4	13	11	14	33	51	57	16	36	48	46	0	44	26	43	52	5	75	
36	56	26	53	36	49	61	16	62	51	13	39	49	27	31	51	64	4	24	19	36	23	65	47	53	52	63	15	22	27	30	39	43	32	0	36	16	53	1	5	
6	40	38	40	32	69	58	51	3	37	33	58	35	34	37	37	53	24	41	34	54	43	49	42	52	26	52	52	8	38	64	27	29	66	35	0	17	15	35	55	
63	27	23	27	49	14	25	71	40	49	20	46	54	53	48	14	38	11	39	45	21	30	36	38	43	23	66	71	27	23	40	46	14	58	51	43	0	59	28	53	
49	46	42	55	4	6	64	17	42	23	18	49	2	35	11	31	44	22	4	27	21	27	55	61	25	17	39	4	46	32	47	57	33	50	4	50	52	0	6	16	
53	15	31	68	72	13	33	84	49	47	28	9	27	60	25	51	21	19	86	53	9	38	80	27	68	53	4	63	55	56	54	22	58	7	75	24	64	21	0	52	
38	1	41	20	79	49	59	64	58	47	33	73	72	68	60	26	56	46	53	6	54	55	15	16	20	41	64	81	45	39	72	55	32	12	67	66	44	13	36	0	
M7
0	54	66	46	42	80	65	57	60	68	54	69	42	74	31	53	62	1	34	15	37	82	54	59	34	72	32	73	38	72	65	38	61	15	26	62	6	6	76	15	
17	0	40	39	28	64	17	64	32	21	32	2	40	6	16	37	49	80	25	16	42	43	61	66	30	2	39	53	28	57	33	45	51	22	54	61	32	14	36	28	
53	19	0	32	23	82	35	67	34	32	48	19	2	8	75	13	51	31	36	22	44	60	44	29	25	13	67	55	30	70	3	48	53	63	71	72	49	46	38	30	
56	42	59	0	56	50	68	52	76	63	33	25	62	78	73	3	19	43	58	4	44	11	45	59	29	59	27	36	68	78	23	47	43	61	35	74	2	32	71	44	
19	51	12	46	0	59	65	6	34	17	38	38	28	40	35	70	30	34	60	54	48	59	12	13	60	68	58	17	26	14	49	5	30	41	25	67	29	13	25	14	
6	15	38	29	28	0	1	50	30	21	28	15	22	4	24	10	47	78	25	18	30	56	21	52	27	2	25	21	26	65	58	31	49	8	67	7	35	42	34	26	
41	43	39	41	27	8	0	47	31	20	44	17	7	32	21	43	52	75	24	27	27	58	44	49	9	1	22	3	14	54	55	28	12	5	66	60	6	51	62	33	
51	49	99	70	11	47	53	0	64	5	78	48	61	76	23	58	55	57	49	48	36	69	70	1	78	74	61	32	14	20	46	48	61	62	13	55	78	35	13	75	
73	30	20	60	33	39	58	16	0	21	4	69	62	76	45	73	77	68	7	58	3	91	66	8	82	47	21	37	36	42	68	70	40	66	18	2	56	45	35	5	
26	67	46	10	39	70	23	22	24	0	31	8	72	61	35	38	54	51	49	11	52	46	69	9	39	72	47	34	42	48	58	53	34	30	41	48	37	37	41	79	
71	62	69	50	34	70	56	17	57	28	0	13	51	63	46	48	26	33	51	71	54	54	55	22	51	31	49	55	37	43	69	55	68	32	36	78	43	58	36	63	
59	39	62	12	6	55	18	57	54	58	5	0	65	28	63	10	29	80	62	41	64	16	82	64	34	39	40	41	50	83	60	70	48	47	27	87	5	37	58	50	
43	17	11	54	48	4	56	34	32	32	29	17	0	6	63	50	6	49	41	18	26	58	75	41	30	34	10	49	28	44	28	42	21	62	39	72	47	44	5	28	
54	1	24	38	32	64	44	49	16	37	30	1	27	0	57	36	33	64	41	4	26	42	66	56	14	18	63	37	12	52	64	46	35	46	53	65	31	28	20	12	
64	34	83	26	52	70	91	55	70	66	34	70	10	77	0	54	65	70	42	22	88	38	46	62	56	76	68	14	49	13	74	41	70	86	74	29	53	11	26	68	
38	48	52	42	16	50	15	5	19	16	2	34	52	37	14	0	34	52	29	4	32	11	49	12	29	59	4	36	25	31	57	1	43	10	24	16	4	32	24	28	
15	14	38	52	46	27	50	45	6	34	36	15	10	4	70	50	0	74	17	18	30	4	56	4	22	32	16	29	26	5	77	60	36	60	64	61	29	22	34	3	
67	40	14	18	7	87	97	95	62	84	38	68	16	61	58	46	62	0	72	47	19	54	33	97	8	72	70	51	76	79	66	64	86	53	62	100	13	64	88	7	
89	67	44	19	68	82	80	70	67	81	64	37	21	87	44	47	63	87	0	48	50	55	32	72	47	85	45	8	29	15	67	51	85	28	79	10	35	45	67	13	
65	21	100	70	64	70	76	82	74	82	63	33	9	67	58	48	25	93	22	0	64	66	10	29	6	63	59	64	65	22	11	65	57	42	70	66	63	39	57	35	
39	37	61	73	29	41	8	30	62	8	23	49	75	38	54	44	43	18	28	52	0	40	28	37	57	66	32	45	50	29	49	38	58	38	49	68	65	47	1	21	
63	74	69	65	41	22	67	24	61	35	44	62	40	63	53	33	52	87	53	39	66	0	79	31	1	31	13	8	40	50	76	65	15	85	43	54	54	4	43	63	
67	44	93	43	37	37	49	58	71	19	36	6	66	59	33	6	60	73	40	5	95	47	0	65	48	70	71	10	78	68	68	42	45	78	35	31	36	23	29	45	
50	52	69	30	38	30	25	27	22	38	37	7	53	50	56	42	46	65	44	47	69	48	70	0	66	71	17	18	14	36	19	14	6	62	46	65	37	51	46	41	
46	54	49	41	29	29	47	46	36	30	34	4	19	43	43	39	52	58	34	48	49	45	66	53	0	11	38	70	32	72	22	7	52	27	36	35	34	63	65	34	
28	31	26	28	14	94	74	76	18	7	60	31	26	20	83	56	46	66	11	34	56	64	63	71	44	0	72	53	19	59	71	53	53	67	83	47	34	40	50	20	
71	68	91	42	31	67	2	14	48	25	5	68	81	57	43	70	75	35	69	68	56	75	14	21	54	85	0	52	34	40	66	61	81	82	33	62	35	55	33	71	
61	4	54	83	49	42	61	69	19	65	76	46	84	50	60	81	71	42	57	60	69	59	45	20	74	46	45	0	72	80	20	88	31	66	55	34	76	58	80	35	
42	7	54	44	52	50	31	55	21	37	56	36	64	39	33	55	34	30	36	3	39	57	25	43	33	49	22	75	0	9	21	3	70	17	64	25	44	6	50	30	
51	45	26	32	48	11	42	31	29	42	45	45	60	34	22	34	5	73	25	48	7	68	45	38	25	26	23	64	29	0	21	22	77	6	50	8	33	28	50	42	
58	29	40	21	38	74	37	21	67	32	49	71	33	69	50	32	19	36	7	14	44	57	73	28	72	37	14	49	24	39	0	58	15	69	34	51	48	61	40	50	
13	21	44	15	38	30	50	58	3	8	37	7	45	10	34	42	42	25	61	24	46	28	81	45	34	38	58	53	32	72	50	0	41	66	35	67	37	40	40	1	
12	47	27	55	53	67	65	45	62	45	41	22	51	36	45	51	4	67	2	5	72	63	67	52	60	64	81	44	58	51	68	50	0	64	29	23	20	71	23	49	
51	28	51	53	48	61	60	31	34	42	28	45	43	48	5	27	77	63	8	46	11	66	28	33	8	46	6	47	12	46	39	12	79	0	50	52	16	44	50	39	
32	26	43	45	31	46	28	42	35	24	55	26	3	15	50	61	58	83	28	29	11	48	24	4	39	5	72	17	36	68	77	70	57	71	0	15	51	53	45	37	
42	51	4	63	12	83	68	68	81	79	69	66	47	55	9	78	81	12	59	59	62	70	43	36	34	77	14	9	50	11	43	63	61	40	39	0	67	48	39	76	
10	70	99	44	50	30	52	54	78	47	49	19	83	67	53	42	60	35	28	66	27	60	61	61	14	82	54	56	32	65	84	60	60	37	52	44	0	7	70	75	
5	38	74	45	56	11	80	39	33	38	1	37	43	40	44	68	35	55	30	54	65	18	80	27	36	53	48	43	42	23	80	4	50	90	58	74	45	0	58	31	
14	12	71	54	19	20	55	5	42	16	47	46	67	49	34	21	18	20	12	49	47	67	57	12	55	54	53	20	25	15	24	13	33	36	24	43	63	40	0	40	
15	61	81	77	3	31	85	86	75	54	90	60	76	82	87	95	57	10	86	57	85	76	57	66	72	97	76	57	23	14	75	46	83	71	105	29	14	60	57	0	
