40  4  1
4
	0	52	1	92	2	52	3	98
	0	88	1	30	2	15	3	14
	0	73	1	53	2	85	3	5
	0	89	1	63	2	19	3	38
	0	75	1	50	2	17	3	48
	0	52	1	45	2	89	3	39
	0	84	1	11	2	100	3	71
	0	31	1	63	2	78	3	80
	0	24	1	56	2	14	3	40
	0	82	1	62	2	85	3	46
	0	16	1	43	2	76	3	90
	0	18	1	90	2	84	3	64
	0	23	1	65	2	33	3	82
	0	86	1	99	2	28	3	45
	0	20	1	3	2	32	3	65
	0	79	1	6	2	39	3	23
	0	95	1	37	2	76	3	43
	0	81	1	100	2	74	3	96
	0	83	1	15	2	59	3	54
	0	35	1	21	2	81	3	86
	0	32	1	75	2	79	3	46
	0	55	1	79	2	27	3	95
	0	96	1	24	2	38	3	68
	0	61	1	40	2	9	3	70
	0	65	1	75	2	23	3	63
	0	42	1	63	2	56	3	76
	0	21	1	36	2	60	3	64
	0	61	1	98	2	97	3	73
	0	31	1	64	2	61	3	7
	0	83	1	35	2	20	3	100
	0	63	1	63	2	42	3	36
	0	36	1	12	2	12	3	67
	0	43	1	48	2	32	3	28
	0	3	1	81	2	77	3	50
	0	34	1	64	2	50	3	13
	0	50	1	23	2	37	3	95
	0	57	1	54	2	80	3	7
	0	75	1	30	2	12	3	25
	0	28	1	94	2	13	3	49
	0	100	1	35	2	87	3	60
SSD
M0
0	43	58	66	46	66	45	51	33	83	42	45	20	73	62	29	22	54	7	34	60	18	41	51	73	57	65	43	16	71	72	65	60	57	8	27	1	71	64	65	
67	0	46	9	9	33	43	53	19	30	68	24	13	43	42	55	70	47	63	55	56	66	38	48	26	21	20	46	47	48	23	46	50	41	28	49	46	24	15	55	
55	61	0	71	45	5	31	26	70	54	31	59	42	76	75	64	67	53	72	65	23	70	35	32	32	9	53	36	72	10	65	42	26	64	65	46	49	81	57	71	
37	43	6	0	53	39	25	16	72	43	56	50	44	12	32	64	53	53	25	38	5	11	8	62	53	53	59	49	36	46	27	33	63	1	77	56	43	44	12	9	
48	35	41	51	0	8	26	3	29	47	64	38	3	64	45	54	46	10	66	22	42	40	18	58	32	57	53	25	71	7	22	56	51	48	68	60	46	22	16	48	
43	6	12	20	35	0	45	63	52	49	62	28	24	21	49	36	61	61	27	44	72	45	14	19	56	36	65	37	28	41	33	39	27	7	8	52	49	24	18	58	
67	41	26	50	33	25	0	56	43	79	36	53	37	86	34	5	25	49	33	1	33	25	28	64	27	55	73	63	11	50	55	61	29	37	28	79	68	38	48	76	
14	19	40	17	64	25	26	0	44	19	30	4	38	57	66	62	12	46	61	15	8	13	8	31	32	23	88	33	48	30	42	22	42	56	48	26	50	52	63	14	
39	64	20	41	17	41	42	68	0	45	39	20	56	24	46	42	59	72	40	24	57	23	13	5	48	39	40	18	36	46	15	31	30	34	24	23	75	61	45	85	
85	57	53	80	29	64	10	40	53	0	45	75	25	10	51	35	42	47	29	39	74	80	71	56	31	55	29	35	53	57	48	45	59	67	63	58	34	76	46	19	
62	72	43	51	64	28	35	55	37	74	0	33	69	57	70	50	43	84	25	75	36	48	45	12	44	42	48	62	25	39	45	68	2	38	76	27	20	45	49	64	
47	50	18	3	44	3	4	55	36	23	26	0	18	49	60	40	35	45	58	60	57	72	23	54	10	1	66	11	37	8	20	55	44	34	63	13	61	64	41	67	
40	9	39	47	3	55	7	41	5	74	58	34	0	38	19	62	62	36	40	19	57	46	23	34	40	40	27	47	62	55	44	53	25	34	50	52	20	56	45	61	
63	40	55	56	40	57	7	34	56	77	75	36	71	0	40	34	63	63	61	35	15	57	57	85	61	55	51	62	86	43	19	27	11	50	85	54	29	57	61	18	
47	7	9	30	27	35	36	2	68	37	19	14	50	69	0	44	23	45	1	48	41	46	41	47	1	1	77	43	50	40	52	31	37	39	25	45	55	73	50	22	
60	30	32	40	50	25	24	15	13	36	42	19	37	61	3	0	46	38	24	61	31	59	44	23	1	24	73	42	55	8	28	31	56	37	48	50	7	35	5	28	
66	62	37	9	10	22	23	74	55	42	4	1	37	14	55	23	0	54	45	36	56	57	42	11	5	20	68	30	45	20	11	37	22	53	14	32	40	4	60	84	
29	72	22	13	24	25	26	60	38	45	48	4	40	65	65	14	11	0	76	58	49	19	45	26	32	23	85	33	25	30	28	71	40	53	85	35	66	5	63	43	
54	50	38	46	43	46	23	9	2	59	42	25	40	26	25	38	42	43	0	30	48	49	39	31	46	16	3	36	9	31	26	29	33	60	39	32	31	32	60	54	
64	5	58	18	27	21	31	39	29	74	34	33	1	50	43	83	21	13	64	0	3	8	47	35	61	52	51	61	16	58	19	48	49	58	26	61	44	2	67	57	
74	6	55	16	27	52	53	48	78	72	65	31	50	51	26	48	16	16	47	83	0	42	65	65	47	47	74	40	86	57	58	13	36	73	71	62	81	54	50	47	
2	42	72	45	36	61	31	19	38	12	70	54	10	48	52	24	62	16	47	52	27	0	56	36	64	9	52	49	56	70	53	8	6	67	40	42	13	44	76	29	
62	32	49	28	63	56	61	57	40	43	71	69	44	56	51	58	1	14	55	68	78	17	0	6	63	32	37	49	34	28	60	63	14	44	27	61	25	63	12	18	
51	45	37	35	28	23	36	6	41	55	15	14	13	26	25	38	49	72	46	52	26	50	39	0	40	33	3	43	38	31	13	29	33	32	16	32	51	28	43	51	
3	11	62	52	80	10	26	4	65	28	46	39	65	3	33	46	15	71	9	50	43	43	43	15	0	33	11	46	46	13	34	37	41	69	63	40	56	56	47	49	
4	31	65	50	38	49	52	43	50	3	29	78	22	71	64	17	49	2	52	64	38	37	32	24	13	0	58	11	70	19	14	79	47	79	34	56	54	56	78	24	
61	28	30	42	48	40	12	23	61	58	29	25	33	2	1	14	41	49	22	69	58	55	54	25	22	15	0	54	14	7	2	5	9	52	46	8	34	60	63	43	
72	50	41	31	33	31	32	45	64	51	11	10	46	65	23	68	48	73	44	40	59	49	23	39	38	29	42	0	15	2	48	63	29	36	34	38	47	24	47	28	
45	45	11	56	65	61	64	14	60	47	17	49	52	54	18	42	2	38	39	48	13	40	9	45	33	39	31	57	0	42	54	19	35	52	39	46	31	45	20	59	
58	46	27	24	8	37	50	45	48	39	7	56	20	71	32	48	34	49	22	28	27	22	27	20	35	50	48	20	48	0	48	54	2	22	77	36	39	42	8	6	
59	34	36	39	45	30	49	29	47	32	25	41	19	46	7	26	50	12	9	34	49	35	40	23	28	17	69	38	50	26	0	2	37	33	52	59	32	3	1	38	
52	17	60	1	16	17	52	12	50	38	33	47	22	23	64	82	40	51	3	46	41	45	51	61	25	36	47	76	74	66	9	0	51	76	72	24	50	19	55	57	
51	27	43	56	47	56	36	10	37	50	21	35	57	26	25	38	37	49	31	56	49	3	49	49	19	5	3	58	38	31	26	29	0	66	49	32	57	40	51	55	
33	46	2	10	59	35	37	53	68	39	52	76	40	61	47	76	77	59	21	34	72	35	4	80	68	62	64	45	76	42	23	29	59	0	78	52	39	59	8	48	
51	64	20	28	64	53	3	57	66	57	29	55	38	31	45	25	59	39	39	32	63	53	22	9	54	59	23	1	58	51	41	23	26	15	0	52	39	34	26	66	
14	38	8	21	15	32	34	31	63	6	25	12	47	28	44	60	59	15	49	31	23	61	36	29	11	19	74	41	66	38	50	20	28	29	27	0	61	68	40	16	
18	44	43	30	36	30	31	46	23	37	19	9	23	55	24	67	5	23	45	65	23	60	45	47	37	28	32	15	36	35	47	58	14	38	69	40	0	57	6	46	
70	47	27	46	13	54	37	30	63	63	10	51	59	28	22	40	23	57	29	76	9	36	40	8	38	24	5	50	40	33	28	31	28	64	15	34	45	0	68	25	
40	10	9	17	23	42	34	17	32	3	50	45	4	65	11	40	41	36	28	41	56	42	11	61	32	26	54	9	40	47	22	36	23	4	42	30	3	23	0	12	
42	40	19	27	1	52	12	43	31	30	27	65	8	63	50	75	75	25	33	50	30	18	6	55	21	47	40	53	68	8	27	43	34	14	58	29	31	15	25	0	
M1
0	45	50	43	48	29	19	27	61	38	4	14	16	75	14	41	31	68	36	55	41	24	59	51	53	14	63	49	2	6	8	63	54	3	36	57	37	32	1	54	
6	0	57	50	43	10	14	8	39	16	21	40	35	52	53	22	2	47	61	63	42	27	23	13	52	18	58	67	50	13	20	31	43	48	38	33	32	27	44	49	
14	4	0	8	13	8	39	42	9	50	55	28	62	34	52	56	29	41	74	33	27	8	46	35	52	33	15	28	26	33	54	65	72	38	24	2	57	59	35	38	
18	26	70	0	50	34	67	2	1	43	27	33	21	65	19	49	11	56	41	34	59	15	24	57	67	49	53	25	31	61	72	35	50	15	59	55	31	27	62	30	
34	12	63	59	0	47	56	1	8	14	54	46	37	59	32	62	44	33	54	71	7	63	56	51	3	60	24	27	11	55	62	68	85	48	16	74	27	69	19	14	
43	31	40	59	54	0	50	9	13	32	32	21	73	18	63	3	19	20	34	39	48	22	26	26	63	41	40	57	1	62	3	44	33	35	33	26	46	19	25	48	
39	15	33	69	18	43	0	26	40	31	41	20	14	69	28	12	1	38	50	64	17	31	47	21	71	4	37	46	69	58	37	53	42	44	43	45	7	23	34	24	
35	50	58	40	32	38	50	0	32	1	45	38	23	58	24	47	5	50	29	48	56	9	21	32	72	31	58	28	48	27	72	17	33	35	33	49	59	47	62	65	
10	61	52	55	20	32	59	36	0	47	32	37	16	41	23	53	47	76	45	10	29	54	29	63	71	43	31	57	25	29	15	67	34	26	17	47	26	36	66	64	
42	30	29	27	19	50	71	16	19	0	43	3	22	2	35	2	25	19	57	51	47	21	31	25	15	23	3	6	35	61	27	4	32	22	22	69	45	20	24	51	
36	30	16	52	12	23	30	36	53	47	0	37	33	28	23	31	14	53	35	54	58	50	62	54	65	45	59	31	5	15	56	38	7	56	62	33	6	49	46	20	
39	16	45	27	19	56	53	46	1	40	35	0	31	68	51	32	20	20	67	54	41	43	10	55	61	23	45	26	30	4	54	4	44	22	19	16	46	34	26	53	
36	29	66	59	48	49	52	38	28	31	30	8	0	59	52	24	42	51	33	28	40	21	10	47	82	25	61	17	39	22	17	65	50	6	55	15	67	42	46	68	
39	61	69	29	1	45	35	43	2	32	10	44	1	0	30	38	45	19	52	47	45	47	10	23	1	36	2	44	6	47	17	17	10	35	23	51	39	46	3	55	
10	40	76	73	64	12	45	10	55	21	54	11	7	68	0	27	21	66	19	38	60	28	46	50	45	59	64	32	56	64	52	51	57	47	58	40	63	45	40	38	
34	22	43	58	50	62	66	8	22	28	57	12	73	69	71	0	17	52	82	61	39	13	29	17	54	54	31	48	66	53	19	35	24	26	25	61	37	12	16	43	
33	30	62	57	27	8	37	29	4	58	3	54	60	56	51	36	0	8	53	58	32	1	29	59	52	1	73	42	31	20	56	75	33	65	35	7	22	54	52	60	
21	26	63	51	27	23	33	21	43	32	65	22	18	32	8	38	32	0	30	1	16	39	27	57	56	48	57	18	41	19	30	58	68	58	36	17	4	27	41	6	
32	6	42	39	30	26	11	30	22	52	57	27	36	34	28	34	23	36	0	4	31	33	47	16	42	26	58	49	30	30	56	53	51	66	39	6	29	27	52	46	
16	30	66	48	5	1	51	5	50	27	60	17	13	10	3	33	27	45	25	0	56	34	22	56	51	55	36	38	47	59	49	36	63	46	14	46	69	5	46	36	
25	43	64	22	61	47	49	29	1	31	75	24	13	62	32	15	38	31	43	42	0	34	50	38	75	52	52	20	40	31	33	49	45	47	4	28	37	33	37	54	
44	63	71	17	38	34	66	12	46	30	70	24	41	43	31	61	48	12	53	12	54	0	50	37	38	50	69	28	53	27	63	31	38	31	8	29	4	38	68	46	
5	32	53	50	43	72	67	18	32	38	64	22	74	79	64	4	27	37	61	63	11	23	0	27	48	57	41	20	58	13	29	38	34	36	35	34	47	19	26	47	
20	3	64	31	39	19	43	27	32	31	5	16	24	27	14	25	33	30	25	44	31	33	50	0	62	37	62	17	26	46	42	50	50	17	56	6	54	43	47	55	
57	62	56	47	25	10	37	34	65	61	86	30	26	41	76	58	49	71	44	63	65	20	52	41	0	52	68	46	56	55	56	60	85	78	22	41	19	51	15	10	
38	2	54	51	45	42	25	40	40	48	29	47	21	31	64	39	34	53	75	92	36	19	55	45	17	0	44	74	38	45	41	30	69	48	20	14	42	44	8	16	
23	32	55	57	19	25	58	20	34	34	40	24	20	43	10	6	29	33	32	12	51	25	26	29	58	10	0	45	10	52	31	47	36	38	37	53	49	24	26	43	
25	42	60	29	9	27	16	14	21	18	8	26	22	16	12	16	28	44	34	36	44	15	33	39	12	25	29	0	37	65	28	6	46	19	21	29	34	34	38	51	
20	50	50	18	63	22	55	20	8	31	56	21	17	78	7	37	31	24	29	48	51	14	56	11	55	67	46	42	0	6	7	61	28	51	68	36	38	47	50	47	
13	64	9	2	22	37	57	41	37	3	55	53	49	46	39	51	58	28	61	15	41	9	30	21	44	41	37	43	49	0	58	22	81	10	38	31	64	6	14	37	
17	27	15	19	51	47	32	18	22	73	8	48	57	33	49	55	44	57	6	25	52	31	68	34	3	47	79	70	51	51	0	73	58	16	1	27	50	48	73	56	
44	46	67	11	3	62	77	32	3	24	27	36	73	82	63	18	32	26	51	69	36	37	15	41	45	7	29	59	19	52	43	0	48	6	48	62	30	18	40	37	
53	57	43	5	5	31	64	31	20	41	28	7	4	70	68	35	49	43	68	70	52	1	32	14	58	6	46	71	36	49	23	5	0	2	53	27	47	35	53	54	
18	37	45	29	21	25	42	23	4	34	45	24	8	59	10	35	34	38	16	35	14	3	26	47	5	25	47	24	37	50	35	6	11	0	16	37	48	36	52	51	
37	9	45	17	1	49	19	47	23	39	7	12	44	24	54	38	31	46	36	51	24	8	17	17	11	27	39	61	39	1	11	8	35	13	0	57	37	38	38	12	
3	40	58	34	10	42	14	22	3	51	44	40	37	66	27	37	4	16	49	68	2	4	21	46	63	8	62	59	1	58	31	45	47	63	68	0	32	48	23	47	
11	29	58	22	29	25	34	29	7	51	43	13	37	34	27	57	3	48	8	3	29	32	46	22	54	35	60	62	21	53	5	60	12	62	4	29	0	29	26	54	
16	55	31	24	16	62	59	45	16	37	26	49	57	46	47	31	26	10	58	49	49	32	28	52	58	20	1	59	32	65	56	1	61	11	2	44	43	0	27	1	
15	23	26	43	44	17	18	15	40	26	17	16	12	48	2	32	26	1	20	39	39	33	45	34	50	33	18	35	38	25	20	29	52	40	60	14	36	50	0	3	
36	52	70	10	55	57	26	26	60	16	61	20	47	10	42	35	38	68	43	54	42	39	7	16	48	41	72	23	47	43	60	69	65	67	66	57	44	48	42	0	
M2
0	6	11	30	28	19	28	52	33	38	38	14	10	26	40	5	37	26	5	12	32	47	61	31	23	37	51	31	38	48	28	10	28	51	57	29	46	19	27	32	
46	0	25	9	7	38	36	31	12	31	46	21	5	5	48	12	16	43	25	32	37	36	40	10	23	46	34	28	27	27	7	39	22	37	39	20	25	27	6	34	
35	52	0	42	8	48	37	51	32	32	35	5	23	38	9	15	10	44	36	26	58	35	33	52	11	67	14	48	28	37	39	49	32	47	43	62	34	45	16	30	
42	45	35	0	20	59	34	3	29	43	42	40	14	20	44	44	7	27	34	39	52	32	43	6	26	38	19	42	40	35	36	11	29	55	55	16	46	23	56	33	
35	79	49	27	0	81	12	49	73	7	55	42	50	47	60	80	53	60	25	28	78	55	73	52	31	48	59	34	3	72	48	57	53	82	18	50	9	66	51	79	
29	62	13	8	47	0	61	30	42	50	27	35	41	47	36	49	34	44	40	5	53	59	61	33	37	48	19	12	47	41	4	38	36	41	82	40	21	50	20	48	
50	19	23	43	41	60	0	56	46	65	34	48	39	37	52	46	50	64	59	27	55	34	19	44	10	12	38	61	61	38	21	48	44	27	62	23	59	31	40	68	
36	45	13	63	30	61	34	0	36	54	23	20	44	6	38	21	38	27	51	25	38	38	64	54	40	38	16	43	32	50	7	11	8	24	29	56	24	17	42	33	
48	6	41	30	26	59	55	5	0	49	48	42	26	26	46	33	24	54	46	9	12	38	14	12	32	48	36	2	3	41	1	38	18	58	60	22	4	29	27	19	
10	31	38	38	42	21	54	30	11	0	18	56	15	44	54	58	3	36	67	34	37	5	36	37	57	63	17	2	28	63	9	52	37	56	62	47	29	39	52	30	
42	45	58	51	39	43	34	53	54	56	0	6	45	28	24	54	38	27	60	29	51	25	14	54	1	38	29	58	29	58	11	11	14	69	35	29	59	23	40	15	
8	54	4	40	56	44	66	19	34	27	32	0	40	48	34	23	4	11	25	38	18	7	38	42	36	43	50	48	39	33	49	54	28	12	46	27	31	13	12	14	
33	59	39	48	21	12	50	64	52	25	46	13	0	50	48	10	67	24	63	60	33	15	46	10	30	15	16	41	41	39	40	50	24	8	14	20	47	27	53	72	
27	35	27	44	57	40	57	23	30	38	43	23	55	0	73	18	35	10	28	33	4	43	58	43	19	32	5	20	35	29	45	50	24	39	57	53	27	54	8	20	
37	65	55	1	40	38	31	23	49	25	15	36	13	31	0	43	27	47	49	51	63	52	21	26	42	47	39	54	60	2	36	31	43	38	59	26	66	19	47	2	
42	39	54	54	45	60	28	32	51	52	34	30	32	1	40	0	18	21	57	11	13	21	39	31	10	32	34	49	35	7	30	5	23	68	20	41	56	35	37	27	
43	1	30	25	23	7	50	44	25	10	58	37	21	21	64	28	0	7	25	33	3	49	7	26	39	28	50	41	23	43	23	55	30	53	55	21	22	43	22	43	
59	44	4	33	62	59	40	49	48	21	53	27	14	43	16	57	16	0	1	61	7	60	43	48	47	44	55	1	47	24	8	17	35	51	23	5	66	47	61	39	
22	45	26	38	42	33	16	60	54	19	21	20	30	31	5	34	64	24	0	70	27	28	42	51	4	37	32	38	46	39	67	42	27	52	49	6	68	3	66	39	
33	40	21	58	61	34	12	43	24	32	33	3	17	32	35	31	5	22	22	0	50	50	33	47	36	17	57	40	29	23	31	6	18	33	14	38	21	14	2	28	
22	64	43	46	23	51	48	57	74	47	26	5	34	29	28	38	46	23	54	53	0	28	59	32	4	41	32	42	15	61	13	42	7	7	8	42	49	7	53	62	
26	64	6	6	27	28	56	28	45	4	26	24	34	29	28	38	32	52	43	46	60	0	4	31	30	41	16	21	15	44	39	36	5	32	34	41	42	7	23	51	
27	24	43	47	26	66	55	56	51	9	13	13	39	44	48	51	55	38	45	30	18	14	0	14	34	50	22	62	46	43	3	36	46	59	61	24	52	31	34	43	
27	40	20	32	5	47	34	45	33	28	27	25	16	38	29	29	58	65	47	44	39	17	28	0	11	27	15	42	25	20	34	49	32	47	40	1	31	8	61	61	
31	49	34	27	15	27	38	49	61	32	1	29	39	4	33	43	42	31	57	48	36	1	32	43	0	42	5	47	35	53	40	15	29	60	50	53	41	12	40	37	
54	25	48	14	23	8	52	25	51	25	13	23	36	9	62	52	40	45	49	51	24	30	18	39	6	0	19	57	43	19	42	29	45	60	46	38	48	41	29	51	
15	43	44	10	49	51	46	2	23	64	8	52	6	49	32	49	36	47	21	46	1	54	51	35	55	29	0	39	9	64	38	31	49	47	53	45	41	52	64	20	
49	40	3	64	54	29	44	39	20	32	51	17	60	60	52	31	29	36	22	28	30	67	48	46	56	47	7	0	29	23	7	44	15	33	64	12	21	33	2	30	
23	16	50	40	38	34	25	61	43	62	23	21	31	28	25	35	29	18	14	39	53	51	71	36	27	29	55	39	0	58	24	2	20	68	16	37	56	4	37	24	
15	53	33	35	18	60	47	5	37	39	17	38	26	17	42	21	60	55	60	29	49	30	41	4	24	40	28	53	38	0	14	62	45	60	53	14	44	21	53	21	
44	44	30	36	50	43	66	43	24	41	36	5	31	39	3	9	38	66	31	33	24	36	50	50	12	35	40	40	38	32	0	50	27	42	62	10	30	25	11	37	
37	22	56	40	44	61	11	53	34	60	24	25	42	14	23	49	15	4	57	57	46	39	62	31	18	15	46	50	18	57	13	0	6	54	61	33	52	18	37	10	
27	34	53	31	56	23	84	18	61	22	25	58	14	54	75	57	57	47	63	51	38	20	30	56	49	62	60	31	62	46	40	61	0	35	23	16	62	54	43	71	
9	30	39	51	24	66	53	29	10	44	46	44	35	48	48	48	29	17	64	33	36	36	38	10	30	36	34	26	10	11	25	35	24	0	59	20	28	27	51	40	
54	47	50	7	2	19	31	25	27	26	8	49	12	46	59	55	33	53	44	13	33	30	7	21	22	49	45	43	12	50	42	37	55	43	0	31	28	38	60	22	
42	2	37	26	22	55	41	30	11	45	39	38	22	22	46	29	33	56	16	34	1	24	3	8	15	44	32	27	28	37	24	53	39	9	15	0	29	25	23	44	
57	48	21	60	40	87	69	24	68	38	28	13	68	32	27	52	4	68	45	85	64	86	64	68	79	47	49	69	59	60	70	61	42	64	61	37	0	78	68	61	
7	45	34	42	49	41	48	62	72	63	7	5	15	29	9	19	68	61	35	69	41	35	59	58	11	22	39	23	69	43	67	49	12	56	34	60	75	0	65	43	
43	29	6	53	46	19	52	28	9	17	36	2	49	45	63	16	14	45	7	13	35	55	37	32	52	56	42	25	14	8	24	29	3	18	58	42	6	49	0	15	
66	27	22	38	32	22	45	54	35	43	11	28	47	35	48	1	40	61	33	39	53	35	10	30	50	13	24	51	14	34	49	45	29	44	60	40	25	47	13	0	
M3
0	15	31	42	31	1	55	50	36	6	27	27	59	54	33	42	44	45	24	11	62	22	65	31	38	63	27	7	18	54	78	45	45	35	57	27	54	45	73	16	
33	0	59	26	59	7	62	43	9	6	20	61	54	37	40	70	21	63	67	14	33	8	44	55	35	51	58	54	25	32	68	16	51	42	64	38	62	32	72	68	
55	41	0	56	36	16	54	53	23	61	36	22	50	18	53	6	66	9	49	60	56	46	43	50	49	48	30	38	46	18	65	58	60	63	49	61	39	9	37	45	
50	51	37	0	47	13	32	46	65	71	45	58	80	57	4	48	67	43	42	17	64	70	58	12	51	55	26	80	59	60	60	50	57	42	60	63	47	17	43	52	
6	66	55	30	0	47	66	55	3	69	53	40	48	33	71	46	46	44	45	46	35	38	21	29	56	31	49	55	76	68	18	12	19	74	67	7	34	60	39	6	
40	33	13	33	13	0	16	48	16	34	12	15	50	36	24	24	15	27	21	24	56	28	36	9	29	39	48	41	9	36	69	39	5	26	48	55	25	27	54	40	
64	21	14	26	54	35	0	29	42	41	37	41	18	31	37	11	24	28	54	33	6	27	4	51	21	45	35	44	23	2	7	51	24	40	60	69	44	28	33	20	
74	58	14	36	55	35	15	0	42	34	6	41	46	24	72	25	51	28	65	55	3	4	61	10	13	17	49	52	65	26	52	31	62	45	67	9	54	24	39	50	
60	50	24	36	50	45	34	17	0	65	51	38	5	47	78	35	3	14	51	3	55	45	43	50	34	24	9	51	75	47	45	47	33	53	24	36	40	38	60	62	
32	47	26	42	21	24	27	31	3	0	28	38	48	27	21	33	46	40	22	27	35	33	22	38	53	38	24	42	54	49	45	30	32	49	24	1	11	22	40	58	
75	28	35	59	29	49	64	41	33	48	0	10	39	58	44	9	63	27	18	30	34	50	28	11	34	58	33	60	67	58	61	53	24	43	58	22	58	49	39	30	
30	45	41	20	19	22	56	32	45	61	8	0	37	25	45	31	67	42	20	67	40	67	20	36	4	36	43	37	52	17	73	4	30	49	78	54	9	35	38	26	
63	23	55	27	20	35	18	47	46	40	10	36	0	59	30	66	50	41	59	30	64	23	68	41	16	63	48	6	15	50	39	53	39	3	22	75	57	41	22	5	
6	81	76	53	81	68	62	2	19	48	25	46	6	0	49	75	62	51	55	62	85	74	76	74	62	5	3	51	48	45	43	49	15	41	32	63	77	47	18	39	
56	93	78	6	50	57	76	29	53	55	21	12	68	17	0	74	25	34	61	61	56	46	47	56	24	53	39	82	93	16	73	80	75	86	52	26	85	61	39	47	
47	57	58	27	36	39	86	51	62	50	73	14	71	42	69	0	47	39	20	39	47	34	37	21	21	31	1	56	69	40	47	45	47	62	26	62	26	41	33	16	
34	46	27	33	65	43	26	51	55	19	11	40	75	50	75	38	0	41	34	21	51	8	33	33	56	17	8	56	78	50	35	35	72	63	26	2	55	28	22	54	
47	4	5	17	36	25	55	57	27	24	4	32	60	28	44	16	2	0	14	7	26	26	24	53	53	6	40	42	43	28	53	1	8	41	32	47	26	19	47	55	
50	48	71	50	54	57	56	3	48	34	25	45	80	54	42	8	69	70	0	20	21	16	55	52	16	43	32	8	51	17	34	43	9	43	57	59	44	14	64	47	
3	59	54	16	69	34	24	36	81	39	6	25	55	53	29	65	50	7	48	0	73	81	69	20	34	62	12	41	14	47	32	33	69	5	11	27	59	30	19	6	
33	66	43	56	19	24	60	58	52	28	47	60	81	66	54	53	57	53	53	6	0	8	60	10	26	47	30	3	63	38	6	47	13	21	46	63	58	41	50	73	
80	53	20	31	61	27	75	40	10	32	21	1	39	43	22	31	43	34	60	22	46	0	38	17	27	36	54	15	7	43	39	41	29	24	46	39	61	34	62	40	
64	42	58	62	10	14	69	38	23	62	57	49	37	17	57	12	25	38	40	58	58	33	0	56	56	2	31	1	43	37	21	70	58	58	61	20	61	71	17	51	
86	53	44	32	32	65	19	98	51	40	63	71	79	52	63	55	58	58	75	2	54	75	19	0	49	63	4	26	65	49	7	71	63	78	79	49	85	57	77	86	
52	32	68	29	41	38	67	23	46	52	42	35	40	47	22	53	21	75	42	60	50	54	6	13	0	47	25	75	71	49	75	29	52	8	75	55	31	40	13	55	
4	63	53	42	37	19	4	58	60	11	61	11	50	18	78	29	37	2	20	29	21	75	6	54	63	0	23	5	67	41	54	46	37	47	33	47	27	52	56	6	
31	52	25	48	27	23	41	61	7	51	61	45	52	33	14	8	7	39	28	50	48	7	28	44	3	44	0	17	60	48	68	36	38	37	57	52	17	39	46	47	
38	42	2	27	43	23	59	14	19	37	28	20	57	25	52	13	54	16	43	47	62	12	50	10	36	3	37	0	53	25	3	43	19	1	6	63	46	16	28	43	
70	39	33	17	55	13	61	57	61	18	7	46	34	56	8	44	29	47	46	8	81	61	60	45	13	41	40	43	0	34	53	34	57	10	32	65	64	34	68	70	
23	35	55	33	12	15	42	54	21	55	3	4	47	18	60	24	36	41	13	57	33	57	13	26	59	29	24	54	45	0	49	21	23	42	29	20	2	44	31	2	
61	47	1	39	36	22	37	59	29	36	36	28	40	24	37	12	15	15	55	8	47	52	49	56	42	20	15	44	22	24	0	28	28	35	55	60	45	15	43	51	
23	7	37	33	12	15	47	25	30	27	34	31	37	18	25	3	42	16	13	18	33	29	13	2	47	29	20	9	30	53	38	0	23	23	17	12	2	36	31	31	
64	38	40	15	38	32	19	68	11	50	6	59	46	53	57	33	32	54	12	54	60	60	54	65	53	6	57	8	54	63	62	6	0	56	56	22	43	13	72	49	
10	4	10	35	14	17	69	39	27	24	38	37	29	6	58	21	39	24	11	32	35	26	15	31	28	28	4	53	43	10	17	23	25	0	64	30	4	24	26	32	
57	40	45	8	46	43	51	12	63	38	38	1	61	32	50	56	51	6	24	52	53	62	47	58	17	46	59	17	48	68	8	25	57	47	0	44	36	6	23	42	
72	40	49	33	61	29	39	15	63	34	1	34	37	51	24	23	45	54	62	24	15	5	48	61	29	9	3	59	9	50	56	19	65	26	35	0	51	50	65	23	
14	29	58	24	3	6	59	56	46	49	48	52	38	9	51	15	55	72	4	51	24	51	4	20	56	20	27	50	36	70	69	12	14	33	64	38	0	35	22	54	
26	9	39	36	15	18	20	43	32	29	43	32	50	15	31	27	44	37	16	26	22	31	16	32	15	32	39	48	48	55	31	24	26	45	18	27	5	0	34	11	
66	19	44	34	67	40	9	33	40	39	10	27	4	40	38	55	54	13	41	17	28	41	73	69	43	35	24	24	58	19	34	35	1	72	13	51	62	32	0	28	
40	27	33	42	18	44	71	12	43	47	61	48	29	56	35	16	59	41	59	47	54	49	59	60	60	14	40	9	66	56	55	54	85	15	34	69	65	47	68	0	
