40  8  1
8
	0	29	1	9	2	27	3	60	4	64	5	61	6	45	7	73
	0	30	1	85	2	11	3	95	4	60	5	46	6	98	7	75
	0	92	1	24	2	55	3	90	4	66	5	42	6	47	7	28
	0	57	1	28	2	80	3	45	4	11	5	21	6	78	7	65
	0	88	1	18	2	63	3	7	4	55	5	40	6	49	7	59
	0	70	1	74	2	42	3	16	4	39	5	85	6	18	7	60
	0	58	1	38	2	11	3	63	4	62	5	68	6	46	7	20
	0	40	1	66	2	87	3	52	4	94	5	94	6	88	7	39
	0	44	1	38	2	70	3	69	4	20	5	64	6	62	7	12
	0	72	1	26	2	74	3	57	4	12	5	53	6	97	7	76
	0	59	1	16	2	43	3	93	4	36	5	34	6	69	7	77
	0	75	1	90	2	52	3	84	4	89	5	59	6	11	7	30
	0	50	1	60	2	82	3	51	4	63	5	100	6	7	7	92
	0	31	1	59	2	82	3	34	4	49	5	42	6	72	7	42
	0	73	1	92	2	8	3	99	4	62	5	38	6	1	7	62
	0	62	1	38	2	49	3	46	4	9	5	13	6	17	7	29
	0	61	1	11	2	27	3	32	4	75	5	29	6	80	7	13
	0	1	1	80	2	87	3	92	4	53	5	5	6	98	7	77
	0	89	1	38	2	55	3	73	4	94	5	94	6	98	7	88
	0	58	1	34	2	95	3	70	4	98	5	17	6	98	7	34
	0	45	1	59	2	29	3	70	4	27	5	47	6	47	7	40
	0	93	1	85	2	55	3	99	4	61	5	59	6	52	7	3
	0	100	1	67	2	32	3	86	4	70	5	30	6	84	7	23
	0	80	1	96	2	55	3	13	4	33	5	96	6	66	7	40
	0	75	1	9	2	8	3	97	4	74	5	64	6	43	7	89
	0	79	1	57	2	100	3	53	4	42	5	88	6	33	7	44
	0	9	1	28	2	81	3	83	4	12	5	88	6	56	7	82
	0	1	1	26	2	38	3	61	4	25	5	38	6	53	7	49
	0	32	1	8	2	76	3	24	4	52	5	4	6	74	7	28
	0	83	1	72	2	77	3	75	4	96	5	35	6	56	7	23
	0	28	1	13	2	38	3	90	4	22	5	22	6	81	7	34
	0	52	1	20	2	100	3	24	4	16	5	97	6	13	7	58
	0	7	1	39	2	46	3	37	4	81	5	4	6	17	7	77
	0	93	1	93	2	88	3	16	4	59	5	13	6	60	7	66
	0	74	1	50	2	36	3	4	4	87	5	3	6	94	7	1
	0	21	1	58	2	39	3	39	4	83	5	90	6	17	7	71
	0	96	1	27	2	20	3	100	4	65	5	16	6	18	7	7
	0	50	1	70	2	83	3	51	4	99	5	95	6	3	7	3
	0	73	1	7	2	3	3	3	4	77	5	16	6	3	7	52
	0	57	1	13	2	2	3	72	4	35	5	98	6	59	7	91
SSD
M0
0	4	33	1	51	74	6	68	40	55	46	50	50	14	18	63	59	58	35	39	39	42	56	37	13	53	45	79	13	13	49	49	23	44	37	37	8	22	53	34	
50	0	67	50	37	40	38	34	40	53	53	49	31	42	21	38	46	49	1	5	7	36	67	3	32	64	33	48	43	62	15	53	63	64	3	3	19	50	30	55	
51	61	0	54	46	25	19	28	78	27	14	45	31	65	15	59	39	50	51	12	58	13	64	3	14	2	50	36	12	27	54	10	70	36	43	61	65	38	50	45	
30	55	56	0	15	49	42	44	10	43	62	57	3	57	28	20	1	56	56	61	54	34	36	57	65	38	41	51	28	11	15	64	15	59	39	21	5	53	30	2	
50	32	25	27	0	56	55	49	49	10	17	18	54	76	26	32	12	21	25	61	12	32	6	16	45	44	5	9	31	55	25	24	35	42	16	34	48	11	61	18	
51	12	47	51	49	0	27	41	80	77	46	40	35	4	44	62	42	55	2	47	49	43	18	45	27	54	40	39	14	48	49	50	70	11	45	10	39	41	37	48	
34	4	54	19	16	58	0	52	46	4	66	19	28	45	48	3	35	48	29	39	41	38	37	37	63	66	45	41	58	69	49	3	19	51	37	21	40	43	40	38	
40	12	62	11	13	25	39	0	29	35	37	26	34	39	54	27	27	1	27	41	9	31	25	45	15	26	16	47	11	30	46	37	25	54	18	45	28	36	37	56	
51	9	2	62	45	52	69	61	0	36	32	40	22	4	51	29	7	46	37	44	46	43	65	42	70	67	30	35	44	80	49	61	42	44	42	42	31	20	2	21	
36	22	28	14	11	10	40	39	18	0	34	10	64	29	18	24	4	31	17	56	33	46	22	55	47	59	15	1	41	50	10	36	45	69	8	26	48	3	43	10	
67	27	66	43	2	71	55	18	45	50	0	10	42	44	69	14	36	17	43	19	9	47	38	60	41	41	22	63	1	41	43	37	52	44	26	58	44	36	79	20	
10	38	67	40	2	56	36	35	46	61	32	0	64	53	40	33	9	75	55	73	47	17	42	29	25	35	59	59	3	27	6	20	62	5	42	42	16	55	11	37	
47	29	41	52	17	45	56	46	46	13	49	18	0	59	61	44	34	18	32	31	23	32	42	62	42	68	2	47	28	52	63	32	32	57	45	60	25	22	59	44	
16	35	69	46	56	34	51	52	52	42	44	5	57	0	56	50	49	24	2	63	32	8	48	63	48	49	8	46	9	49	51	45	38	9	51	22	19	28	8	27	
21	44	4	26	2	67	33	27	63	69	27	18	33	31	0	61	44	35	16	52	43	25	46	12	59	45	19	41	5	39	43	28	6	9	3	10	58	5	32	46	
34	28	31	35	14	66	55	45	45	5	37	13	24	18	21	0	7	17	20	13	25	16	28	61	41	15	18	4	18	51	60	11	48	42	11	29	44	6	56	13	
37	36	42	46	9	23	62	27	53	59	48	24	1	18	32	38	0	25	31	21	33	54	12	8	49	52	29	15	35	59	70	27	35	23	22	40	52	17	57	24	
59	10	60	51	55	53	37	27	27	33	35	24	32	72	61	25	25	0	25	39	7	29	23	43	23	49	14	45	9	33	44	35	44	52	43	43	26	34	70	54	
69	49	48	53	57	32	75	13	68	25	71	40	73	78	59	17	66	40	0	14	48	42	45	82	49	79	24	69	50	64	45	55	54	56	67	53	10	12	62	56	
31	12	79	61	68	58	39	31	72	1	28	38	12	6	42	59	26	57	39	0	49	45	9	26	65	25	45	74	42	7	57	3	62	28	20	45	56	65	45	14	
26	32	49	56	8	48	9	16	3	1	54	21	50	20	37	63	41	38	52	67	0	15	62	35	5	64	22	67	47	17	77	11	52	60	65	65	48	42	49	57	
33	13	24	6	41	20	37	30	12	36	4	27	35	60	14	28	1	2	28	39	10	0	25	29	26	35	17	48	12	36	7	38	47	37	46	43	16	37	50	47	
76	53	74	70	74	84	52	21	40	74	95	36	11	29	54	32	77	62	18	48	55	68	0	18	61	87	48	81	69	61	48	74	67	69	69	53	33	4	66	56	
38	30	74	43	62	77	50	24	44	85	5	38	40	12	52	38	22	52	45	65	60	42	17	0	48	76	36	71	42	30	60	35	23	21	47	63	54	56	9	50	
12	45	36	40	12	47	47	51	28	58	42	18	58	55	11	5	12	39	25	44	36	54	39	43	0	71	23	9	49	54	23	16	53	52	16	34	49	11	31	18	
25	24	40	30	26	67	37	18	41	47	49	25	37	52	7	39	19	13	3	12	21	29	37	3	37	0	28	16	6	9	47	16	10	15	23	25	40	18	52	25	
36	18	63	41	46	54	45	35	35	41	38	7	40	63	50	33	33	7	21	47	15	22	31	51	31	57	0	36	17	41	52	43	21	60	34	49	34	11	48	45	
58	40	26	30	9	76	67	55	57	48	32	8	62	66	16	22	2	29	15	64	31	44	29	71	53	61	13	0	39	63	63	47	43	82	6	24	56	1	51	8	
47	22	52	10	45	59	40	39	50	71	57	40	61	76	44	39	31	40	51	57	48	18	20	47	23	8	24	35	0	8	10	4	34	11	30	25	48	20	52	44	
74	4	42	33	7	74	21	62	59	46	4	24	52	74	32	38	18	34	24	39	21	58	8	37	58	52	29	15	44	0	49	21	59	77	22	37	53	17	22	24	
62	42	58	37	24	22	2	1	12	55	19	54	56	41	6	1	3	42	21	76	39	41	66	72	24	21	38	50	48	65	0	63	47	42	57	8	10	46	15	12	
23	36	81	28	30	3	35	45	36	15	19	25	9	50	37	45	47	25	39	49	33	27	48	9	49	62	9	54	35	59	16	0	8	78	32	52	52	15	55	39	
8	41	70	13	54	54	20	56	63	61	66	35	20	35	22	59	38	35	49	39	32	12	33	58	47	47	19	64	44	50	30	48	0	75	17	51	45	33	46	64	
31	13	13	19	65	76	56	12	66	19	32	19	5	61	49	7	27	49	30	48	50	12	69	46	53	22	52	73	45	65	26	22	33	0	46	32	62	66	59	66	
21	26	3	33	73	77	5	38	51	57	59	48	11	17	61	18	49	23	40	8	31	18	17	50	47	50	38	69	21	38	63	57	68	38	0	54	33	57	56	75	
54	13	49	59	34	68	48	10	53	50	29	25	27	58	13	33	46	25	22	48	33	12	43	46	49	41	9	43	19	59	18	35	39	62	32	0	52	29	6	52	
12	15	29	33	1	55	35	32	32	28	23	11	2	48	19	25	5	4	18	37	12	18	28	11	28	54	16	2	14	38	5	9	46	57	9	27	0	4	19	11	
72	49	54	36	37	57	39	8	49	21	60	36	21	47	44	50	30	49	43	80	1	30	57	81	7	49	41	27	55	63	54	57	71	82	15	15	42	0	42	36	
22	5	8	33	12	58	42	32	32	38	35	11	37	26	19	25	5	4	18	23	12	34	6	38	28	21	16	2	14	38	17	40	46	22	9	27	31	4	0	11	
32	54	30	40	10	78	24	65	1	1	39	47	47	19	49	65	45	62	52	21	59	31	15	14	6	74	46	42	42	16	36	23	20	35	22	62	30	44	47	0	
M1
0	17	24	1	54	49	30	3	56	42	36	51	59	40	48	21	40	15	47	39	20	34	61	16	53	35	33	41	33	19	5	10	49	61	38	40	16	8	19	42	
34	0	25	36	55	26	35	37	32	41	12	59	77	48	21	60	42	46	57	38	21	45	23	35	49	49	34	64	50	20	6	9	61	37	37	15	24	25	32	43	
28	16	0	23	32	25	21	35	46	30	36	25	28	40	15	29	35	32	44	9	38	32	42	53	10	20	24	25	27	23	37	47	31	27	52	43	20	22	19	2	
69	57	72	0	68	44	68	58	36	35	75	50	30	27	34	27	11	56	43	19	24	18	32	77	33	46	18	12	50	29	60	34	54	39	62	11	38	53	58	43	
35	23	33	30	0	53	2	47	5	46	19	32	30	24	37	39	8	41	39	18	37	1	29	43	30	27	29	8	38	25	49	30	51	44	21	28	4	33	26	9	
40	54	49	38	47	0	59	49	39	11	19	30	11	18	54	18	2	52	63	16	29	21	23	13	24	8	36	35	23	32	30	25	27	42	51	29	29	40	35	44	
39	16	4	39	44	53	0	40	14	8	48	24	27	55	43	20	63	49	13	37	7	32	24	23	36	48	14	46	20	35	53	12	36	54	27	2	26	37	47	30	
52	46	36	2	51	58	54	0	30	21	19	29	21	24	33	53	14	35	31	29	48	18	33	45	36	49	15	24	2	26	44	37	18	44	34	27	6	34	3	47	
59	43	36	45	66	33	2	4	0	46	15	64	57	34	50	56	18	57	17	19	32	44	39	60	40	52	40	28	27	31	17	18	43	12	46	37	45	54	29	43	
59	47	61	54	10	38	30	49	33	0	47	28	58	52	50	6	36	16	49	25	52	29	56	58	24	16	54	36	41	53	48	58	57	42	42	56	19	3	50	33	
80	66	64	43	67	59	42	20	4	49	0	57	61	20	19	57	14	38	29	61	54	46	28	51	36	21	43	51	30	6	59	37	33	9	62	79	41	53	61	56	
61	14	40	42	33	20	50	39	43	50	23	0	26	27	36	36	53	61	34	32	36	21	23	49	14	10	44	29	31	35	21	59	34	32	22	30	18	17	6	50	
27	53	60	37	47	65	24	39	41	33	21	50	0	2	34	16	20	25	32	21	56	19	41	47	42	48	52	46	40	14	41	43	38	46	37	8	17	44	4	48	
42	30	24	37	16	34	36	43	39	47	50	20	36	0	48	17	4	43	4	46	44	35	14	53	26	34	27	22	34	34	53	15	47	44	43	57	31	14	33	16	
37	26	25	31	19	64	39	47	5	8	18	35	59	22	0	33	45	30	29	27	54	16	11	35	47	19	21	45	8	33	50	56	24	43	25	25	40	36	1	12	
50	38	26	31	3	34	6	45	26	38	40	47	51	25	6	0	29	54	25	5	8	22	30	64	44	42	35	29	22	27	55	45	38	62	42	45	25	48	41	24	
57	41	50	25	56	34	67	36	30	44	62	54	36	5	45	32	0	45	57	47	29	33	10	55	11	24	38	26	28	19	38	12	32	29	40	64	16	46	48	31	
32	20	41	27	14	26	34	44	37	27	23	16	3	28	49	5	12	0	1	47	49	33	12	57	22	24	21	37	8	27	46	35	24	14	13	7	24	30	23	6	
63	38	19	28	16	48	30	45	24	62	9	18	20	7	36	7	36	51	0	36	36	28	30	30	53	46	35	7	49	31	77	59	46	34	55	52	38	48	43	37	
27	15	44	22	42	67	15	24	3	33	35	24	50	1	48	17	31	33	28	0	44	33	47	52	53	19	34	60	21	22	41	46	37	53	26	42	35	25	18	1	
21	47	50	31	20	43	29	10	16	43	52	61	63	47	42	50	39	45	5	12	0	39	52	46	20	33	30	35	37	13	31	16	53	4	18	43	30	19	49	47	
58	55	67	40	63	77	25	29	22	35	2	32	79	19	37	67	32	27	47	56	2	0	46	40	54	3	61	64	48	24	72	55	51	27	79	31	59	15	74	59	
34	22	29	29	11	48	31	43	7	56	42	31	59	46	49	21	37	58	50	32	46	30	0	16	25	24	44	33	37	6	48	42	53	43	38	49	1	32	25	8	
53	29	1	24	57	30	9	14	45	55	61	44	6	61	40	54	60	57	51	34	42	57	25	0	35	38	37	50	52	10	62	59	56	23	21	49	29	15	44	27	
58	21	30	31	62	14	47	16	30	27	56	46	34	25	35	54	46	50	37	32	33	13	23	40	0	4	21	6	8	32	18	42	24	9	38	63	1	40	39	55	
63	51	44	37	64	50	2	59	17	33	62	60	67	49	20	24	66	50	25	52	46	56	45	14	53	0	27	63	14	55	56	52	30	31	46	42	21	46	45	37	
59	47	45	48	68	61	79	52	49	53	29	56	78	20	42	63	59	80	40	38	5	27	22	46	51	51	0	54	60	47	50	37	58	54	19	36	20	42	12	33	
48	74	57	58	59	52	66	60	67	65	52	14	3	50	3	22	43	18	5	49	3	57	52	57	56	60	2	0	63	63	49	59	40	58	47	58	18	15	42	63	
42	36	26	15	47	48	63	54	57	11	40	56	48	27	53	43	49	53	51	49	38	38	23	66	31	44	5	46	0	33	34	61	8	49	24	47	33	24	23	52	
20	41	50	30	49	16	55	32	34	42	60	55	26	39	44	50	66	14	46	34	15	33	43	45	11	24	41	15	28	0	34	10	44	29	38	58	21	2	48	63	
29	19	6	39	36	55	16	32	59	60	56	47	58	32	30	54	39	27	48	39	2	54	45	30	40	42	15	55	51	1	0	48	58	52	62	56	50	24	39	24	
48	18	50	7	48	46	68	8	47	12	30	56	65	57	35	44	46	54	51	42	36	45	55	52	23	36	53	38	40	3	40	0	56	41	8	46	33	41	43	33	
44	3	21	24	51	6	31	47	21	56	58	9	44	42	45	24	44	42	48	54	5	39	37	45	55	43	30	64	39	16	2	63	0	67	40	9	35	2	41	25	
41	41	2	21	16	51	13	53	19	38	53	28	54	54	12	15	42	10	64	35	45	9	50	3	36	42	32	35	19	44	30	60	35	0	25	53	32	3	45	28	
2	4	35	12	8	24	28	14	31	21	45	30	44	11	45	23	34	26	21	42	31	23	9	27	1	14	31	16	18	30	16	21	34	19	0	1	11	6	30	20	
61	44	9	43	65	58	54	60	44	30	24	58	59	28	37	58	54	21	24	33	20	22	19	50	43	31	53	52	60	42	70	32	45	49	40	0	35	4	7	35	
43	35	76	17	68	63	53	42	41	46	33	62	51	34	52	55	18	67	50	4	18	37	39	12	40	34	63	55	57	37	57	14	61	58	10	36	0	60	22	39	
9	19	40	19	46	24	45	21	32	37	20	10	11	32	45	35	50	33	47	42	38	23	33	12	1	14	31	16	18	2	23	28	9	19	48	43	11	0	19	5	
49	50	61	29	75	85	68	46	30	67	10	45	59	14	23	44	40	64	21	19	54	8	54	36	62	47	61	66	48	28	63	63	43	35	26	17	32	39	0	37	
13	1	30	8	58	53	52	25	32	35	21	10	65	25	34	17	47	37	29	28	30	19	47	38	55	5	29	48	16	8	27	32	32	46	37	28	38	11	4	0	
M2
0	43	2	14	38	34	64	33	39	40	32	46	37	63	18	52	6	16	43	52	46	33	33	14	24	4	37	53	69	30	51	1	15	27	42	38	56	46	38	48	
3	0	32	44	55	48	54	57	27	48	22	39	60	60	48	33	29	46	12	40	36	49	21	11	12	34	23	65	42	50	49	30	5	6	24	36	37	21	68	52	
35	21	0	2	34	49	36	2	22	31	28	17	21	6	14	28	27	50	44	51	19	10	37	17	44	9	33	24	40	26	22	29	37	6	28	28	69	31	9	4	
1	38	30	0	44	14	49	25	9	39	57	23	32	72	46	40	1	44	60	63	53	8	44	28	35	32	64	9	64	10	51	29	43	50	53	39	84	41	66	38	
67	53	64	68	0	6	45	31	14	33	22	9	23	53	16	48	36	54	23	18	16	12	20	19	52	3	35	49	10	28	47	50	65	57	30	36	33	2	41	6	
43	48	32	40	11	0	17	61	48	59	45	41	53	27	46	39	63	47	14	54	34	42	19	30	58	6	39	1	37	58	38	57	49	45	60	38	45	53	55	36	
53	39	25	12	61	8	0	62	31	36	23	13	54	12	47	21	35	40	18	50	6	43	39	40	30	22	11	42	14	50	10	41	53	43	48	46	62	31	27	37	
45	31	59	65	44	51	53	0	3	41	38	31	31	76	24	75	43	8	40	10	21	20	18	25	15	47	43	36	65	21	38	56	25	47	33	35	16	41	56	14	
17	3	46	54	63	52	65	58	0	62	36	53	72	3	43	47	43	60	26	44	50	11	35	9	26	41	37	39	12	44	4	44	16	9	38	50	51	14	47	57	
69	55	52	39	62	22	16	49	11	0	23	25	38	12	74	48	50	37	45	75	33	70	13	58	48	6	38	65	41	51	35	40	67	70	49	35	54	36	54	64	
34	20	14	58	45	54	35	29	33	36	0	16	32	46	25	27	26	7	27	23	30	21	48	28	43	22	43	23	39	37	21	28	33	24	23	27	3	16	8	15	
38	24	35	55	33	33	39	35	40	49	46	0	39	61	32	31	30	46	35	45	37	28	24	35	47	60	22	27	43	44	5	32	40	28	46	31	11	15	12	22	
76	65	2	13	41	53	50	36	29	38	7	30	0	30	21	72	45	57	13	11	26	17	40	24	31	49	27	59	1	33	51	52	51	36	7	41	19	38	53	11	
36	23	34	31	54	20	8	38	36	12	18	32	42	0	34	31	11	59	11	49	25	11	10	31	21	35	30	61	33	3	29	60	39	40	39	43	30	44	46	33	
60	53	63	67	12	50	44	7	43	14	6	55	39	52	0	62	16	56	57	56	20	21	15	38	28	20	11	32	69	4	46	26	50	34	46	12	52	49	57	64	
63	54	47	34	61	30	11	40	18	56	45	35	4	34	60	0	57	36	33	44	28	16	24	16	16	44	33	16	10	46	18	63	12	41	34	15	31	53	49	57	
24	10	53	28	16	51	51	58	22	47	43	34	4	74	47	19	0	67	33	35	53	33	16	17	7	39	44	29	56	45	23	37	23	22	25	31	57	13	66	53	
26	55	19	46	60	7	64	47	65	10	36	5	1	5	54	64	18	0	3	43	74	17	53	60	50	55	66	50	70	62	28	48	15	10	29	74	68	46	69	64	
21	38	33	57	14	53	34	7	18	36	33	13	26	47	19	45	43	57	0	2	24	15	42	22	55	35	38	26	57	4	39	46	54	42	33	33	35	36	26	9	
34	62	10	49	30	45	26	11	22	64	25	3	54	49	47	58	33	66	30	0	43	6	16	9	38	59	48	61	51	42	39	3	2	36	56	62	6	31	64	37	
36	22	33	49	49	1	37	36	23	1	6	18	21	60	29	29	28	44	38	49	0	26	7	31	21	49	26	25	41	41	23	6	38	26	39	20	27	15	10	20	
30	46	46	18	48	30	11	12	12	50	42	35	27	26	28	43	51	45	31	21	28	0	18	57	52	37	1	49	1	40	32	32	35	50	68	26	40	7	34	44	
33	19	29	26	46	22	3	57	29	40	37	27	33	26	42	35	36	26	10	42	20	35	0	24	14	32	17	52	28	45	24	55	22	36	19	38	9	2	37	32	
17	3	11	1	55	62	64	50	38	52	36	35	42	60	35	47	39	60	6	4	40	4	35	0	26	45	14	61	56	36	63	44	19	20	36	50	51	29	67	25	
40	35	43	56	51	55	36	43	7	32	62	19	49	59	48	68	50	59	41	20	38	44	1	2	0	24	44	85	61	30	54	68	36	52	10	16	42	35	70	38	
20	6	49	61	56	3	56	66	3	65	39	39	55	5	51	50	24	46	29	57	52	33	38	20	29	0	40	22	8	49	37	39	22	23	41	9	54	38	31	41	
54	68	25	75	36	29	52	31	8	38	30	70	63	57	16	12	40	57	30	23	44	45	17	52	52	38	0	47	34	28	70	50	46	17	68	36	58	2	62	72	
46	57	6	55	33	13	42	28	21	20	27	10	20	37	13	23	37	51	57	38	12	9	29	5	20	9	32	0	19	25	44	47	60	44	27	31	48	30	45	3	
52	38	46	56	13	33	61	27	50	1	26	60	32	60	12	47	1	13	27	47	40	24	26	45	35	40	31	52	0	24	48	46	28	27	4	14	67	41	77	62	
15	1	44	2	20	45	38	30	39	57	34	40	18	57	51	17	41	42	24	52	27	37	33	23	24	29	35	36	54	0	59	18	17	18	36	48	49	33	55	41	
14	17	8	12	45	10	32	40	33	42	10	13	32	55	25	24	23	46	27	2	30	21	9	21	40	20	41	20	36	2	0	25	5	21	39	24	32	34	5	15	
11	35	13	52	53	9	40	22	21	46	57	31	50	26	43	42	41	9	55	34	48	39	15	16	6	38	58	3	1	44	36	0	15	39	12	30	46	49	23	33	
39	41	26	26	19	22	3	6	45	50	37	27	10	23	50	35	36	54	6	13	20	9	51	37	44	33	5	56	28	44	4	55	0	40	62	15	9	25	41	40	
54	55	49	57	1	45	70	18	55	64	14	51	36	81	47	50	24	64	30	47	52	37	54	33	58	44	66	23	74	42	7	63	38	0	61	62	6	28	43	37	
60	48	6	58	5	10	69	63	11	3	55	20	42	20	52	57	11	52	63	48	22	25	54	55	45	58	21	53	47	40	8	57	45	36	0	69	46	33	51	42	
9	15	38	31	57	8	8	27	37	34	39	30	35	31	54	40	20	52	37	50	4	31	31	32	22	22	21	51	25	1	23	37	31	32	39	0	15	47	40	46	
49	44	23	62	41	56	50	36	29	38	17	43	28	55	21	53	7	40	4	53	26	11	42	8	41	49	40	35	62	16	13	55	12	11	35	39	0	38	53	11	
60	46	16	59	48	55	36	67	3	12	63	44	25	59	52	68	37	54	43	45	53	15	1	27	17	7	19	63	61	55	57	86	55	63	35	41	42	0	70	63	
23	9	20	47	37	43	24	32	25	34	31	5	24	47	17	16	15	38	32	50	22	13	40	20	32	45	33	12	28	29	10	17	25	13	31	16	57	26	0	7	
66	52	63	60	28	43	37	23	16	25	22	30	15	60	8	59	32	46	52	70	13	4	31	11	44	36	27	46	49	20	39	42	66	50	22	28	68	25	40	0	
M3
0	28	34	32	31	6	21	49	40	22	47	60	1	1	46	29	39	43	58	31	6	37	57	29	52	51	17	42	41	25	44	43	62	35	35	10	15	12	53	33	
26	0	40	27	33	12	34	52	12	38	11	32	44	21	14	22	10	38	1	34	17	43	27	12	24	23	60	10	36	21	5	30	32	41	7	52	30	45	23	42	
44	64	0	70	41	61	40	70	49	7	32	85	18	60	27	29	70	59	74	35	50	63	65	69	34	28	83	20	29	11	38	39	61	41	64	52	78	39	67	70	
53	46	36	0	19	57	27	51	35	17	14	41	46	42	81	63	39	15	52	37	28	41	49	39	56	16	56	30	21	48	71	66	7	40	34	6	57	17	45	9	
35	37	21	42	0	49	1	25	26	58	33	59	52	16	59	57	22	42	26	40	2	15	23	39	32	50	75	4	66	48	49	62	28	22	34	76	57	36	19	53	
12	18	12	10	9	0	17	27	18	43	46	55	16	32	26	7	17	54	42	51	18	15	39	43	30	54	32	20	61	3	22	57	44	13	38	44	44	30	35	64	
59	62	46	25	18	31	0	4	51	63	56	81	46	41	39	47	47	24	24	45	27	40	34	60	8	41	23	29	83	50	22	58	53	39	59	18	42	56	44	57	
45	32	42	43	36	17	5	0	49	7	39	25	49	59	25	40	11	47	46	62	6	48	61	21	46	61	65	47	55	36	16	48	51	46	55	50	39	9	57	51	
25	37	31	29	28	3	36	36	0	53	24	32	35	51	16	26	36	58	44	45	14	30	41	32	24	10	44	31	18	22	2	59	46	7	57	30	50	24	37	53	
46	39	59	6	41	46	37	50	32	0	34	52	66	19	59	22	26	46	13	59	27	5	14	20	38	24	33	30	67	41	64	47	58	21	27	4	21	38	51	21	
33	26	53	2	48	25	41	44	19	42	0	1	53	28	67	39	29	45	39	51	43	56	40	19	40	30	51	3	54	28	35	13	54	54	14	50	37	52	47	49	
41	55	37	61	74	52	14	69	48	70	48	0	17	13	51	28	74	32	22	33	56	6	10	46	65	35	62	85	76	33	17	18	25	63	43	15	57	71	52	50	
53	8	30	4	58	54	61	69	39	2	11	59	0	30	36	15	61	55	6	25	57	34	58	29	65	3	62	53	70	25	55	20	56	48	34	55	47	47	54	7	
36	15	83	68	80	55	16	24	64	66	20	55	84	0	23	52	83	23	68	39	35	67	71	64	27	31	77	59	77	73	62	80	50	56	59	64	74	73	67	3	
15	40	37	57	51	40	50	20	33	56	40	53	67	42	0	12	52	48	6	51	50	16	31	22	30	44	56	37	69	42	33	49	44	13	28	59	40	30	43	31	
78	51	64	48	36	60	19	60	55	78	62	65	25	49	59	0	21	1	27	9	31	51	66	66	42	76	76	47	46	43	21	61	66	36	68	26	13	53	62	13	
44	45	16	4	2	31	10	33	35	47	9	58	42	25	16	54	0	41	25	49	11	24	32	34	11	49	30	13	12	47	43	8	13	31	33	55	47	45	28	53	
19	24	71	12	43	43	6	57	17	2	6	37	38	26	83	41	43	0	50	9	45	59	38	17	32	28	27	54	64	26	5	44	55	54	12	45	35	50	46	41	
42	44	39	20	40	35	35	61	37	54	40	41	40	46	40	58	52	17	0	20	45	41	20	37	39	48	51	51	44	29	42	7	1	41	32	22	46	21	26	41	
43	39	47	23	36	19	44	62	53	28	45	41	51	59	61	42	52	45	7	0	45	50	48	51	9	41	67	30	81	13	6	30	53	48	55	64	69	42	44	27	
21	45	41	26	25	13	33	56	42	10	31	11	45	48	24	27	43	32	11	19	0	2	31	35	40	64	61	24	82	22	45	62	36	42	48	40	53	59	27	65	
20	56	56	76	71	53	41	33	6	39	58	59	47	30	14	68	70	69	13	58	8	0	17	49	24	9	62	12	47	58	54	19	8	48	44	60	44	55	53	48	
44	46	9	19	2	47	10	34	23	67	33	68	45	25	54	66	9	51	35	2	11	24	0	38	37	24	71	6	49	7	58	49	37	20	43	48	28	37	28	62	
39	33	41	39	16	13	24	27	26	35	5	20	45	35	55	36	45	13	30	44	15	29	27	0	36	37	58	27	34	10	48	14	32	42	21	27	5	20	23	17	
35	34	6	18	66	54	64	40	57	80	63	65	72	14	71	76	32	31	56	1	28	7	53	59	0	18	6	77	72	33	22	29	58	83	54	18	20	58	49	38	
42	35	56	34	33	30	41	44	28	52	22	27	2	37	56	6	8	30	47	61	2	46	44	4	51	0	6	44	51	15	60	31	49	59	23	44	22	37	40	34	
45	49	11	45	39	36	47	50	44	19	8	42	6	44	17	59	42	36	8	52	38	52	35	10	43	55	0	15	57	33	42	14	30	65	39	14	28	8	31	3	
9	23	55	28	39	27	47	40	6	40	19	29	53	19	45	16	60	28	12	26	18	37	9	28	5	50	61	0	5	45	35	26	14	42	36	31	1	59	5	26	
40	11	38	38	10	12	18	42	43	11	12	66	44	33	54	35	39	53	43	49	3	32	40	44	30	33	60	21	0	28	50	35	45	13	41	72	27	30	36	17	
68	1	8	36	47	40	40	72	39	78	17	74	72	34	18	24	60	71	66	42	46	69	45	56	73	73	76	17	43	0	47	32	69	69	57	40	71	69	60	71	
47	49	37	54	44	63	34	28	35	26	45	67	62	55	55	69	54	54	38	28	53	46	24	47	39	32	2	55	30	56	0	29	33	67	42	42	65	19	31	46	
16	13	38	33	35	10	27	45	6	32	24	26	40	15	50	30	32	32	17	31	14	41	14	6	23	17	20	46	53	15	11	0	19	39	1	46	15	39	10	25	
30	32	45	37	42	17	38	32	50	54	28	21	2	40	54	40	37	24	21	13	51	26	10	23	12	23	17	27	41	36	44	50	0	3	47	43	24	10	14	3	
30	32	32	37	36	11	44	13	45	35	18	51	43	55	53	34	44	37	21	22	45	7	18	18	1	57	57	8	53	30	44	45	23	0	41	58	36	1	14	37	
15	8	55	53	30	27	23	41	1	27	19	21	35	10	67	25	27	27	34	51	29	43	22	1	43	12	71	41	48	10	33	28	39	38	0	41	19	34	30	31	
46	41	16	7	20	60	17	52	34	60	8	54	68	40	68	52	20	44	45	60	29	9	38	34	49	45	11	31	43	43	64	32	48	49	29	0	16	17	39	61	
9	14	55	53	51	30	59	36	62	47	41	16	49	70	65	53	17	22	44	44	60	30	41	37	1	70	47	31	52	37	45	32	10	7	57	77	0	24	37	50	
30	33	30	20	27	2	28	12	26	37	53	73	10	11	44	2	12	49	10	11	36	22	42	61	43	52	50	27	29	21	40	52	57	31	56	62	61	0	53	7	
13	15	61	20	39	33	47	32	64	73	11	38	45	39	37	35	66	20	4	18	48	39	1	25	10	58	53	42	62	37	27	52	6	46	59	54	43	53	0	46	
28	45	57	65	44	46	52	17	54	45	46	17	10	67	49	36	66	36	64	7	37	50	51	28	19	5	30	51	10	18	2	52	66	27	62	58	46	32	57	0	
M4
0	61	57	56	17	25	58	26	38	57	18	50	57	10	35	43	56	27	62	19	38	54	26	53	43	21	21	12	48	22	60	40	31	62	35	43	52	44	9	51	
34	0	84	57	63	68	69	27	46	88	91	68	52	76	78	57	49	67	92	61	75	27	31	83	48	54	79	72	66	78	74	74	10	18	43	67	59	37	21	76	
57	52	0	72	40	6	42	52	54	25	30	50	10	54	35	58	75	2	61	65	38	51	10	53	12	43	21	44	38	46	72	49	23	66	84	12	18	72	56	66	
51	25	72	0	18	18	1	41	44	74	53	34	46	26	13	7	29	27	42	28	7	55	36	52	32	50	25	27	38	52	43	53	49	26	73	17	45	29	18	67	
52	64	74	61	0	29	54	14	25	71	51	37	72	42	23	46	14	8	10	44	26	42	55	4	31	29	9	59	42	57	62	37	37	35	26	27	36	6	43	45	
67	8	52	27	43	0	22	21	55	26	13	17	46	11	4	45	36	43	30	20	32	48	42	19	34	12	15	59	10	37	55	43	53	21	67	55	50	64	50	60	
3	42	47	50	49	40	0	58	44	15	8	35	35	57	7	38	13	58	49	67	55	41	10	70	28	12	72	24	28	53	50	46	48	11	80	48	53	32	76	55	
68	12	11	6	2	28	18	0	9	21	59	32	41	43	30	24	33	37	38	38	24	47	26	46	49	62	42	44	34	31	45	7	18	37	75	28	57	34	35	46	
53	56	68	69	30	9	19	47	0	70	39	65	40	37	52	70	15	33	32	9	37	73	56	36	40	60	40	25	27	12	17	53	79	28	47	35	69	43	55	78	
58	15	65	78	66	25	5	31	17	0	26	63	8	52	22	63	52	43	69	46	59	14	66	63	63	51	45	62	1	49	36	51	66	64	66	41	56	43	75	79	
58	26	3	40	19	19	23	36	28	59	0	1	3	27	29	8	28	28	43	35	14	34	4	41	1	31	57	35	67	41	6	2	4	27	36	18	38	29	32	67	
54	13	66	63	24	50	53	44	25	39	59	0	58	13	52	72	25	74	40	43	63	65	55	6	52	64	77	32	44	57	14	60	6	42	44	63	49	62	45	37	
66	30	46	26	23	23	15	46	38	9	47	39	0	16	33	12	34	32	32	23	39	35	57	63	69	60	53	64	17	32	57	34	14	31	72	9	50	34	53	30	
24	47	52	38	38	32	20	25	63	74	74	47	58	0	43	56	37	40	57	37	40	71	81	13	59	71	38	9	40	38	29	11	48	41	7	10	5	38	41	30	
1	38	43	58	36	23	41	36	39	44	68	53	15	39	0	26	17	32	51	3	25	22	69	41	53	65	50	28	57	5	23	2	62	32	53	17	23	29	32	37	
71	9	68	23	2	2	6	25	36	67	54	18	30	10	12	0	13	11	26	61	41	60	70	60	62	39	40	60	50	36	68	43	66	10	66	1	29	13	52	85	
56	21	55	35	14	14	18	34	23	4	16	30	24	22	15	3	0	23	22	33	18	30	30	33	23	5	1	51	17	46	4	29	56	22	31	13	28	25	36	46	
59	4	41	39	14	1	22	41	39	10	12	34	30	26	5	7	29	0	42	37	43	36	52	51	13	10	26	55	23	52	23	12	52	26	47	17	45	22	42	27	
28	13	61	46	14	45	35	56	48	70	22	37	49	13	22	45	53	36	0	32	25	12	21	10	30	51	8	5	32	20	26	33	54	54	1	36	4	40	43	11	
56	6	28	46	5	35	58	7	35	72	73	13	77	65	42	46	15	33	47	0	33	48	11	8	3	31	38	2	38	2	43	30	44	60	73	33	46	38	47	82	
74	45	58	33	13	47	45	52	18	75	19	53	49	36	48	51	30	33	21	47	0	75	59	72	56	39	56	6	60	35	22	34	59	19	52	37	42	61	46	83	
30	72	3	56	31	25	49	85	63	86	77	25	41	74	68	55	77	71	22	84	49	0	23	79	77	26	79	56	70	73	74	74	6	68	40	53	59	62	85	32	
47	32	70	33	35	35	18	58	69	58	46	51	49	43	35	24	46	37	59	15	51	6	0	67	23	9	43	70	64	16	30	71	17	43	60	34	1	28	26	11	
15	47	72	82	76	57	17	60	57	76	33	69	52	73	14	77	11	68	80	36	57	73	55	0	13	25	40	90	5	34	68	42	22	43	83	38	26	25	6	85	
13	30	80	44	23	23	27	46	24	69	61	39	12	14	33	12	19	32	12	37	53	27	10	68	0	13	36	41	8	56	16	55	40	31	44	22	19	34	57	19	
58	21	71	73	34	54	35	26	25	18	42	50	38	38	35	58	60	49	77	35	29	44	68	16	39	0	21	47	31	57	6	43	39	5	36	64	71	54	42	66	
65	43	57	40	35	36	40	59	50	50	30	17	63	21	2	25	42	16	53	38	5	21	70	20	10	31	0	38	58	67	54	16	70	44	77	35	38	43	23	33	
81	25	44	19	4	24	31	71	51	47	50	22	50	40	39	37	29	33	47	58	6	58	66	46	47	68	25	0	60	4	55	3	79	33	85	6	19	30	33	70	
5	29	76	72	41	61	34	3	67	64	56	39	46	43	5	55	47	32	39	40	32	71	24	10	23	19	47	34	0	31	11	41	62	39	41	62	63	2	49	72	
54	44	13	27	32	34	36	9	5	19	22	50	18	12	49	45	40	58	57	31	45	45	62	32	59	35	63	50	32	0	2	50	62	30	32	40	1	9	34	63	
30	54	43	68	8	47	48	8	60	31	23	26	35	10	39	36	34	56	62	7	70	38	63	67	43	70	64	46	44	68	0	26	63	6	8	46	64	26	19	39	
91	20	25	71	18	5	66	65	84	55	57	46	31	21	45	74	10	14	74	64	76	68	68	63	52	56	59	79	54	81	69	0	77	14	73	5	34	11	14	61	
15	22	1	36	15	4	19	38	49	28	56	31	43	18	3	4	26	24	35	38	40	54	30	21	23	52	23	73	20	39	29	51	0	23	10	14	42	16	58	67	
37	18	7	15	44	37	6	35	70	64	22	38	54	1	39	33	15	46	63	9	33	78	4	36	49	53	51	50	19	78	64	16	54	0	57	5	55	3	44	16	
36	68	31	37	45	42	13	45	13	43	58	46	14	47	11	54	44	12	60	9	34	25	51	49	39	58	17	58	56	45	15	45	66	43	0	61	46	2	13	8	
9	38	50	2	31	31	14	21	57	75	55	47	15	18	26	20	2	40	44	34	20	66	47	65	45	34	38	40	51	65	22	45	46	23	30	0	58	42	31	60	
63	32	66	46	25	11	29	48	59	56	45	41	34	33	1	14	36	11	49	42	61	82	36	28	71	32	60	30	60	35	70	25	23	33	44	24	0	32	33	63	
53	56	94	22	51	51	14	70	58	29	60	67	49	1	46	40	49	13	39	33	40	55	41	5	51	16	44	31	41	38	58	59	60	54	57	50	10	0	43	28	
52	23	67	75	18	42	38	64	43	21	59	53	41	35	51	75	48	15	83	10	58	47	64	4	50	11	45	53	34	71	59	73	11	1	15	6	63	62	0	76	
1	68	75	63	53	42	75	74	71	74	52	31	3	56	17	71	23	11	38	57	26	27	16	44	77	44	61	24	47	53	47	34	23	51	34	40	27	34	64	0	
M5
0	3	36	6	35	50	38	37	9	46	9	48	56	59	53	29	64	51	53	38	64	7	64	49	57	55	56	39	51	39	29	51	49	45	64	44	36	52	56	57	
42	0	48	30	44	30	22	42	47	1	22	15	50	45	4	16	37	35	4	48	15	32	43	28	47	32	43	6	2	20	9	2	36	36	23	37	30	30	36	26	
31	30	0	1	39	27	9	32	33	17	21	14	49	44	28	23	27	50	26	7	47	15	15	30	51	22	33	4	1	19	8	52	43	44	13	33	29	29	3	44	
9	43	9	0	17	62	13	10	66	59	57	45	36	49	64	52	74	75	39	43	51	40	44	70	30	32	60	45	37	12	44	63	61	45	64	72	16	65	54	36	
41	40	27	66	0	5	32	34	44	34	47	7	22	44	55	21	62	48	45	32	28	41	41	72	10	57	39	43	47	14	8	46	41	24	48	44	17	8	14	45	
39	16	37	18	56	0	40	30	31	17	40	33	2	35	47	42	18	61	31	49	64	51	39	16	27	46	24	55	20	38	6	40	55	10	68	31	48	23	33	63	
33	53	42	58	44	47	0	19	26	14	50	3	22	62	52	35	28	46	48	3	46	26	30	13	53	6	29	3	30	34	37	61	55	37	48	58	2	7	64	40	
44	55	13	42	58	71	26	0	5	48	46	33	24	15	59	33	4	57	31	17	28	28	26	22	52	27	43	33	42	36	48	63	53	39	18	51	4	37	51	53	
40	7	40	10	48	33	39	12	0	8	45	42	9	39	47	28	63	40	57	18	41	9	8	61	16	47	40	41	32	2	24	45	33	71	50	32	47	35	51	41	
1	16	1	44	54	31	15	34	17	0	26	32	48	14	16	60	56	17	8	50	44	16	11	66	19	2	33	21	44	22	51	8	26	48	50	36	28	34	45	30	
38	67	15	15	33	12	49	46	34	18	0	35	18	60	44	30	42	20	41	42	78	27	28	6	47	26	45	52	56	45	62	65	50	51	28	21	31	9	60	23	
50	44	37	36	49	49	32	27	26	49	27	0	16	52	56	40	26	58	6	8	18	30	38	47	70	21	11	4	44	42	50	57	42	44	12	55	10	40	31	45	
53	49	36	46	39	16	35	30	16	48	43	17	0	22	26	45	42	2	49	40	4	25	27	54	31	45	19	37	23	19	30	41	12	33	36	21	13	8	57	20	
31	51	46	45	25	49	6	27	30	9	23	1	36	0	44	53	35	35	34	21	60	30	25	61	62	30	37	44	53	37	43	8	30	35	21	33	41	52	3	38	
40	26	37	32	50	14	41	41	27	46	22	17	23	30	0	44	24	13	31	51	6	40	38	50	5	52	25	48	62	33	54	74	64	10	72	32	24	30	49	71	
27	58	20	41	51	28	33	13	22	43	13	6	45	17	21	0	37	14	44	48	35	20	39	47	43	40	14	9	13	14	20	57	7	45	31	10	25	31	47	15	
43	22	8	37	55	54	22	15	44	15	29	22	23	23	36	31	0	40	16	14	60	4	31	45	52	43	40	11	9	27	16	64	51	38	59	18	3	4	43	51	
46	42	29	68	32	9	28	23	9	62	66	10	26	51	61	60	54	0	47	33	59	30	20	69	24	62	20	30	46	20	37	57	62	26	62	14	6	12	57	53	
15	2	47	52	70	49	43	10	56	49	3	36	55	26	52	46	43	57	0	48	13	64	65	43	47	9	55	28	50	6	16	50	65	51	65	58	63	46	43	60	
55	62	48	52	24	47	31	20	13	24	38	34	46	45	37	15	38	33	28	0	48	27	51	40	62	12	9	6	36	42	43	56	35	46	28	38	44	50	61	20	
24	55	29	46	50	31	26	21	14	61	42	32	24	37	9	44	36	17	9	31	0	11	32	43	46	31	34	21	22	15	29	39	27	39	22	36	4	17	55	35	
44	11	37	29	67	52	6	23	9	43	24	17	26	47	11	22	49	38	61	33	55	0	34	40	38	62	49	18	4	22	11	59	42	41	66	39	6	32	38	50	
7	28	37	36	55	32	1	35	32	37	63	33	10	34	17	64	26	18	25	41	47	37	0	53	18	21	31	53	44	31	43	7	24	44	12	37	29	31	32	3	
50	4	30	20	58	22	26	23	40	41	48	41	68	52	7	22	33	49	35	41	51	30	72	0	1	30	40	40	41	49	18	52	42	55	66	42	57	66	23	50	
13	47	28	15	50	42	38	34	40	56	14	30	37	57	5	40	17	55	16	44	49	41	7	44	0	12	15	46	18	36	25	44	52	32	3	53	17	32	36	15	
1	65	43	48	56	2	50	41	71	86	67	60	21	35	75	41	63	63	81	65	25	30	42	51	61	0	35	58	64	55	51	20	61	80	84	17	45	22	78	37	
1	46	27	10	48	13	22	37	34	45	53	45	10	40	47	42	16	31	15	10	8	44	29	18	11	11	0	33	34	3	41	54	51	34	2	50	20	2	25	37	
20	18	4	44	12	7	36	31	23	8	39	29	34	27	31	36	47	40	10	4	11	30	28	55	51	33	14	0	33	24	8	20	17	2	41	30	14	24	35	24	
36	41	46	24	62	59	16	41	47	35	16	9	44	39	23	18	52	45	59	48	53	48	37	32	46	71	45	31	0	14	3	65	38	59	62	31	24	24	30	46	
31	58	19	59	48	42	23	12	37	18	31	24	42	2	39	5	55	28	24	7	4	32	50	61	6	36	32	27	31	0	19	16	25	42	49	28	22	23	46	29	
11	35	42	56	46	52	23	44	22	25	71	23	47	14	41	50	43	38	34	23	49	32	63	63	21	52	34	46	55	10	0	61	27	47	51	35	49	42	5	35	
21	54	6	42	40	1	54	46	56	41	28	42	53	29	33	23	3	42	24	46	49	32	49	53	67	31	26	43	41	26	48	0	19	43	22	32	35	36	51	27	
69	64	25	44	56	33	52	25	33	32	69	32	50	6	10	43	26	19	33	45	26	9	44	46	44	29	3	44	52	3	40	47	0	50	20	9	30	36	49	4	
50	3	14	29	67	26	47	32	8	23	47	14	56	12	53	21	71	38	8	28	41	54	16	47	45	29	2	43	47	48	38	51	41	0	58	43	49	55	57	49	
51	41	22	21	59	68	39	34	34	50	48	42	37	54	42	51	11	57	10	44	57	41	24	38	72	6	44	46	29	47	36	61	46	29	0	58	17	44	30	32	
51	20	40	39	3	48	33	28	37	18	55	40	31	40	24	50	14	53	28	37	22	7	39	12	48	24	37	25	47	37	51	68	30	46	15	0	11	47	19	38	
24	35	24	52	52	58	6	1	40	52	44	13	4	44	39	43	66	60	40	11	55	8	12	60	44	40	34	13	24	16	31	45	63	19	54	46	0	52	58	45	
45	56	42	62	66	50	15	22	44	60	35	28	2	9	43	9	33	36	51	32	57	11	33	8	24	1	36	16	35	36	42	59	29	40	38	32	5	0	42	37	
43	41	58	71	43	41	2	39	14	4	57	32	53	60	56	34	57	41	47	2	66	11	59	42	67	31	28	25	52	39	24	65	54	54	47	14	52	58	0	39	
33	6	29	3	41	19	7	12	19	46	28	20	29	35	41	7	18	5	17	43	49	40	30	45	6	13	21	26	33	10	31	7	27	10	4	24	16	22	37	0	
M6
0	14	33	5	31	10	40	29	32	23	29	25	16	31	21	39	32	32	40	26	14	24	7	20	28	42	19	32	38	13	2	19	24	4	35	39	12	2	43	6	
54	0	17	31	18	48	2	27	6	9	43	39	32	31	17	9	14	19	48	22	22	31	26	19	31	32	10	21	34	58	32	52	10	23	26	49	57	47	14	28	
35	31	0	6	39	26	50	20	32	31	49	55	39	10	29	80	7	45	42	4	29	16	19	22	14	1	52	56	23	45	6	54	32	30	14	43	12	43	21	31	
50	28	30	0	23	16	8	12	26	34	40	33	32	35	32	30	1	24	48	37	26	40	30	11	13	58	49	22	17	51	43	44	30	27	39	8	18	53	18	12	
30	31	50	59	0	27	57	46	15	28	51	42	41	48	26	56	49	42	57	31	47	59	24	56	40	71	36	49	48	30	16	36	29	31	28	63	29	19	60	26	
43	25	6	38	23	0	12	46	25	15	6	11	28	32	13	37	48	17	35	18	23	50	24	33	5	54	30	40	27	30	9	10	16	24	30	51	29	19	15	36	
16	36	26	42	28	2	0	24	25	14	15	17	2	42	18	15	34	10	32	23	22	16	29	48	25	40	36	15	31	35	29	10	21	36	11	25	17	24	35	34	
68	48	46	39	41	38	53	0	32	33	59	50	46	55	31	53	52	17	43	17	46	19	50	42	5	11	60	58	53	62	7	28	34	47	40	63	61	54	38	60	
11	8	3	41	50	51	71	52	0	19	46	30	33	35	56	41	40	62	37	17	9	50	30	36	56	17	2	46	38	62	32	60	14	27	36	53	57	51	18	11	
54	47	50	15	33	27	13	55	8	0	5	37	33	17	32	68	53	58	8	19	46	69	17	56	46	71	56	59	17	66	45	55	35	16	47	6	65	55	38	62	
67	40	11	54	12	40	49	55	17	23	0	18	36	43	21	77	35	48	25	26	56	58	2	51	35	12	32	48	43	48	46	68	24	45	51	19	15	51	63	43	
55	27	59	44	47	36	66	55	5	67	42	0	61	14	67	64	46	58	55	23	32	75	20	80	51	80	8	58	24	39	46	43	54	17	22	72	38	28	69	14	
56	27	43	71	43	23	46	21	44	5	6	38	0	41	54	34	28	45	53	37	13	56	20	61	16	31	32	45	22	26	32	32	41	27	48	16	25	15	56	33	
53	23	1	42	34	28	20	47	19	32	43	3	35	0	59	69	46	59	43	37	21	64	25	31	51	49	22	72	38	22	46	45	48	22	36	7	52	42	13	28	
63	18	58	32	9	37	41	42	17	1	27	31	14	55	0	55	45	50	40	4	34	36	34	29	13	52	28	26	21	40	24	46	2	23	43	37	39	29	70	43	
55	25	27	30	54	45	32	1	8	34	17	30	55	32	50	0	2	18	53	53	23	5	27	33	12	11	35	32	63	40	8	71	53	24	52	27	61	69	15	2	
54	24	30	47	42	20	38	34	15	18	19	35	6	35	50	47	0	42	11	50	26	47	17	36	29	11	29	34	35	23	45	29	38	24	20	15	22	12	18	25	
45	58	43	52	69	47	47	17	12	61	36	53	68	65	59	70	74	0	19	1	10	15	13	66	70	91	63	22	58	57	60	63	38	57	11	77	54	46	48	50	
24	41	43	39	66	52	8	25	26	46	63	10	56	35	72	38	43	9	0	23	39	19	39	22	9	45	6	57	17	32	5	45	9	38	16	48	56	46	31	13	
47	17	19	31	25	41	11	41	21	17	43	30	30	6	15	43	23	36	33	0	15	18	19	25	9	7	38	9	25	36	23	32	1	6	42	40	3	45	7	44	
66	23	38	40	17	35	49	24	25	9	35	39	22	43	7	60	39	58	48	12	0	3	30	37	21	60	19	34	1	48	32	54	10	1	51	44	47	37	26	21	
53	5	25	29	33	1	16	29	28	13	14	30	1	49	32	42	10	23	54	37	21	0	28	5	21	39	20	53	26	34	26	29	35	35	49	24	33	23	34	28	
13	49	59	12	50	35	65	24	55	42	14	40	45	22	40	33	34	29	44	40	20	55	0	66	54	1	1	39	24	71	58	63	41	51	26	41	51	60	48	52	
49	40	36	36	29	49	3	17	26	22	32	35	51	39	43	33	33	25	43	35	3	53	48	0	44	61	15	60	14	26	11	17	6	51	33	45	13	49	45	15	
20	27	22	46	43	37	19	51	31	36	29	47	62	34	47	43	50	52	66	52	25	63	29	35	0	28	48	74	41	64	26	16	50	7	57	16	63	53	17	12	
55	25	25	39	16	1	31	39	21	8	24	30	11	35	6	52	8	36	10	9	26	43	30	36	20	0	35	33	28	44	28	29	9	18	46	34	17	33	18	37	
56	40	53	41	22	29	38	34	22	18	19	6	6	31	24	23	24	50	1	29	26	45	18	21	29	44	0	29	35	39	45	14	27	34	39	8	38	28	42	29	
50	3	2	9	40	68	33	50	38	32	58	37	45	33	30	51	33	19	13	35	24	65	28	34	44	34	33	0	52	51	31	34	33	25	21	57	18	60	16	32	
45	12	41	34	11	39	32	26	19	3	14	33	16	46	1	41	34	47	42	6	34	11	36	1	15	54	30	4	0	42	26	14	4	7	45	39	14	31	29	45	
18	9	25	60	70	36	6	31	12	13	42	12	29	37	67	13	32	32	53	46	49	35	43	57	2	41	7	62	47	0	38	61	70	10	10	52	47	51	45	32	
47	40	59	66	43	36	65	40	51	24	25	51	12	41	33	45	25	58	5	38	32	7	33	44	21	31	30	52	41	39	0	45	36	3	50	35	38	28	69	52	
37	25	27	31	58	47	20	32	2	34	18	19	46	32	72	14	28	23	37	40	23	36	19	33	43	42	38	62	20	50	26	0	50	24	52	31	49	39	15	33	
44	50	39	13	49	26	43	53	3	52	50	12	40	37	51	56	26	31	21	12	55	74	25	72	49	78	26	37	7	62	5	29	0	40	24	22	36	51	57	26	
69	44	49	53	62	40	7	28	10	67	64	55	55	12	71	49	6	62	70	74	49	17	34	3	58	77	49	8	36	26	38	33	58	0	33	35	42	32	61	60	
54	25	44	58	22	21	51	10	42	45	45	36	58	41	43	50	42	4	37	48	41	36	18	46	25	65	30	43	40	24	10	30	28	25	0	57	22	13	54	57	
31	47	28	60	10	4	13	63	30	37	19	14	50	10	35	45	30	35	54	40	45	59	45	55	27	67	33	62	49	52	22	32	36	42	24	0	51	41	37	39	
46	41	60	37	73	37	28	22	2	11	36	36	23	47	66	64	2	15	12	14	43	52	34	83	46	31	46	59	31	15	25	37	7	41	39	46	0	29	65	50	
39	9	28	53	46	5	35	24	27	36	29	20	48	26	36	34	27	27	35	39	25	56	2	56	23	49	14	27	33	8	32	14	23	9	30	41	7	0	38	45	
37	7	9	26	69	80	50	31	76	16	73	80	74	14	59	90	30	59	85	52	5	55	9	15	55	57	28	74	45	65	62	76	58	6	68	59	61	81	0	73	
65	39	31	32	16	43	47	15	7	26	27	9	14	34	74	21	21	3	31	33	34	43	40	42	18	49	16	19	25	15	44	15	26	19	42	28	1	36	38	0	
M7
0	34	13	33	45	42	22	65	23	36	25	28	26	29	47	1	12	25	18	38	43	27	12	29	31	2	37	15	9	44	12	41	36	24	50	36	41	8	7	23	
33	0	14	52	8	15	47	16	27	27	15	17	47	60	29	26	52	11	30	19	20	36	45	30	4	51	16	68	65	33	71	29	8	68	47	57	2	48	67	8	
41	36	0	36	43	40	30	56	38	30	42	6	5	21	25	29	35	28	41	49	55	21	7	52	27	9	52	31	53	39	58	35	70	63	32	51	49	31	36	28	
47	31	50	0	17	29	3	45	24	62	5	33	14	57	10	50	49	40	12	20	62	54	25	34	66	4	38	25	26	6	49	31	38	36	21	42	49	45	42	3	
29	9	18	5	0	63	17	8	6	14	38	23	28	39	42	40	31	14	21	27	62	5	15	48	50	29	20	39	49	47	54	15	57	5	69	35	32	27	21	33	
41	44	23	36	43	0	32	62	53	19	38	17	56	17	52	1	35	21	7	38	41	10	7	15	49	44	10	3	50	19	9	24	46	53	39	25	49	31	43	29	
24	46	27	71	7	58	0	23	1	46	39	27	18	34	5	34	26	28	29	22	57	41	45	43	67	32	15	42	42	57	49	8	20	13	71	31	26	22	41	38	
31	52	46	17	33	69	10	0	20	65	58	46	39	53	10	28	45	55	12	29	18	60	42	41	17	30	2	61	56	64	68	20	33	24	25	46	46	41	12	58	
11	59	14	58	34	45	8	51	0	33	26	14	43	21	24	27	13	23	16	9	44	28	32	30	54	19	2	29	31	45	36	36	48	41	58	18	14	9	46	26	
16	47	9	5	32	23	18	61	39	0	21	24	9	1	43	22	8	19	14	51	39	23	33	25	64	10	35	24	26	31	24	29	58	51	46	27	41	4	6	39	
46	49	2	54	24	53	31	62	23	39	0	19	35	18	15	12	27	13	32	5	63	38	37	32	38	39	6	43	27	35	22	31	63	64	62	23	4	44	66	4	
15	33	8	26	33	60	17	60	38	31	20	0	37	24	40	21	7	20	13	13	23	22	19	19	11	37	28	23	25	40	24	31	57	50	57	52	13	3	72	25	
24	52	9	32	39	57	41	55	51	55	44	43	0	7	20	28	31	44	37	48	8	46	3	30	49	36	58	22	49	35	42	51	10	56	31	12	64	27	62	15	
21	65	34	66	22	65	28	64	8	53	46	34	56	0	44	44	24	43	36	29	64	48	42	50	42	19	22	40	20	56	2	51	56	21	48	6	34	29	56	32	
27	66	31	48	2	19	15	56	36	27	39	35	12	42	0	29	19	38	50	45	64	18	28	61	46	49	7	35	37	60	54	32	39	48	60	48	57	40	76	50	
39	49	32	21	29	12	2	45	23	32	13	33	40	14	27	0	24	44	37	44	62	46	38	48	74	22	33	40	21	55	39	30	42	35	57	46	48	27	63	36	
20	36	13	57	42	66	22	61	43	36	25	27	42	29	47	26	0	13	18	33	43	27	37	29	68	17	14	3	5	41	35	41	41	55	37	46	45	8	74	18	
29	53	12	53	45	14	31	42	22	3	34	37	45	38	4	35	21	0	15	4	15	36	46	38	13	25	36	37	8	44	1	22	40	24	62	39	48	17	55	9	
8	12	13	39	6	36	17	8	30	18	18	7	14	4	32	26	12	10	0	1	27	9	19	29	42	42	30	28	30	36	2	23	57	7	44	39	5	8	56	17	
21	26	33	15	40	16	13	56	18	47	28	44	51	35	38	46	7	33	38	0	63	47	57	36	72	13	21	23	12	39	55	41	26	46	44	12	44	28	34	38	
42	33	15	22	42	66	15	58	27	11	41	49	17	2	40	37	40	50	45	30	0	2	12	2	42	44	20	36	58	43	46	16	38	8	46	27	41	36	65	23	
40	45	10	27	43	61	27	70	48	6	36	44	43	43	39	32	35	45	40	25	55	0	7	52	42	47	30	31	53	39	58	11	67	40	64	27	36	31	60	48	
11	26	6	6	13	31	15	47	25	29	18	21	35	13	40	2	5	18	11	46	25	20	0	22	23	35	32	1	23	9	28	25	41	48	34	50	38	1	52	36	
44	9	23	50	31	54	22	28	28	43	24	26	4	19	38	26	36	20	29	4	67	44	21	0	62	9	17	41	35	34	59	38	48	8	4	25	11	32	41	23	
22	9	32	32	10	57	41	58	51	53	36	16	59	39	66	28	17	43	37	59	2	44	3	44	0	39	37	14	35	35	54	51	49	50	34	55	59	27	5	48	
33	38	16	3	29	43	30	56	10	55	40	14	42	43	46	49	20	45	32	31	31	50	51	48	50	0	2	13	38	13	10	25	45	26	36	40	36	31	64	48	
48	36	23	23	65	9	45	50	66	55	24	54	22	24	36	14	40	52	23	22	59	46	30	57	72	55	0	51	28	19	63	48	45	16	50	32	73	36	33	58	
54	66	33	68	41	53	54	82	34	7	34	36	66	63	48	33	21	30	49	38	41	55	39	38	48	51	42	0	24	50	69	48	22	8	58	64	21	42	69	33	
19	17	12	36	9	35	7	50	27	25	24	27	41	28	24	17	11	24	17	1	41	26	36	28	59	41	38	9	0	8	34	35	8	40	59	15	44	7	68	42	
22	2	27	58	30	7	36	20	52	37	39	36	21	32	61	40	26	39	32	56	57	28	38	20	37	16	36	27	27	0	46	42	9	40	28	49	59	22	65	57	
39	62	32	42	49	67	40	83	20	55	44	46	61	48	36	38	31	17	37	17	61	46	13	48	6	47	34	31	36	45	0	16	27	66	69	4	46	27	20	58	
30	53	18	35	45	42	32	43	30	14	16	40	47	44	47	1	43	34	13	33	63	5	15	53	15	52	38	37	43	31	66	0	63	48	72	35	25	39	44	37	
20	46	36	32	2	9	35	33	15	32	22	41	56	48	51	36	40	50	43	35	71	23	33	12	25	44	29	32	58	27	63	3	0	60	56	7	41	36	48	53	
25	64	18	20	36	9	9	52	30	23	30	32	47	34	34	16	17	18	23	41	48	32	31	34	13	46	17	2	31	55	40	37	19	0	67	60	24	13	70	23	
46	28	45	45	52	69	43	23	23	48	52	49	35	52	59	41	44	57	24	44	64	39	16	61	57	4	37	36	60	46	58	53	43	59	0	20	49	40	36	49	
35	57	28	33	15	81	8	51	29	51	40	27	37	44	14	41	27	40	33	46	58	42	38	44	64	3	43	36	43	60	50	36	48	32	77	0	54	23	15	54	
41	38	5	43	13	54	38	67	18	36	6	8	38	51	20	17	43	2	21	10	61	27	37	21	49	42	32	59	56	24	62	20	56	69	65	48	0	39	69	5	
9	50	2	46	38	55	11	54	32	25	14	17	31	18	36	15	1	14	7	44	32	16	26	18	57	31	28	17	19	55	24	30	51	44	51	46	34	0	66	32	
27	36	29	41	44	36	37	67	17	60	55	10	40	50	53	50	42	52	45	36	63	57	25	59	43	48	31	10	7	43	22	64	43	19	82	37	43	38	0	55	
22	45	15	59	37	18	10	40	31	16	27	30	44	31	35	28	14	27	20	52	12	29	33	31	62	21	41	30	32	63	37	32	50	43	16	37	47	10	51	0	
