40  8  1
8
	0	95	1	96	2	88	3	21	4	92	5	31	6	7	7	62
	0	45	1	9	2	35	3	37	4	58	5	89	6	57	7	5
	0	82	1	81	2	28	3	16	4	61	5	64	6	45	7	71
	0	94	1	37	2	14	3	74	4	9	5	9	6	62	7	13
	0	50	1	36	2	54	3	84	4	100	5	74	6	31	7	41
	0	6	1	7	2	36	3	28	4	75	5	50	6	40	7	48
	0	49	1	56	2	63	3	49	4	97	5	70	6	43	7	48
	0	63	1	11	2	25	3	17	4	63	5	67	6	48	7	11
	0	33	1	41	2	58	3	96	4	46	5	87	6	90	7	15
	0	78	1	16	2	74	3	16	4	70	5	61	6	77	7	96
	0	20	1	36	2	78	3	61	4	15	5	29	6	28	7	7
	0	71	1	6	2	67	3	51	4	51	5	24	6	79	7	85
	0	69	1	76	2	8	3	34	4	12	5	13	6	82	7	22
	0	32	1	28	2	98	3	93	4	88	5	86	6	79	7	42
	0	47	1	29	2	4	3	44	4	60	5	13	6	61	7	87
	0	93	1	34	2	88	3	54	4	60	5	52	6	100	7	5
	0	93	1	43	2	8	3	56	4	61	5	7	6	78	7	50
	0	96	1	24	2	5	3	76	4	8	5	53	6	78	7	81
	0	93	1	84	2	68	3	65	4	65	5	13	6	71	7	76
	0	62	1	95	2	82	3	32	4	8	5	86	6	79	7	41
	0	45	1	85	2	56	3	91	4	40	5	40	6	18	7	38
	0	58	1	77	2	36	3	11	4	40	5	56	6	24	7	10
	0	28	1	87	2	90	3	71	4	42	5	29	6	60	7	15
	0	68	1	81	2	87	3	20	4	50	5	26	6	3	7	65
	0	73	1	83	2	47	3	50	4	79	5	97	6	14	7	79
	0	61	1	44	2	77	3	69	4	28	5	52	6	92	7	27
	0	30	1	64	2	88	3	82	4	86	5	80	6	98	7	96
	0	59	1	71	2	89	3	75	4	69	5	36	6	77	7	52
	0	35	1	58	2	70	3	16	4	89	5	78	6	46	7	14
	0	8	1	76	2	62	3	48	4	49	5	62	6	72	7	31
	0	83	1	80	2	73	3	97	4	76	5	96	6	27	7	63
	0	43	1	32	2	16	3	86	4	85	5	44	6	31	7	77
	0	95	1	69	2	11	3	52	4	66	5	93	6	66	7	40
	0	59	1	10	2	67	3	71	4	12	5	70	6	77	7	23
	0	83	1	38	2	54	3	90	4	74	5	21	6	58	7	11
	0	82	1	24	2	45	3	63	4	47	5	43	6	12	7	16
	0	24	1	14	2	48	3	95	4	87	5	71	6	95	7	100
	0	33	1	74	2	15	3	91	4	60	5	26	6	41	7	6
	0	28	1	83	2	32	3	14	4	25	5	15	6	74	7	87
	0	99	1	92	2	95	3	47	4	41	5	88	6	89	7	48
SSD
M0
0	4	32	55	41	13	27	25	68	4	36	54	50	68	43	17	56	29	62	7	78	53	48	25	50	62	71	31	3	20	40	48	30	21	53	11	37	34	49	19	
70	0	6	42	57	35	44	54	34	59	2	61	70	40	51	14	35	56	42	53	53	24	18	49	1	13	71	29	44	42	27	57	10	30	31	47	23	33	24	33	
20	34	0	68	41	13	27	35	7	37	25	1	54	48	28	34	23	34	11	55	46	7	48	34	34	51	26	28	61	20	40	55	30	37	53	70	49	17	17	30	
45	74	13	0	3	54	1	61	44	54	21	31	65	42	56	11	52	19	61	60	4	13	65	51	50	26	19	51	39	37	46	41	3	54	58	36	59	39	43	50	
65	57	7	61	0	55	52	8	54	45	22	40	90	22	8	74	24	34	87	66	56	24	65	25	11	32	85	52	52	37	30	91	31	54	46	24	87	76	44	72	
63	15	60	49	22	0	8	16	49	18	17	35	63	61	62	23	37	15	43	36	59	51	29	15	45	49	67	47	46	1	21	36	11	18	34	70	52	15	30	59	
23	70	4	28	32	49	0	71	48	72	16	41	37	51	42	26	59	57	26	67	67	14	61	18	65	54	90	24	58	56	41	56	15	55	43	34	90	62	38	66	
79	31	54	16	18	10	24	0	62	5	33	17	20	52	68	39	37	31	38	45	67	37	45	31	53	53	50	63	62	17	37	52	27	34	50	47	41	28	38	64	
74	57	43	34	45	43	17	40	0	36	66	59	78	28	64	25	14	64	34	29	6	34	67	53	58	34	59	46	42	39	37	68	60	20	43	30	9	53	25	51	
60	22	38	37	29	1	15	23	56	0	24	40	56	21	45	30	36	22	50	18	26	47	29	11	45	25	14	54	18	1	23	24	18	2	41	70	59	22	30	59	
73	34	35	68	41	13	27	35	12	37	0	41	69	33	45	42	33	34	52	31	31	14	25	34	29	46	84	10	22	20	5	55	6	37	17	66	54	34	2	30	
78	34	39	61	15	13	27	35	40	11	36	0	1	37	34	34	37	34	56	37	35	70	1	32	10	3	61	5	59	20	40	40	30	27	52	28	50	34	6	31	
36	10	25	34	12	61	43	40	69	33	42	48	0	9	39	63	2	10	3	56	54	47	55	39	2	48	2	32	15	39	29	3	47	16	49	43	9	14	58	33	
47	17	30	44	36	45	2	54	80	47	64	28	59	0	4	56	39	52	36	60	31	65	41	66	29	29	70	59	89	52	9	50	62	69	38	29	56	66	81	48	
10	43	88	77	50	22	36	3	77	33	45	6	57	49	0	19	49	1	57	34	1	79	57	43	73	37	54	8	40	29	49	54	23	46	62	94	60	43	58	27	
15	40	61	81	4	29	43	49	64	32	38	27	85	70	58	0	63	4	25	61	34	35	25	50	65	6	65	66	80	36	3	50	33	1	69	36	56	50	60	44	
67	34	33	54	46	70	42	44	69	33	56	28	56	39	10	57	0	58	16	48	37	90	70	51	22	85	56	36	77	72	43	70	37	4	10	7	64	62	8	59	
51	43	46	4	50	44	47	14	43	23	11	5	69	13	38	10	42	0	63	41	42	45	5	20	13	74	64	1	51	6	36	66	37	23	48	46	61	51	13	26	
52	62	64	53	7	74	19	37	67	47	51	15	4	62	48	84	64	3	0	42	49	55	66	23	29	16	11	64	1	60	30	70	76	61	58	56	60	23	73	56	
26	25	70	41	32	4	18	26	59	28	27	45	36	42	4	18	47	24	41	0	30	32	39	5	52	39	77	53	49	11	15	31	21	19	33	32	16	25	40	15	
43	69	43	63	53	48	59	15	47	44	15	8	54	50	45	1	3	69	33	20	0	38	60	42	47	53	8	45	13	41	36	17	38	44	52	73	56	19	37	1	
65	23	69	77	69	65	16	67	46	77	68	67	46	69	19	58	39	13	78	61	63	0	25	48	69	69	75	66	32	68	81	17	43	72	11	58	53	35	72	55	
57	62	47	53	17	48	18	26	11	49	15	15	62	61	5	5	10	16	53	8	22	49	0	3	43	52	32	13	57	32	40	39	41	35	39	13	28	18	30	2	
17	45	55	44	58	64	59	67	18	56	56	8	59	53	46	46	51	13	16	49	51	55	13	0	64	60	36	54	12	71	28	35	54	62	1	54	60	59	22	43	
72	60	56	35	29	49	3	33	3	28	64	62	23	45	15	57	4	21	38	46	11	60	25	14	0	56	64	12	52	11	17	38	43	28	71	58	34	22	40	55	
17	47	48	34	26	72	45	40	51	56	55	54	31	11	44	7	46	32	34	9	44	23	12	43	25	0	32	25	15	39	37	35	35	5	34	43	9	53	15	12	
56	50	43	25	70	43	46	57	42	6	10	16	16	28	7	45	63	55	61	40	55	15	25	7	16	49	0	40	52	50	6	29	35	67	17	43	50	36	32	55	
24	15	49	55	38	56	30	56	20	44	37	20	52	26	62	18	14	65	8	37	48	42	55	41	58	38	84	0	48	27	51	68	21	44	40	40	30	4	44	7	
47	56	66	17	49	38	52	55	49	47	27	37	12	42	14	67	80	43	57	6	42	19	46	59	76	57	44	28	0	45	41	80	51	39	64	52	32	48	49	20	
54	41	54	64	65	76	66	21	59	9	45	60	81	52	53	53	28	61	71	27	50	47	20	6	36	74	58	61	37	0	70	83	24	9	52	61	63	45	21	50	
32	19	33	66	55	59	54	51	30	64	26	61	9	20	25	22	69	8	66	33	45	35	41	50	9	55	69	56	27	47	0	43	25	64	63	56	41	21	48	71	
63	49	42	17	31	28	42	37	69	25	51	54	83	9	45	23	44	49	50	16	8	63	36	22	12	65	61	52	36	8	50	0	25	25	43	45	79	49	37	50	
6	24	39	60	33	5	8	27	49	3	28	38	46	69	43	34	48	26	21	46	60	62	10	11	23	60	21	5	57	12	32	17	0	29	45	51	63	26	41	40	
27	8	59	71	75	48	62	69	12	72	47	53	94	70	25	63	18	69	71	66	51	48	30	23	40	22	90	69	79	55	72	90	63	0	46	27	46	47	43	28	
53	69	42	24	66	48	55	4	47	46	15	60	9	39	8	61	3	56	24	24	56	49	57	43	7	48	66	29	57	29	40	43	31	25	0	96	87	62	37	37	
80	7	58	64	39	11	25	33	55	27	34	7	59	27	61	32	36	32	17	31	21	45	46	32	53	32	33	64	12	18	38	4	28	20	51	0	69	32	47	67	
68	55	56	1	54	67	47	7	57	23	35	60	56	40	57	44	42	75	1	41	47	58	34	20	25	54	72	13	9	6	4	90	38	23	66	10	0	20	31	64	
69	29	12	29	1	30	8	35	85	38	53	7	15	56	51	59	15	51	29	52	61	5	49	35	21	1	86	41	11	21	23	72	47	18	70	38	4	0	50	38	
44	4	5	47	37	41	37	61	35	65	31	11	46	3	15	21	3	62	22	27	1	58	45	15	33	60	54	48	41	48	44	34	57	65	18	64	63	26	0	47	
18	27	36	61	34	6	20	28	42	30	29	42	43	34	4	35	22	27	42	40	15	54	37	26	55	55	9	59	33	13	33	48	23	30	46	78	64	27	3	0	
M1
0	17	22	47	42	48	34	48	4	35	57	2	27	28	15	40	62	31	9	36	34	45	43	54	41	5	13	13	12	38	45	7	28	69	16	36	31	6	51	35	
14	0	47	21	16	58	41	58	25	50	47	53	16	66	43	14	61	37	9	10	8	19	17	29	15	9	15	49	69	55	56	37	62	66	65	35	35	28	63	9	
33	21	0	24	21	3	30	1	20	42	22	36	12	14	31	31	21	46	30	11	36	2	11	6	28	24	45	15	4	36	29	30	32	34	49	1	15	15	56	39	
28	38	69	0	40	74	62	54	18	26	36	38	63	70	56	60	56	55	41	57	8	35	5	51	27	50	62	49	19	2	9	74	64	53	52	30	10	13	34	56	
39	16	36	31	0	37	26	47	18	31	10	1	41	48	19	7	30	30	8	26	33	44	42	13	31	34	34	12	37	16	32	11	27	37	15	4	30	13	63	34	
27	37	29	44	12	0	20	12	10	69	28	49	2	4	26	42	50	36	41	56	26	53	63	45	26	44	45	60	60	64	56	34	40	67	52	34	9	26	48	55	
28	47	50	45	33	14	0	33	27	25	49	70	22	25	47	6	41	16	42	23	42	49	41	61	47	19	21	7	73	51	61	38	11	58	28	39	30	47	56	17	
21	31	47	21	33	59	52	0	20	57	10	47	56	63	60	19	48	50	18	50	48	59	54	67	20	40	40	58	39	57	40	18	58	54	37	22	3	3	44	49	
17	40	53	29	36	17	3	30	0	55	30	42	9	13	46	31	41	60	1	35	30	2	47	60	40	58	39	12	60	50	39	15	49	48	56	15	30	44	6	10	
39	20	41	30	45	41	54	48	54	0	57	63	45	42	50	23	37	13	38	39	1	32	22	58	44	34	44	63	55	65	61	47	38	40	16	59	57	7	56	38	
27	34	34	64	59	46	19	65	48	41	0	31	39	33	23	40	27	4	38	50	51	26	45	26	24	34	23	42	23	42	35	37	28	8	29	7	60	64	57	52	
32	9	37	39	34	69	55	40	11	27	49	0	34	52	12	32	54	23	1	28	26	37	35	47	33	27	27	5	73	57	56	55	20	61	8	28	23	32	58	27	
43	55	70	28	57	48	23	27	36	60	48	85	0	47	58	57	22	54	15	56	72	10	43	31	44	73	33	48	51	47	41	7	22	64	53	60	27	41	34	57	
41	29	47	12	5	11	16	30	28	37	9	37	7	0	31	48	28	49	44	31	44	56	38	47	29	47	13	34	50	37	30	2	8	35	48	2	27	44	16	40	
7	39	14	57	19	61	57	25	41	57	29	24	64	44	0	55	46	53	30	28	53	67	8	68	25	57	57	35	61	55	21	54	45	46	4	58	26	39	27	48	
31	40	41	16	43	62	65	10	21	40	31	41	49	32	7	0	37	3	11	59	57	36	1	48	30	34	33	27	33	11	48	39	28	18	31	37	13	24	22	28	
23	36	47	61	61	51	39	55	17	52	26	21	60	44	39	11	0	15	28	55	13	48	26	60	36	35	54	10	48	56	63	10	40	63	35	35	46	59	19	54	
36	13	14	43	38	35	49	45	47	13	20	44	38	5	13	21	53	0	31	32	30	9	17	21	37	31	37	51	69	28	24	22	1	64	4	35	51	36	49	31	
19	16	7	46	31	64	62	62	18	31	48	46	41	25	23	18	42	55	0	35	33	15	42	35	18	34	38	52	9	7	61	43	43	23	44	42	1	53	65	34	
56	39	60	46	55	61	23	34	20	87	43	69	57	22	81	47	60	59	54	0	30	15	65	9	55	57	63	8	74	67	62	52	28	67	79	34	38	48	66	7	
41	42	43	60	5	32	59	51	30	36	27	42	16	34	42	12	62	5	49	44	0	38	5	45	40	60	27	29	46	57	19	51	30	64	21	36	23	51	68	51	
4	36	10	22	52	50	10	14	39	47	2	32	40	38	24	1	28	18	21	51	53	0	36	54	25	28	24	43	14	44	37	9	29	9	30	9	22	28	57	54	
25	35	45	53	37	64	52	71	8	7	74	69	43	62	73	46	5	36	50	33	20	51	0	41	3	35	3	4	18	23	37	33	61	63	39	64	7	30	44	35	
45	55	52	45	57	51	76	13	44	28	34	49	51	55	41	43	38	29	6	33	45	43	66	0	1	40	28	57	41	13	45	42	46	26	47	45	27	27	57	15	
56	48	63	50	43	49	19	68	45	75	47	56	45	10	20	71	47	41	63	51	18	74	57	52	0	40	51	65	54	51	7	35	46	39	53	21	62	5	1	33	
39	46	41	35	24	5	32	11	22	28	32	31	14	16	38	41	62	22	24	29	6	55	30	57	38	0	45	12	61	74	32	40	24	76	45	44	21	5	16	22	
54	33	47	28	54	74	55	22	53	70	43	80	45	35	46	52	81	37	29	52	50	61	59	17	53	51	0	2	72	42	10	43	45	70	35	55	36	36	28	47	
15	24	52	54	12	49	67	55	23	22	32	9	49	60	25	47	69	38	16	43	32	52	36	51	15	42	2	0	6	38	34	49	35	76	23	43	15	45	24	42	
5	35	17	45	15	83	72	13	37	53	34	20	51	46	35	43	39	49	27	54	52	63	14	43	36	46	35	27	0	62	43	42	26	20	34	39	27	27	13	35	
46	55	38	51	5	62	12	64	15	42	51	40	63	69	10	48	68	69	32	54	35	46	47	34	57	13	65	20	65	0	57	52	49	50	43	45	40	54	62	15	
34	11	19	22	36	32	5	51	36	48	45	31	36	40	48	34	58	11	29	30	28	39	37	49	35	20	35	9	78	61	0	21	30	63	17	55	19	1	10	29	
7	52	31	26	28	9	36	28	26	30	31	65	18	20	42	40	26	15	57	34	42	48	4	60	23	60	23	22	54	36	37	0	40	75	14	50	25	42	50	58	
29	39	37	30	20	1	28	20	18	39	36	43	10	12	34	50	58	44	23	44	34	61	23	53	28	17	47	43	29	57	64	42	0	75	54	42	11	34	47	45	
9	28	16	58	52	58	46	59	30	46	45	13	21	19	5	22	9	42	20	32	45	56	42	54	6	16	5	24	5	44	28	19	10	0	11	9	42	51	39	46	
37	14	59	44	39	23	50	14	15	41	35	53	32	33	31	37	19	58	11	33	31	42	5	30	22	32	38	9	27	13	51	36	7	33	0	23	28	28	43	6	
26	3	35	33	28	58	53	57	28	44	34	11	28	38	24	26	2	40	18	22	20	31	29	21	3	21	24	22	24	11	4	38	16	9	25	0	40	40	37	21	
4	14	70	44	16	50	47	53	3	59	62	53	39	57	66	36	64	45	32	33	31	42	40	52	3	32	38	56	87	67	46	57	70	72	29	56	0	51	50	32	
24	55	77	79	20	41	67	55	56	74	24	57	22	52	70	63	60	64	52	63	18	83	46	40	63	46	19	47	68	24	21	67	48	68	3	60	47	0	20	5	
24	35	31	17	28	9	4	28	26	40	44	28	18	20	20	37	24	52	35	47	42	63	12	60	21	31	2	38	20	50	5	34	2	5	26	15	25	42	0	53	
43	47	7	70	72	62	17	38	26	80	45	47	20	43	39	56	43	48	54	44	54	53	44	34	40	28	18	58	24	63	29	45	44	24	19	28	52	52	73	0	
M2
0	8	58	45	45	61	35	58	56	5	28	35	31	42	48	36	58	53	42	62	64	47	35	25	13	54	58	53	56	44	50	13	64	7	40	65	45	46	42	66	
18	0	35	34	15	18	66	31	13	7	17	47	36	21	5	53	15	30	12	49	50	26	22	17	53	11	15	58	64	1	7	49	21	50	45	39	35	58	11	32	
49	70	0	60	37	40	61	1	66	50	35	42	46	35	56	55	61	44	34	25	38	44	44	47	69	62	50	14	50	44	34	56	64	40	8	26	54	41	6	29	
48	35	25	0	27	67	62	28	54	15	59	52	33	40	57	43	69	46	40	3	28	2	50	56	33	49	2	52	19	38	52	33	5	50	23	65	15	39	44	7	
24	43	27	10	0	24	9	41	28	39	21	18	42	11	11	59	41	68	48	27	43	26	47	43	45	10	26	63	43	42	25	57	13	59	47	52	39	56	9	30	
16	35	33	62	13	0	64	20	36	13	4	45	34	24	3	27	28	58	45	38	27	24	47	11	47	9	29	56	32	10	46	75	15	51	43	51	33	56	9	29	
22	33	44	60	33	35	0	46	4	13	38	58	51	21	67	30	56	60	58	38	49	22	23	51	56	10	36	1	31	44	54	1	24	53	55	2	40	34	22	7	
43	44	58	41	36	14	39	0	40	24	51	30	52	59	30	54	35	18	14	55	33	31	34	23	43	36	40	46	24	22	8	30	38	14	11	32	28	15	21	3	
42	1	6	12	39	9	8	35	0	32	34	25	45	57	29	68	51	65	48	29	54	28	44	43	7	30	20	48	37	37	43	28	31	2	42	49	41	61	6	33	
26	27	9	34	23	26	17	36	26	0	9	33	35	56	13	37	43	1	28	51	17	49	19	22	26	19	23	29	21	29	7	32	21	20	16	46	29	11	19	2	
24	30	23	26	21	22	12	41	24	29	0	51	14	19	11	5	13	37	25	43	56	42	36	43	13	10	42	36	32	55	33	68	3	31	23	59	33	46	17	36	
33	34	42	66	10	28	30	43	33	14	54	0	51	58	20	35	38	8	35	23	65	70	1	25	33	26	30	36	52	7	14	39	28	68	23	53	37	71	26	47	
23	79	32	57	55	55	35	42	31	27	47	29	0	93	74	28	88	62	3	55	64	57	27	35	66	61	25	14	60	89	59	64	76	9	1	46	11	59	3	44	
44	19	22	8	49	22	25	43	5	29	11	39	53	0	59	37	13	67	62	25	9	24	40	56	55	22	24	64	32	55	61	18	27	38	18	9	8	51	41	29	
9	28	26	55	6	9	57	26	66	58	46	38	27	52	0	44	73	61	38	40	41	46	40	28	78	2	46	49	59	40	39	79	46	44	36	44	26	58	2	23	
54	34	69	87	44	54	64	64	42	35	30	38	72	70	41	0	56	29	54	69	76	44	15	21	54	8	25	5	49	27	15	41	49	40	44	41	49	74	47	40	
53	9	37	66	50	1	45	57	22	8	41	50	32	46	40	64	0	50	43	75	54	57	63	44	58	46	59	54	41	45	51	63	42	27	40	48	51	44	43	38	
20	21	35	53	17	20	45	30	20	1	57	49	38	50	7	31	37	0	22	51	52	57	48	39	20	13	17	23	39	46	1	26	15	55	10	40	37	58	13	34	
23	17	40	43	6	23	60	40	55	11	60	52	41	66	10	58	25	67	0	54	55	23	19	42	81	5	59	2	11	37	53	60	49	36	50	45	7	52	16	3	
10	27	49	37	5	7	59	44	34	3	47	35	52	7	21	13	51	9	4	0	29	46	30	28	34	19	31	37	35	53	15	34	29	17	24	40	51	11	27	48	
43	15	2	33	21	23	68	21	13	24	63	49	36	27	30	54	31	18	42	3	0	49	56	62	43	5	40	2	22	38	13	39	38	25	33	56	55	61	36	49	
33	10	47	8	30	33	24	1	33	14	38	56	51	62	20	44	34	8	35	25	29	0	12	28	33	26	24	36	35	39	14	34	27	40	23	28	37	11	26	29	
45	3	49	37	37	45	46	55	37	26	45	68	62	22	32	50	53	20	47	54	34	21	0	5	30	38	42	48	31	16	26	14	40	18	35	65	35	16	38	58	
26	27	41	59	23	26	51	36	26	7	19	26	19	40	13	37	43	1	28	57	7	45	47	0	26	19	23	29	2	18	7	25	21	36	16	23	23	58	11	11	
37	10	49	10	34	37	47	20	37	18	1	66	55	59	24	48	54	12	39	2	10	26	52	50	0	5	26	40	43	46	10	30	29	36	22	57	29	51	30	31	
41	36	44	28	13	28	67	63	49	6	48	2	58	59	59	9	19	67	32	6	30	44	20	29	56	0	38	7	36	45	2	35	24	47	65	12	53	12	65	49	
7	40	38	41	18	21	47	38	43	24	44	17	39	3	8	54	40	18	28	52	34	49	37	23	43	14	0	19	6	42	24	15	38	26	21	25	18	48	14	35	
36	37	13	60	33	16	48	5	33	17	55	60	54	50	23	28	53	11	38	49	30	55	19	5	36	24	21	0	54	52	17	21	31	44	26	54	48	45	29	33	
26	53	46	22	7	46	61	23	67	16	31	24	51	72	54	68	37	44	62	39	57	10	44	71	56	27	38	60	0	46	50	69	41	30	59	49	22	57	6	43	
11	28	36	21	24	27	39	37	27	8	44	21	45	36	14	38	25	2	29	31	58	5	29	46	27	20	24	30	14	0	8	7	22	22	17	47	44	40	20	17	
37	35	15	47	34	21	34	40	53	53	39	47	52	31	59	18	38	47	34	58	46	3	24	45	26	49	22	22	52	45	0	2	55	33	51	54	65	28	11	25	
19	17	34	43	16	48	16	29	35	55	21	65	34	13	50	70	39	62	41	44	35	18	6	34	54	31	59	40	41	27	59	0	37	51	43	54	53	17	45	57	
32	78	9	57	40	75	87	38	75	77	68	79	44	24	79	43	66	80	24	37	50	70	51	49	21	33	49	51	56	65	36	55	0	61	32	49	21	32	43	22	
12	46	17	33	1	33	2	46	57	3	48	41	52	27	25	40	74	32	35	36	8	49	16	53	36	11	16	59	6	69	38	56	4	0	42	61	7	36	31	37	
13	50	27	63	6	63	49	56	15	39	54	78	67	46	50	87	72	59	70	61	55	51	39	54	21	6	78	69	61	45	65	17	57	13	0	13	78	37	46	20	
38	33	7	40	10	25	61	36	38	19	58	44	18	59	25	49	16	13	29	30	51	56	11	52	38	31	35	40	11	50	19	43	24	35	27	0	33	40	16	52	
19	38	25	64	37	50	37	50	11	61	42	62	26	34	37	45	60	63	37	52	5	39	27	28	75	43	53	44	46	48	69	5	47	43	8	6	0	38	37	20	
14	41	50	11	6	45	40	53	59	40	21	68	31	37	32	53	63	45	26	25	3	23	4	2	58	17	27	53	9	51	49	8	30	20	40	61	38	0	38	32	
11	53	53	22	45	20	23	7	50	33	12	4	13	67	39	30	67	27	24	39	42	37	6	41	52	45	12	22	25	54	33	47	41	30	22	11	32	24	0	35	
33	39	42	53	32	5	14	26	41	37	42	16	2	64	22	38	69	49	13	65	33	49	15	16	36	28	18	24	70	34	49	41	56	11	11	20	11	57	13	0	
M3
0	28	22	48	35	42	49	16	68	15	50	34	55	44	35	26	39	31	57	35	56	39	41	14	5	33	24	28	9	32	43	40	2	35	15	48	45	8	50	54	
50	0	17	5	44	62	4	34	22	27	44	35	20	55	41	19	47	1	53	56	33	10	36	48	27	45	3	24	30	44	44	28	23	40	37	60	40	38	41	11	
17	56	0	39	31	48	11	54	58	30	46	4	59	68	45	29	73	12	81	37	74	56	3	15	23	18	62	46	47	46	58	24	40	41	18	60	7	19	51	23	
45	77	57	0	54	17	84	48	67	41	58	46	73	18	36	27	18	14	67	36	26	24	34	49	60	26	50	15	10	52	37	13	38	67	25	45	51	4	58	18	
30	7	50	36	0	38	12	54	66	66	35	67	22	64	34	34	72	2	69	55	32	54	11	55	56	57	47	28	29	55	50	4	53	32	64	42	50	54	17	55	
63	69	38	33	32	0	58	13	33	41	44	1	61	5	34	35	36	4	30	26	47	24	31	4	15	59	5	12	42	7	41	42	21	28	26	38	43	20	13	18	
12	61	24	52	26	21	0	7	80	47	41	29	50	25	39	2	30	36	24	39	53	30	26	47	23	58	31	32	13	27	52	39	35	26	48	21	37	41	19	38	
46	51	16	65	2	31	28	0	59	23	17	5	31	64	52	5	6	37	72	27	29	6	35	34	55	41	7	20	26	28	53	24	20	2	50	50	13	34	20	55	
59	66	59	46	48	39	68	29	0	14	39	26	28	63	24	24	15	33	71	28	28	5	11	6	64	32	53	19	7	3	51	23	19	32	28	47	59	13	42	35	
54	55	29	64	28	55	38	27	43	0	56	47	64	86	52	4	50	57	89	21	44	22	11	57	62	2	51	36	26	1	33	9	11	46	42	17	29	3	45	68	
58	69	34	44	20	49	46	1	77	23	0	23	11	54	59	23	3	46	25	34	47	24	50	52	50	41	6	38	44	40	53	12	38	20	49	13	31	42	38	73	
11	30	23	20	34	39	8	15	3	18	26	0	63	62	11	37	38	33	31	28	24	1	42	6	37	28	38	15	21	35	51	19	6	32	28	24	45	29	42	46	
13	26	56	37	35	13	67	50	68	49	30	35	0	36	18	33	16	22	18	13	65	57	72	45	39	30	46	15	23	48	26	6	25	28	8	79	71	42	54	37	
78	18	45	60	58	57	59	57	62	14	20	29	46	0	53	15	16	56	92	23	74	52	31	74	73	7	58	46	56	12	63	27	16	55	16	47	20	33	40	23	
74	55	47	88	33	62	55	14	6	54	26	36	62	78	0	33	37	30	21	58	3	37	44	65	39	15	36	23	57	59	84	42	51	9	26	81	44	64	51	80	
53	55	67	31	60	53	92	54	64	72	70	68	6	28	21	0	53	57	37	47	65	55	68	47	78	24	29	35	21	69	66	46	26	68	48	53	3	25	83	21	
14	37	35	65	7	35	31	51	30	50	72	55	50	47	30	47	0	20	90	24	57	74	13	2	6	60	59	29	44	14	47	51	23	28	24	38	18	43	38	42	
47	14	14	34	1	54	41	6	6	30	40	28	45	75	59	28	29	0	6	50	36	13	22	45	53	7	9	27	33	47	76	12	4	7	48	53	36	41	43	53	
37	76	4	24	36	64	31	36	24	29	46	8	76	80	58	36	43	32	0	57	13	12	23	35	42	38	56	26	32	29	53	30	26	55	38	62	27	39	71	17	
81	70	68	38	6	2	67	43	54	71	16	26	84	35	4	45	11	34	55	0	51	54	31	34	45	63	14	42	28	37	63	37	51	57	41	68	26	4	43	48	
33	29	40	19	41	37	23	39	18	30	49	40	80	65	39	50	46	22	81	3	0	15	3	68	35	41	44	29	35	47	66	33	29	50	12	63	56	39	71	43	
63	77	46	48	32	41	58	13	65	6	23	14	61	57	35	26	36	45	80	35	12	0	33	64	74	24	37	3	9	23	55	7	3	32	54	39	43	17	50	55	
26	2	39	44	30	43	33	12	14	18	46	34	59	25	39	22	18	23	7	9	58	35	0	44	52	7	2	49	50	22	39	37	45	21	50	51	18	37	6	50	
82	86	49	45	40	13	69	54	34	48	50	36	48	46	10	49	45	7	68	2	56	65	51	0	56	38	46	44	57	48	25	29	60	6	2	37	42	38	16	20	
14	48	52	40	66	42	74	47	34	40	57	15	74	26	39	60	4	11	60	31	1	23	67	9	0	58	32	37	43	11	54	9	37	35	20	2	71	43	45	49	
29	65	72	18	39	40	56	57	59	30	54	5	5	34	16	33	49	37	54	6	5	33	57	41	55	0	50	46	53	41	5	45	47	67	47	10	55	23	77	6	
44	49	11	66	41	68	38	22	31	48	56	31	25	95	25	44	45	21	26	57	9	31	6	35	50	45	0	45	50	41	53	12	45	35	38	23	34	46	20	50	
2	37	45	71	54	13	61	35	18	19	12	13	42	46	58	39	35	45	16	56	69	52	46	37	18	16	5	0	32	36	11	19	10	25	38	47	27	31	54	57	
46	77	63	23	28	44	61	42	51	35	52	43	56	58	10	1	27	20	62	10	41	18	42	50	49	53	39	3	0	52	37	35	32	61	54	44	40	46	79	74	
62	45	53	69	74	38	49	79	27	87	19	67	15	58	67	14	62	14	64	43	32	80	64	54	13	54	23	12	53	0	39	55	64	34	26	9	25	77	20	84	
79	47	57	86	57	53	41	68	42	69	21	77	70	70	55	39	11	21	80	19	37	52	4	52	73	65	65	66	47	25	0	62	29	61	74	20	77	55	81	66	
42	40	9	51	54	51	2	35	66	11	62	29	43	12	28	29	33	37	75	38	31	28	3	40	48	29	6	31	12	23	60	0	38	54	17	24	32	19	70	48	
37	38	4	27	37	59	31	58	75	43	66	24	12	74	25	48	54	32	37	57	11	34	23	35	43	38	75	48	54	11	44	44	0	27	37	68	27	39	71	43	
56	22	32	64	38	48	59	54	51	11	42	52	9	45	50	31	57	60	37	14	14	49	38	63	71	29	32	47	28	28	53	36	38	0	8	44	11	30	71	70	
61	52	43	49	54	35	65	62	4	61	9	6	28	29	4	11	53	31	20	36	32	44	11	52	19	63	24	28	10	43	47	42	58	29	0	70	47	34	14	55	
74	54	51	67	18	6	13	18	2	15	52	14	41	14	58	35	41	9	64	52	27	41	18	38	33	33	39	46	32	32	33	34	42	27	58	0	48	33	32	25	
81	31	48	20	56	38	22	48	59	41	18	49	73	71	25	43	53	32	67	18	47	24	67	5	81	31	64	38	26	48	48	6	25	27	27	22	0	52	15	45	
46	59	13	64	60	46	40	50	80	21	63	33	46	63	62	41	68	32	43	56	77	54	2	44	52	39	30	68	54	38	48	46	20	30	47	50	36	0	15	52	
52	56	19	35	65	49	46	46	71	65	75	39	69	82	33	64	69	3	38	46	64	67	38	24	58	53	70	54	82	24	19	41	30	1	46	81	19	54	0	58	
37	48	59	65	40	20	83	47	71	40	57	48	91	53	52	43	61	52	44	26	46	23	67	52	57	58	53	27	26	55	27	34	37	35	73	73	56	36	36	0	
M4
0	35	54	43	42	38	3	1	64	57	41	58	28	10	44	35	3	39	39	45	9	6	56	8	58	60	47	36	51	15	13	52	33	50	23	67	10	58	24	20	
35	0	6	17	35	31	36	27	51	37	28	24	34	46	50	26	42	42	45	60	78	65	10	57	47	47	60	1	34	43	29	69	34	8	46	37	21	59	11	28	
45	63	0	59	43	49	54	3	49	37	26	66	28	8	16	44	18	60	11	15	62	43	26	9	45	38	59	4	75	18	54	39	30	49	47	3	51	19	29	72	
24	9	27	0	58	10	10	50	57	11	57	68	73	20	54	10	39	41	19	78	64	71	31	45	47	76	64	68	9	71	22	90	8	75	20	35	6	75	55	46	
59	34	53	26	0	35	23	5	44	41	61	46	57	55	72	39	20	73	27	44	51	78	36	19	80	58	35	71	44	66	35	58	43	67	21	17	41	22	60	28	
36	22	74	56	40	0	2	56	15	75	38	11	25	4	13	56	56	59	8	67	68	67	40	26	8	57	64	42	19	13	2	61	52	47	69	8	36	30	28	62	
32	19	15	45	32	28	0	24	30	14	7	14	18	48	34	25	26	49	22	5	36	51	16	36	26	1	46	35	12	40	53	64	12	5	37	28	18	34	20	38	
46	9	49	13	54	11	28	0	20	33	47	14	57	42	27	32	13	58	41	55	40	10	53	67	53	66	60	3	31	55	36	29	8	31	42	4	26	76	47	64	
13	44	13	26	42	45	36	9	0	46	8	46	27	52	26	26	35	49	40	14	71	79	25	37	4	27	20	6	37	50	26	66	29	49	39	70	41	24	35	54	
30	18	23	60	30	15	51	64	46	0	23	6	29	48	45	41	25	63	28	45	75	69	55	52	6	42	62	46	6	38	39	75	32	3	42	29	16	68	32	36	
59	34	33	48	76	67	13	63	8	41	0	60	64	33	52	3	72	64	56	51	48	79	17	14	4	4	24	60	66	27	31	87	36	77	16	64	63	69	35	75	
42	12	45	16	14	1	10	39	57	36	34	0	48	45	10	35	56	62	44	35	89	92	46	18	52	46	65	65	15	60	47	32	33	70	38	9	31	11	60	1	
35	25	49	19	3	33	29	71	24	39	1	42	0	48	4	19	42	36	4	52	46	59	33	30	20	20	37	5	36	43	47	34	36	10	32	39	23	37	5	32	
44	32	51	15	44	34	34	7	41	35	18	45	36	0	52	6	25	4	43	62	50	11	45	47	22	37	57	53	30	52	42	53	31	17	21	39	30	65	1	33	
43	28	19	10	51	29	29	39	60	30	49	43	36	39	0	29	58	46	38	50	42	48	16	21	22	3	12	53	28	46	29	76	27	58	19	54	17	27	15	65	
71	51	50	65	40	40	30	50	25	58	2	23	47	50	27	0	36	15	59	68	16	45	34	17	21	21	18	53	41	44	48	59	40	69	33	47	67	73	29	44	
39	1	14	33	17	47	43	24	38	29	15	56	2	62	15	33	0	50	17	22	37	72	33	2	34	34	23	19	50	25	32	28	7	24	46	3	36	51	19	46	
71	54	46	55	39	69	57	27	58	52	35	33	24	65	40	35	13	0	40	59	70	22	33	64	54	54	73	41	18	77	30	70	65	46	66	41	44	70	6	21	
59	44	18	26	12	41	45	7	41	46	52	31	39	55	19	45	53	32	0	63	71	40	66	6	71	38	23	36	44	45	17	66	43	61	55	70	41	12	46	61	
22	40	2	36	20	50	41	11	37	52	14	43	5	44	21	32	13	53	18	0	55	76	3	43	33	15	46	22	53	47	60	51	7	27	24	56	40	54	22	49	
62	78	5	60	36	6	4	58	24	14	44	35	55	55	5	52	44	23	3	67	0	3	64	62	14	62	69	50	49	5	16	3	57	77	75	66	48	69	37	52	
19	50	49	45	16	59	29	43	24	11	1	13	14	49	30	19	29	8	30	55	53	0	33	30	20	20	40	7	34	43	46	51	47	36	32	38	9	55	22	37	
27	45	50	27	51	46	46	13	20	47	49	72	36	56	11	36	56	47	52	40	57	60	0	7	63	52	8	8	36	2	58	82	44	52	46	12	42	24	28	74	
30	28	47	29	12	36	16	42	45	48	22	52	39	45	22	5	47	50	55	60	60	80	42	0	41	13	32	12	47	48	41	50	25	13	43	15	26	88	44	44	
8	29	47	11	14	30	30	2	33	31	77	8	73	40	69	30	10	46	39	66	79	38	44	54	0	62	84	68	29	24	17	10	28	90	40	53	26	70	60	7	
49	34	7	16	47	35	25	38	45	9	22	62	32	19	20	35	40	32	24	19	19	47	8	19	41	0	33	49	34	52	47	55	33	54	45	60	31	47	3	43	
34	15	9	5	47	24	7	2	63	25	41	22	32	34	48	24	40	46	33	19	68	40	30	59	15	42	0	49	23	65	36	65	22	45	34	14	20	79	15	19	
45	57	64	73	27	56	14	41	32	70	22	48	42	43	58	40	31	10	58	77	49	40	51	51	41	41	61	0	36	64	48	12	52	64	53	59	8	22	24	9	
58	57	38	51	35	65	7	47	56	40	33	63	20	41	36	7	49	54	36	28	38	70	3	52	38	51	15	37	0	20	30	66	43	42	60	29	55	41	23	49	
39	24	15	6	31	25	25	9	52	26	29	39	16	35	32	25	54	40	32	78	6	9	11	58	12	48	61	33	24	0	21	35	6	34	35	12	21	65	33	60	
63	51	25	40	5	36	59	73	26	23	47	29	60	64	66	59	67	54	67	58	65	6	23	9	56	18	73	7	47	57	0	56	57	36	69	19	49	19	48	57	
41	26	40	8	35	27	3	62	31	20	33	5	20	37	11	27	13	27	36	79	39	57	10	59	52	42	42	37	26	19	39	0	25	42	2	52	23	67	37	56	
6	23	4	9	35	4	7	9	31	4	28	52	34	13	41	21	42	50	13	79	37	80	8	51	47	47	57	33	20	43	40	80	0	8	38	1	21	58	51	10	
15	3	27	45	15	11	36	71	31	40	8	45	14	55	30	26	22	55	30	74	71	81	40	37	27	27	47	31	54	23	40	60	59	0	27	17	1	63	31	21	
21	8	54	35	22	41	48	42	27	44	20	29	7	14	23	30	12	55	1	69	9	22	36	26	11	39	56	24	17	54	65	52	52	29	0	58	42	55	24	51	
19	21	37	12	55	11	31	7	18	32	48	61	52	41	8	31	1	62	1	78	59	62	22	64	42	46	9	69	30	4	43	44	29	28	41	0	1	28	63	61	
48	66	28	62	46	3	40	27	53	68	30	17	31	70	36	48	29	23	44	18	32	28	29	59	40	41	7	48	41	27	58	3	33	53	20	5	0	46	33	49	
33	21	44	63	33	29	42	77	35	24	14	63	32	16	23	32	40	53	9	76	76	83	46	36	33	29	29	7	1	41	58	17	65	6	45	23	19	0	49	29	
79	23	30	65	53	52	26	41	38	22	49	47	38	79	48	49	27	6	54	66	42	29	47	78	68	59	63	54	22	47	41	42	71	60	65	55	58	39	0	35	
28	8	27	56	60	65	22	51	21	31	34	52	45	30	49	29	16	49	58	32	82	70	37	32	53	35	73	62	65	76	80	31	47	42	46	62	47	28	18	0	
M5
0	51	79	49	65	45	40	30	21	44	29	41	28	46	19	15	30	11	29	34	39	48	60	41	59	48	46	40	50	24	31	44	48	33	23	63	42	13	2	45	
4	0	35	26	22	4	43	45	42	31	17	18	16	39	32	23	7	46	22	49	18	39	48	19	12	47	45	6	43	44	36	37	29	38	52	24	4	48	17	33	
40	47	0	54	60	18	54	53	66	24	37	28	49	54	61	55	64	52	55	8	51	40	2	23	38	80	39	74	49	19	36	60	40	39	39	38	61	59	51	16	
50	46	87	0	59	45	43	51	7	45	18	26	74	39	40	43	51	47	22	48	32	48	71	18	51	82	53	52	43	65	36	38	53	3	17	40	50	18	23	39	
60	5	75	45	0	51	46	64	21	22	36	37	43	9	25	1	26	57	41	6	36	54	53	28	52	20	17	36	62	38	1	22	24	4	35	60	45	53	36	26	
14	11	43	22	38	0	46	41	38	27	13	3	73	1	30	19	3	1	18	45	27	26	2	28	32	55	27	13	4	19	32	19	25	31	39	38	18	49	13	42	
15	43	62	23	39	23	0	42	39	11	14	1	74	36	31	20	4	43	19	45	42	44	40	14	7	73	3	14	40	15	14	35	26	3	28	53	47	50	14	43	
41	39	62	5	60	59	54	0	21	36	32	19	87	40	33	41	25	19	23	50	46	36	23	32	54	41	32	35	44	65	37	39	47	7	20	46	51	32	35	42	
46	29	62	13	38	19	46	41	0	13	13	1	79	1	30	19	3	4	18	45	50	1	34	26	7	58	28	13	22	25	30	34	25	5	38	52	33	40	13	33	
40	40	63	23	39	15	39	3	27	0	14	15	50	36	31	3	4	37	19	39	36	40	67	8	33	57	42	14	40	30	33	19	26	9	30	42	9	38	14	43	
62	40	64	37	53	42	29	47	53	1	0	29	48	50	45	34	18	22	33	14	8	1	32	49	4	76	56	28	32	25	14	49	40	20	23	24	61	64	28	45	
21	39	85	45	30	28	32	18	38	33	11	0	68	32	14	42	26	30	15	20	29	41	48	1	44	48	3	36	36	22	7	13	48	47	13	49	43	56	2	35	
25	10	68	36	52	13	14	39	20	41	27	25	0	49	3	33	17	32	32	20	23	32	19	3	34	18	49	19	53	41	42	8	39	36	38	55	50	33	19	56	
56	6	75	54	70	44	45	48	12	31	1	46	18	0	34	51	35	48	50	44	38	8	50	34	34	18	64	45	62	52	44	39	8	26	41	23	18	60	20	62	
43	40	60	20	36	13	8	31	36	25	11	9	69	33	0	17	1	50	16	4	7	16	65	34	30	55	36	11	37	46	26	32	23	20	40	50	44	40	3	40	
89	14	22	71	49	57	70	31	39	21	28	46	72	53	60	0	65	51	80	55	9	43	57	71	52	2	30	58	84	39	26	64	57	55	50	7	65	45	53	59	
43	32	52	12	28	46	36	31	28	17	3	4	69	25	20	9	0	49	8	35	40	33	57	29	22	63	31	3	29	38	22	24	15	24	38	42	36	39	3	32	
46	28	36	28	37	47	44	34	44	27	33	45	68	21	23	43	34	0	4	38	6	6	23	31	18	1	47	2	25	62	18	20	54	16	54	38	31	45	6	52	
66	11	74	33	52	36	31	25	49	10	34	32	86	4	10	40	24	28	0	27	30	39	36	47	28	77	58	34	8	61	1	3	46	43	59	21	15	28	26	61	
55	66	41	46	46	39	34	57	61	46	37	35	47	43	13	43	27	59	42	0	33	42	67	60	56	43	17	37	1	1	52	16	49	46	51	26	70	24	29	66	
52	16	16	22	64	39	50	13	38	41	38	50	23	4	29	3	40	68	49	33	0	58	55	39	22	54	56	50	63	77	40	15	8	6	48	42	72	29	12	23	
57	41	26	30	9	31	50	52	44	25	31	32	23	10	39	37	21	29	36	56	54	0	51	39	2	44	41	22	57	35	50	29	8	42	56	53	64	57	24	60	
30	20	75	58	67	27	38	43	74	49	46	50	80	71	37	55	39	36	54	39	35	43	0	7	42	69	8	49	65	26	5	29	9	8	8	7	55	74	20	30	
6	34	58	29	71	1	5	10	45	28	52	50	47	46	28	45	42	3	57	45	2	57	53	0	64	47	22	52	36	61	20	22	50	41	55	76	22	50	34	65	
17	33	54	34	50	36	37	47	43	13	25	26	10	47	26	31	15	40	30	4	10	36	42	11	0	29	53	5	51	49	18	23	11	35	1	37	30	26	25	23	
50	50	18	30	22	23	27	23	30	35	21	22	48	43	6	5	11	33	26	23	26	35	36	22	27	0	49	21	35	9	40	21	33	5	11	19	37	7	21	33	
46	34	53	16	40	41	43	4	32	2	15	16	29	10	32	21	5	32	20	10	39	26	61	14	34	31	0	15	12	50	34	36	27	28	42	54	48	43	15	44	
28	46	13	40	56	33	28	51	56	45	31	29	46	27	7	28	21	70	36	24	27	36	58	54	50	43	56	0	35	65	33	52	43	40	52	25	64	21	23	14	
55	27	24	35	51	35	30	48	51	40	26	27	22	11	9	23	16	1	31	26	5	38	54	23	45	37	54	26	0	61	33	43	22	21	61	10	59	53	25	35	
26	27	1	49	41	52	47	41	22	26	45	44	85	20	26	21	36	44	3	34	35	20	52	33	44	75	32	46	24	0	6	19	58	59	61	37	20	32	42	73	
36	41	29	57	43	15	44	66	2	72	58	50	18	53	34	32	48	33	63	19	13	29	32	34	65	49	34	30	68	53	0	39	7	59	11	43	52	48	44	15	
34	17	34	8	5	49	14	5	24	36	35	43	69	3	38	15	49	64	39	53	49	65	41	35	68	69	11	22	8	42	25	0	40	20	34	57	15	5	21	54	
37	1	66	54	29	32	36	41	46	31	17	53	29	25	31	61	45	34	8	38	27	42	26	5	18	60	49	26	29	3	22	24	0	53	7	1	36	44	47	29	
30	24	53	48	67	27	20	62	29	11	42	41	89	52	39	22	32	55	47	5	42	18	66	26	61	9	4	42	59	27	61	63	25	0	55	16	10	44	42	47	
18	64	84	61	64	47	23	64	70	54	74	58	71	62	68	64	75	27	53	10	86	14	43	79	72	81	54	63	36	27	38	15	53	35	0	79	27	45	51	1	
55	40	25	45	47	7	35	53	25	43	13	11	33	58	14	42	26	7	41	31	34	43	7	23	2	61	38	8	35	16	41	48	45	9	44	0	69	47	30	58	
27	24	69	33	49	27	22	34	17	4	2	23	51	46	1	30	14	52	29	18	21	30	8	23	35	14	45	20	50	56	35	30	36	34	45	44	0	11	6	2	
32	66	57	57	54	18	49	54	73	5	7	31	83	10	28	58	42	53	57	45	44	34	45	24	40	69	58	8	13	61	15	5	9	56	24	52	36	0	44	46	
25	52	72	32	48	28	23	13	48	37	12	24	51	45	2	26	13	63	28	17	22	31	73	49	42	46	29	23	46	58	14	44	35	35	55	57	56	55	0	52	
38	62	81	51	67	47	42	32	67	56	31	26	70	34	21	34	32	32	41	22	41	50	13	49	61	20	12	42	62	61	9	57	26	39	50	49	69	74	4	0	
M6
0	48	21	47	43	13	15	9	53	3	41	5	14	45	70	46	15	55	26	21	14	28	49	17	11	65	40	32	19	6	27	37	51	16	17	2	5	32	23	27	
22	0	2	1	57	15	29	23	54	32	55	34	21	59	29	23	21	60	52	24	33	18	12	31	40	48	51	46	48	16	56	54	52	45	7	16	34	18	37	32	
71	75	0	30	42	26	29	20	9	48	55	8	24	59	71	37	29	39	5	35	81	42	39	31	53	38	53	46	24	1	26	54	36	52	31	16	39	60	47	62	
37	25	62	0	56	57	37	43	67	16	81	7	57	9	88	65	42	61	59	2	32	22	2	58	44	19	8	73	43	46	62	63	78	25	49	43	49	20	11	60	
25	8	5	22	0	38	26	32	59	18	25	37	3	56	82	6	46	34	26	5	46	12	33	1	23	40	5	57	23	38	40	62	72	22	35	33	21	62	33	39	
63	12	59	43	23	0	46	27	80	71	29	67	57	60	62	60	7	43	69	22	67	40	55	55	54	51	59	61	15	73	94	58	77	14	65	71	75	76	55	68	
41	65	58	20	34	61	0	57	83	51	42	36	36	63	65	12	53	4	52	50	28	76	54	65	37	75	54	39	35	13	31	44	96	47	51	50	22	34	25	48	
19	55	9	50	20	34	41	0	63	6	29	31	40	22	56	37	29	31	41	9	40	16	37	5	27	36	2	10	27	32	53	63	61	26	41	28	25	58	7	43	
35	43	11	49	18	6	9	51	0	24	18	47	52	23	84	24	52	42	24	11	28	15	39	7	29	67	1	50	29	22	57	59	19	28	51	39	10	70	5	45	
17	42	17	1	3	5	39	33	45	0	59	29	6	22	9	40	38	23	31	39	38	46	43	35	16	32	31	56	42	24	51	6	17	40	4	26	29	54	47	32	
48	6	15	25	39	30	56	43	61	28	0	60	51	3	60	23	30	55	25	15	26	22	43	11	33	49	39	4	19	52	47	54	29	32	58	43	31	68	22	11	
18	42	22	63	46	21	40	34	65	7	42	0	35	12	79	34	39	79	19	8	39	29	6	18	36	56	51	35	39	31	52	62	1	20	42	27	30	57	48	52	
45	9	41	1	30	65	35	61	3	53	16	57	0	47	62	44	35	4	60	21	8	48	65	37	55	25	34	29	12	3	44	28	55	39	32	22	45	10	58	54	
54	62	39	38	34	21	33	29	22	50	53	57	30	0	60	35	33	55	7	24	5	24	52	35	57	26	31	22	31	66	15	36	7	48	35	20	43	47	55	66	
11	35	39	46	61	31	33	27	47	21	1	23	32	32	0	51	33	17	44	39	32	30	26	35	29	41	58	33	37	24	45	55	58	33	35	20	23	16	41	40	
3	38	28	34	23	23	25	19	63	13	48	15	18	10	51	0	25	6	18	28	24	35	56	24	17	60	36	42	29	16	6	16	26	26	17	12	15	40	3	18	
65	29	36	37	37	65	23	40	45	49	42	60	33	28	51	2	0	49	59	34	8	43	33	32	51	37	34	74	17	11	9	39	21	51	41	59	46	8	58	67	
22	4	47	35	31	42	44	23	1	32	60	24	5	17	53	47	29	0	34	8	2	54	61	43	19	41	28	61	6	35	8	33	18	21	35	31	34	42	15	35	
14	13	11	46	35	25	36	30	6	24	24	26	35	35	12	52	36	48	0	11	13	18	39	7	29	11	39	53	13	27	22	44	31	28	36	23	26	4	12	45	
49	49	16	24	56	68	3	54	70	59	15	51	57	1	45	33	13	50	47	0	32	63	8	52	32	59	58	47	58	4	53	63	65	51	61	58	40	25	47	48	
56	39	31	15	11	64	32	56	81	27	40	61	7	71	38	48	41	58	34	8	0	38	41	27	49	33	8	69	8	68	18	13	57	25	15	59	23	24	32	65	
59	69	16	10	50	59	20	63	58	39	35	29	57	50	48	33	20	26	56	26	46	0	4	22	41	41	53	37	37	18	62	45	56	25	12	7	30	67	27	53	
16	44	8	18	8	19	35	32	62	19	30	28	37	59	37	45	38	40	43	10	37	17	0	6	28	62	35	55	28	29	9	60	74	27	40	25	26	23	38	44	
37	47	1	42	25	34	42	41	55	14	21	46	58	52	78	42	42	58	34	1	58	8	29	0	19	57	30	53	19	38	47	58	73	18	44	29	17	63	29	35	
4	23	32	58	54	24	26	8	64	14	52	16	25	56	45	29	26	66	1	32	25	39	60	28	0	69	28	43	30	17	38	25	62	27	28	13	16	30	34	2	
46	40	16	36	53	44	24	62	60	56	6	58	11	37	65	22	64	28	14	49	24	26	54	45	62	0	10	38	24	3	20	55	9	66	9	55	12	6	56	21	
48	27	15	48	39	46	50	24	22	18	35	15	65	66	2	56	42	72	34	11	42	22	43	11	30	71	0	53	33	52	61	46	76	12	52	37	31	44	43	46	
2	29	30	42	7	10	24	18	62	12	15	11	23	17	50	33	24	57	31	30	9	9	32	26	16	53	35	0	28	15	36	9	60	25	19	11	10	8	32	32	
2	16	30	56	52	22	24	18	51	10	50	7	23	54	20	55	24	64	30	30	23	37	58	26	20	68	49	41	0	15	36	32	60	25	4	11	14	41	32	33	
51	52	40	44	64	31	15	25	41	31	18	63	32	49	10	1	51	32	45	40	50	47	68	36	58	6	14	50	58	0	16	74	75	35	40	38	53	20	13	57	
33	43	40	1	64	39	55	37	64	32	60	45	42	28	18	12	44	13	23	40	54	42	48	36	15	62	3	72	29	46	0	31	43	45	57	42	10	7	63	31	
35	56	47	33	33	22	41	51	74	9	67	47	9	60	10	45	1	43	39	25	16	44	72	43	35	13	42	25	40	48	45	0	77	5	43	28	33	17	65	41	
40	50	28	35	52	35	42	36	21	41	32	48	61	63	31	58	43	51	37	28	61	1	29	24	22	61	4	29	46	43	70	21	0	45	36	32	44	46	52	19	
34	40	25	54	1	54	19	23	43	38	6	46	31	6	16	38	19	59	31	25	55	32	53	21	16	61	37	36	43	13	48	44	55	0	21	6	29	6	53	32	
71	18	49	16	61	31	43	24	12	51	34	25	17	53	52	74	43	50	72	49	58	56	52	45	67	55	46	60	67	3	60	11	50	23	0	30	26	59	77	41	
43	53	7	46	31	40	1	47	39	20	27	52	53	31	67	32	1	41	40	7	61	14	35	3	25	52	36	18	25	44	53	26	37	24	3	0	11	69	35	34	
67	27	46	54	70	39	42	2	5	42	66	49	79	72	20	54	63	75	79	35	67	38	36	42	64	86	38	47	64	70	35	80	33	63	26	69	0	69	57	37	
51	5	7	26	75	67	45	62	16	15	64	60	54	56	46	36	37	41	25	21	72	58	24	47	43	14	22	62	57	51	1	29	36	51	20	32	38	0	18	41	
44	54	63	39	34	26	38	12	37	12	20	53	12	26	71	54	27	65	10	27	28	58	24	59	26	41	44	21	54	36	26	53	13	34	55	50	56	60	0	25	
45	22	13	44	67	11	56	27	56	43	71	52	43	52	44	69	12	33	23	58	50	12	40	54	46	18	57	56	1	54	69	3	42	39	48	43	57	51	63	0	
M7
0	45	18	53	21	5	22	26	42	45	47	50	20	45	23	57	10	60	24	18	53	31	34	29	31	23	61	45	35	7	31	69	51	17	15	14	5	40	54	48	
44	0	22	34	44	42	45	44	49	48	7	62	19	44	44	43	9	59	45	33	23	53	37	41	35	13	24	11	51	34	37	55	37	64	66	18	35	53	40	14	
31	56	0	65	8	69	45	51	50	61	54	36	49	57	52	49	37	59	15	69	58	63	26	56	16	43	2	53	58	62	44	13	54	38	57	19	67	39	59	61	
38	45	20	0	47	50	27	31	17	39	39	45	45	5	12	21	27	33	17	41	31	6	43	32	31	20	51	53	14	27	44	33	54	65	28	21	34	18	50	40	
45	42	7	42	0	20	48	42	35	46	5	44	17	8	44	39	18	17	36	31	29	24	27	15	28	21	35	40	28	21	24	29	35	64	8	11	33	41	38	42	
19	26	46	27	26	0	1	52	44	30	35	49	1	26	52	45	40	52	57	7	34	46	22	25	55	32	55	40	36	35	32	57	41	38	46	45	36	55	59	45	
25	31	31	24	31	8	0	19	34	35	43	48	6	31	32	48	45	52	35	35	38	23	56	45	11	1	60	30	41	40	11	60	35	44	39	32	17	49	37	41	
50	51	8	47	39	48	58	0	13	61	61	18	58	36	45	49	56	69	47	50	71	50	26	28	27	69	52	49	44	34	27	46	19	61	56	63	30	49	63	11	
38	55	30	36	55	20	33	52	0	38	41	51	30	52	17	52	31	59	19	22	43	49	68	49	42	47	24	21	16	6	41	18	23	54	50	47	2	39	71	61	
52	11	38	18	42	58	52	47	48	0	23	55	35	36	2	52	1	61	2	13	39	37	53	54	34	29	40	27	45	50	32	24	53	28	59	17	28	46	1	30	
34	30	13	38	30	63	36	30	35	34	0	59	5	30	37	46	19	68	67	19	43	55	23	41	21	36	23	28	37	35	23	58	23	57	70	4	21	56	26	30	
44	55	11	35	61	51	26	46	37	34	32	0	44	15	6	44	24	45	55	48	12	54	59	41	54	54	50	52	60	26	32	42	7	2	40	43	54	45	62	59	
52	3	30	11	3	50	9	29	41	7	15	57	0	3	36	45	17	57	40	41	31	30	45	49	43	9	32	17	13	12	45	57	43	45	43	26	13	42	45	22	
31	35	9	22	46	17	3	24	16	23	30	53	42	0	14	28	20	31	17	48	30	5	5	28	38	32	44	32	47	19	28	40	54	79	27	29	5	11	25	33	
50	1	28	17	5	48	51	50	36	33	13	67	25	17	0	49	15	53	37	39	29	25	43	47	9	19	30	15	44	22	17	58	35	53	47	24	12	48	16	3	
25	33	37	68	47	64	14	18	29	29	38	36	35	56	7	0	14	25	19	15	61	59	55	39	5	26	38	49	60	50	56	7	48	77	52	44	37	5	37	27	
47	47	2	66	60	18	42	60	15	64	23	47	35	59	44	54	0	10	48	5	51	49	53	71	35	56	1	51	25	36	53	26	28	37	49	34	32	59	56	3	
8	11	38	21	18	23	32	52	30	30	23	26	1	26	23	31	25	0	8	20	7	40	53	44	41	29	15	27	14	32	47	43	53	63	44	30	36	41	56	15	
46	48	57	41	60	44	50	48	12	65	56	20	41	57	27	68	11	19	0	49	50	60	64	48	28	41	51	37	43	33	36	45	10	26	57	11	29	66	28	64	
1	38	50	34	38	21	27	31	14	36	50	1	13	23	20	8	27	38	15	0	22	3	38	29	18	39	51	10	39	24	35	20	51	76	19	44	31	18	50	36	
40	49	30	52	14	1	50	11	32	26	47	16	33	29	35	47	10	4	15	56	0	21	24	47	34	4	36	2	25	42	21	10	35	61	5	56	6	47	40	33	
36	44	46	21	31	34	25	29	1	23	49	56	32	39	32	37	25	36	2	38	15	0	31	16	47	37	40	37	32	11	28	34	39	70	12	55	18	16	48	30	
38	15	9	24	28	38	19	31	42	20	27	49	39	42	20	8	15	38	32	28	43	43	0	52	18	33	44	12	51	21	26	20	57	63	65	38	30	18	22	34	
45	35	28	43	35	23	27	53	43	28	16	50	10	35	45	40	12	67	64	8	51	52	17	0	29	41	46	44	45	44	37	52	43	54	48	12	44	47	49	26	
53	38	2	4	58	45	44	48	34	5	21	28	33	22	29	38	19	48	34	47	6	23	51	49	0	35	30	13	4	12	51	34	32	66	38	32	33	35	54	32	
52	27	37	24	27	50	33	18	42	31	39	22	2	27	4	22	41	24	18	42	55	43	55	57	31	0	46	29	37	36	56	34	7	30	54	50	32	32	9	40	
33	35	51	33	3	18	37	41	13	26	38	55	10	35	44	49	28	9	14	17	27	2	36	28	31	41	0	49	13	10	39	46	16	65	24	14	30	28	54	42	
5	13	40	45	62	27	46	50	47	38	25	60	37	10	39	27	27	12	24	47	41	57	55	53	33	31	42	0	59	15	41	1	52	69	79	16	53	37	56	25	
35	32	31	50	42	36	29	33	36	44	11	62	17	22	36	45	1	30	39	37	56	36	38	54	34	17	41	46	0	22	36	57	41	48	20	17	15	20	44	42	
22	28	15	35	39	56	11	15	23	7	35	14	24	49	9	50	11	22	24	51	21	12	50	12	33	23	35	31	13	0	46	46	45	29	34	44	40	2	34	24	
57	49	21	35	52	59	3	2	26	54	61	23	44	4	54	42	20	52	48	40	32	36	19	18	40	52	33	43	40	47	0	54	15	74	20	56	43	52	26	24	
3	37	48	53	11	66	25	29	33	40	49	47	46	60	18	6	25	36	30	26	43	22	42	45	3	37	35	53	43	2	39	0	37	62	23	55	48	16	44	29	
10	39	38	47	39	55	17	27	34	31	23	52	14	39	42	30	32	58	8	49	16	23	26	49	40	45	6	31	27	44	23	6	0	81	7	34	35	40	56	49	
40	44	27	24	36	57	1	21	44	44	7	11	19	8	31	19	19	20	43	33	57	43	37	16	29	41	25	30	37	49	7	30	35	0	65	18	35	20	40	34	
26	38	32	36	30	49	40	44	16	35	34	71	40	38	43	31	14	51	17	51	30	5	8	31	41	40	55	35	9	26	5	43	54	71	0	40	33	31	45	45	
19	21	48	47	35	50	45	61	15	43	33	71	14	39	17	46	2	54	49	52	23	66	63	21	1	39	50	37	46	36	9	43	53	37	61	0	32	56	24	40	
57	37	31	46	35	7	41	53	4	42	41	67	49	64	28	30	28	60	38	41	62	61	7	68	40	38	34	34	35	25	48	35	15	33	62	52	0	40	27	56	
14	22	26	61	36	53	3	7	18	18	27	36	39	54	10	42	3	14	52	43	50	53	44	43	25	15	27	38	49	39	45	41	37	66	74	36	35	0	26	16	
12	37	30	12	37	51	43	47	20	26	10	49	12	13	37	46	12	54	21	36	12	9	38	35	38	43	40	22	39	30	40	49	23	33	31	21	33	35	0	37	
7	34	21	43	39	10	26	25	32	24	2	24	14	33	25	13	28	43	5	28	13	21	4	41	23	13	32	31	46	40	32	25	28	2	43	13	8	23	12	0	
