40  2  1
2
	0	18	1	75
	0	10	1	71
	0	18	1	46
	0	69	1	68
	0	80	1	55
	0	27	1	31
	0	72	1	67
	0	43	1	76
	0	66	1	83
	0	57	1	65
	0	4	1	63
	0	9	1	1
	0	35	1	37
	0	1	1	64
	0	6	1	7
	0	62	1	30
	0	28	1	41
	0	56	1	71
	0	14	1	38
	0	64	1	48
	0	80	1	9
	0	18	1	23
	0	59	1	98
	0	64	1	65
	0	55	1	42
	0	82	1	15
	0	48	1	38
	0	6	1	49
	0	20	1	83
	0	6	1	53
	0	74	1	77
	0	21	1	71
	0	47	1	29
	0	71	1	32
	0	61	1	8
	0	88	1	44
	0	45	1	97
	0	14	1	5
	0	35	1	78
	0	93	1	83
SSD
M0
0	13	23	21	32	16	5	20	27	18	27	16	16	16	19	13	16	34	36	5	15	16	34	17	7	18	27	4	17	18	21	31	20	12	23	5	13	33	9	31	
18	0	12	20	35	1	14	20	13	13	13	21	4	2	5	13	16	20	32	5	15	2	19	17	9	18	4	4	17	27	14	11	3	25	9	3	10	25	27	8	
2	8	0	23	24	19	19	31	22	7	18	19	13	20	10	22	34	19	26	20	1	20	3	23	27	11	22	22	4	32	18	12	10	24	18	11	21	4	29	26	
5	10	25	0	12	21	5	13	26	18	2	15	24	22	18	15	15	9	14	18	25	13	23	16	29	3	24	24	14	7	15	8	22	11	7	10	22	8	25	15	
18	21	4	7	0	21	14	3	23	23	13	5	19	22	5	31	36	28	34	17	19	24	25	14	28	20	35	24	25	27	8	19	2	11	29	20	12	26	1	26	
6	9	15	11	7	0	6	23	16	2	1	25	7	5	8	16	14	1	4	7	18	12	22	19	14	8	23	7	11	15	14	7	3	25	11	9	13	15	12	1	
15	19	10	17	39	29	0	32	20	21	11	2	22	20	3	19	2	30	38	26	4	4	7	27	11	17	18	22	18	6	1	17	21	33	25	16	21	16	36	24	
9	6	20	2	34	17	14	0	23	24	9	9	20	18	13	19	32	5	36	21	31	18	26	27	25	16	20	20	21	23	22	15	19	38	9	17	14	30	32	22	
18	15	12	21	35	11	9	20	0	1	13	18	4	2	5	13	16	20	35	13	15	24	8	17	11	18	29	4	17	27	14	17	20	24	9	8	10	15	27	19	
6	9	15	29	18	14	6	2	3	0	1	25	7	5	8	16	19	3	8	16	18	12	22	19	7	8	23	7	13	15	1	7	22	29	12	9	13	10	8	14	
1	4	19	34	34	15	1	28	27	23	0	22	18	16	12	27	22	31	23	19	29	7	17	14	23	3	18	18	8	10	9	2	17	31	13	4	16	30	28	9	
4	22	6	29	29	32	4	34	9	25	15	0	15	24	7	17	27	21	35	27	25	26	27	16	23	22	35	26	27	15	16	21	21	34	31	6	30	28	25	26	
7	20	1	20	14	16	19	25	18	23	18	27	0	7	10	18	21	20	19	18	20	12	11	22	12	5	22	9	22	32	19	22	3	22	2	8	6	23	32	15	
15	12	9	27	32	8	11	17	10	15	10	19	1	0	2	10	13	17	37	10	12	21	28	14	8	15	26	1	14	24	11	14	17	41	6	5	7	27	24	23	
7	10	1	25	40	20	3	23	19	12	2	11	13	11	0	22	25	23	29	17	15	13	22	20	17	9	24	13	14	16	3	8	23	37	18	10	19	23	34	15	
13	8	22	32	22	19	13	13	31	17	8	22	22	20	17	0	31	28	35	5	30	15	29	26	7	15	22	19	20	22	11	14	18	5	7	16	28	13	26	9	
20	27	20	34	17	28	15	38	32	32	22	23	28	26	14	17	0	32	13	20	35	6	14	24	16	20	5	28	4	10	11	20	25	3	27	13	24	17	13	34	
21	23	18	28	10	34	21	7	27	26	16	24	5	33	20	21	24	0	9	20	17	27	18	25	25	23	3	12	21	30	29	22	28	29	33	21	25	9	3	29	
4	7	29	7	24	18	27	23	26	6	26	23	21	19	22	8	11	17	0	15	26	19	10	2	2	1	12	21	13	31	31	15	20	7	18	20	2	8	24	25	
31	3	25	33	36	14	6	1	24	19	26	34	17	15	18	14	17	33	27	0	16	15	23	18	20	9	17	5	18	39	8	7	11	33	22	16	6	34	28	21	
7	10	25	40	29	21	7	21	28	6	2	28	24	22	18	6	17	2	29	14	0	13	23	5	8	9	14	5	14	16	15	3	11	13	19	10	22	34	9	13	
20	22	19	11	39	18	1	14	17	24	15	11	8	9	12	20	23	20	40	17	22	0	18	24	18	22	6	11	24	29	21	21	19	25	12	15	13	5	34	28	
13	22	6	39	29	25	3	27	3	5	17	16	28	26	9	20	23	6	32	20	10	28	0	24	32	2	21	11	3	28	2	12	2	2	33	22	32	28	23	30	
9	4	18	24	2	15	2	33	21	23	18	3	18	16	19	25	3	22	3	19	14	13	27	0	19	18	12	18	23	27	23	24	17	13	4	17	19	17	36	22	
22	25	3	36	39	29	18	17	34	14	17	26	7	26	9	8	4	32	44	25	22	28	24	20	0	5	37	20	18	31	18	23	31	35	33	9	31	17	42	27	
29	16	28	6	47	21	2	40	39	38	24	27	30	28	25	32	26	20	35	21	31	28	44	36	35	0	30	24	28	14	18	30	13	5	32	18	27	38	44	18	
20	16	14	32	30	13	16	22	12	20	15	18	6	4	7	15	17	21	24	2	17	7	33	2	13	1	0	6	19	5	14	19	20	2	11	10	12	29	29	28	
23	5	14	35	25	16	16	10	28	8	18	36	19	17	20	3	6	35	36	3	5	17	34	7	24	8	19	0	7	32	29	24	10	34	24	5	25	23	17	23	
25	23	8	16	6	5	27	37	26	27	26	23	35	35	18	20	34	23	9	33	27	35	10	22	21	7	20	37	0	40	19	28	21	16	41	18	19	8	43	23	
13	21	12	36	27	27	14	34	25	23	13	7	20	18	5	12	6	18	36	28	26	19	33	25	17	5	25	20	8	0	3	10	9	25	13	21	9	18	29	18	
7	19	19	12	38	15	16	31	5	19	11	33	12	13	16	18	9	7	1	24	26	22	15	17	1	4	7	15	23	25	0	17	9	22	20	3	5	23	34	24	
18	12	11	26	31	12	18	17	20	15	13	7	6	9	12	10	13	27	37	10	12	24	2	14	18	15	26	1	14	27	17	0	7	27	16	12	6	30	14	16	
16	19	19	36	17	18	16	27	20	21	11	23	11	9	12	20	3	27	38	19	16	22	32	17	1	18	33	11	11	10	19	17	0	13	1	15	17	17	34	24	
21	24	22	16	4	22	7	17	28	22	16	17	20	36	19	42	3	8	35	34	17	16	17	26	36	8	36	38	14	30	16	17	16	0	1	12	1	32	6	19	
17	15	11	4	2	8	12	20	13	10	13	22	4	2	5	13	14	20	16	2	15	16	31	17	11	5	29	4	17	14	4	17	20	37	0	8	10	24	27	5	
26	25	22	14	29	21	24	14	14	8	23	20	14	12	15	23	19	30	14	23	20	29	4	27	21	4	32	14	3	7	10	23	22	9	3	0	20	24	35	25	
17	10	14	25	21	13	16	16	15	6	12	14	6	4	7	15	13	21	39	15	17	22	25	2	13	12	24	6	12	1	10	17	16	26	11	10	0	6	5	25	
6	4	16	5	20	15	9	19	4	5	25	1	18	16	17	27	30	1	44	12	29	16	33	14	14	5	18	18	15	25	10	13	14	6	23	16	17	0	33	22	
15	18	9	19	27	19	11	31	27	20	10	16	21	19	2	30	8	31	24	1	23	21	29	20	16	7	5	21	10	24	11	6	5	8	1	18	27	31	0	23	
31	30	11	23	27	19	28	16	9	29	35	35	27	25	27	4	34	33	37	17	9	42	18	35	21	12	13	22	22	47	30	33	30	19	32	21	21	31	18	0	
M1
0	34	17	14	14	35	26	11	7	17	5	33	1	2	22	39	25	33	1	29	35	8	27	31	24	1	23	21	19	36	24	14	35	35	17	18	6	25	24	15	
11	0	14	1	10	26	7	28	13	8	22	20	24	15	2	21	22	2	32	26	15	12	26	11	17	35	17	32	18	37	17	34	23	18	15	36	12	28	20	37	
6	24	0	17	25	14	15	14	22	17	29	10	31	15	16	36	36	24	31	26	26	26	42	23	24	26	12	22	26	14	32	35	15	28	14	14	34	4	6	22	
12	35	21	0	23	3	20	15	14	25	7	23	5	19	17	25	27	10	24	19	28	27	32	17	18	14	20	15	24	4	18	46	19	10	7	22	46	12	9	7	
26	34	18	33	0	12	15	29	27	7	12	24	18	9	26	13	21	25	36	2	3	17	38	5	2	15	5	29	18	1	37	16	6	26	19	19	13	9	26	39	
34	21	26	9	11	0	42	14	15	18	35	42	19	3	19	3	32	37	36	43	32	29	9	28	4	17	1	45	6	46	18	32	39	35	33	32	22	38	37	21	
28	18	15	35	8	13	0	6	14	26	23	26	19	14	3	1	23	18	33	14	16	13	15	12	13	34	18	10	19	15	22	23	29	19	22	37	27	29	4	30	
32	1	30	42	34	41	40	0	7	37	2	35	15	38	42	17	8	1	49	47	27	38	43	14	45	40	33	15	21	44	21	24	23	15	45	37	11	40	7	1	
11	7	20	41	25	29	9	25	0	22	11	9	2	14	8	23	15	8	27	32	21	18	15	17	23	39	32	21	24	24	13	34	20	15	31	31	9	26	11	23	
19	34	1	8	18	13	2	32	23	0	14	17	2	13	12	14	28	20	18	13	4	22	39	14	27	26	28	17	2	34	37	1	18	28	1	23	6	38	19	9	
7	3	22	10	20	29	25	21	40	20	0	23	1	7	29	25	32	10	41	18	15	25	1	38	42	8	3	19	25	29	10	17	1	41	24	45	46	37	25	18	
1	29	29	41	31	22	4	43	28	12	37	0	20	4	17	25	37	13	38	31	15	27	31	26	30	29	39	11	30	39	45	24	39	21	21	29	23	32	1	18	
20	15	16	8	14	17	22	31	25	4	16	18	0	23	27	14	34	17	30	29	4	5	8	26	35	29	15	30	17	21	35	16	9	17	17	17	30	7	14	26	
3	3	11	29	23	12	6	35	20	14	19	1	22	0	19	27	39	15	29	4	17	29	26	21	13	24	10	13	17	16	14	26	4	23	12	12	25	2	3	20	
18	24	5	43	10	20	18	29	4	16	13	16	21	21	0	16	13	12	29	17	6	3	41	2	8	26	17	28	9	28	31	25	30	9	29	27	28	19	11	35	
1	1	20	21	21	2	15	22	29	4	29	10	24	15	24	0	27	24	13	25	26	20	5	30	37	3	19	22	21	14	26	32	24	5	13	7	28	11	12	28	
7	15	3	20	12	6	10	34	9	8	29	5	16	3	23	11	0	19	20	11	1	8	14	29	18	22	22	17	9	11	35	26	25	13	22	32	29	30	7	21	
24	31	30	19	15	3	26	39	13	17	27	22	43	19	18	26	25	0	24	29	31	18	27	2	33	1	7	20	19	43	24	28	34	34	17	40	9	35	3	3	
18	25	4	32	30	8	21	32	15	26	27	16	16	21	13	23	27	13	0	16	16	21	46	17	13	20	22	28	18	42	8	4	23	8	36	21	16	29	18	35	
29	40	18	32	24	19	32	13	21	22	27	27	12	31	30	29	44	41	36	0	38	26	1	12	23	20	17	39	1	23	11	32	37	41	19	19	44	9	16	6	
14	23	38	29	7	5	17	29	37	1	29	12	6	17	26	1	21	13	32	27	0	36	26	35	32	34	15	23	6	24	35	30	15	17	15	33	29	42	14	31	
16	3	22	17	20	32	3	3	4	1	27	14	12	18	10	28	20	28	6	18	21	0	33	19	7	7	1	26	25	12	27	39	28	26	6	1	2	22	16	12	
1	42	2	26	35	31	33	9	45	24	22	33	3	36	35	19	9	9	25	36	19	25	0	43	1	8	30	24	8	40	21	33	42	28	24	12	10	40	29	35	
11	33	14	15	19	21	14	13	3	22	22	9	28	14	2	25	22	21	34	26	15	12	20	0	17	29	26	21	4	15	22	20	39	5	17	36	33	28	11	28	
29	32	17	28	10	16	31	8	18	26	18	29	24	10	7	23	6	26	35	30	20	16	6	16	0	10	16	33	21	23	6	15	5	16	18	36	8	29	22	40	
19	28	24	3	19	29	10	28	23	1	11	17	35	13	12	23	9	31	18	13	25	2	11	21	27	0	7	29	3	27	8	25	19	28	1	24	27	19	19	17	
12	12	18	36	1	19	8	7	13	12	33	10	10	15	19	25	39	11	26	8	15	12	29	8	26	23	0	6	30	8	37	34	13	32	9	17	10	9	12	18	
30	39	16	13	22	13	18	22	21	17	37	28	22	22	19	17	12	18	12	19	7	20	6	4	13	11	31	0	22	12	33	1	10	5	25	14	32	40	30	19	
3	29	31	40	33	10	6	42	30	14	29	1	22	6	19	7	39	13	19	33	17	29	7	27	9	31	11	13	0	22	41	25	41	13	23	31	25	34	3	20	
15	3	20	28	5	22	15	30	19	9	28	20	4	10	8	8	28	27	21	16	21	18	43	11	22	29	29	32	9	0	29	24	27	8	4	22	22	21	7	25	
6	30	15	14	4	15	25	36	13	33	29	20	16	23	35	19	25	30	39	22	31	17	44	41	9	30	34	14	46	16	0	42	41	15	42	41	18	36	22	39	
22	33	23	7	26	34	28	16	23	12	18	25	23	9	31	2	16	16	30	26	39	21	30	1	35	4	26	5	22	19	27	0	1	33	20	14	1	30	25	22	
32	12	33	21	25	23	28	2	13	19	4	30	1	31	30	6	27	20	36	31	9	9	27	34	12	3	25	30	21	8	26	3	0	13	19	33	34	24	2	31	
12	32	8	2	40	24	15	16	17	7	6	10	4	15	28	3	26	24	35	31	26	6	37	23	36	11	30	6	29	31	34	29	39	0	26	10	31	39	1	29	
10	34	15	35	20	30	5	39	14	21	22	8	27	4	3	14	22	22	9	4	16	13	40	12	18	17	25	20	19	37	28	33	15	19	0	15	32	29	10	14	
24	7	15	27	12	21	27	40	26	5	8	22	22	23	32	20	29	8	37	23	10	26	25	30	20	9	18	34	25	25	13	3	34	13	21	0	21	11	24	41	
15	29	27	10	40	17	25	36	34	30	1	27	5	9	41	28	30	38	3	38	28	31	40	38	20	14	36	28	24	37	1	45	14	32	30	18	0	36	12	5	
19	26	4	22	16	5	18	29	13	8	20	17	22	17	16	27	35	31	22	17	29	26	43	14	31	17	3	29	31	9	23	38	28	27	5	5	32	0	17	27	
14	34	26	36	9	23	13	14	28	30	25	39	35	37	17	6	19	36	42	13	20	27	35	12	26	18	17	1	33	8	35	23	11	32	25	12	20	17	0	46	
4	28	20	43	26	15	13	23	10	19	29	12	33	15	9	25	29	26	27	30	22	19	22	9	24	33	33	17	9	27	8	37	22	25	18	4	7	32	10	0	
