40  6  1
6
	0	22	1	10	2	10	3	74	4	88	5	48
	0	87	1	86	2	39	3	77	4	2	5	13
	0	61	1	94	2	19	3	53	4	87	5	61
	0	36	1	12	2	31	3	42	4	69	5	12
	0	82	1	29	2	70	3	38	4	66	5	51
	0	58	1	69	2	62	3	86	4	91	5	95
	0	16	1	32	2	9	3	17	4	94	5	10
	0	28	1	73	2	64	3	87	4	69	5	58
	0	12	1	57	2	40	3	3	4	8	5	15
	0	19	1	45	2	94	3	11	4	94	5	18
	0	66	1	67	2	63	3	15	4	54	5	97
	0	11	1	24	2	28	3	62	4	93	5	39
	0	87	1	48	2	8	3	76	4	21	5	54
	0	43	1	75	2	24	3	26	4	11	5	53
	0	20	1	63	2	21	3	29	4	32	5	4
	0	52	1	54	2	85	3	53	4	18	5	15
	0	44	1	2	2	48	3	83	4	23	5	73
	0	9	1	33	2	10	3	76	4	63	5	55
	0	93	1	53	2	23	3	41	4	94	5	69
	0	48	1	99	2	35	3	54	4	2	5	44
	0	92	1	14	2	61	3	71	4	27	5	74
	0	39	1	83	2	82	3	97	4	74	5	72
	0	84	1	17	2	96	3	31	4	10	5	70
	0	58	1	74	2	80	3	7	4	9	5	94
	0	5	1	28	2	46	3	52	4	100	5	70
	0	62	1	24	2	24	3	36	4	83	5	17
	0	31	1	60	2	60	3	34	4	28	5	18
	0	56	1	65	2	77	3	57	4	63	5	16
	0	92	1	95	2	1	3	21	4	10	5	2
	0	20	1	74	2	44	3	84	4	94	5	1
	0	48	1	6	2	71	3	53	4	37	5	55
	0	27	1	71	2	68	3	5	4	37	5	83
	0	50	1	41	2	59	3	14	4	49	5	72
	0	89	1	25	2	19	3	4	4	50	5	10
	0	46	1	89	2	98	3	24	4	8	5	56
	0	80	1	12	2	93	3	75	4	67	5	66
	0	100	1	43	2	46	3	34	4	42	5	66
	0	47	1	48	2	23	3	80	4	39	5	50
	0	32	1	54	2	24	3	43	4	13	5	39
	0	4	1	84	2	83	3	83	4	4	5	86
SSD
M0
0	2	3	56	23	22	46	31	44	35	55	37	38	62	41	38	47	30	25	48	44	16	9	23	9	24	34	9	10	50	61	19	6	36	22	65	51	46	20	34	
45	0	28	42	38	38	29	27	27	2	22	28	34	53	32	37	50	13	29	8	35	46	9	29	45	30	22	38	42	16	51	48	36	37	18	48	42	19	21	25	
33	35	0	20	18	40	4	49	19	37	40	41	56	38	25	29	11	5	7	17	47	34	58	21	27	25	57	3	28	15	43	40	33	29	27	7	42	36	34	51	
53	14	49	0	21	22	59	32	6	39	40	41	26	61	26	38	67	45	26	54	39	17	58	24	10	19	48	32	39	39	15	27	69	42	3	21	50	50	34	33	
31	50	14	16	0	3	46	33	36	19	12	21	22	41	20	11	47	30	25	48	23	18	45	22	11	20	9	35	5	37	31	3	49	20	41	10	30	33	35	13	
34	45	59	4	27	0	47	45	37	20	34	22	23	42	21	54	48	44	26	32	24	32	41	31	25	33	40	15	30	48	55	42	11	31	30	61	31	50	49	14	
13	37	38	5	10	20	0	29	43	20	20	21	46	18	45	36	5	43	23	21	43	14	44	21	7	5	40	31	8	45	50	24	13	35	41	62	60	54	14	43	
6	30	31	43	24	23	30	0	28	63	10	54	49	64	48	38	26	14	26	32	8	17	37	24	10	12	29	34	38	70	52	27	27	38	36	49	68	57	17	58	
54	43	35	3	3	30	57	63	0	43	31	32	44	65	44	65	58	54	49	36	46	17	40	55	49	58	52	16	29	78	19	51	73	24	42	60	46	41	62	37	
24	48	47	27	17	57	32	6	27	0	1	7	13	32	11	16	33	29	16	39	14	25	36	27	44	46	1	46	44	44	45	33	40	21	12	62	21	57	37	4	
45	41	11	54	16	15	38	24	39	36	0	23	41	24	40	31	9	42	18	47	38	9	53	16	2	17	21	26	23	8	70	19	64	19	43	72	64	35	26	47	
11	35	36	32	32	50	14	47	17	31	50	0	47	26	45	35	15	11	15	29	48	44	27	27	37	35	9	42	38	58	48	43	39	3	9	44	55	59	31	38	
20	44	45	2	16	16	9	25	30	30	45	6	0	2	29	15	30	16	19	34	39	10	44	1	3	18	26	24	26	2	53	20	20	20	26	32	39	10	27	40	
29	53	14	39	36	15	30	44	50	54	54	51	57	0	55	37	30	73	38	67	20	29	40	8	22	37	11	46	54	49	73	14	23	38	22	51	60	44	24	48	
16	40	41	11	3	53	33	12	31	36	34	38	39	58	0	22	54	17	33	35	13	51	47	33	47	52	24	15	16	77	51	52	41	26	39	52	47	26	57	30	
25	40	50	24	34	33	28	31	31	6	26	3	38	40	36	0	13	25	29	30	39	27	41	34	20	14	1	44	52	22	62	35	53	17	23	58	22	39	37	29	
18	37	43	42	36	47	21	23	33	51	57	31	1	15	46	43	0	19	35	26	57	51	49	30	44	42	28	11	45	23	26	54	46	3	41	19	26	50	7	48	
36	21	42	20	20	30	7	46	5	41	43	44	46	41	44	15	28	0	7	9	33	34	50	7	29	28	59	33	31	63	29	26	36	15	13	26	54	39	37	37	
38	61	53	21	21	31	47	43	6	24	44	22	27	44	25	12	48	44	0	54	28	19	50	35	21	36	42	11	47	18	26	38	54	4	42	67	6	12	8	18	
38	31	36	30	35	29	9	54	37	45	44	46	50	43	43	24	20	51	48	0	24	39	66	46	32	30	42	23	33	17	20	49	38	60	57	64	70	44	29	68	
52	41	16	44	64	37	58	59	68	57	10	51	19	24	58	57	41	61	40	60	0	65	61	44	58	46	11	43	9	56	10	45	9	6	47	80	45	18	19	51	
32	56	26	21	29	19	3	40	41	15	35	34	35	34	25	45	19	27	38	37	36	0	56	40	26	24	10	44	25	64	65	43	32	48	46	61	43	34	6	26	
37	61	62	46	30	58	50	10	40	23	34	25	26	15	24	56	51	47	29	65	27	38	0	3	48	19	17	59	60	61	58	21	31	2	37	21	34	51	48	17	
36	49	60	34	34	41	35	2	19	36	40	46	59	69	59	43	14	19	35	37	31	47	51	0	40	41	50	30	15	8	9	54	19	3	20	54	70	24	47	59	
49	47	65	47	9	8	44	17	32	52	55	54	34	74	33	24	60	59	11	40	31	2	46	9	0	10	33	19	66	58	63	12	72	68	72	76	58	42	19	46	
11	35	20	36	8	38	36	47	50	49	28	43	52	70	35	53	57	36	32	19	53	6	27	26	25	0	3	42	15	64	15	18	25	7	14	71	37	48	39	43	
29	24	54	2	22	40	16	40	29	15	35	9	18	37	16	38	35	31	16	49	19	30	41	32	39	37	0	51	39	49	42	3	45	23	29	45	26	33	5	9	
39	17	23	20	12	39	45	39	5	14	34	40	46	8	34	49	30	49	49	53	35	34	17	53	50	19	34	0	46	15	25	48	67	32	45	65	11	26	7	37	
35	27	18	29	21	44	8	30	27	44	12	13	8	42	57	17	29	13	3	31	55	38	51	29	31	7	33	22	0	69	51	48	32	16	23	48	16	52	38	59	
39	44	64	31	28	28	10	33	25	8	28	18	40	44	35	31	31	14	30	32	41	22	34	29	15	30	22	2	34	0	52	32	36	32	20	49	42	7	21	31	
35	5	60	26	16	27	57	1	57	43	39	48	29	78	27	67	29	43	55	61	34	42	3	48	39	12	58	49	63	27	0	45	24	22	65	30	21	19	46	61	
10	34	35	24	20	10	40	38	9	13	33	15	16	35	14	8	41	37	11	49	17	23	39	30	16	31	6	37	42	19	40	0	37	29	35	37	19	3	40	7	
38	52	56	29	25	40	38	34	36	58	56	35	13	34	2	7	29	22	29	33	35	34	68	9	27	12	28	26	38	75	17	44	0	3	44	57	48	27	51	52	
54	52	73	30	43	31	38	59	28	40	55	42	42	62	41	27	5	22	5	21	44	54	29	10	47	57	60	18	12	72	37	31	67	0	44	57	6	49	56	34	
44	14	69	53	37	52	34	38	47	13	33	32	33	40	31	48	43	38	36	56	30	45	29	47	39	10	33	26	8	4	65	29	24	46	0	73	41	31	45	24	
35	53	38	27	15	14	6	23	16	42	42	43	40	4	39	30	27	65	17	43	37	8	12	15	1	16	20	25	30	58	47	18	35	10	34	0	21	14	25	52	
44	57	54	21	22	46	15	33	7	38	29	32	14	49	23	44	36	54	44	14	42	36	9	39	38	33	42	8	7	55	38	9	44	43	25	56	0	34	18	32	
19	17	26	22	4	9	56	66	7	61	1	44	21	80	38	49	57	66	59	19	20	23	50	8	46	10	26	35	48	67	38	21	4	23	49	27	11	0	20	55	
29	53	54	4	22	31	42	39	17	15	35	17	18	37	7	49	43	39	21	39	18	29	41	14	42	28	13	42	39	56	48	38	38	31	21	29	26	39	0	9	
16	40	41	25	9	55	29	27	19	2	22	4	5	24	3	37	30	26	8	44	6	17	28	19	42	50	22	38	39	43	37	54	32	18	24	59	13	49	36	0	
M1
0	18	20	49	23	42	29	38	27	47	53	55	37	21	44	16	14	32	27	5	48	32	3	21	22	53	27	64	17	41	25	26	14	12	20	33	9	25	41	29	
24	0	36	53	34	47	31	10	38	54	39	8	11	55	28	35	30	27	37	36	58	22	29	45	32	70	4	66	25	45	51	42	18	16	9	10	35	3	13	20	
31	29	0	20	27	31	38	67	31	30	40	1	10	30	8	29	42	40	37	22	9	32	11	29	16	61	28	27	19	23	8	39	21	42	26	34	28	17	44	17	
40	41	40	0	27	30	37	60	30	56	47	53	50	30	64	37	34	26	15	55	9	11	47	3	40	35	71	27	49	16	46	34	59	62	36	34	7	39	61	44	
57	33	47	69	0	33	33	20	39	56	65	27	18	35	54	33	63	38	72	71	75	52	15	7	56	36	39	26	60	56	37	57	50	57	61	45	54	71	19	46	
18	40	18	13	41	0	27	39	35	43	38	13	38	3	42	23	12	3	7	33	23	32	22	8	7	39	36	36	45	32	22	24	29	5	35	48	32	21	10	27	
56	42	17	4	43	34	0	14	34	23	39	55	26	46	41	8	11	5	31	27	25	27	34	2	34	23	34	43	20	19	56	23	46	3	33	5	23	40	34	3	
52	22	25	39	67	37	3	0	57	58	38	27	55	43	20	43	46	2	60	48	60	28	52	37	32	58	37	71	26	20	60	58	30	38	36	33	17	44	2	28	
53	49	51	63	58	7	53	45	0	5	42	33	42	52	3	58	54	21	59	60	43	66	40	58	11	30	64	35	49	40	21	66	34	44	53	34	60	63	41	30	
3	31	33	39	34	19	3	8	7	0	52	28	50	33	57	20	27	27	40	18	38	26	16	34	21	58	29	27	30	54	38	39	27	25	33	40	22	22	51	38	
17	39	21	18	50	24	37	43	15	56	0	57	41	7	52	43	22	19	29	28	39	41	30	33	10	39	10	57	7	46	49	34	31	18	47	2	11	51	40	37	
6	7	36	49	16	49	13	54	6	22	36	0	4	37	32	28	30	39	43	21	37	45	10	28	5	58	34	55	28	24	32	42	30	18	36	40	3	41	19	13	
39	30	6	61	27	41	25	37	33	18	63	54	0	30	40	28	10	35	32	54	9	5	19	30	32	50	4	27	27	30	41	14	14	60	36	33	57	39	36	25	
63	40	34	32	57	33	31	1	35	25	8	72	28	0	43	54	28	25	17	3	53	29	37	31	37	68	33	9	20	30	11	34	24	2	32	8	43	44	33	20	
20	42	28	57	48	36	59	68	53	28	39	59	4	42	0	34	44	1	57	29	40	4	33	41	8	61	51	48	31	49	55	52	44	20	35	56	39	21	1	59	
54	28	29	15	33	56	39	49	30	16	27	61	17	36	41	0	24	21	31	30	15	38	33	30	33	29	57	33	19	43	35	36	48	41	20	4	34	49	3	27	
61	64	4	49	68	45	13	25	21	68	51	42	24	64	28	24	0	23	20	42	56	39	73	47	71	38	76	74	65	64	76	10	33	48	61	50	54	27	25	13	
37	8	41	40	37	2	40	62	39	53	45	64	61	8	49	35	35	0	44	48	61	33	17	26	42	67	37	36	37	35	39	38	52	6	36	22	47	12	37	48	
32	44	7	52	21	18	16	7	24	35	48	45	27	1	31	27	1	26	0	15	3	26	45	50	24	41	62	21	43	32	13	13	26	47	18	28	50	18	28	16	
58	53	52	17	54	45	64	53	49	44	49	36	35	57	43	57	49	54	36	0	36	40	61	32	65	20	23	54	7	29	22	46	35	57	18	37	27	4	51	31	
25	27	37	69	4	46	46	53	17	33	48	60	48	7	61	36	31	28	14	37	0	9	38	35	17	69	50	4	26	42	23	16	36	47	55	11	44	20	42	25	
59	22	36	7	24	38	56	55	24	48	8	42	7	20	7	22	53	7	7	60	24	0	4	22	6	22	27	39	3	35	26	11	39	46	3	34	26	10	36	13	
66	1	15	51	3	22	48	39	28	27	62	36	50	53	56	1	33	12	40	39	55	20	0	1	35	33	7	56	28	24	5	45	18	51	58	13	56	47	51	14	
39	19	33	45	21	37	28	30	46	45	51	37	26	70	4	19	35	30	37	54	52	34	1	0	20	51	25	70	46	42	23	45	36	61	34	31	50	64	50	9	
31	10	45	58	19	64	54	48	35	19	3	60	3	25	58	38	39	46	32	46	4	27	44	22	0	25	55	22	44	60	41	27	54	53	14	29	30	38	2	43	
14	42	13	9	37	21	22	9	30	48	5	35	21	24	23	33	7	32	29	17	19	32	27	24	46	0	18	37	36	22	36	19	38	13	1	21	28	20	34	9	
7	6	37	2	37	32	46	19	44	64	39	29	6	32	55	33	31	40	29	22	23	25	20	8	39	10	0	2	4	30	42	43	31	29	28	48	5	42	23	12	
18	25	8	56	51	41	33	31	48	40	46	69	46	29	29	44	25	22	20	31	47	28	31	46	15	30	55	0	20	37	18	37	4	40	32	5	37	53	45	27	
15	42	8	26	12	66	16	60	41	7	39	11	39	46	65	25	35	32	42	30	47	49	28	41	40	71	51	65	0	54	43	47	6	37	45	15	11	16	51	48	
36	6	7	33	2	48	16	28	24	21	51	6	13	4	4	27	1	23	11	8	54	34	40	14	35	41	64	57	5	0	52	13	9	48	64	53	33	30	28	16	
64	25	24	40	53	17	43	55	51	16	58	64	54	51	45	51	28	27	50	35	44	63	33	39	52	68	54	62	38	13	0	40	7	51	77	23	50	36	45	3	
38	40	28	35	49	55	37	49	45	62	57	57	3	4	29	6	22	20	30	29	51	51	29	47	32	29	53	8	17	53	51	0	57	24	54	3	30	33	23	18	
43	18	32	11	13	25	18	20	35	12	10	38	36	25	29	35	36	35	32	37	4	27	41	1	5	30	48	22	44	21	2	15	0	53	47	29	2	38	35	11	
39	38	44	12	51	6	57	69	8	22	57	62	68	54	46	61	42	50	39	54	33	2	52	4	64	59	6	27	66	4	67	7	63	0	5	58	16	60	6	57	
39	47	13	34	27	39	47	34	49	38	8	56	37	17	31	57	32	49	54	42	44	43	52	45	62	1	43	62	60	35	16	11	16	16	0	45	10	3	41	25	
71	25	14	59	37	40	23	35	31	47	42	52	34	46	38	34	8	5	15	14	36	47	17	35	17	48	41	54	3	58	39	20	43	44	42	0	31	37	35	23	
22	20	25	65	25	47	34	46	10	33	33	3	11	53	49	26	19	25	41	37	64	3	8	12	32	58	32	77	11	49	30	31	33	44	52	38	0	34	46	34	
47	13	15	34	41	18	15	36	32	30	53	53	35	44	39	6	9	6	31	11	23	23	47	39	34	24	41	37	52	27	8	21	21	10	40	37	51	0	36	17	
22	35	20	46	19	23	29	41	34	8	16	4	32	45	44	40	14	39	36	37	52	44	35	18	20	19	46	60	40	20	56	26	21	27	1	64	14	35	0	29	
39	10	13	14	41	15	13	34	30	23	35	51	33	26	31	33	7	32	29	43	35	37	21	4	46	6	45	16	15	42	43	19	3	43	31	17	22	36	34	0	
M2
0	44	76	57	30	41	18	45	41	59	45	34	46	66	45	36	61	44	9	39	38	45	10	53	6	31	35	38	53	56	38	10	56	19	57	62	31	47	44	4	
4	0	13	45	10	29	6	29	28	24	5	20	11	14	31	15	27	9	23	16	25	28	6	42	20	11	21	22	1	29	9	14	9	25	22	3	43	22	42	18	
26	41	0	22	17	26	3	7	3	31	19	27	14	21	41	21	6	16	45	41	14	40	13	39	42	16	11	29	8	41	27	6	28	39	16	38	12	29	51	32	
45	4	10	0	46	50	32	36	32	60	44	35	27	10	54	36	34	45	10	9	43	36	42	49	45	41	40	15	37	59	40	11	52	54	45	46	40	48	70	36	
21	26	3	43	0	45	25	29	25	26	33	19	16	15	5	43	28	11	27	31	36	42	35	34	37	33	33	3	30	31	27	13	23	16	24	56	23	24	29	28	
38	29	68	27	33	0	34	19	57	37	30	48	13	38	32	43	55	37	55	59	53	7	32	53	54	30	49	6	29	38	26	37	49	40	38	16	60	5	56	52	
14	37	71	30	54	14	0	34	33	34	46	58	29	49	29	9	51	52	33	47	62	51	34	27	30	4	37	54	49	29	41	34	48	27	31	36	29	50	39	20	
31	52	53	42	2	31	8	0	29	6	53	18	37	46	4	26	38	38	50	17	24	20	23	33	36	19	48	7	42	30	50	38	28	44	32	53	46	4	28	37	
21	18	19	43	8	29	6	28	0	21	12	20	24	14	5	15	13	8	40	49	5	50	6	34	37	8	21	21	1	31	33	14	6	32	1	47	44	21	29	3	
41	3	51	23	46	54	41	41	13	0	25	39	42	56	2	41	56	37	14	28	58	39	48	31	57	53	34	25	43	28	28	36	49	13	16	41	38	20	26	55	
3	36	53	47	12	31	8	31	34	26	0	11	26	16	9	17	1	11	22	51	27	8	8	37	19	21	23	5	3	35	35	16	23	32	24	49	17	24	33	17	
30	18	14	46	28	19	7	11	36	25	22	0	45	19	14	25	39	47	49	54	19	53	17	23	46	20	36	21	39	40	57	39	53	43	47	26	45	13	34	36	
17	42	68	44	18	40	17	40	43	35	9	31	0	17	19	26	35	20	36	39	32	18	14	32	33	9	32	33	12	34	5	16	32	19	33	42	39	13	42	31	
20	10	29	56	15	52	43	55	47	65	47	36	30	0	22	56	1	50	32	11	25	55	40	15	11	7	55	56	42	32	43	35	58	29	30	17	45	19	36	6	
34	52	28	17	28	31	21	51	4	56	30	23	30	49	0	27	40	41	42	46	49	53	48	8	50	34	58	22	43	5	43	13	50	33	29	39	42	7	3	42	
22	38	15	56	43	2	37	29	32	4	6	21	48	4	44	0	14	9	41	1	29	52	42	43	38	35	16	22	40	42	61	40	21	33	22	45	46	22	58	34	
9	38	53	45	14	6	10	30	36	28	16	11	27	18	30	19	0	13	9	39	29	36	10	46	25	23	15	15	5	46	27	8	25	37	26	51	48	1	54	23	
3	39	44	47	31	24	31	10	13	5	50	2	59	13	25	49	38	0	22	34	49	33	23	32	19	19	20	3	41	34	51	23	2	14	3	54	40	3	39	17	
12	19	44	66	40	33	37	13	9	34	15	2	14	39	41	5	57	19	0	39	49	40	32	53	24	31	41	6	34	26	27	14	31	41	32	56	53	23	63	26	
25	48	6	41	38	6	2	32	12	45	10	34	19	42	40	20	31	37	9	0	14	24	12	38	41	15	36	38	29	20	32	28	20	38	41	16	37	16	50	31	
25	43	10	25	24	43	20	32	32	27	19	24	6	28	33	29	27	12	44	17	0	32	20	46	41	23	30	22	15	36	19	20	24	18	17	24	1	25	43	17	
15	37	69	62	31	17	43	40	44	52	31	29	64	60	38	56	24	37	28	32	63	0	35	46	31	56	29	39	70	64	63	35	49	12	50	55	37	50	37	29	
2	13	13	54	42	50	30	39	35	63	51	46	46	53	38	48	38	48	21	51	46	57	0	65	18	42	43	50	40	35	26	22	49	31	35	5	43	18	55	16	
31	63	6	47	42	40	17	32	28	8	35	30	39	41	53	35	31	18	39	32	8	60	2	0	47	30	36	31	33	55	52	7	30	42	29	62	13	31	65	45	
44	48	31	59	53	55	32	51	53	46	67	22	52	14	53	50	39	31	29	49	45	36	63	24	0	45	36	44	58	29	12	56	43	51	44	55	62	41	61	25	
31	9	45	25	48	34	12	24	49	41	39	38	22	34	27	30	23	26	39	21	62	27	33	35	19	0	45	28	42	1	33	21	38	1	3	20	14	38	26	40	
37	30	77	60	25	44	21	44	45	27	27	35	28	29	33	30	42	24	13	64	40	54	21	57	31	22	0	37	16	22	41	29	36	47	37	62	48	28	57	50	
2	29	57	40	42	53	30	35	2	39	37	44	58	15	33	33	40	32	21	27	8	18	22	41	14	43	47	0	43	38	50	22	8	7	43	37	33	45	32	7	
20	32	60	43	8	27	4	27	30	22	10	18	22	12	42	13	25	7	39	47	23	48	4	40	36	17	19	20	0	42	31	12	19	31	20	45	42	20	52	33	
45	52	56	20	42	26	38	13	46	47	26	14	51	20	22	4	27	32	14	32	51	4	29	31	55	29	53	43	33	0	64	46	37	27	45	34	53	19	46	7	
24	43	10	51	34	46	32	19	24	51	25	38	8	33	35	41	35	36	13	5	43	34	30	48	40	10	40	42	28	35	0	32	24	35	37	8	41	29	54	31	
39	43	34	48	38	52	40	6	9	18	50	5	50	18	47	17	18	44	58	50	12	61	50	47	2	10	40	27	48	35	60	0	55	35	33	54	48	10	23	34	
36	32	22	30	30	56	44	35	32	33	32	44	32	52	7	32	42	32	44	15	12	33	8	36	52	30	52	4	49	33	45	3	0	7	45	50	33	35	5	50	
19	6	42	31	31	40	38	9	29	21	24	18	33	29	7	33	43	6	19	1	50	7	30	15	32	35	26	8	39	33	46	26	18	0	19	24	7	19	6	33	
32	24	46	5	26	50	27	50	41	17	28	41	28	35	16	15	38	30	40	21	46	51	8	45	48	8	42	33	22	33	41	35	32	33	0	8	23	43	1	25	
25	43	55	30	52	19	2	18	32	45	20	34	40	51	7	20	25	49	44	14	63	51	45	36	37	15	48	50	43	4	19	41	17	25	42	0	30	27	31	31	
37	49	70	55	25	44	21	40	46	39	27	30	39	29	21	30	42	24	56	31	16	65	21	40	2	34	8	37	16	47	9	29	36	42	37	7	0	37	45	13	
24	48	62	21	5	43	20	21	34	26	26	23	38	19	46	29	41	11	37	52	39	54	20	52	40	33	35	24	15	22	47	28	23	32	24	60	58	0	57	38	
7	36	42	1	1	46	23	51	44	33	3	17	3	23	30	3	13	31	15	19	43	26	25	43	23	20	43	39	23	41	16	16	43	30	21	53	15	24	0	21	
27	49	15	43	51	27	4	41	37	47	24	53	42	26	42	22	40	41	46	60	48	33	47	40	33	17	45	30	42	42	54	40	53	40	21	37	36	54	47	0	
M3
0	22	23	1	7	28	39	67	36	56	51	45	32	2	34	3	41	48	49	16	9	6	50	65	32	43	47	31	49	32	44	37	20	41	1	3	32	44	52	41	
30	0	29	32	29	15	12	48	19	35	27	27	10	37	69	36	24	28	15	31	21	57	34	38	35	26	29	18	41	35	38	19	2	25	26	30	38	50	46	38	
18	19	0	43	46	47	33	32	33	35	16	33	4	31	39	41	25	58	55	30	7	44	45	6	15	15	44	50	19	3	34	30	32	60	39	16	49	52	51	13	
37	15	45	0	6	50	25	51	43	27	8	46	49	38	30	45	39	62	47	47	1	33	7	25	41	34	11	45	23	37	32	49	53	57	32	21	46	56	43	42	
26	23	42	30	0	9	55	40	9	57	38	41	44	45	33	35	14	57	39	5	50	11	16	35	14	16	20	44	18	5	17	49	54	28	16	27	34	40	53	32	
7	14	62	34	54	0	7	8	29	48	29	36	39	32	64	35	33	52	49	29	2	68	29	33	30	29	36	21	13	37	53	52	66	48	36	43	33	46	12	52	
21	22	42	46	30	50	0	31	31	24	5	36	42	8	40	36	28	36	46	5	38	44	38	9	6	18	42	28	66	13	29	33	42	50	29	19	9	50	40	39	
57	58	28	1	24	49	55	0	46	51	51	14	54	18	22	46	31	70	68	58	8	1	47	56	57	53	38	27	66	46	51	32	29	57	53	8	40	60	10	51	
14	11	49	18	43	38	50	28	0	63	44	53	35	33	65	57	2	66	44	9	61	60	60	64	42	4	8	54	56	35	25	45	55	44	4	15	22	28	63	20	
37	43	7	40	46	53	34	23	36	0	17	26	42	40	62	32	41	37	30	41	29	11	51	60	3	2	28	7	36	42	4	36	19	19	41	3	8	48	5	4	
40	11	22	39	49	43	2	38	47	4	0	34	40	15	38	43	47	46	45	24	44	24	41	28	18	17	43	22	51	32	9	26	30	34	9	18	23	57	20	19	
25	26	47	50	53	54	29	39	50	31	23	0	40	53	41	36	32	53	41	51	42	53	16	13	43	1	58	27	14	5	46	37	52	61	46	23	50	12	47	3	
24	33	29	32	29	36	39	50	19	35	56	12	0	2	3	30	24	61	48	31	21	34	34	46	12	26	9	45	41	1	38	19	2	37	26	37	32	44	1	35	
25	22	56	29	54	32	11	39	8	38	33	62	10	0	6	2	13	64	55	20	43	37	52	37	34	15	19	52	40	11	36	56	49	55	15	22	4	16	24	31	
48	57	21	41	58	20	48	37	43	3	31	40	33	54	0	46	48	51	44	36	18	2	26	71	17	16	34	21	50	33	18	48	31	33	2	17	19	56	19	18	
28	29	41	44	50	50	21	13	46	23	4	43	36	34	4	0	2	65	42	39	45	35	41	16	37	25	57	41	48	35	28	40	36	31	5	26	42	41	39	36	
51	53	22	25	33	20	43	49	40	31	29	20	33	28	57	20	0	12	18	37	39	52	27	69	36	44	51	23	7	28	10	12	23	7	3	12	20	37	19	31	
24	25	40	43	52	47	39	38	49	41	22	27	30	26	56	26	31	0	61	22	1	56	17	12	20	21	46	45	4	5	46	30	67	55	45	22	41	37	5	49	
27	13	29	25	55	56	42	41	52	24	25	18	48	55	67	16	34	68	0	64	12	46	54	15	38	24	30	42	51	34	39	39	54	34	48	25	39	2	40	39	
23	20	29	27	9	30	46	32	6	51	32	50	44	31	61	4	11	54	21	0	50	58	63	68	51	13	12	26	27	33	34	54	40	10	13	15	31	37	55	29	
20	51	53	9	4	21	31	15	51	44	25	41	17	55	58	40	55	57	13	47	0	19	43	57	25	26	40	50	18	47	49	52	35	34	43	39	6	51	1	59	
30	10	40	34	54	54	12	12	13	38	34	40	51	37	6	34	18	8	32	7	43	0	61	38	35	20	24	28	38	42	41	61	62	21	20	26	18	44	46	36	
22	19	38	7	51	12	18	36	5	20	1	15	43	30	54	58	1	52	52	17	29	40	0	44	34	12	16	38	64	10	25	42	46	50	12	23	30	36	36	28	
5	6	27	30	33	34	20	19	30	22	3	20	26	33	45	34	12	62	42	42	22	42	32	0	30	2	41	40	64	12	27	17	48	47	26	3	36	61	38	36	
46	25	38	27	41	45	45	8	42	34	59	35	44	8	40	36	47	46	59	30	45	56	43	49	0	47	5	37	55	44	47	28	64	48	49	44	6	4	50	22	
43	30	15	18	42	22	21	22	32	23	4	13	4	34	53	22	3	51	4	43	32	43	20	47	34	0	43	31	54	21	24	5	15	48	28	15	42	40	23	24	
34	35	11	59	37	63	49	48	41	44	32	49	53	17	49	45	41	24	67	45	31	30	24	22	58	31	0	53	54	41	56	46	45	70	30	32	42	25	60	50	
70	68	58	61	70	39	62	66	60	51	45	51	66	69	19	62	29	2	67	27	28	25	63	75	58	64	61	0	40	64	32	48	43	56	50	8	30	51	60	40	
57	58	30	33	66	37	19	48	46	39	41	2	5	44	51	1	33	18	65	41	47	61	35	45	42	30	23	20	0	36	39	20	57	63	30	29	45	12	14	39	
44	41	55	48	66	28	19	22	27	60	41	27	30	44	60	26	32	43	3	39	56	17	60	45	21	34	21	45	4	0	55	45	69	59	34	35	31	37	39	29	
28	38	29	31	65	35	37	9	53	18	32	35	38	31	11	23	44	51	21	46	7	40	51	25	32	31	56	19	12	33	0	49	48	10	12	15	37	45	17	33	
60	36	5	8	46	12	59	37	46	14	42	3	44	35	67	12	42	62	49	58	22	36	10	64	28	27	53	21	55	11	14	0	32	38	35	18	33	56	22	14	
14	17	13	16	13	20	56	34	3	22	43	11	41	39	70	20	8	52	32	15	5	44	18	59	36	10	14	29	25	19	22	3	0	21	10	21	28	34	30	22	
65	44	15	17	65	71	32	71	48	37	18	36	39	17	49	9	53	52	7	54	36	57	53	58	51	50	47	12	13	19	42	54	63	0	26	1	27	46	41	52	
30	31	21	15	38	58	22	48	17	40	38	56	7	35	67	29	22	55	24	10	52	32	64	48	45	24	28	32	33	7	45	65	70	16	0	21	20	48	37	16	
33	25	38	10	58	45	50	56	51	22	33	36	61	61	60	45	25	54	4	5	53	44	31	42	1	21	36	40	69	29	37	28	38	52	57	0	22	47	3	37	
6	14	31	8	28	31	53	72	50	65	46	33	44	75	50	45	46	62	44	62	5	77	14	75	23	14	44	16	23	42	36	55	65	63	57	15	0	56	45	73	
15	59	37	40	78	44	50	31	58	46	33	35	25	63	69	12	31	80	53	56	54	16	42	69	60	16	22	31	42	38	46	27	61	42	51	47	24	0	54	46	
61	64	30	48	60	19	60	42	50	46	66	43	59	23	14	9	55	17	69	30	13	27	50	78	52	57	61	61	39	27	54	35	33	66	34	58	38	47	0	29	
28	29	50	18	33	57	43	36	53	35	26	11	40	56	62	57	23	41	65	21	45	10	31	16	43	25	27	40	51	35	50	40	56	65	49	23	54	44	39	0	
M4
0	10	19	7	12	42	17	44	8	10	28	27	39	52	20	26	48	30	15	28	15	10	48	46	28	9	8	25	32	16	12	24	32	55	55	36	22	27	43	3	
3	0	24	27	53	30	61	46	49	37	16	54	80	40	51	67	54	18	56	69	66	24	54	52	17	55	64	35	34	52	41	13	61	45	43	30	52	63	45	44	
28	47	0	26	17	41	63	2	45	63	17	54	42	22	38	33	35	42	4	40	25	2	12	24	35	49	17	37	37	44	35	39	55	11	44	46	45	46	32	40	
9	18	38	0	45	27	38	8	22	46	34	50	53	21	5	23	42	33	44	42	32	22	19	33	10	55	51	38	15	21	44	5	28	45	27	50	33	8	5	39	
35	36	7	48	0	24	14	24	34	36	29	34	36	29	29	47	35	56	41	25	7	31	49	41	27	65	20	28	12	40	8	30	37	17	17	25	30	45	43	29	
21	36	17	20	37	0	43	10	24	42	11	56	24	39	40	41	32	56	47	22	29	35	37	3	36	15	27	34	62	46	14	35	30	15	23	20	27	18	31	35	
15	10	20	12	12	32	0	7	8	39	28	42	23	3	20	26	13	20	9	28	25	1	48	15	17	40	19	25	30	25	26	5	32	3	35	36	22	3	30	3	
33	56	15	39	60	50	7	0	51	49	28	61	26	50	47	57	58	47	67	35	30	41	17	43	59	45	67	29	38	50	42	11	54	55	51	42	40	50	34	56	
19	14	40	43	19	46	60	39	0	53	32	49	23	41	39	30	50	34	52	12	9	3	32	30	33	45	54	51	50	46	41	29	28	42	50	20	6	47	30	59	
8	3	29	32	26	6	10	31	17	0	12	32	48	21	22	40	23	23	29	37	34	19	37	33	21	51	51	16	19	28	44	9	38	36	5	35	31	33	15	17	
8	3	29	32	23	29	45	27	19	40	0	22	48	24	31	37	3	23	26	39	15	7	53	35	18	38	10	30	17	1	27	18	43	39	21	35	33	34	50	14	
20	36	21	17	46	41	67	24	31	35	43	0	57	30	53	39	20	56	60	46	15	38	63	42	36	55	60	36	72	28	44	51	28	33	36	59	45	32	14	48	
20	15	22	34	32	3	57	21	12	17	20	15	0	5	40	46	46	35	25	32	29	23	47	17	19	17	35	45	50	27	28	14	7	29	37	40	5	37	31	23	
19	14	6	18	16	18	41	44	12	40	32	28	31	0	24	30	30	34	19	20	25	12	35	1	3	26	19	29	36	11	12	28	36	13	21	25	25	27	16	7	
20	35	30	19	40	19	15	9	36	22	34	52	32	13	0	37	31	42	8	21	28	31	36	2	27	27	21	33	45	35	13	50	58	14	22	26	26	28	39	31	
21	34	42	20	30	20	33	28	28	42	23	54	28	30	38	0	4	4	39	22	13	37	37	3	36	28	27	17	21	30	14	4	23	15	23	27	13	29	14	27	
19	14	35	43	28	43	24	1	1	53	32	30	32	18	46	39	0	34	34	21	18	12	41	30	28	12	47	37	31	34	1	29	37	37	50	29	15	56	39	29	
6	1	27	30	43	33	15	11	16	37	19	36	16	42	50	54	41	0	55	36	33	8	56	54	20	54	67	38	33	31	19	16	44	23	46	33	30	11	48	47	
37	32	42	44	34	38	36	6	30	18	23	48	14	40	16	40	57	12	0	50	24	41	70	44	51	52	11	34	54	17	55	31	13	56	39	52	40	6	66	25	
34	38	49	33	30	33	56	25	33	47	45	45	9	32	25	20	42	42	38	0	42	44	39	16	41	38	40	47	48	32	27	42	37	28	36	33	3	33	16	48	
32	51	51	35	59	31	53	64	54	57	46	34	29	53	55	28	47	50	62	37	0	15	52	18	51	43	42	47	67	43	29	50	3	30	38	30	36	34	37	50	
13	8	26	28	18	25	71	25	14	1	26	54	42	50	26	32	53	8	21	34	14	0	54	49	1	61	46	31	13	48	48	15	38	49	53	40	5	14	34	9	
6	31	25	12	38	27	41	9	34	46	34	63	43	66	32	52	45	20	41	32	3	41	0	39	43	64	44	38	15	50	16	46	33	28	27	60	33	24	50	29	
9	24	40	8	32	8	31	37	28	30	23	44	21	27	28	29	20	44	35	10	17	25	25	0	24	16	15	22	50	34	2	39	47	3	11	15	15	17	28	23	
27	47	9	38	31	41	32	16	44	16	48	71	37	32	46	30	52	46	58	58	29	27	16	44	0	26	39	36	29	39	42	52	50	54	49	68	47	42	27	50	
20	35	17	19	43	3	29	48	39	41	34	10	32	38	39	19	31	41	3	21	28	36	36	2	35	0	26	33	58	45	13	29	58	14	22	5	26	19	36	34	
36	34	34	29	45	35	19	43	47	31	42	22	37	49	53	1	23	23	43	26	32	34	52	18	51	43	0	36	40	49	29	23	22	19	38	42	4	2	33	46	
18	43	37	23	45	20	9	11	45	1	27	52	24	47	25	8	24	30	37	13	15	9	2	29	30	53	53	0	8	37	28	30	36	11	39	43	17	23	31	40	
13	29	39	41	31	2	54	2	27	38	9	57	58	52	7	27	49	43	19	47	26	38	31	41	48	66	57	44	0	52	50	43	18	26	61	39	8	23	39	22	
30	31	16	8	33	19	16	19	29	37	3	52	55	13	24	44	54	51	36	44	18	36	28	25	27	50	43	34	7	0	36	45	35	37	45	49	25	32	40	24	
26	21	47	50	54	47	2	47	58	30	16	65	44	53	52	59	41	41	64	57	52	7	64	65	40	57	30	10	35	71	0	36	27	28	48	47	53	23	68	60	
23	52	59	46	29	20	56	43	47	63	55	13	62	46	9	54	43	54	49	62	37	2	24	43	55	31	62	37	49	6	35	0	11	32	52	67	54	32	30	57	
18	31	45	43	36	26	1	44	9	40	12	38	2	28	29	36	48	51	14	29	11	13	49	40	42	40	58	29	53	50	8	37	0	52	30	37	23	60	47	28	
28	28	15	25	31	27	21	36	6	29	22	29	11	23	10	44	12	48	34	26	17	15	39	10	26	9	34	21	51	23	21	43	16	0	10	9	9	4	7	22	
16	11	21	23	13	18	56	34	9	11	4	28	40	51	9	27	10	31	16	29	26	6	24	43	8	45	41	3	33	15	34	25	33	55	0	37	23	37	47	4	
2	42	44	39	44	36	5	39	23	4	1	59	26	52	40	53	15	62	14	41	40	34	39	22	35	47	46	10	42	13	33	56	54	34	23	0	37	48	59	35	
18	13	7	19	43	15	42	15	18	41	22	49	32	22	20	40	6	33	32	21	20	29	36	2	32	27	25	8	3	26	13	28	4	14	22	26	0	28	39	34	
8	21	31	33	23	35	32	2	19	47	39	3	50	55	31	37	52	18	26	39	13	30	33	41	40	8	37	10	33	53	52	35	29	28	61	47	4	0	57	14	
14	9	20	5	30	32	55	46	4	28	16	42	35	3	26	42	24	29	33	24	21	15	41	15	12	40	33	20	45	3	26	24	10	27	9	32	18	5	0	21	
8	3	13	15	5	35	60	37	1	42	21	41	32	45	13	19	41	23	8	21	18	12	41	39	22	54	33	18	25	35	35	17	25	50	48	29	15	38	39	0	
M5
0	43	20	25	31	40	43	51	66	42	2	10	35	11	20	33	31	57	41	11	12	58	62	46	57	57	12	45	30	35	38	51	2	42	17	61	43	32	13	58	
37	0	24	12	12	11	9	8	42	16	11	5	32	10	7	16	32	16	5	40	7	42	6	47	40	11	28	32	17	6	25	38	9	28	6	57	21	44	21	12	
31	35	0	25	21	22	43	31	34	29	30	53	10	33	43	11	23	48	1	32	32	23	45	36	13	1	2	6	27	26	29	2	29	16	26	9	12	24	37	36	
34	6	25	0	31	21	6	27	31	20	21	24	23	23	17	1	20	35	24	16	5	39	25	53	25	30	25	28	8	16	24	29	22	38	18	33	29	20	18	26	
19	32	22	22	0	9	40	36	17	14	9	2	35	11	17	21	40	26	33	40	37	4	7	44	34	23	10	32	20	4	25	24	34	8	28	10	24	47	11	36	
14	43	39	25	34	0	3	31	21	17	6	53	36	33	51	15	34	42	20	21	32	22	15	24	38	1	15	13	21	26	21	42	35	48	15	44	24	28	15	20	
18	42	30	38	28	47	0	54	36	4	47	47	38	31	38	7	26	29	41	30	31	23	57	43	31	24	9	34	23	42	8	44	37	47	2	66	39	43	2	26	
37	49	56	31	33	64	19	0	33	28	1	57	52	55	54	36	24	48	61	5	48	23	25	67	50	46	33	6	37	59	37	58	51	51	31	55	13	29	31	50	
51	34	33	21	55	35	25	35	0	39	34	52	41	37	16	29	48	52	37	37	36	1	24	20	2	5	44	35	26	30	34	10	34	29	27	54	45	53	37	15	
21	29	10	26	35	32	21	32	14	0	31	47	58	9	45	38	10	7	47	8	33	30	46	49	15	2	40	32	43	27	10	39	51	49	27	51	63	27	33	4	
43	45	24	27	57	15	19	37	47	33	0	51	41	37	33	10	29	8	1	46	34	32	41	18	34	19	38	37	26	44	18	47	40	17	31	68	33	43	31	35	
45	34	26	16	56	26	34	17	17	6	26	0	18	28	11	2	21	24	32	19	10	20	53	3	26	26	38	16	18	21	29	29	32	31	14	44	20	48	40	27	
4	35	42	39	59	29	24	35	37	34	11	32	0	27	34	41	3	46	32	51	53	45	54	57	5	22	43	52	40	24	24	36	36	7	9	60	6	34	28	10	
72	47	52	29	14	39	47	39	66	44	38	65	49	0	24	37	56	56	45	45	40	22	53	61	61	9	65	49	34	34	29	55	4	46	14	58	57	9	59	47	
44	19	29	1	44	16	19	40	44	21	16	37	21	18	0	9	28	33	17	29	16	38	38	51	33	33	37	21	6	11	14	27	20	18	7	46	34	33	31	34	
51	27	9	16	51	31	25	48	51	35	36	33	16	45	36	0	4	48	31	21	9	29	46	46	9	23	32	12	1	44	42	22	15	25	28	61	41	31	33	10	
32	38	41	20	33	30	38	25	45	13	12	5	55	40	49	33	0	29	19	36	37	13	9	3	46	13	36	10	40	38	41	61	54	35	38	40	51	52	6	35	
56	55	1	38	24	45	38	8	19	50	44	26	58	47	33	46	12	0	42	30	46	35	58	43	14	15	22	37	43	40	49	44	54	55	40	16	57	70	7	49	
54	28	29	17	3	32	26	6	46	30	31	34	17	30	46	5	24	35	0	33	29	9	30	29	29	43	33	7	2	45	25	23	16	45	29	60	53	39	34	3	
47	35	36	24	2	33	33	43	55	42	43	18	7	57	49	12	31	22	34	0	36	36	26	25	30	50	33	19	9	52	45	30	23	41	36	6	11	46	38	13	
55	48	8	30	7	36	48	36	16	38	35	60	52	38	47	43	62	53	10	12	0	8	10	45	23	6	35	59	47	31	4	41	31	53	31	2	67	38	52	4	
17	38	21	23	41	48	13	33	43	27	28	36	38	22	30	30	49	52	40	51	40	0	57	32	19	27	30	55	40	45	31	61	54	41	25	45	37	55	25	5	
46	34	27	16	15	27	34	27	39	7	12	33	11	29	43	24	21	32	52	33	33	36	0	28	40	27	53	19	36	22	6	49	50	30	39	61	35	23	46	9	
34	18	28	13	43	21	31	36	38	7	21	36	33	23	8	21	35	32	12	33	12	50	37	0	40	23	28	33	18	16	5	39	31	8	19	53	24	1	43	7	
16	31	41	13	56	19	31	6	48	33	22	49	33	12	8	21	5	45	29	41	28	6	50	63	0	33	49	33	18	23	26	39	32	18	19	30	34	45	17	22	
53	25	26	7	43	13	25	13	44	18	12	43	39	15	36	20	39	30	43	19	14	53	27	35	44	0	44	36	24	8	43	45	38	30	8	32	46	39	37	21	
65	15	52	35	1	34	37	36	69	44	26	33	55	38	30	32	51	44	19	50	35	45	34	16	47	39	0	41	40	34	9	61	37	52	34	62	49	31	40	40	
46	32	35	48	29	52	46	53	23	7	8	46	51	34	52	39	35	31	39	10	52	1	51	58	40	24	29	0	36	49	35	48	50	52	20	37	30	41	15	29	
50	24	25	13	48	28	22	45	56	36	46	30	13	46	42	1	20	53	35	31	25	45	43	43	25	39	29	28	0	41	40	19	12	41	25	58	54	35	30	26	
47	27	17	25	34	4	39	45	35	9	4	45	30	6	47	16	35	21	43	35	40	44	46	50	40	29	46	27	15	0	37	36	29	21	42	70	37	52	47	31	
69	41	9	57	27	2	41	17	60	41	36	49	30	38	56	48	44	53	45	67	61	62	60	41	6	61	8	45	47	31	0	57	61	53	14	3	69	57	53	14	
68	47	21	29	34	8	47	2	48	30	25	65	49	27	24	29	48	23	45	56	16	42	28	18	50	50	65	48	34	20	42	0	9	42	35	7	58	61	59	52	
56	10	47	10	35	18	28	31	52	24	34	28	45	33	30	23	42	16	28	38	27	30	22	44	21	17	47	13	30	29	46	49	0	51	29	14	5	42	40	35	
16	18	48	22	43	35	40	18	20	36	34	36	42	10	17	30	45	47	15	41	36	36	37	40	37	5	58	42	27	30	7	45	38	0	28	43	6	31	52	43	
30	27	37	9	45	24	7	35	7	13	9	38	29	26	4	17	36	3	25	37	24	9	46	42	24	22	26	20	14	19	22	5	28	7	0	32	9	41	19	35	
31	31	12	13	13	34	27	33	35	10	33	34	34	3	21	22	38	31	30	30	30	24	39	50	25	4	42	31	19	29	22	40	6	5	12	0	21	3	39	32	
46	32	27	33	37	16	51	21	33	21	16	50	42	18	28	28	47	33	13	47	10	49	51	55	50	41	23	39	27	11	7	45	41	33	3	65	0	17	39	18	
26	44	35	48	15	57	46	44	39	7	56	55	55	4	43	28	29	18	41	4	52	55	63	3	40	27	65	55	44	52	33	60	58	16	52	52	32	0	56	15	
30	29	19	16	28	6	2	47	37	11	6	47	32	8	11	18	37	23	32	10	31	35	16	43	42	31	9	29	17	1	20	23	24	23	3	34	11	48	0	33	
3	49	30	31	11	20	14	37	34	2	36	61	62	29	60	31	30	27	52	26	17	47	51	59	35	7	29	44	47	32	30	59	53	54	26	20	19	47	26	0	
