40  6  1
6
	0	48	1	11	2	23	3	60	4	34	5	83
	0	43	1	44	2	29	3	52	4	71	5	20
	0	14	1	74	2	52	3	67	4	100	5	66
	0	29	1	85	2	48	3	8	4	67	5	24
	0	61	1	36	2	20	3	49	4	39	5	23
	0	2	1	90	2	89	3	59	4	3	5	76
	0	30	1	90	2	78	3	55	4	45	5	89
	0	84	1	44	2	53	3	52	4	51	5	54
	0	17	1	40	2	9	3	4	4	8	5	30
	0	13	1	99	2	87	3	32	4	32	5	43
	0	77	1	80	2	86	3	20	4	36	5	12
	0	72	1	50	2	63	3	4	4	88	5	13
	0	77	1	11	2	50	3	94	4	69	5	25
	0	83	1	92	2	18	3	74	4	99	5	1
	0	100	1	8	2	15	3	48	4	60	5	38
	0	68	1	46	2	100	3	46	4	23	5	13
	0	22	1	66	2	96	3	42	4	19	5	100
	0	27	1	36	2	1	3	40	4	74	5	43
	0	14	1	89	2	15	3	56	4	63	5	9
	0	87	1	50	2	78	3	46	4	90	5	90
	0	60	1	97	2	34	3	20	4	3	5	26
	0	13	1	20	2	85	3	55	4	34	5	89
	0	68	1	65	2	24	3	93	4	54	5	89
	0	9	1	92	2	72	3	4	4	35	5	22
	0	22	1	25	2	54	3	1	4	78	5	66
	0	23	1	95	2	28	3	40	4	79	5	53
	0	10	1	86	2	81	3	92	4	73	5	54
	0	41	1	3	2	64	3	1	4	73	5	5
	0	26	1	61	2	54	3	66	4	60	5	95
	0	52	1	67	2	69	3	38	4	79	5	79
	0	19	1	1	2	71	3	85	4	59	5	91
	0	98	1	59	2	82	3	57	4	70	5	83
	0	40	1	74	2	67	3	75	4	42	5	24
	0	43	1	45	2	71	3	47	4	50	5	18
	0	28	1	49	2	94	3	71	4	88	5	6
	0	34	1	89	2	4	3	98	4	63	5	34
	0	9	1	60	2	33	3	79	4	8	5	35
	0	42	1	49	2	51	3	67	4	59	5	70
	0	20	1	64	2	71	3	38	4	95	5	26
	0	86	1	26	2	60	3	19	4	9	5	15
SSD
M0
0	51	25	43	8	17	20	46	55	32	42	36	47	14	45	30	44	51	24	50	31	27	53	43	41	44	33	47	38	65	20	39	22	21	30	6	61	26	23	25	
43	0	62	25	38	45	46	12	48	30	32	44	33	42	35	46	43	33	6	32	49	55	9	35	48	51	29	47	29	31	52	21	19	33	27	13	17	29	27	22	
3	28	0	36	34	15	7	43	51	28	30	34	43	45	30	28	6	34	17	47	35	25	46	16	46	51	31	8	36	26	33	32	20	42	8	37	70	32	21	6	
26	38	18	0	21	2	7	31	27	17	27	21	32	4	1	15	34	37	30	35	28	12	33	42	41	38	8	24	23	42	20	43	7	20	3	31	59	42	8	10	
25	17	8	41	0	20	25	12	3	35	41	36	22	34	52	28	22	46	39	37	28	12	68	38	47	38	11	30	41	48	38	1	25	23	22	22	37	54	23	28	
22	34	15	45	17	0	3	27	36	13	23	17	28	28	37	11	30	33	26	31	24	8	48	44	40	34	14	37	19	51	16	41	3	26	21	28	74	38	4	6	
24	1	25	62	52	52	0	56	36	66	49	11	32	52	56	58	45	69	50	49	26	10	15	55	53	36	41	47	51	65	55	17	7	37	47	57	54	5	33	45	
23	48	6	55	54	35	27	0	33	48	20	48	24	32	26	13	26	7	37	35	6	22	59	36	44	29	34	11	15	23	53	12	11	18	28	21	9	46	8	26	
44	51	64	21	66	47	20	44	0	32	21	61	2	54	51	44	49	65	64	17	60	57	65	75	74	58	58	74	40	83	65	44	37	45	53	50	69	55	53	55	
9	15	19	44	21	2	3	31	10	0	27	21	2	12	41	15	4	37	30	16	15	12	43	48	44	13	18	38	23	49	20	43	7	5	25	32	53	38	8	10	
23	47	6	56	30	11	16	40	49	26	0	30	35	41	11	15	26	38	37	44	37	21	25	36	19	47	27	28	32	46	12	7	16	39	19	25	80	47	17	19	
5	39	5	32	49	30	26	17	49	26	49	0	38	24	10	7	1	36	13	39	52	40	42	35	5	14	1	22	18	38	5	28	20	13	12	24	58	3	34	15	
28	13	31	29	33	14	19	19	29	6	39	2	0	31	44	27	23	43	10	35	34	24	27	60	39	32	30	51	35	40	32	25	19	11	31	32	26	54	20	22	
23	48	6	54	52	34	27	51	40	30	35	26	15	0	8	23	14	32	35	8	48	33	51	36	39	50	50	16	14	46	1	11	22	33	28	12	53	52	21	21	
26	34	38	63	23	21	22	50	29	6	43	16	21	30	0	19	23	47	48	28	17	22	27	29	18	32	13	7	28	50	22	59	26	15	24	5	60	7	27	6	
33	49	42	44	11	25	30	54	59	36	45	36	51	34	59	0	50	46	25	54	41	25	37	45	47	51	11	8	27	48	43	40	27	23	14	34	71	65	31	33	
31	38	24	18	26	7	12	15	29	10	32	12	25	35	20	20	0	42	35	39	32	17	57	35	49	36	23	12	23	23	25	50	12	14	30	37	62	47	13	15	
13	18	6	22	23	26	27	55	5	27	20	21	20	45	20	39	26	0	25	39	25	35	39	6	63	44	42	17	7	15	44	40	5	41	26	37	73	51	32	26	
44	40	52	5	55	36	41	41	52	34	51	24	13	30	35	26	28	26	0	53	46	46	15	37	35	46	9	27	48	46	47	1	28	21	7	8	63	72	26	37	
51	37	41	54	46	27	32	56	16	42	48	46	35	41	51	40	35	12	55	0	41	37	52	45	50	22	43	21	45	47	45	70	12	49	50	40	33	37	33	12	
26	19	9	39	17	38	23	40	15	45	21	52	34	25	21	51	29	25	26	5	0	37	43	7	36	39	43	31	6	30	40	41	34	24	18	1	56	55	36	13	
1	65	42	49	29	29	34	58	33	44	26	13	52	59	47	42	58	46	57	26	3	0	43	59	40	13	42	45	50	70	43	66	32	14	52	53	62	69	35	37	
27	28	42	21	26	52	41	38	39	50	52	39	20	46	35	31	44	33	2	51	29	13	0	53	51	39	25	43	30	53	17	17	38	28	23	24	61	22	42	37	
33	3	42	29	49	30	13	48	41	29	5	43	37	50	5	43	46	9	10	58	10	40	27	0	48	49	27	34	25	50	39	25	35	39	11	22	58	48	36	15	
3	47	51	65	45	34	35	50	28	19	59	42	11	44	24	47	36	68	62	48	47	44	35	60	0	45	50	70	55	48	41	19	26	37	57	57	80	15	23	42	
26	32	19	13	21	2	1	31	34	17	27	21	32	32	41	15	34	10	25	35	28	12	7	43	44	0	18	41	23	41	20	30	7	14	25	32	62	36	8	10	
26	28	39	62	41	22	27	45	38	15	38	15	30	13	38	7	29	25	43	44	43	32	47	24	26	41	0	48	29	27	40	41	9	2	1	13	50	62	23	30	
26	58	53	52	44	58	61	52	46	52	13	21	65	31	60	12	41	62	51	34	47	50	26	46	43	40	27	0	12	31	48	55	30	17	38	9	64	36	7	61	
23	25	21	14	33	36	35	65	43	31	26	38	46	28	44	40	38	44	40	31	12	12	19	49	38	11	48	19	0	36	51	52	25	39	38	12	57	33	4	23	
56	32	40	58	34	59	15	29	51	58	34	40	13	2	34	54	53	38	39	46	20	45	4	20	31	39	56	47	24	0	15	39	21	47	40	1	41	33	19	18	
23	48	6	34	54	35	27	34	44	48	50	6	42	50	6	23	26	12	15	15	28	45	31	36	56	71	32	13	46	46	0	30	2	13	28	37	61	46	35	1	
17	40	21	37	17	4	9	5	42	19	29	1	34	21	14	17	36	32	18	35	13	14	22	50	42	40	20	33	25	48	1	0	9	32	11	23	34	44	10	12	
33	32	26	29	21	9	1	38	47	24	15	28	39	39	41	22	41	42	37	42	35	19	23	55	45	42	25	48	5	18	16	28	0	17	7	36	65	36	15	17	
31	30	36	47	24	35	40	46	36	30	20	30	13	28	23	22	31	36	37	41	28	45	2	18	41	44	5	3	7	19	53	29	19	0	16	24	5	66	14	41	
16	41	40	37	32	29	25	27	37	14	48	6	29	30	50	42	31	7	45	43	39	24	65	38	10	39	45	51	41	11	25	12	16	32	0	1	34	47	19	29	
26	15	23	35	48	29	18	58	46	23	14	30	34	44	17	19	36	21	16	39	4	39	34	3	1	4	21	37	33	35	5	31	20	27	23	0	21	38	35	25	
17	46	45	43	47	28	33	54	22	41	6	41	37	16	9	33	17	51	53	51	23	38	48	34	45	40	16	48	3	5	46	67	5	7	27	10	0	62	33	36	
31	42	24	26	30	11	12	30	45	26	6	30	34	40	9	21	43	46	7	44	37	21	36	30	6	41	27	46	4	37	29	21	16	39	28	29	49	0	17	19	
41	35	48	53	50	31	36	51	19	46	56	37	38	4	56	44	14	66	52	7	51	41	58	65	16	50	46	38	13	59	49	28	3	36	44	49	84	37	0	36	
34	57	38	68	40	21	26	13	58	36	44	40	42	51	53	34	53	46	49	54	47	31	46	67	9	32	37	37	42	50	30	50	26	49	11	40	73	46	27	0	
M1
0	51	61	64	80	62	14	68	22	46	55	54	55	36	20	52	45	57	91	59	62	74	50	43	43	7	32	60	16	34	64	5	69	6	20	45	54	66	50	37	
50	0	4	49	64	69	48	10	11	47	12	35	8	37	21	32	46	10	21	24	28	38	26	37	29	41	33	57	29	21	36	13	22	35	35	27	57	38	59	33	
16	19	0	22	37	4	41	20	49	41	56	11	40	51	39	53	41	44	36	20	46	25	14	1	19	34	18	35	20	41	9	32	53	13	16	35	44	11	1	7	
33	40	39	0	47	26	16	29	49	28	14	3	35	5	7	57	23	16	38	30	7	18	24	22	29	34	19	45	11	51	19	19	19	16	26	9	32	21	24	11	
24	1	42	23	0	8	4	26	10	15	16	31	15	44	28	52	42	12	8	4	26	26	15	13	20	40	39	36	21	41	10	32	29	14	17	21	35	12	47	14	
45	52	60	54	58	0	44	59	44	34	21	39	37	35	19	66	12	50	37	43	64	42	46	44	13	32	31	28	38	73	41	31	26	33	42	40	51	43	35	45	
44	12	60	10	58	70	0	43	48	51	50	33	64	61	68	56	62	53	57	41	32	46	25	33	17	5	73	45	7	35	30	12	51	34	37	57	72	32	22	34	
52	59	61	36	48	74	49	0	58	52	57	65	61	42	26	32	51	15	71	55	18	60	49	47	42	32	38	49	55	43	44	29	60	37	49	17	73	34	65	48	
81	63	49	7	26	47	66	54	0	53	61	76	66	25	42	2	2	74	68	4	42	34	72	59	55	58	54	69	40	5	70	23	68	12	31	36	50	45	57	41	
2	64	27	77	28	20	27	81	35	0	68	10	68	23	33	65	50	33	22	68	45	81	25	56	49	20	45	67	29	35	74	18	71	19	33	58	67	76	63	50	
48	65	12	38	66	43	32	39	81	19	0	65	41	43	42	54	67	46	40	40	47	41	60	19	65	11	54	39	31	87	55	42	36	56	62	36	51	36	27	8	
32	22	39	77	51	62	51	63	61	22	39	0	49	30	14	58	39	51	4	53	49	79	59	39	36	41	26	65	59	59	64	26	11	28	37	67	38	60	59	60	
31	35	49	30	45	50	29	48	37	28	56	38	0	18	2	66	27	39	44	5	16	19	8	18	27	26	14	43	28	49	17	6	3	16	16	9	39	19	50	21	
55	48	23	48	67	64	53	49	1	6	24	52	13	0	26	43	43	63	21	3	40	43	32	10	36	50	38	67	31	46	41	30	27	17	40	1	63	43	60	35	
62	25	46	61	76	40	29	53	55	18	46	69	27	8	0	78	17	29	75	31	54	57	46	51	48	19	4	63	37	71	48	4	41	6	15	47	54	45	54	38	
39	49	1	34	53	7	33	6	5	5	24	28	18	32	16	0	41	45	57	32	45	19	34	11	36	43	28	54	41	43	30	28	32	30	2	14	3	32	9	7	
23	31	31	31	38	58	48	71	56	55	20	49	68	47	33	19	0	53	64	2	57	53	36	2	47	41	45	49	20	49	37	39	12	40	38	21	16	39	65	41	
51	34	10	49	73	68	35	29	7	13	6	56	44	59	45	30	49	0	68	49	35	57	55	47	49	52	35	62	31	6	58	57	9	27	65	39	54	31	69	11	
49	60	27	36	39	29	28	25	7	15	29	11	60	25	49	28	42	5	0	7	26	23	54	64	17	13	31	9	28	33	63	21	18	5	14	21	53	4	47	27	
33	41	41	57	50	59	32	72	32	43	16	36	40	57	41	54	40	27	49	0	67	60	18	47	1	13	53	57	43	57	44	49	15	9	51	60	57	44	31	48	
57	14	46	5	56	8	48	59	39	39	29	52	15	44	28	55	53	55	42	31	0	45	25	3	53	31	40	33	44	33	43	4	29	21	9	35	13	45	19	28	
53	38	62	66	14	58	52	9	28	10	61	74	25	14	26	65	51	47	58	15	52	0	44	54	21	42	38	57	55	31	53	38	39	27	49	25	55	5	11	57	
17	28	35	16	31	58	22	11	44	23	41	24	3	32	16	31	20	39	30	14	16	5	0	6	13	21	28	17	4	14	3	20	17	7	10	23	50	5	36	7	
17	61	12	20	35	10	25	66	41	7	52	51	49	41	28	19	49	47	2	54	74	39	48	0	53	29	40	25	33	61	43	19	59	34	29	37	28	40	69	35	
7	50	57	31	24	68	6	48	6	17	70	46	62	46	38	28	48	47	48	36	52	41	30	28	0	25	50	51	17	40	25	23	9	24	32	56	35	18	5	29	
56	40	15	50	3	9	43	8	13	33	12	42	14	43	27	55	15	51	47	30	41	44	33	43	52	0	39	67	8	58	42	31	28	24	20	34	22	44	65	46	
40	22	54	48	40	60	47	44	55	40	4	29	7	34	20	7	45	57	62	23	33	20	26	36	45	31	0	61	46	41	35	24	19	34	34	2	46	3	51	39	
55	64	43	24	27	38	16	40	50	3	61	23	48	13	37	50	30	19	38	27	54	11	67	60	52	1	44	0	18	61	62	49	31	51	26	9	58	36	42	15	
36	67	30	38	41	42	28	54	35	17	32	37	62	27	51	44	44	33	48	29	46	25	43	45	4	15	58	11	0	66	42	52	38	46	40	23	4	26	34	29	
68	59	67	81	22	66	48	31	67	30	49	20	73	12	65	20	70	29	45	62	83	36	66	32	36	29	17	92	40	0	68	12	58	35	13	72	67	61	66	66	
13	24	31	12	27	60	38	33	40	31	46	20	36	41	37	49	31	41	26	10	42	15	4	2	9	29	49	25	10	31	0	29	43	3	6	31	46	1	36	3	
41	2	50	40	50	30	27	24	57	10	58	9	54	43	45	77	42	49	51	38	28	30	32	30	37	30	12	27	31	59	27	0	21	31	34	39	34	4	61	31	
7	28	35	16	31	59	32	37	40	35	50	24	40	31	15	47	35	45	30	14	20	17	8	6	13	17	15	29	14	35	3	23	0	7	10	35	28	5	40	7	
27	26	29	13	37	53	31	18	54	18	4	34	34	28	14	27	2	34	40	24	40	26	18	16	23	16	26	12	24	43	13	21	46	0	20	24	3	15	3	1	
42	53	39	41	56	53	42	42	42	53	75	5	44	30	30	57	39	49	30	39	23	44	4	1	11	1	26	54	39	47	28	39	45	32	0	28	27	30	41	11	
4	50	69	30	57	22	29	52	37	53	50	28	68	45	35	29	48	48	11	11	39	23	61	58	58	22	47	58	31	49	59	20	38	1	8	0	4	48	3	47	
33	44	5	32	47	71	58	22	56	27	66	9	39	39	23	62	48	49	46	8	19	34	24	22	29	49	1	45	10	2	19	35	53	23	26	1	0	21	50	23	
46	51	37	36	22	39	62	21	68	57	64	74	25	47	31	47	56	26	66	41	46	52	40	54	63	19	38	68	10	68	53	37	39	15	52	25	52	0	42	9	
41	64	17	36	39	24	28	39	24	15	23	35	41	25	42	54	42	31	50	39	47	23	55	36	64	8	54	9	30	17	55	3	2	5	38	21	51	48	0	8	
14	31	2	12	49	31	27	5	47	34	54	42	7	22	8	20	33	12	31	12	13	37	26	24	31	15	20	33	32	53	21	20	21	22	28	2	17	23	39	0	
M2
0	41	50	36	39	4	60	41	56	48	45	44	16	9	18	9	46	36	28	57	50	49	46	38	24	56	58	5	27	30	18	16	12	45	52	69	37	51	52	34	
11	0	39	39	57	12	3	19	38	11	42	78	22	40	20	11	43	18	17	41	32	37	10	50	22	52	32	13	43	24	3	50	34	12	34	1	8	34	36	35	
46	65	0	58	61	46	7	13	69	16	79	15	46	62	21	31	14	60	51	35	68	65	43	52	62	70	45	31	68	37	65	68	9	59	23	41	12	18	26	69	
16	12	30	0	32	23	31	34	27	4	32	9	11	2	45	17	27	7	21	30	16	26	1	39	35	6	3	35	47	19	37	41	23	38	23	23	30	38	23	39	
34	25	9	25	0	25	19	36	1	28	38	50	30	4	4	33	11	26	18	24	12	45	2	4	29	22	44	26	13	20	34	15	31	40	34	40	23	41	32	36	
24	26	34	46	13	0	15	55	34	61	24	59	25	37	37	21	44	21	18	37	25	16	35	19	30	16	10	38	44	43	34	48	37	40	17	26	33	41	28	36	
10	6	43	9	44	16	0	46	21	40	39	8	5	31	39	6	59	1	17	24	15	19	14	47	26	27	60	17	43	27	33	35	17	26	17	5	9	32	40	35	
20	49	48	48	65	21	27	0	51	20	51	72	15	35	37	20	64	52	26	61	39	53	19	42	31	77	21	22	42	33	40	11	43	31	68	10	7	49	15	44	
31	37	22	15	14	38	53	45	0	20	41	55	42	17	9	23	45	38	16	58	46	36	36	38	34	46	49	31	42	25	32	5	21	38	54	67	28	39	22	34	
50	45	39	27	33	57	33	49	10	0	6	66	47	36	28	5	48	57	35	28	63	21	15	39	50	10	49	50	61	44	45	24	39	22	73	53	47	46	33	23	
34	41	35	18	6	51	45	19	15	37	0	2	50	30	27	47	15	46	20	50	38	47	11	13	46	16	43	49	39	33	36	10	40	42	45	49	42	43	31	11	
39	45	32	34	33	56	70	57	10	19	51	0	3	36	28	41	25	53	27	57	61	23	15	40	50	65	67	50	52	27	4	24	40	49	18	53	5	50	41	28	
10	45	44	44	54	3	29	53	53	41	31	7	0	24	50	22	42	54	28	45	35	55	15	15	33	71	81	24	17	35	44	49	10	33	20	12	19	51	47	9	
12	16	23	9	12	3	48	14	33	45	55	28	31	0	36	40	43	27	1	30	41	28	19	36	42	29	60	40	27	15	17	47	21	18	43	42	27	24	25	19	
33	29	49	22	46	60	48	24	33	35	82	79	26	57	0	37	23	24	40	47	33	43	63	16	51	34	25	7	38	1	46	47	40	48	34	59	4	55	63	54	
46	70	30	30	49	48	38	34	58	29	94	57	60	36	49	0	39	75	49	52	81	4	62	34	74	1	6	17	32	41	38	54	69	7	91	53	42	60	55	45	
30	29	44	41	67	40	48	52	44	69	65	61	12	62	42	37	0	24	40	15	38	43	46	9	52	15	82	15	66	50	34	58	40	62	40	59	21	55	64	58	
8	4	50	42	42	35	23	52	19	44	57	60	3	40	37	12	71	0	15	22	13	18	38	45	27	33	65	36	41	25	31	33	15	37	15	34	41	30	39	33	
20	16	50	13	35	35	35	60	23	47	39	56	15	34	30	24	42	11	0	34	25	12	21	33	39	45	64	48	11	10	1	37	5	7	27	40	11	8	9	3	
31	40	36	29	28	32	34	10	5	34	44	69	20	31	23	17	18	35	30	0	49	17	30	47	41	14	54	33	11	39	46	19	35	42	17	21	27	53	36	37	
36	25	60	4	51	35	42	38	29	56	55	47	31	38	45	23	28	27	1	36	0	28	37	48	55	58	55	2	19	26	15	11	21	15	25	52	27	24	22	8	
27	23	32	32	11	34	31	28	17	18	39	29	22	30	32	31	29	18	14	41	32	0	3	35	8	52	10	3	40	39	30	21	26	36	3	23	29	37	24	32	
24	6	5	5	41	25	31	54	21	2	12	62	28	47	39	24	21	53	30	18	64	57	0	55	11	59	56	26	56	12	38	35	50	35	69	14	21	53	14	36	
19	16	16	19	20	46	22	16	25	48	17	7	47	44	43	46	10	43	20	18	52	47	42	0	53	10	23	44	3	45	29	39	40	5	59	46	46	43	44	38	
18	14	31	40	52	20	33	10	29	37	47	64	13	50	47	22	56	9	23	32	23	28	11	50	0	37	74	46	3	35	31	43	21	41	25	44	49	28	47	41	
17	51	1	48	54	35	22	11	58	59	65	28	50	24	44	34	10	46	20	23	60	47	33	5	45	0	78	36	46	12	36	56	40	42	62	24	18	43	44	16	
19	59	3	29	55	46	37	57	73	6	69	69	58	25	39	45	66	70	44	60	29	45	53	37	17	28	0	19	20	15	1	32	37	53	62	44	18	27	68	62	
45	41	50	39	79	47	20	6	56	15	15	23	12	73	55	49	23	36	36	59	1	43	23	23	58	21	13	0	54	19	20	46	18	17	52	50	57	59	57	43	
37	33	44	16	49	29	52	28	40	41	51	65	32	19	47	12	59	28	2	51	42	29	15	18	50	62	67	24	0	23	18	54	22	24	20	53	28	25	26	20	
29	25	22	27	16	55	44	72	31	60	72	45	24	40	40	26	47	20	27	10	34	39	38	40	44	36	78	3	49	0	11	45	23	33	4	44	19	37	9	45	
35	18	38	35	34	36	7	65	11	31	9	39	38	37	29	35	15	34	8	10	18	35	9	56	44	66	69	27	24	33	0	25	8	30	50	25	32	31	32	26	
31	35	42	28	13	22	23	33	34	48	37	47	32	1	37	29	3	46	20	15	36	47	35	1	61	19	36	49	45	34	36	0	40	37	57	49	32	18	3	38	
30	42	3	39	7	10	20	42	28	13	30	68	38	31	31	50	38	37	11	28	39	38	29	31	28	34	62	15	37	36	27	19	0	33	53	66	37	34	14	18	
48	8	60	33	67	49	10	27	44	36	67	66	9	70	27	32	53	55	54	25	20	57	31	18	28	54	67	49	34	17	28	5	69	0	71	38	42	21	69	25	
15	4	12	2	39	1	22	46	16	40	23	59	30	24	34	4	12	36	10	56	50	37	14	51	26	56	53	2	36	28	2	30	30	26	0	5	12	26	2	28	
6	35	34	34	60	7	13	37	37	31	37	73	37	35	34	6	50	38	12	47	46	39	5	45	17	63	65	8	38	19	28	45	32	17	54	0	3	35	31	30	
1	21	12	34	32	28	51	52	44	56	59	62	31	20	42	33	40	27	6	50	23	24	30	9	48	61	29	29	32	31	22	23	26	14	33	51	0	29	30	24	
51	59	43	16	14	59	38	70	22	51	10	19	64	38	38	54	45	60	47	58	46	10	36	38	49	56	35	46	47	22	63	36	32	63	7	68	17	0	53	7	
3	55	60	43	51	30	29	53	72	46	71	67	33	21	44	12	16	62	40	68	61	67	40	46	50	40	13	31	51	54	22	19	13	57	66	67	63	45	0	58	
12	38	36	6	37	27	33	13	57	51	5	15	51	7	53	12	45	52	26	24	66	53	25	40	37	7	57	28	52	19	42	51	35	37	56	16	23	49	14	0	
M3
0	64	37	38	37	37	31	31	18	45	29	21	18	26	27	59	42	36	47	33	44	29	66	54	47	50	64	34	5	35	42	53	39	6	28	56	26	28	34	6	
19	0	35	74	25	7	49	33	61	19	28	38	47	30	46	55	31	24	72	19	66	6	6	13	30	41	37	29	33	52	59	56	20	57	60	32	31	35	40	38	
29	17	0	51	10	5	55	49	45	25	26	48	20	36	45	42	71	46	27	7	7	56	41	23	40	51	31	45	49	62	54	28	41	59	43	54	41	47	20	35	
32	32	33	0	37	9	56	11	12	12	24	41	25	21	48	14	61	24	28	21	10	23	48	50	17	44	59	7	11	16	30	16	13	13	24	34	12	13	27	25	
48	21	34	38	0	54	25	54	18	52	27	5	25	1	13	50	39	21	64	33	56	29	56	42	34	31	13	51	39	19	26	53	17	17	30	51	43	12	18	23	
13	39	41	51	35	0	41	38	31	8	43	28	17	33	13	1	33	38	30	40	45	32	49	55	18	15	78	35	20	42	28	49	41	29	29	44	53	35	28	7	
20	25	36	24	26	8	0	43	44	44	40	39	15	10	28	46	53	55	37	20	19	23	32	14	31	40	26	39	38	39	60	14	6	33	56	45	32	45	41	39	
26	32	33	57	17	25	53	0	64	29	47	30	50	35	38	50	11	46	60	37	28	54	58	51	11	79	23	32	25	44	40	42	38	38	41	37	59	37	21	19	
28	43	54	16	61	33	59	35	0	36	8	25	22	5	33	38	59	14	52	20	34	7	45	49	41	61	43	31	17	21	46	31	37	37	8	34	36	8	38	49	
33	25	49	76	45	40	48	43	70	0	18	20	30	25	11	61	50	22	41	44	52	55	9	58	18	80	53	39	2	34	41	12	45	11	36	44	62	27	28	14	
36	15	31	41	42	15	31	16	61	45	0	32	30	37	40	23	66	48	51	27	53	20	17	30	27	58	15	12	16	46	53	40	11	54	42	53	24	18	35	35	
40	46	25	76	61	47	49	50	60	43	18	0	41	1	4	41	30	12	63	24	53	31	53	59	25	73	53	46	37	10	17	56	49	49	35	51	41	3	9	33	
41	58	13	18	47	35	60	23	38	38	32	60	0	42	32	2	62	50	54	41	36	49	53	35	42	63	53	33	37	42	56	41	14	21	35	20	38	39	52	26	
37	68	9	64	22	34	52	62	72	22	57	56	54	0	30	46	20	62	70	37	20	69	49	31	48	59	1	58	30	52	22	41	49	47	44	16	41	18	7	31	
43	49	24	45	28	2	29	43	51	46	33	11	56	16	0	34	37	27	36	39	1	24	39	43	28	21	27	39	42	25	32	22	45	48	24	35	19	18	8	29	
14	46	30	19	20	14	44	26	39	39	34	16	40	1	24	0	29	32	54	14	7	46	26	8	25	36	35	22	26	30	14	28	26	36	31	39	6	23	29	33	
35	8	23	4	38	12	41	15	24	24	36	53	1	28	30	20	0	32	10	31	22	35	27	54	29	56	68	11	15	28	42	10	17	25	29	19	6	17	34	7	
14	35	29	28	23	31	18	38	8	32	6	25	34	17	33	49	28	0	58	5	46	18	31	13	14	41	11	35	28	32	27	17	31	41	20	40	31	13	24	22	
43	58	59	72	49	40	43	28	86	28	61	62	42	67	70	62	26	45	0	43	67	58	51	37	54	58	64	50	54	13	65	56	51	71	11	22	39	33	54	62	
44	26	63	22	50	39	47	6	23	35	35	52	13	32	55	40	68	41	7	0	40	28	51	75	47	74	15	37	18	46	43	46	43	42	13	58	42	35	2	32	
28	28	3	24	7	13	29	22	32	44	44	47	36	9	31	15	44	39	49	28	0	43	18	22	39	34	49	18	22	48	62	1	24	32	26	53	40	20	41	8	
40	38	31	53	5	15	49	50	33	43	27	22	44	10	3	49	56	38	50	17	20	0	3	53	25	68	62	46	10	4	24	41	5	45	18	51	51	29	35	21	
48	48	18	8	49	25	70	27	28	28	33	57	10	37	43	30	7	40	18	37	22	39	0	64	33	60	68	23	27	32	46	32	29	8	40	50	4	22	43	36	
2	34	18	66	8	14	32	34	48	31	22	21	52	26	29	38	55	37	55	2	59	34	14	0	13	24	23	34	27	35	42	44	14	40	43	27	14	28	23	21	
14	20	39	65	38	21	41	24	56	17	53	62	38	37	30	56	43	38	48	25	45	42	51	39	0	67	66	20	13	74	28	30	26	26	29	25	57	26	9	7	
22	28	40	2	6	18	35	21	22	22	31	51	35	31	38	24	1	34	38	31	20	33	38	47	7	0	26	17	21	17	36	26	23	23	25	33	22	13	9	15	
69	61	35	49	53	20	19	35	69	35	33	36	49	15	44	42	17	52	69	51	67	36	40	74	54	7	0	31	35	50	56	21	29	15	2	47	65	37	49	62	
43	29	64	44	54	2	48	3	64	46	49	41	17	46	49	49	62	57	72	19	62	71	60	42	28	70	59	0	3	55	57	27	5	41	58	54	60	5	22	36	
25	6	29	17	3	32	20	25	10	14	22	39	36	19	41	17	54	28	3	25	6	21	13	47	10	60	11	31	0	35	39	27	23	12	10	36	1	22	20	18	
17	14	20	55	23	29	7	15	35	34	37	17	56	22	25	46	39	33	70	17	73	46	5	11	28	26	38	38	42	0	38	59	29	55	35	42	29	24	30	36	
21	51	37	58	27	24	21	25	66	49	30	25	39	30	33	49	59	41	8	21	14	53	33	15	31	43	27	21	25	4	0	1	27	19	47	46	33	14	38	39	
2	9	48	7	44	11	57	12	27	8	39	20	26	25	28	3	38	36	43	28	25	38	49	40	32	56	1	8	12	31	8	0	14	28	39	27	8	3	31	30	
35	28	34	41	41	22	38	45	61	61	55	54	66	59	50	23	64	33	77	35	59	67	47	29	46	48	56	56	20	65	58	53	0	49	38	60	47	41	18	54	
48	42	30	23	34	15	56	16	16	43	26	45	1	25	53	32	65	34	36	11	7	15	45	49	41	24	48	12	16	40	53	28	18	0	28	54	38	18	35	35	
36	48	51	31	42	47	50	34	11	16	13	40	19	3	39	53	26	29	56	3	28	22	43	30	47	58	48	44	1	36	27	30	44	40	0	24	48	19	51	16	
24	50	27	23	31	37	10	42	3	8	15	11	29	12	19	39	17	21	14	27	4	14	26	46	40	16	50	38	24	12	28	25	44	26	4	0	39	15	24	32	
7	7	23	13	13	8	37	9	1	33	13	26	12	10	34	35	58	5	2	7	31	12	19	1	18	29	28	5	9	26	21	33	11	28	13	32	0	11	4	22	
6	6	6	43	36	21	31	50	23	8	35	49	49	12	21	54	49	41	36	30	19	17	3	24	41	8	28	46	17	39	51	37	42	16	35	29	42	0	51	45	
41	61	33	57	14	24	7	43	42	29	50	28	15	28	36	48	62	34	25	56	13	53	51	55	41	42	76	39	20	42	49	19	45	2	44	18	26	19	0	41	
9	39	22	54	12	12	15	12	60	24	27	38	27	43	4	34	17	12	22	14	19	53	50	32	22	60	56	9	13	48	45	37	15	5	3	48	31	15	32	0	
M4
0	50	22	33	30	46	31	3	31	46	40	68	29	15	41	69	10	50	54	34	24	59	66	36	34	28	26	28	35	27	50	53	30	14	52	41	52	47	29	13	
6	0	62	40	47	38	47	40	40	36	54	74	53	52	44	72	50	61	64	51	27	76	50	39	69	14	43	45	21	36	11	62	47	9	30	44	44	48	46	30	
45	22	0	35	60	44	75	38	59	19	38	67	20	2	52	82	8	56	52	39	61	78	22	46	23	8	49	18	25	33	74	51	56	34	35	69	50	62	51	43	
63	48	53	0	7	50	10	18	59	59	62	48	11	64	58	30	32	83	3	60	49	6	13	8	65	49	6	40	31	14	38	63	56	51	38	27	56	63	3	52	
51	2	38	49	0	26	10	28	36	28	39	18	1	40	26	27	35	43	38	35	9	60	24	12	62	9	31	42	31	46	35	63	35	34	55	37	16	29	45	47	
33	63	25	25	23	0	63	7	12	26	13	33	25	11	5	38	22	33	25	39	37	62	48	26	41	31	2	29	2	22	28	39	9	32	43	22	3	16	34	18	
8	63	35	46	22	18	0	11	33	45	34	20	46	24	26	59	43	54	46	26	41	10	64	47	62	52	23	50	23	43	49	48	13	51	3	43	24	37	5	37	
44	74	36	44	33	21	40	0	36	14	28	57	45	35	29	15	46	51	49	63	54	25	49	50	50	55	13	53	15	41	29	47	33	16	67	24	27	40	49	42	
13	48	58	5	39	64	47	32	0	55	27	29	17	58	66	30	55	62	16	27	71	42	75	35	21	11	52	37	61	2	52	19	18	36	61	2	36	34	30	22	
10	40	3	23	32	24	73	34	39	0	40	28	51	38	32	65	49	5	12	66	25	63	75	37	34	50	20	56	19	33	23	61	33	50	31	49	30	43	61	45	
17	63	15	32	72	52	33	27	67	68	0	37	7	64	20	8	16	65	31	8	57	59	77	40	36	52	57	78	41	34	65	36	21	42	6	62	52	65	14	64	
35	37	25	44	18	16	67	26	31	9	32	0	37	30	24	57	27	45	44	58	11	39	41	23	60	50	4	48	21	2	37	27	28	36	30	26	22	35	47	37	
40	22	5	40	8	12	57	22	27	41	16	9	0	26	20	53	19	3	19	49	52	74	63	41	56	43	17	17	17	37	43	54	24	41	58	37	18	31	23	28	
42	36	29	8	27	48	55	26	45	30	42	13	29	0	30	76	12	67	29	37	68	35	4	30	26	5	4	31	37	37	25	55	26	30	5	49	7	20	32	16	
27	36	42	42	32	14	30	6	29	10	17	50	36	17	0	38	39	44	42	37	10	11	13	22	20	31	19	31	19	39	36	26	26	30	48	39	20	33	29	16	
55	54	47	35	46	44	2	54	55	60	38	27	52	33	13	0	8	62	32	39	28	57	46	40	12	26	33	71	33	3	54	51	56	19	40	53	50	45	11	57	
53	62	45	8	43	17	80	27	32	33	11	40	25	31	25	55	0	53	25	51	57	51	67	19	48	37	22	44	6	6	48	24	29	7	53	42	23	36	24	30	
22	31	47	14	48	62	30	41	1	45	19	38	26	2	17	5	26	0	15	36	54	11	65	44	30	20	61	46	51	11	55	28	24	38	61	11	45	43	39	31	
48	63	42	66	22	70	53	64	68	18	62	26	18	78	2	28	39	22	0	75	58	15	40	43	57	45	40	46	26	39	45	6	34	65	4	27	20	33	43	54	
41	77	72	34	61	70	29	61	21	56	21	15	46	19	22	39	70	31	45	0	69	70	68	64	48	40	70	23	53	31	81	7	47	65	27	31	65	62	30	51	
45	23	61	37	19	48	68	25	24	62	59	49	23	54	14	55	58	31	39	51	0	48	80	9	53	43	52	43	53	34	23	51	50	22	78	34	39	52	33	54	
37	35	54	32	31	40	41	37	19	19	40	22	18	29	20	44	24	43	14	54	9	0	20	21	38	38	45	37	45	29	35	46	16	20	75	29	46	56	45	49	
11	66	49	45	67	48	23	48	32	53	58	53	50	60	3	41	31	53	22	46	67	60	0	69	26	51	13	39	49	42	50	59	16	3	33	42	47	60	67	58	
53	70	43	14	53	27	36	15	32	23	43	5	55	27	35	11	42	60	34	17	44	81	78	0	46	51	32	48	32	37	47	20	39	8	56	21	33	46	45	48	
20	42	48	56	38	67	6	19	43	27	72	61	42	39	33	11	42	50	58	65	16	61	74	26	0	59	14	24	67	7	42	60	51	36	23	53	49	6	17	58	
50	24	42	42	4	14	37	24	29	15	30	49	42	17	22	12	22	21	1	9	45	62	56	24	8	0	19	46	19	38	45	56	26	48	60	19	20	33	46	35	
37	34	41	29	18	43	31	34	16	44	37	30	16	32	39	34	7	54	40	46	66	66	67	42	4	35	0	40	32	23	74	43	42	33	48	26	49	58	41	25	
42	33	31	41	5	44	54	5	34	38	44	32	33	3	24	65	14	6	9	1	7	55	68	19	63	26	49	0	39	39	33	13	53	13	69	19	49	62	43	36	
8	2	15	15	26	50	27	42	2	9	2	39	27	5	50	40	25	46	26	37	40	52	51	13	31	21	26	32	0	12	31	29	25	46	44	9	6	19	39	32	
51	51	21	34	34	43	25	53	58	9	19	14	39	57	51	16	7	9	39	20	57	14	15	40	11	38	3	43	32	0	18	50	34	22	50	8	17	30	16	51	
31	66	34	20	56	38	65	48	10	37	14	47	35	8	46	48	63	48	34	26	74	60	45	53	39	29	34	54	9	20	0	30	30	13	8	20	44	52	48	39	
32	62	73	10	21	72	23	67	76	66	66	75	61	36	64	28	36	1	70	73	57	39	29	69	59	38	33	64	14	25	36	0	38	62	36	9	58	71	31	57	
7	64	37	17	35	10	42	20	8	17	19	26	33	24	18	17	6	2	32	17	45	58	60	38	37	3	15	41	15	18	40	35	0	32	17	18	15	28	46	31	
52	81	45	58	72	61	66	66	71	72	29	19	72	26	69	41	61	65	41	50	66	23	25	16	75	84	33	52	28	67	92	56	54	0	6	42	67	47	14	69	
30	18	8	49	32	62	26	7	45	35	54	1	24	57	24	1	31	61	14	63	52	72	57	31	12	50	32	13	45	12	28	5	31	43	0	36	12	11	35	46	
42	52	53	3	51	81	69	50	25	48	60	37	33	69	71	63	50	70	24	22	54	25	56	38	12	44	51	57	4	34	56	28	50	4	16	0	31	44	63	53	
27	53	14	38	12	42	61	36	57	15	34	37	14	53	50	61	11	52	14	47	60	52	37	15	78	41	12	18	25	29	17	54	11	37	65	58	0	5	42	26	
54	23	26	60	18	60	62	20	47	42	61	64	41	6	23	37	38	54	33	31	20	26	39	32	66	25	39	25	52	46	37	66	27	24	49	34	19	0	6	10	
63	56	52	46	50	27	72	20	42	21	16	22	2	24	32	47	19	7	1	38	47	4	54	53	34	54	32	44	27	43	52	62	23	42	58	34	30	43	0	48	
57	49	59	67	8	58	57	1	58	24	69	65	36	33	57	67	56	52	50	12	56	37	44	59	47	6	52	6	39	27	75	47	8	5	30	44	50	25	7	0	
M5
0	40	35	10	42	36	24	37	36	44	7	51	2	32	26	17	30	37	32	25	35	38	30	49	35	35	5	57	43	39	25	32	38	44	27	36	41	44	22	41	
36	0	34	31	47	36	4	45	65	56	4	51	31	48	21	48	52	35	54	22	17	29	1	22	13	16	21	42	27	33	61	19	21	59	27	26	56	2	19	41	
44	34	0	39	33	33	32	42	41	44	40	27	7	37	34	66	44	34	37	40	49	42	35	54	15	41	11	26	41	36	47	41	43	53	24	38	54	33	5	38	
43	35	20	0	8	38	1	27	38	10	20	26	27	39	33	17	60	50	46	38	9	38	46	42	1	16	61	38	34	16	51	36	45	37	41	18	41	50	35	33	
54	33	21	37	0	7	18	35	56	39	32	47	22	52	13	48	35	20	40	43	41	28	33	11	3	27	69	28	27	22	20	5	34	34	10	26	32	35	25	16	
21	11	50	6	28	0	18	26	46	40	32	4	42	21	37	34	5	30	13	29	26	41	27	17	21	20	52	21	23	46	25	9	18	16	48	25	26	29	45	10	
12	30	20	42	25	18	0	39	13	33	15	62	4	34	59	46	34	1	34	33	42	27	32	51	22	26	21	38	26	21	37	33	40	41	9	11	14	39	30	23	
59	37	18	31	43	36	28	0	22	15	4	46	31	48	3	8	10	37	54	22	31	45	30	39	39	32	55	35	17	39	61	21	46	28	27	27	32	41	19	38	
7	24	50	6	38	52	31	35	0	40	48	56	57	69	58	47	17	33	21	3	37	68	45	66	31	6	17	61	55	46	21	8	61	56	71	38	24	46	63	40	
74	44	13	53	30	55	40	21	51	0	26	57	43	16	52	43	57	34	59	24	57	42	52	64	1	38	32	22	57	12	62	13	16	56	46	20	52	53	30	41	
52	21	22	15	47	20	19	37	49	42	0	35	15	32	32	56	36	21	45	6	48	29	14	61	38	16	39	50	28	23	45	13	30	43	11	36	41	25	3	25	
4	26	45	61	11	41	1	9	29	62	48	0	25	4	38	37	39	16	19	12	9	24	41	45	37	3	51	4	6	29	32	31	10	31	37	8	34	13	28	24	
46	34	44	35	41	36	26	10	9	31	49	38	0	5	41	38	56	36	5	8	48	23	3	22	48	13	27	51	40	30	18	32	11	21	38	9	40	37	29	24	
64	50	62	56	53	63	45	4	44	62	43	47	41	0	35	32	68	30	48	7	42	36	48	67	42	61	46	45	50	24	61	26	5	46	54	3	50	36	23	34	
22	29	44	37	29	59	19	27	47	35	53	5	43	22	0	7	57	34	37	30	27	42	45	60	15	21	56	22	24	47	50	49	10	49	50	26	31	31	27	39	
45	32	49	17	49	47	7	47	52	27	56	28	27	45	36	0	41	48	33	42	50	44	25	53	18	44	36	45	13	29	46	55	51	65	38	40	11	52	7	47	
52	35	36	7	39	26	23	41	33	10	2	44	26	46	19	3	0	35	46	20	40	43	28	17	22	30	49	61	8	28	37	27	24	32	25	49	27	14	17	22	
51	49	52	36	35	6	39	30	46	25	41	46	12	42	49	37	18	0	42	14	17	47	40	10	54	28	40	27	44	46	55	16	10	28	41	14	53	54	42	39	
77	22	30	51	27	53	12	5	55	45	46	60	66	70	35	54	69	49	0	63	59	65	32	51	42	46	51	45	31	49	4	19	63	33	56	8	31	34	61	15	
23	51	2	17	19	3	1	8	41	40	25	51	15	3	39	28	72	34	45	0	46	23	43	53	42	44	23	49	54	28	58	30	9	50	48	7	45	40	27	38	
49	42	42	47	31	46	6	25	51	48	20	32	47	49	38	33	62	47	11	26	0	52	21	52	12	48	54	49	1	26	24	38	40	17	37	11	51	38	21	35	
38	54	3	63	45	17	35	43	33	55	40	21	59	38	72	55	56	12	49	19	43	0	59	65	58	37	5	38	27	43	5	65	44	63	31	24	40	6	51	45	
64	47	48	37	46	43	44	28	28	50	14	47	41	33	48	24	62	43	33	12	42	55	0	11	55	40	65	56	25	39	46	39	34	27	37	37	25	28	29	9	
31	27	20	4	36	10	17	32	56	27	29	14	50	31	36	28	34	19	44	10	36	27	40	0	29	26	68	31	26	21	52	18	1	15	9	35	21	40	10	23	
11	25	44	39	36	5	29	53	47	49	49	31	49	48	47	9	12	60	40	36	3	66	46	61	0	47	58	48	30	40	13	64	54	26	52	40	26	10	29	62	
30	24	30	6	10	16	14	34	57	30	16	37	23	53	46	31	37	4	20	22	37	22	39	44	31	0	18	2	38	46	33	38	4	32	35	37	32	35	31	22	
36	51	59	57	28	45	52	26	34	56	70	52	24	54	41	46	62	41	31	50	37	56	24	43	54	38	0	54	23	8	44	56	42	25	48	40	21	26	23	7	
47	17	39	63	3	33	13	34	50	64	41	30	16	46	39	40	30	7	39	15	31	15	32	37	29	11	58	0	31	40	46	31	35	33	28	48	25	34	51	15	
53	69	40	41	65	53	18	12	33	64	70	65	64	46	54	24	34	56	49	18	54	22	11	43	55	65	21	57	0	1	23	52	52	33	48	50	48	24	44	59	
65	29	17	15	42	6	14	39	61	42	21	48	48	40	8	26	31	16	44	21	17	24	37	46	33	23	68	48	23	0	57	46	44	11	6	40	36	39	36	20	
72	40	25	54	39	33	49	42	35	45	27	66	23	53	35	36	66	34	52	3	36	51	3	36	24	47	14	31	26	62	0	52	9	14	50	53	47	36	20	38	
29	51	25	39	19	38	26	33	30	20	51	12	50	28	55	10	54	39	44	36	34	47	27	13	41	28	59	29	31	29	55	0	34	50	29	32	34	38	30	43	
60	40	33	33	55	43	23	9	68	43	50	44	43	61	38	3	45	1	19	53	61	60	22	38	34	35	47	52	21	29	32	47	0	17	46	36	21	24	23	5	
63	41	16	43	27	26	37	16	74	13	35	46	40	63	3	48	54	31	51	27	51	29	44	17	53	33	82	19	27	50	64	43	40	0	48	60	43	45	39	27	
70	17	5	42	30	3	2	27	49	48	16	53	43	60	47	47	19	4	32	29	42	12	25	44	21	11	58	55	11	6	45	41	57	26	0	41	24	27	31	8	
59	13	48	19	16	46	14	33	22	53	14	43	29	28	28	39	43	15	42	28	21	28	34	50	42	24	9	8	44	26	55	39	34	46	37	0	38	6	29	28	
40	49	49	33	35	39	14	3	63	56	24	23	45	25	56	45	62	32	55	33	45	47	50	7	26	39	50	27	34	29	2	9	30	44	38	7	0	27	35	47	
73	40	28	46	53	26	25	26	59	56	34	56	56	21	57	16	42	20	55	29	55	35	46	67	35	34	55	45	34	29	22	48	27	49	17	25	40	0	36	31	
40	28	16	8	40	14	13	38	39	13	27	25	14	42	3	48	30	15	43	36	41	23	36	40	32	22	50	41	22	17	16	41	48	37	5	7	35	29	0	19	
47	29	37	47	40	23	30	4	72	34	48	30	50	47	24	24	51	19	9	33	52	44	2	21	53	16	61	32	1	25	22	37	44	3	26	18	1	4	44	0	
