40  8  1
8
	0	29	1	39	2	82	3	69	4	45	5	50	6	95	7	57
	0	82	1	6	2	1	3	67	4	95	5	26	6	83	7	52
	0	9	1	71	2	62	3	1	4	55	5	70	6	74	7	96
	0	40	1	63	2	26	3	66	4	19	5	91	6	23	7	70
	0	83	1	41	2	72	3	15	4	79	5	92	6	22	7	12
	0	38	1	42	2	100	3	6	4	66	5	16	6	23	7	43
	0	28	1	70	2	30	3	60	4	33	5	49	6	45	7	5
	0	81	1	60	2	69	3	26	4	67	5	78	6	63	7	97
	0	21	1	82	2	67	3	45	4	32	5	1	6	76	7	24
	0	9	1	11	2	52	3	28	4	44	5	4	6	59	7	50
	0	6	1	48	2	45	3	34	4	72	5	78	6	96	7	57
	0	66	1	2	2	58	3	62	4	78	5	11	6	89	7	10
	0	67	1	26	2	75	3	39	4	85	5	22	6	55	7	29
	0	67	1	6	2	7	3	25	4	75	5	54	6	3	7	66
	0	94	1	12	2	38	3	14	4	19	5	32	6	87	7	91
	0	69	1	100	2	44	3	53	4	39	5	64	6	48	7	80
	0	55	1	76	2	100	3	51	4	100	5	9	6	31	7	16
	0	40	1	10	2	63	3	14	4	37	5	96	6	85	7	86
	0	57	1	11	2	36	3	70	4	4	5	99	6	48	7	94
	0	24	1	56	2	20	3	5	4	70	5	71	6	7	7	78
	0	25	1	74	2	42	3	14	4	25	5	34	6	43	7	25
	0	15	1	93	2	59	3	41	4	40	5	22	6	58	7	7
	0	63	1	32	2	59	3	45	4	42	5	82	6	79	7	9
	0	21	1	59	2	25	3	52	4	23	5	33	6	52	7	74
	0	27	1	2	2	93	3	35	4	89	5	82	6	2	7	46
	0	37	1	15	2	84	3	77	4	30	5	89	6	93	7	26
	0	91	1	100	2	26	3	61	4	26	5	97	6	53	7	27
	0	9	1	89	2	43	3	54	4	84	5	14	6	91	7	44
	0	17	1	80	2	43	3	100	4	4	5	51	6	90	7	24
	0	7	1	24	2	69	3	19	4	82	5	18	6	83	7	43
	0	25	1	80	2	47	3	18	4	37	5	75	6	9	7	91
	0	92	1	16	2	5	3	96	4	71	5	41	6	51	7	62
	0	59	1	67	2	78	3	70	4	66	5	53	6	58	7	52
	0	86	1	59	2	91	3	92	4	7	5	94	6	41	7	60
	0	59	1	77	2	31	3	89	4	35	5	62	6	59	7	98
	0	37	1	95	2	85	3	91	4	34	5	7	6	81	7	6
	0	26	1	62	2	77	3	83	4	52	5	17	6	27	7	77
	0	92	1	47	2	74	3	48	4	46	5	67	6	100	7	79
	0	94	1	33	2	79	3	26	4	64	5	16	6	86	7	93
	0	64	1	74	2	3	3	79	4	58	5	67	6	47	7	54
SSD
M0
0	63	4	19	35	28	65	16	55	85	5	41	26	65	45	13	5	49	39	71	49	65	11	51	22	31	21	31	31	43	47	12	60	30	82	67	54	14	4	11	
45	0	55	44	45	50	1	21	26	51	15	27	49	53	12	23	52	59	50	51	44	26	52	22	45	50	18	35	44	14	51	22	20	48	19	43	64	16	78	16	
19	90	0	44	72	43	56	36	53	79	53	28	13	52	80	27	49	65	38	72	76	67	12	94	9	18	58	62	72	41	45	51	53	17	96	54	62	21	52	54	
36	62	8	0	21	44	67	53	70	28	70	14	6	48	15	44	61	54	55	80	76	65	29	45	26	35	33	11	77	58	27	68	44	34	50	67	53	36	67	44	
14	51	47	15	0	69	51	21	43	56	48	44	38	49	25	17	48	54	55	68	57	93	54	6	60	28	15	28	62	31	44	55	40	65	46	17	25	57	40	20	
70	69	75	56	28	0	31	20	44	50	85	45	44	32	11	13	53	33	87	69	39	21	36	42	42	66	40	18	63	32	34	32	64	66	58	89	57	38	33	66	
54	24	67	48	41	59	0	34	22	51	35	23	45	49	75	40	48	38	89	47	33	22	24	23	65	70	37	31	15	10	47	22	44	35	59	72	62	39	81	19	
32	35	4	49	22	56	14	0	32	52	66	41	26	60	52	28	27	55	51	17	21	58	25	48	22	31	2	12	3	52	28	57	32	23	10	57	51	34	42	21	
52	33	78	44	2	53	3	33	0	53	22	40	16	65	51	30	20	12	71	4	33	45	46	35	42	57	38	19	23	41	35	16	39	1	71	29	38	31	71	33	
44	72	16	57	36	68	61	43	45	0	78	43	38	11	44	52	25	56	63	43	46	28	37	8	34	22	48	26	64	33	30	76	27	42	13	63	48	45	30	60	
24	80	57	70	24	58	54	5	44	74	0	45	53	67	34	2	58	76	75	60	72	90	31	86	24	29	10	53	63	32	65	1	86	66	96	71	43	3	57	5	
35	66	7	34	47	43	56	50	39	63	39	0	29	52	53	2	23	57	54	38	76	65	20	57	9	34	55	48	58	27	30	46	63	33	2	55	32	18	68	11	
38	25	67	46	34	29	35	58	11	42	54	21	0	47	78	18	6	44	7	36	31	13	8	38	20	65	51	29	39	8	45	14	68	33	33	34	18	30	8	58	
31	45	29	59	49	63	41	28	49	4	44	56	51	0	38	38	21	1	9	53	31	34	2	21	47	35	58	39	13	46	43	9	40	33	23	70	15	34	18	47	
44	64	45	17	22	88	48	30	24	34	62	30	40	38	0	55	54	49	67	39	13	50	50	1	63	16	45	23	57	26	39	49	35	46	46	37	44	57	60	54	
7	29	40	47	40	50	45	16	21	48	40	21	32	18	19	0	34	54	75	46	37	19	29	65	16	67	44	30	40	9	46	5	30	43	56	63	59	32	40	28	
45	46	69	66	12	47	41	46	17	56	47	41	26	22	52	55	0	15	68	42	48	34	53	52	23	17	52	49	54	28	22	54	77	39	71	60	74	51	3	7	
49	41	26	18	19	66	41	28	17	1	43	18	48	21	8	51	35	0	62	12	54	38	47	18	32	32	48	26	36	5	40	50	37	18	23	47	46	33	19	6	
67	41	39	55	68	12	69	24	45	53	74	23	4	71	26	34	45	12	0	64	27	64	34	70	57	42	82	65	9	57	80	8	38	29	75	66	70	69	57	6	
60	5	51	16	39	48	39	19	44	41	71	45	40	37	23	70	49	47	43	0	35	17	51	7	14	31	51	29	63	32	24	71	38	54	43	16	10	34	65	59	
59	64	66	77	23	62	36	51	12	41	55	6	13	35	84	63	43	45	87	37	0	12	40	58	75	72	35	13	52	63	29	11	72	14	49	62	38	19	80	57	
49	62	39	79	51	35	18	66	40	14	81	34	8	34	67	58	17	55	81	65	3	0	38	31	57	45	43	41	61	55	53	39	50	38	22	86	25	2	53	30	
5	15	16	12	48	58	69	28	45	45	39	28	38	65	67	34	21	51	63	70	27	64	0	62	34	43	12	38	9	66	54	46	38	29	67	51	14	46	30	45	
48	52	23	42	11	75	35	14	16	54	59	17	45	22	72	59	32	27	61	41	30	67	28	0	41	50	23	1	35	4	17	53	13	38	24	66	23	35	38	35	
49	63	68	28	36	7	20	55	17	43	60	18	2	16	44	58	43	45	76	42	54	66	27	60	0	74	48	26	36	5	42	54	35	39	63	20	26	36	55	18	
17	50	15	38	46	64	47	48	23	51	37	20	1	4	41	2	25	10	14	48	56	38	36	68	30	0	3	63	67	55	55	44	77	41	61	65	78	45	50	1	
10	67	43	48	56	20	23	25	33	72	34	7	65	1	11	42	44	52	23	58	34	71	50	74	61	35	0	70	66	61	25	41	39	55	64	73	60	43	26	45	
43	42	56	79	1	69	77	40	53	67	58	54	57	39	82	66	41	34	88	78	56	93	18	36	57	54	13	0	57	41	7	65	54	75	67	101	80	67	70	69	
84	15	77	29	42	40	43	2	19	67	62	32	39	61	57	8	19	52	60	44	1	38	66	75	82	91	61	39	0	55	55	37	12	3	75	40	64	45	74	73	
37	56	65	31	24	79	29	43	5	79	48	6	42	32	77	49	31	38	97	30	42	71	41	57	68	62	36	14	24	0	30	42	53	27	74	55	64	24	69	59	
11	83	41	59	51	42	72	27	56	43	45	55	54	7	50	53	45	2	56	54	24	61	6	24	25	68	5	41	51	47	0	52	39	60	35	72	68	54	44	48	
44	71	77	92	68	96	19	4	52	75	70	70	61	24	90	2	78	83	36	77	64	46	65	70	87	69	66	58	61	57	57	0	31	43	22	61	82	62	60	12	
59	83	31	72	73	60	57	1	59	89	72	68	10	63	14	30	67	58	74	84	48	70	52	80	26	34	61	63	64	58	31	37	0	12	7	73	79	6	5	4	
39	39	32	73	55	22	68	37	64	10	73	33	50	30	38	56	44	30	14	62	30	47	34	27	21	41	33	45	79	52	3	66	46	0	32	68	67	4	49	66	
56	17	58	50	39	54	37	5	32	33	26	33	3	30	24	29	36	21	77	57	22	4	57	24	56	28	42	31	4	20	47	14	33	24	0	61	13	21	67	37	
76	23	69	61	59	15	40	64	36	61	79	51	35	49	39	38	76	67	45	61	72	54	60	29	6	22	62	49	69	38	65	37	41	58	74	0	30	41	19	51	
31	11	30	46	31	55	32	57	8	5	51	57	35	25	58	59	39	11	77	33	60	42	36	22	21	36	17	40	52	47	44	39	41	18	27	58	0	59	44	57	
34	11	6	45	30	56	51	35	65	62	24	26	28	65	23	32	64	63	53	87	44	81	27	65	22	24	40	20	85	54	36	4	34	9	84	16	31	0	55	35	
24	50	56	40	33	22	38	25	14	44	57	15	50	41	30	50	6	5	72	39	12	49	50	21	38	21	45	23	25	2	21	48	4	26	66	64	13	33	0	51	
34	33	60	47	34	68	50	15	26	35	4	55	45	3	44	12	53	7	6	51	35	33	41	17	34	39	20	39	17	42	55	11	46	37	57	37	53	13	14	0	
M1
0	14	57	46	67	39	19	59	59	65	42	66	51	32	51	44	45	46	62	54	50	64	59	28	60	33	74	75	17	51	21	35	30	30	23	76	41	8	76	65	
48	0	70	33	47	19	62	39	39	45	29	49	37	19	31	24	75	26	59	34	31	44	53	8	40	13	61	74	60	31	1	53	10	18	3	56	56	74	56	60	
65	26	0	27	72	51	20	21	50	51	23	56	10	13	40	56	69	58	61	51	27	53	66	32	67	40	8	75	82	33	9	68	42	23	30	79	63	81	13	26	
2	49	78	0	24	35	1	4	2	22	43	61	14	63	44	63	4	3	56	71	21	34	41	11	59	32	2	10	58	62	56	55	22	12	48	33	35	49	33	37	
30	46	76	26	0	42	18	49	41	29	16	7	21	56	46	44	67	10	11	38	27	43	18	16	50	23	54	11	5	50	19	19	29	9	25	14	14	32	27	44	
33	38	70	5	48	0	1	69	23	57	35	36	27	25	56	12	72	57	14	29	16	57	47	45	53	26	49	25	51	46	45	48	13	35	28	55	43	21	3	48	
35	54	35	45	51	52	0	45	44	49	44	42	41	65	37	61	52	30	28	19	48	50	15	51	51	33	17	43	21	54	54	54	49	36	42	60	26	67	10	62	
27	48	14	21	26	19	50	0	41	24	40	31	16	56	46	22	28	5	58	62	23	46	42	33	42	15	30	38	71	45	28	36	24	34	50	35	37	56	35	39	
52	69	98	48	53	87	73	52	0	51	67	76	43	80	73	16	85	32	35	15	11	78	83	56	74	47	71	3	27	20	7	65	13	61	12	32	14	81	42	10	
35	53	102	48	10	30	15	64	53	0	46	37	43	40	66	42	68	32	62	68	50	90	48	46	88	61	43	20	53	76	49	49	51	50	48	62	44	62	61	4	
40	23	86	24	45	48	25	55	40	43	0	42	29	10	41	53	59	24	21	14	28	51	46	27	33	33	52	36	79	36	30	54	39	20	32	23	11	65	37	55	
53	37	72	51	14	33	40	40	45	68	7	0	12	62	37	61	73	49	66	29	18	87	9	7	60	56	61	66	52	54	10	10	53	41	46	61	5	23	22	40	
41	17	45	20	37	19	14	18	14	46	52	44	0	42	4	23	45	27	56	46	45	64	48	31	35	36	59	52	65	38	24	56	33	39	26	57	51	51	37	61	
61	7	83	8	53	32	53	39	52	32	4	37	13	0	25	37	50	39	72	47	12	57	48	21	53	26	36	63	63	44	14	49	23	4	16	69	44	62	58	47	
25	42	76	4	32	3	46	2	48	30	39	53	8	29	0	57	58	11	52	30	29	71	62	56	49	40	60	55	49	52	49	63	30	39	51	41	43	35	21	45	
46	33	64	27	36	43	61	46	43	35	29	20	34	25	56	0	35	28	42	2	40	59	24	29	11	52	35	18	71	14	32	32	1	35	42	35	27	23	44	50	
39	45	5	36	40	54	9	39	36	78	66	57	61	56	82	28	0	63	35	23	42	78	68	59	70	47	34	12	65	7	35	60	59	63	49	36	45	68	51	69	
12	44	72	6	11	46	35	45	41	9	30	48	1	50	31	50	68	0	43	58	8	50	59	57	46	19	39	40	56	49	46	42	9	19	35	20	22	59	20	24	
8	34	54	40	35	50	57	46	27	32	39	30	21	34	51	22	90	66	0	61	15	32	41	39	28	1	32	4	64	31	20	27	46	30	3	72	37	55	5	23	
52	50	73	55	12	75	24	62	43	79	51	53	38	41	68	57	52	63	64	0	59	48	50	62	44	17	12	32	13	47	57	65	62	23	8	58	60	78	32	40	
45	43	90	67	29	49	14	76	21	8	45	36	50	59	75	51	35	51	57	67	0	64	47	45	55	33	62	39	72	58	48	48	59	66	38	31	43	61	60	23	
44	60	35	12	61	43	28	11	47	68	40	51	17	49	44	12	71	52	25	82	47	0	7	1	54	27	20	40	61	47	56	20	54	36	9	32	13	76	41	50	
12	32	93	21	49	20	63	19	65	47	56	59	25	46	5	62	49	28	47	47	46	82	0	46	50	51	74	39	66	53	39	51	45	15	41	58	23	52	38	32	
40	43	71	19	20	18	46	17	51	45	13	4	18	44	3	11	35	26	22	35	24	65	15	0	61	34	65	37	50	60	16	16	45	47	36	53	11	22	28	46	
33	20	81	16	23	42	49	33	30	50	16	7	21	12	43	35	68	52	29	38	27	70	11	16	0	39	22	44	59	1	19	19	16	22	29	47	14	32	31	49	
20	18	42	30	19	43	63	30	11	64	30	21	35	26	55	48	82	50	43	52	41	16	25	30	12	0	36	58	54	15	25	33	30	18	27	56	28	46	45	63	
24	1	7	40	18	26	44	44	43	32	11	2	16	26	38	8	3	33	5	33	6	36	13	11	37	17	0	20	8	38	8	14	17	25	10	28	9	27	21	39	
1	23	87	48	74	48	59	59	21	74	58	71	62	48	45	53	85	55	79	63	45	40	39	37	62	40	57	0	57	60	27	63	39	1	32	50	34	48	13	89	
25	6	74	19	24	3	42	17	29	22	7	22	14	31	43	22	46	3	9	46	21	52	19	20	48	21	52	18	0	43	13	34	22	30	7	33	29	47	11	37	
8	49	57	48	50	43	32	8	5	47	51	42	34	49	64	37	85	32	4	73	26	47	53	51	42	16	27	19	34	0	35	37	28	45	18	22	14	37	20	38	
21	32	62	50	39	57	70	50	8	45	36	34	34	46	64	19	40	58	2	24	24	36	45	43	32	5	45	17	18	35	0	40	48	36	16	76	9	59	18	36	
62	54	88	28	31	7	14	14	41	67	24	15	29	48	25	61	48	48	59	46	11	93	26	24	34	71	58	65	26	31	27	0	52	34	53	77	22	40	39	14	
20	21	54	15	47	46	38	6	39	44	45	36	31	46	58	34	82	53	1	61	5	44	47	35	40	13	32	16	68	25	1	39	0	42	15	15	43	5	13	35	
37	24	53	20	27	46	42	37	33	35	20	11	2	16	32	39	72	55	33	35	31	74	15	6	2	43	26	48	63	5	23	23	20	0	33	51	18	4	35	50	
45	59	29	39	44	72	8	10	54	31	55	46	31	51	61	74	80	23	53	57	41	68	50	55	37	37	61	8	62	25	16	58	30	52	0	18	53	20	26	46	
20	52	31	69	45	64	61	53	50	36	25	29	23	77	53	71	44	76	38	21	32	81	40	11	77	50	48	53	44	21	12	41	5	72	12	0	32	54	53	51	
33	48	25	19	37	17	42	17	30	16	45	64	23	35	3	7	9	26	29	45	26	72	39	62	64	41	52	37	59	1	55	62	45	20	35	47	0	50	36	15	
9	40	2	38	33	52	29	14	25	65	26	17	31	53	41	70	85	64	70	48	37	43	4	26	39	12	63	20	16	42	29	29	7	45	49	29	24	0	41	59	
63	11	87	2	64	36	61	47	56	56	46	62	28	36	44	41	69	43	76	30	19	61	44	25	57	30	67	54	73	48	18	31	27	35	20	42	69	87	0	53	
32	47	80	48	51	17	18	52	49	72	44	53	53	34	63	62	37	79	29	46	49	32	63	61	50	23	50	44	64	53	54	22	63	44	43	31	60	78	45	0	
M2
0	80	52	68	66	75	17	31	59	55	76	7	1	35	71	42	2	84	98	49	52	93	54	56	62	57	79	56	42	112	57	77	43	43	8	48	81	21	43	50	
51	0	38	43	56	50	50	28	23	39	46	49	36	39	53	37	29	48	53	31	14	41	10	11	40	58	43	12	57	45	18	38	24	36	1	38	55	45	40	6	
60	8	0	52	65	37	42	37	12	48	55	33	17	32	62	38	38	55	35	40	23	50	19	20	49	15	27	8	23	54	18	30	33	45	10	28	64	27	39	15	
20	48	51	0	17	72	51	44	39	67	61	59	42	60	66	1	15	64	59	74	11	47	7	24	28	11	27	28	70	60	29	51	38	61	50	41	19	61	56	22	
43	50	37	21	0	69	69	46	1	56	13	65	40	84	43	48	34	61	72	10	58	48	54	30	68	58	40	30	54	78	9	57	48	87	52	44	50	36	34	24	
49	44	24	39	16	0	59	21	31	28	67	57	38	8	55	43	27	41	62	22	17	44	35	20	28	30	52	7	66	69	63	47	37	8	32	34	59	28	16	14	
40	48	5	52	53	60	0	25	20	45	53	19	33	25	24	6	54	45	51	7	24	65	52	9	47	20	37	9	10	65	67	36	2	63	28	29	47	13	33	3	
49	13	36	57	13	22	48	0	37	53	60	54	50	45	13	46	43	31	51	45	28	55	24	9	47	66	20	26	55	58	32	36	24	50	15	52	15	6	26	20	
47	33	42	60	68	32	33	28	0	55	63	21	36	35	52	41	63	57	6	19	13	25	44	15	15	51	49	33	58	22	52	21	17	40	5	59	33	32	23	27	
55	26	49	25	60	38	26	21	32	0	44	47	23	8	55	43	48	18	68	22	35	56	35	26	57	17	52	26	24	54	45	14	43	46	11	34	59	48	16	20	
61	42	24	24	40	49	50	37	16	46	0	46	45	26	5	45	54	57	48	40	54	38	48	21	59	7	70	21	55	77	24	48	33	52	44	47	64	6	6	15	
64	24	6	62	59	21	23	40	1	64	11	0	4	57	61	53	54	60	66	56	33	41	35	24	57	42	48	24	63	52	41	12	42	41	19	50	19	57	21	18	
65	37	51	81	69	61	16	41	36	11	34	62	0	64	52	52	67	61	67	43	52	17	36	25	38	66	71	25	41	58	56	37	43	74	39	2	33	58	46	19	
40	48	34	63	61	60	48	6	17	13	61	48	37	0	40	28	75	45	86	7	56	76	20	48	42	15	37	40	88	76	57	36	28	85	50	19	44	33	1	42	
57	77	23	11	23	6	45	22	49	23	44	3	7	56	0	2	52	74	60	70	11	46	44	38	40	16	64	38	12	70	59	65	56	9	36	64	56	16	64	32	
62	61	49	35	42	60	51	38	33	22	43	57	46	51	63	0	76	58	14	30	21	67	68	22	50	59	60	22	68	45	37	49	37	19	13	30	65	53	48	16	
51	39	45	74	72	51	39	17	16	23	72	59	42	4	51	39	0	56	13	18	48	66	31	39	2	26	48	12	79	67	58	27	27	69	41	30	55	44	12	33	
50	3	42	47	51	54	54	32	8	29	50	13	40	38	50	21	33	0	16	17	18	39	14	15	44	41	47	7	49	49	22	42	28	40	5	1	57	43	44	10	
65	64	31	43	69	10	64	60	55	70	66	81	49	50	41	4	59	15	0	64	69	17	75	25	60	61	91	44	40	59	62	52	62	33	61	33	87	3	5	38	
13	66	7	36	34	39	59	21	59	26	34	35	10	70	13	53	48	50	90	0	59	49	40	48	55	67	10	34	62	68	85	63	53	60	68	41	20	6	29	42	
65	25	52	59	60	37	25	37	27	64	8	6	28	49	27	54	54	61	67	57	0	55	36	25	6	18	16	25	36	53	44	13	7	8	27	29	54	58	22	19	
45	44	32	56	38	56	44	26	37	33	6	33	18	13	47	48	28	65	47	27	43	0	14	5	39	35	57	44	7	72	3	32	7	52	17	39	64	53	9	38	
32	81	69	84	96	37	38	65	72	69	64	45	72	52	72	60	88	77	108	42	14	64	0	77	35	11	52	77	70	22	73	69	59	59	24	62	82	44	60	71	
15	14	2	34	49	26	14	30	25	54	61	40	17	54	17	43	43	50	17	46	23	44	25	0	13	32	41	14	21	42	33	2	14	51	16	40	57	47	11	8	
48	9	48	2	45	32	29	38	33	49	16	2	43	49	62	29	39	15	63	29	20	51	20	21	0	39	53	22	12	55	28	48	34	46	11	25	32	55	19	16	
48	18	45	56	26	30	18	34	29	46	24	48	13	26	7	15	48	54	55	40	27	36	29	18	42	0	45	18	57	38	37	6	30	41	6	44	61	51	15	12	
67	39	51	69	71	51	39	8	35	65	62	61	42	79	20	60	12	44	69	71	48	13	50	27	65	57	0	27	26	52	58	27	17	67	41	53	40	60	36	21	
26	53	41	25	58	65	37	30	25	4	93	51	38	26	56	44	66	4	35	40	62	83	53	14	11	48	64	0	45	19	27	41	27	69	35	22	19	47	34	8	
52	36	54	6	4	78	66	43	38	55	83	53	51	51	69	33	47	57	61	65	43	78	16	27	60	43	59	27	0	82	55	54	34	41	13	53	36	60	27	21	
18	82	27	56	32	75	60	79	74	56	45	90	23	78	95	69	80	56	29	63	42	66	66	63	4	23	54	9	7	0	79	90	79	56	56	74	71	68	69	57	
26	49	37	6	39	51	49	13	60	80	47	75	52	69	52	33	45	28	40	81	36	46	39	10	32	12	7	49	56	63	0	37	49	69	51	73	51	73	46	43	
47	7	34	51	42	19	7	23	18	47	54	44	10	47	49	36	37	43	49	39	16	37	18	7	40	25	34	7	47	35	26	0	25	44	9	33	50	40	4	1	
58	39	50	26	64	74	17	45	56	51	35	66	55	32	58	30	58	73	58	25	39	55	50	23	9	54	41	52	18	45	58	50	0	38	16	58	65	24	40	46	
48	14	33	2	45	13	4	32	27	27	61	53	2	41	58	29	43	3	58	41	29	48	25	16	3	39	21	1	44	48	33	43	34	0	16	42	40	47	44	10	
54	61	48	29	72	36	25	20	31	27	51	25	32	7	54	5	70	59	63	21	15	90	34	22	23	29	51	54	65	89	18	49	4	4	0	33	42	47	15	55	
59	58	40	76	63	70	5	35	29	55	32	54	43	60	59	41	4	25	37	42	47	75	69	19	57	55	36	8	45	70	36	46	37	18	36	0	62	48	47	13	
17	47	57	67	5	90	74	47	1	85	8	36	80	79	47	19	51	61	56	79	33	48	58	59	64	60	13	60	65	42	58	66	56	73	49	76	0	59	59	54	
64	44	68	18	8	91	74	51	59	1	61	88	35	38	51	45	10	65	98	52	55	86	51	56	72	17	71	57	77	36	60	67	21	48	46	63	41	0	46	51	
72	46	27	50	21	10	31	18	43	75	47	21	56	55	44	39	11	3	26	68	22	31	57	32	70	10	80	32	71	41	65	54	50	72	48	58	75	17	0	26	
43	42	30	62	47	54	42	19	14	50	89	40	27	59	45	71	71	39	45	59	51	72	53	3	41	60	69	3	49	59	61	30	21	72	44	29	46	36	31	0	
M3
0	47	49	4	23	17	33	37	62	30	41	43	79	6	37	25	4	21	38	51	32	51	31	24	37	15	39	7	36	10	29	67	55	56	32	33	48	36	29	41	
8	0	61	69	71	21	46	56	58	34	76	4	43	54	33	29	64	51	70	35	36	44	61	23	41	46	55	83	67	58	19	66	26	29	22	5	6	66	33	52	
27	46	0	33	57	55	43	31	58	58	67	37	46	41	33	58	54	15	34	64	52	2	44	37	39	48	57	24	30	23	36	53	46	13	49	67	50	11	65	53	
30	17	26	0	41	56	31	19	40	49	59	20	21	36	20	48	7	3	22	17	35	29	27	25	27	28	44	51	19	7	24	14	32	12	27	50	64	18	34	38	
28	45	68	23	0	33	37	42	30	46	3	54	79	62	50	6	12	32	11	43	48	57	23	61	53	45	51	35	48	70	40	82	20	18	27	1	32	47	45	13	
27	48	34	43	55	0	49	29	40	7	49	47	61	56	31	2	48	25	44	37	9	28	52	34	14	27	55	59	41	31	28	48	57	48	59	10	51	40	6	25	
47	62	54	51	62	14	0	18	20	27	61	67	49	71	51	22	16	45	15	57	29	26	52	38	34	47	58	15	10	51	48	68	54	68	75	30	62	60	26	45	
19	39	58	56	18	66	47	0	34	78	36	69	35	56	50	3	25	62	33	46	62	61	8	64	44	9	74	40	68	24	56	83	10	47	31	34	65	64	67	15	
40	65	29	63	54	63	48	15	0	45	60	56	76	21	16	44	15	45	64	66	38	32	21	9	55	50	18	54	51	53	57	80	51	3	46	49	80	41	75	2	
61	14	55	78	48	55	59	50	5	0	66	56	62	32	16	28	47	60	73	55	30	56	35	38	48	14	40	52	62	14	49	80	74	47	64	45	25	67	67	43	
54	8	49	40	34	24	20	38	29	37	0	44	42	25	40	32	61	22	41	6	24	36	72	24	42	57	52	70	38	57	16	78	3	37	56	29	5	37	26	9	
48	49	20	20	54	63	64	10	53	57	71	0	67	37	28	39	51	10	29	75	47	23	44	18	34	45	52	45	26	44	31	10	46	8	44	58	71	25	39	10	
20	46	29	55	55	32	49	27	44	27	52	42	0	38	29	37	60	45	48	35	7	32	42	32	25	62	41	29	47	21	26	83	63	43	50	22	62	20	44	23	
4	23	52	61	41	52	2	19	34	1	59	54	80	0	14	14	37	43	62	48	27	51	28	51	45	43	8	77	5	7	46	67	55	39	57	3	54	58	40	15	
61	47	33	62	24	33	50	28	11	15	42	26	64	55	0	19	17	49	50	36	8	26	59	33	26	47	10	58	33	57	27	50	59	47	66	23	56	45	45	13	
39	19	31	2	32	31	37	24	53	26	44	13	21	10	28	0	53	27	46	34	6	34	56	31	24	25	43	56	40	35	25	27	29	45	61	21	61	42	11	13	
33	45	5	39	8	15	6	36	53	28	26	43	45	47	38	23	0	21	34	44	16	1	46	41	34	21	30	3	36	29	31	19	10	19	50	24	49	17	27	32	
47	62	48	4	42	39	47	2	29	33	60	8	63	70	4	31	35	0	5	51	23	32	36	48	10	37	28	38	2	52	7	46	38	62	20	38	47	1	51	24	
20	32	64	7	58	64	35	53	44	37	8	47	40	11	50	50	65	37	0	21	39	51	40	39	57	79	44	40	41	43	31	87	28	20	71	39	24	28	23	51	
43	6	38	29	39	38	9	27	18	33	57	33	31	14	29	40	60	11	30	0	13	25	61	13	31	62	41	63	27	46	5	71	61	34	45	28	68	26	50	29	
39	25	11	45	46	11	28	6	33	6	64	35	50	33	8	19	39	27	29	14	0	14	40	11	4	41	32	36	42	35	5	65	42	25	59	1	41	23	23	2	
62	73	59	10	50	32	40	33	37	31	67	39	3	73	12	40	11	17	36	62	34	0	67	57	12	16	36	35	7	46	38	76	3	73	51	48	7	32	22	39	
33	38	5	4	35	59	41	37	50	64	53	23	52	46	39	56	7	21	18	27	45	8	0	43	45	54	63	23	15	29	37	59	52	19	55	51	56	17	20	59	
41	4	13	7	71	15	54	32	51	28	70	51	57	55	34	5	60	29	48	40	12	13	58	0	30	21	58	38	9	37	31	35	57	27	63	27	23	25	27	28	
55	63	49	64	41	49	22	44	29	44	31	59	88	26	46	44	36	46	65	52	24	52	61	49	0	41	49	25	56	40	43	103	8	42	80	39	2	15	57	40	
31	7	47	56	68	7	29	42	2	20	10	60	61	2	41	15	36	38	57	50	22	37	8	33	27	0	35	72	32	34	41	36	47	50	72	23	27	53	16	32	
59	46	36	23	18	35	53	14	21	22	36	60	63	58	33	39	16	48	44	39	11	39	42	36	29	46	0	61	6	60	30	86	4	11	60	26	65	48	8	27	
74	70	62	57	31	70	73	76	64	48	49	5	75	66	51	52	53	60	57	62	73	31	46	69	73	41	63	0	76	25	39	77	3	27	57	7	69	74	20	56	
44	4	16	47	9	32	58	15	6	45	27	11	63	58	50	30	36	32	8	44	38	19	24	28	12	50	5	19	0	3	53	26	43	30	16	25	11	19	44	34	
58	33	52	45	15	42	36	37	44	55	33	49	58	41	45	36	42	27	41	22	40	52	2	25	47	72	68	62	43	0	32	60	41	48	31	31	62	42	54	12	
51	79	65	36	97	65	22	60	42	60	69	83	51	80	60	17	59	65	64	68	40	7	94	39	58	64	18	83	55	81	0	97	51	67	55	55	55	77	70	56	
36	29	34	10	59	31	34	29	2	29	77	17	56	7	31	19	12	36	52	20	9	37	45	34	27	64	40	59	37	39	28	0	65	48	70	24	64	6	43	5	
43	38	15	21	6	39	41	19	35	45	24	25	62	25	21	27	33	3	22	27	25	18	44	45	27	48	45	40	19	39	24	54	0	29	37	22	53	2	51	34	
58	48	30	29	55	32	51	27	54	29	69	33	35	46	29	40	18	11	30	37	9	4	23	34	3	61	53	29	27	21	26	71	24	0	45	24	7	26	44	25	
22	37	19	27	75	17	3	51	19	8	7	50	59	61	52	25	46	35	54	47	32	22	64	21	37	50	70	36	50	43	34	71	44	33	0	33	46	31	29	1	
6	36	87	6	50	65	52	55	64	51	68	61	36	25	57	11	67	39	58	57	70	85	37	60	49	78	58	67	6	16	60	63	52	11	66	0	85	54	75	18	
67	64	66	56	48	39	58	69	55	22	66	60	75	64	32	1	24	60	32	55	49	69	35	58	4	58	3	64	70	14	65	80	47	63	64	40	0	29	35	45	
40	32	47	43	5	7	57	27	22	20	23	42	46	57	44	10	32	38	31	50	22	41	43	47	27	27	47	29	54	44	41	61	40	38	47	21	49	0	19	33	
57	48	29	26	50	24	65	30	18	37	68	36	29	43	21	32	16	14	33	67	39	32	64	64	38	52	45	54	30	53	27	74	54	43	48	39	75	29	0	48	
2	50	3	37	43	59	47	35	30	62	61	41	50	45	36	56	58	19	24	50	56	6	30	41	43	52	60	28	30	9	40	57	19	1	4	6	32	15	69	0	
M4
0	56	14	47	38	12	30	3	56	52	17	33	27	23	50	7	76	6	43	22	56	49	17	30	44	16	57	21	4	59	29	50	23	31	45	2	19	77	54	29	
29	0	31	5	54	21	30	65	58	12	40	26	43	3	56	37	63	43	53	39	48	50	67	29	35	26	10	5	21	23	13	54	40	37	57	27	36	39	31	83	
9	50	0	55	22	27	45	52	19	65	16	28	28	38	25	10	60	37	40	37	38	64	67	16	50	31	36	36	19	56	44	76	9	62	57	28	9	73	77	23	
33	23	45	0	50	20	32	74	63	10	43	2	46	31	38	33	56	55	75	40	24	33	74	58	11	3	13	55	63	28	64	30	49	40	42	76	43	76	7	59	
38	43	23	78	0	73	48	85	67	36	57	66	59	35	40	71	75	49	80	42	59	17	70	56	75	5	38	80	65	57	66	4	74	34	44	64	34	61	71	52	
51	47	48	58	70	0	13	3	55	41	45	49	76	44	41	64	43	22	38	9	29	5	79	48	74	6	52	25	66	54	67	24	48	52	45	70	56	81	25	75	
57	36	23	12	49	51	0	27	77	38	22	26	39	21	43	42	21	39	15	59	46	42	56	2	42	34	6	40	49	31	32	57	25	24	49	85	26	37	37	75	
17	59	19	34	43	17	6	0	54	40	22	26	32	21	33	64	27	31	15	1	65	4	29	41	34	21	29	26	9	31	34	20	14	51	59	45	24	51	41	67	
47	49	26	64	7	47	19	34	0	14	40	44	37	45	31	4	66	27	39	57	37	50	48	15	75	51	10	18	39	54	33	67	12	12	68	19	24	22	62	63	
65	38	57	68	6	69	23	40	50	0	35	39	59	34	51	44	77	57	28	57	63	20	63	4	64	47	42	53	61	26	12	69	38	50	56	89	28	60	29	75	
47	57	19	64	29	47	30	73	36	53	0	36	29	58	14	45	49	19	61	41	29	72	40	65	79	16	54	34	39	46	40	59	58	4	47	67	19	58	54	34	
41	56	43	86	67	41	59	33	69	89	97	0	56	40	70	86	105	55	93	51	81	19	80	87	77	45	90	50	33	47	58	27	52	66	31	60	48	89	25	26	
32	71	34	66	31	32	32	30	17	63	55	18	0	43	25	1	60	21	63	42	31	41	18	44	15	36	59	41	24	39	47	5	43	6	16	31	6	71	51	57	
39	43	8	66	43	39	44	64	59	46	30	50	43	0	37	37	25	21	53	6	43	60	30	29	8	2	39	48	31	40	33	73	50	18	20	67	33	12	68	41	
14	59	5	69	40	14	24	62	20	53	14	25	29	25	0	12	16	28	71	24	46	39	57	49	52	18	21	22	6	21	7	76	25	21	24	42	21	55	48	27	
65	53	40	72	49	79	27	75	10	56	27	59	22	81	46	0	81	42	75	80	52	26	63	57	66	45	52	60	71	60	72	82	8	27	80	49	42	64	67	52	
62	53	53	64	14	33	64	21	65	32	16	20	52	15	69	67	0	43	9	73	75	36	85	55	11	64	23	34	69	25	78	31	19	50	26	19	27	42	62	42	
34	13	21	8	26	47	44	18	58	9	13	15	29	12	63	28	34	0	6	1	51	33	21	57	23	30	20	31	80	22	65	17	16	47	30	11	24	79	34	73	
78	40	40	75	62	57	63	8	68	42	3	7	39	2	56	72	78	30	0	63	62	23	72	90	32	51	10	21	70	12	65	38	6	37	42	78	14	87	49	80	
53	43	44	65	1	53	51	45	59	50	40	44	62	10	20	49	55	66	33	0	80	40	63	9	54	52	47	58	45	49	46	75	43	55	63	39	33	8	60	12	
39	59	34	42	16	57	22	74	59	66	54	13	30	68	24	28	10	20	62	58	0	30	25	57	60	26	61	51	49	13	41	53	34	5	65	65	20	27	55	21	
59	72	36	67	32	59	33	72	10	56	56	19	32	66	26	46	58	22	60	60	23	0	43	57	68	53	52	60	51	49	52	62	54	7	62	40	22	64	14	58	
29	71	61	50	16	48	5	56	66	27	45	53	36	59	64	39	17	38	53	21	15	34	0	40	79	30	44	51	52	36	21	2	63	45	65	43	60	67	62	61	
65	11	43	80	48	61	49	13	55	47	8	12	44	7	42	17	55	35	1	57	48	28	36	0	37	20	15	26	57	17	49	43	11	23	47	73	1	76	54	65	
41	67	4	49	35	53	4	49	44	45	47	42	35	46	29	57	39	25	40	63	4	59	31	39	0	26	43	62	45	42	24	62	50	10	63	20	25	19	19	50	
15	11	12	62	64	38	48	50	44	14	22	49	53	49	5	36	40	52	57	7	70	41	51	33	40	0	45	46	30	22	31	95	42	45	9	62	25	79	39	51	
53	66	30	41	26	53	27	70	45	6	4	33	7	64	20	51	42	16	58	27	26	14	37	54	71	57	0	16	45	20	41	53	10	1	42	64	16	60	51	51	
35	50	37	80	61	35	53	70	28	45	43	61	46	46	59	64	58	46	71	20	23	53	73	75	27	39	13	0	27	59	52	47	5	40	36	63	42	75	3	69	
4	49	6	63	30	4	22	52	65	52	60	58	19	15	43	56	76	18	61	14	72	41	66	57	61	8	53	13	0	60	21	72	15	79	46	32	11	69	62	78	
19	64	67	82	86	20	37	29	47	64	76	48	70	75	60	71	35	48	69	53	89	91	71	66	71	25	67	85	68	0	60	55	53	64	8	37	31	16	39	51	
31	39	33	80	4	31	49	35	8	19	36	6	10	35	43	44	49	45	29	41	14	8	17	5	41	31	43	34	23	45	0	61	39	41	7	40	7	11	4	50	
40	37	42	64	47	40	56	26	58	54	21	25	32	20	43	14	21	48	14	50	13	41	9	3	50	39	28	39	32	30	57	0	18	43	56	19	9	1	67	32	
63	65	18	82	46	35	74	21	51	49	62	43	57	61	67	30	29	41	55	60	64	1	66	31	4	74	42	79	64	5	18	54	0	48	13	37	8	15	55	56	
45	58	22	53	18	45	19	62	51	54	42	25	18	56	12	43	47	8	50	46	18	70	29	54	68	49	52	53	37	35	38	48	56	0	55	56	8	70	43	44	
15	64	44	59	43	53	47	54	4	50	53	53	29	63	20	40	55	14	57	12	46	62	57	51	47	57	46	54	45	60	17	53	48	21	0	55	4	58	41	8	
9	53	42	11	76	50	61	57	37	40	51	32	66	35	18	14	53	60	69	44	54	46	71	84	41	33	43	59	43	58	44	14	27	58	15	0	35	76	18	58	
12	57	14	59	17	12	14	36	2	48	48	47	27	23	51	27	53	21	62	18	18	49	6	46	15	16	18	21	4	56	4	21	23	45	8	40	0	24	45	51	
3	62	57	23	50	18	56	51	11	7	62	44	8	61	74	47	13	12	55	24	66	71	9	55	28	45	53	61	52	43	63	53	55	55	79	50	56	0	49	58	
48	36	48	48	55	2	3	3	73	50	11	15	16	10	57	53	57	38	4	46	70	31	36	38	23	58	18	29	46	20	44	46	14	45	34	5	22	73	0	21	
12	37	45	24	54	43	9	29	49	50	24	28	51	21	62	43	48	51	17	27	13	23	57	3	49	46	18	42	35	1	40	25	27	43	63	59	27	5	50	0	
M5
0	17	35	57	39	10	39	55	45	77	51	37	57	68	76	52	54	56	83	63	47	11	4	35	29	32	35	40	51	16	44	60	51	49	30	61	69	39	74	69	
19	0	18	81	30	41	70	12	42	71	64	31	65	54	47	48	41	50	71	45	52	53	34	47	60	12	20	52	45	43	67	73	25	84	85	26	40	30	85	64	
26	26	0	32	11	11	40	40	8	75	38	38	31	43	57	15	34	38	57	34	51	23	29	13	29	48	36	21	10	3	31	7	16	58	27	36	50	40	6	48	
53	67	62	0	37	47	58	40	82	55	44	74	69	81	59	89	41	88	65	37	13	70	56	59	66	13	65	83	5	53	81	73	5	60	18	73	69	75	69	63	
46	65	69	7	0	48	53	45	45	69	67	74	52	45	36	42	59	13	76	48	27	40	68	4	15	59	47	41	59	58	46	27	29	4	71	29	34	25	43	39	
52	38	66	90	20	0	13	36	46	51	34	11	66	49	56	44	28	30	70	41	46	10	34	39	3	21	9	32	33	20	32	41	50	40	65	74	68	13	65	73	
41	13	16	46	9	41	0	45	38	1	6	52	60	20	6	45	2	23	41	15	16	36	16	43	40	51	49	65	6	25	1	34	27	17	50	27	41	69	50	38	
30	15	46	36	31	6	35	0	53	31	49	33	44	71	4	12	38	52	54	51	28	22	56	58	25	20	31	54	36	42	20	56	62	11	69	57	63	35	10	52	
46	50	23	56	2	2	31	45	0	66	52	29	22	34	48	6	46	48	48	25	42	28	52	4	21	39	27	26	45	38	50	47	56	58	83	27	41	31	43	39	
36	58	11	75	48	53	11	55	72	0	58	79	55	80	1	65	62	54	36	75	23	31	23	64	35	58	58	69	1	84	42	29	71	77	66	69	83	82	49	33	
52	31	75	24	21	56	84	57	66	100	0	65	28	66	65	1	33	40	54	19	80	64	26	69	75	11	53	39	3	56	79	65	39	35	44	70	84	13	35	26	
45	34	44	68	39	48	44	19	57	29	51	0	53	27	34	22	6	8	53	19	47	11	12	32	50	9	53	10	11	16	44	38	51	49	43	79	63	23	43	66	
2	37	45	33	15	24	50	50	21	58	46	51	0	56	15	20	6	70	4	19	33	45	55	19	43	61	30	48	16	29	43	38	78	43	40	49	63	53	7	54	
46	1	3	72	22	13	16	7	19	65	37	25	42	0	24	5	33	32	68	22	29	39	48	24	18	39	25	46	33	40	44	3	52	69	17	3	17	42	48	6	
29	25	63	42	20	42	71	63	39	58	55	47	50	72	0	46	44	54	68	55	62	54	64	44	61	63	31	66	54	67	9	76	76	68	33	36	50	56	16	36	
63	26	47	73	55	58	86	48	89	86	62	49	69	62	91	0	66	68	93	79	63	27	72	21	29	64	64	70	5	76	21	92	64	35	69	73	70	29	53	25	
49	22	66	85	45	45	74	55	42	71	49	55	65	74	76	49	0	74	87	4	66	30	47	33	35	60	38	69	1	14	42	23	70	34	81	69	78	74	68	67	
47	21	60	90	18	35	24	30	78	56	37	18	35	56	61	40	35	0	61	48	14	3	41	60	49	38	60	39	11	45	73	54	42	28	34	73	51	28	64	86	
59	32	63	79	55	55	51	35	52	48	59	64	70	80	53	59	1	11	0	14	6	36	49	39	45	70	48	62	11	24	51	21	43	36	89	79	24	62	66	19	
9	36	29	70	22	22	51	48	19	84	49	49	42	31	36	26	12	68	12	0	54	18	62	24	34	52	47	12	22	29	37	28	47	28	6	47	57	51	53	59	
48	43	23	64	56	20	11	53	58	8	66	47	30	49	13	65	19	41	18	20	0	43	9	12	39	37	45	68	13	42	54	33	75	62	49	42	27	30	51	45	
80	69	71	73	6	59	59	22	56	56	75	26	78	64	53	59	43	42	66	56	14	0	49	47	78	37	78	47	18	53	63	43	18	37	47	70	36	60	80	82	
24	34	28	6	35	20	30	34	47	44	32	4	38	42	27	37	21	23	51	33	62	26	0	16	39	24	45	10	26	27	13	43	64	56	58	75	47	38	4	41	
9	46	65	19	31	46	40	8	43	61	45	51	15	8	52	50	27	57	39	40	39	3	31	0	36	62	10	31	37	48	57	59	30	58	72	58	53	19	6	2	
44	8	27	60	6	6	27	46	3	70	40	33	26	38	52	10	49	20	52	29	46	32	55	8	0	43	25	30	7	42	43	51	59	38	2	31	16	35	47	43	
47	25	64	36	16	19	7	13	40	51	53	46	44	75	56	35	45	65	51	24	72	45	24	37	38	0	23	1	20	18	19	34	55	45	83	68	58	48	42	38	
30	63	78	88	50	37	58	73	83	84	12	44	84	77	80	20	61	40	46	27	59	29	50	36	56	8	0	65	66	17	32	50	66	88	83	67	81	66	75	54	
32	10	54	44	36	24	53	22	69	76	38	36	29	63	66	20	30	52	36	9	76	40	36	22	40	48	47	0	5	3	31	19	40	73	68	62	43	39	27	56	
11	11	55	68	36	2	30	3	33	68	6	29	13	67	38	40	30	46	39	25	26	28	52	38	21	39	27	27	0	38	50	57	62	58	75	17	31	31	42	55	
17	28	43	53	15	57	74	42	54	78	17	55	49	42	83	61	61	74	73	74	55	19	15	1	28	66	26	65	38	0	10	84	59	61	88	77	46	53	40	35	
16	58	31	64	10	9	25	53	7	58	59	36	30	36	56	14	48	17	56	33	50	35	59	12	28	46	34	34	44	45	0	45	64	35	90	35	30	38	51	3	
17	47	33	30	12	12	41	55	9	65	43	25	32	44	58	16	32	39	58	35	28	38	48	14	31	45	37	27	5	21	49	0	66	56	58	37	51	39	4	49	
62	58	4	3	45	75	45	38	72	91	18	80	82	102	1	73	30	75	89	43	60	46	86	72	74	27	7	39	34	53	42	46	0	73	66	69	48	17	49	69	
2	69	56	69	62	58	49	22	59	46	66	58	68	31	36	66	57	59	56	58	4	63	30	50	62	75	71	79	9	68	77	50	37	0	2	74	65	68	59	45	
37	46	26	24	5	5	34	48	2	53	55	32	25	37	10	9	15	38	51	28	11	31	31	7	24	42	30	29	25	38	51	47	59	58	0	30	44	34	17	42	
49	43	33	62	12	12	41	55	9	61	31	39	32	44	14	16	23	22	58	12	19	38	46	14	31	49	20	36	23	30	34	55	66	66	69	0	7	41	53	31	
31	19	53	38	41	41	18	53	38	63	67	23	61	61	24	45	40	42	35	53	75	39	22	43	60	43	54	44	45	50	10	72	70	83	77	66	0	21	71	78	
28	43	42	40	34	29	42	31	31	27	43	1	54	39	32	18	12	20	10	25	24	23	24	36	42	21	42	22	21	28	56	31	31	39	55	15	29	0	55	53	
4	43	51	10	30	30	59	73	27	87	23	57	18	50	55	34	12	49	44	25	70	51	32	32	49	67	55	54	22	35	63	44	84	36	80	55	65	52	0	34	
45	56	33	34	12	12	41	55	9	76	45	39	32	44	44	16	53	11	58	35	49	18	43	14	31	33	37	36	53	10	38	15	41	35	87	23	37	21	53	0	
M6
0	17	64	20	65	66	69	20	14	17	75	23	28	8	3	61	44	37	4	5	39	18	24	38	56	27	12	76	47	62	59	16	43	11	24	58	57	70	13	15	
1	0	29	33	62	76	61	48	45	70	59	58	25	54	13	59	58	39	55	43	18	30	44	60	12	16	56	50	55	12	43	17	37	27	62	59	24	63	40	7	
21	16	0	69	68	88	68	51	78	34	62	72	28	57	72	48	85	42	53	46	80	63	92	64	15	19	64	51	29	37	46	41	78	73	65	37	42	66	43	63	
29	28	40	0	87	86	66	31	86	46	60	34	17	19	42	49	93	42	39	54	28	29	54	76	23	38	30	37	79	45	44	21	54	35	35	15	14	45	13	76	
42	72	58	48	0	52	35	77	20	46	49	18	39	75	80	71	10	81	5	78	61	72	94	3	56	11	68	88	51	30	68	63	69	69	8	27	53	19	33	63	
65	43	41	78	60	0	68	16	59	6	68	55	37	66	55	77	33	45	38	55	67	47	67	85	24	66	72	62	21	16	55	50	72	27	59	71	67	56	52	5	
41	57	68	55	80	88	0	60	49	91	28	33	22	48	86	86	46	79	97	105	54	58	26	105	84	67	31	89	15	84	76	65	83	64	25	55	51	67	53	89	
75	28	18	90	20	73	66	0	62	83	37	60	81	80	89	53	43	63	15	85	24	90	90	45	78	25	65	43	63	48	44	7	3	96	22	60	81	61	45	73	
38	40	38	44	100	48	20	44	0	25	2	47	34	32	56	92	6	48	26	30	57	42	6	38	21	51	48	24	48	43	52	41	8	48	34	68	81	45	37	76	
32	31	46	30	59	14	7	34	32	0	28	20	70	22	62	37	70	30	44	52	70	32	40	64	61	41	12	2	23	37	15	39	7	38	38	19	2	17	27	15	
61	60	73	21	74	51	84	34	71	18	0	66	61	51	22	63	81	56	75	85	71	43	44	35	67	52	11	72	40	55	88	12	37	67	37	59	28	69	41	65	
49	50	16	1	62	49	21	36	7	51	18	0	41	43	66	73	76	66	31	55	4	29	50	55	47	45	23	18	8	26	2	45	78	35	37	18	38	25	29	77	
26	51	29	58	29	85	73	34	71	14	54	31	0	46	74	53	61	31	27	63	78	20	74	54	32	62	48	67	47	48	51	39	38	3	59	32	47	70	51	12	
7	6	70	9	67	72	78	9	90	56	77	12	49	0	74	63	81	74	71	61	60	7	32	72	55	16	30	69	57	64	61	14	32	13	13	47	46	74	2	77	
44	43	84	46	17	66	41	3	36	68	35	49	3	34	0	29	49	83	44	23	35	40	54	42	69	50	40	30	20	14	19	34	65	50	4	32	56	42	39	68	
55	41	51	68	63	50	25	53	73	52	19	2	66	57	79	0	92	8	17	56	31	18	51	20	53	68	13	13	85	50	3	56	9	65	53	19	40	26	30	64	
1	34	17	60	82	11	67	50	78	40	62	40	28	48	63	67	0	42	20	37	20	54	76	70	15	61	55	53	48	37	46	41	83	28	51	62	83	8	4	39	
39	58	44	7	32	49	70	61	27	34	72	60	13	49	72	62	7	0	39	75	50	59	71	12	45	65	52	6	56	53	60	6	19	12	14	31	44	46	42	9	
32	19	82	34	51	62	37	34	93	20	31	26	74	22	29	49	83	40	0	68	85	32	57	22	65	41	36	58	82	87	15	39	57	38	37	31	23	38	26	47	
14	13	61	16	63	74	57	16	48	63	84	19	56	4	19	70	32	71	78	0	27	10	39	26	44	23	11	64	37	66	68	4	39	20	12	54	53	69	9	46	
23	22	28	25	38	15	44	25	50	36	36	9	24	13	48	79	61	32	51	22	0	23	48	10	11	32	40	49	11	33	22	30	48	29	29	38	59	33	18	43	
47	31	6	49	63	7	25	46	71	36	19	16	66	37	36	21	16	68	32	51	8	0	27	56	53	56	24	15	51	46	3	22	64	53	3	19	40	26	30	33	
9	57	61	60	82	66	64	60	35	83	6	60	57	48	80	80	54	71	28	73	8	39	0	47	44	67	19	41	1	66	42	65	83	64	64	58	45	47	18	80	
57	48	90	30	78	55	6	59	100	84	65	62	70	47	76	27	66	66	18	74	19	52	49	0	73	20	53	33	66	75	51	64	82	63	53	13	38	74	44	67	
50	17	15	52	89	71	51	34	61	78	45	55	11	40	55	101	68	25	58	29	63	46	75	62	0	44	47	36	73	20	29	24	75	56	48	45	66	52	26	70	
18	29	64	32	12	56	31	32	31	36	25	35	38	20	78	1	25	44	38	62	76	30	55	37	59	0	29	32	51	23	9	37	27	7	36	25	16	32	25	84	
42	41	63	44	10	38	62	44	7	36	70	47	69	32	13	36	42	69	37	21	39	38	67	35	56	43	0	83	25	24	54	32	40	48	40	2	41	5	37	42	
70	75	13	39	13	73	65	23	55	14	78	53	12	81	81	11	38	19	40	88	66	8	5	38	57	5	63	0	5	53	62	79	50	55	43	62	31	46	5	28	
6	65	1	14	61	48	23	7	81	11	17	37	43	56	21	3	17	59	30	54	46	38	49	39	51	75	22	44	0	18	1	58	11	63	7	4	38	24	28	71	
20	60	64	50	85	86	9	63	82	89	68	65	61	51	30	57	94	50	21	91	40	61	74	57	66	28	54	39	69	0	52	55	77	67	25	68	22	12	45	85	
65	60	58	56	51	38	13	52	72	40	7	27	54	55	70	63	83	56	20	44	78	61	39	44	41	74	12	34	73	63	0	55	90	53	63	7	28	14	18	66	
88	79	52	59	69	31	42	22	73	60	70	15	53	78	31	66	85	22	77	87	22	67	32	7	76	79	63	9	24	32	81	0	25	81	51	72	31	46	83	59	
91	11	16	83	60	12	43	3	38	41	37	46	46	85	48	80	59	55	50	74	61	56	29	1	52	65	12	38	20	51	21	60	0	62	75	37	58	44	48	40	
19	37	16	42	13	54	29	54	55	2	23	43	51	42	30	9	45	64	29	31	34	48	41	38	38	40	4	50	3	10	7	5	43	0	22	23	36	28	10	76	
32	31	62	18	42	56	77	34	69	57	68	37	58	22	70	4	14	60	46	77	65	31	27	61	46	41	55	65	80	15	55	39	2	36	0	9	55	2	27	5	
8	19	33	68	56	66	57	37	42	45	51	36	21	56	40	52	31	43	25	47	31	64	53	68	16	62	47	54	27	38	35	10	34	2	16	0	63	31	9	7	
50	52	64	1	51	78	81	55	65	70	75	58	41	43	66	8	81	1	20	42	41	39	25	35	47	46	5	23	53	69	59	43	37	59	26	39	0	20	37	54	
54	44	42	2	50	87	78	25	23	14	69	57	38	44	26	60	65	40	36	56	53	54	68	75	25	63	55	62	66	4	56	46	79	22	47	40	25	0	27	6	
12	11	70	14	1	67	15	14	43	50	46	14	54	2	79	5	25	53	28	66	65	12	37	26	60	4	35	66	62	2	40	19	37	18	18	50	51	38	0	82	
44	26	60	78	8	36	65	75	29	51	16	4	65	77	18	58	12	77	35	72	50	65	15	33	58	14	33	32	52	59	56	4	71	8	38	24	63	49	27	0	
M7
0	67	31	73	72	74	65	44	63	61	7	58	66	10	28	47	43	32	80	71	53	35	51	33	45	23	64	75	92	60	91	25	51	35	58	57	64	41	80	56	
58	0	45	59	43	20	66	21	56	1	57	9	92	72	20	6	35	47	37	18	54	28	51	1	20	35	74	40	54	52	41	26	55	59	1	67	57	36	16	25	
27	27	0	23	7	63	45	17	36	49	21	42	26	29	52	20	32	27	23	42	35	8	28	45	16	18	17	38	7	36	51	17	26	56	38	17	37	25	41	36	
23	37	34	0	27	41	40	1	28	41	41	52	43	8	45	36	22	7	35	46	67	55	6	39	51	7	38	58	49	39	61	52	55	9	23	27	52	62	15	66	
26	40	23	4	0	44	43	35	31	33	2	29	55	42	64	32	13	31	38	23	84	26	9	42	40	34	37	19	19	17	50	21	40	37	26	30	34	29	38	31	
31	55	53	68	52	0	48	21	40	47	36	18	67	57	87	24	44	31	46	55	38	12	47	47	29	22	20	32	69	12	79	24	16	68	57	45	41	28	32	34	
51	34	18	72	60	73	0	38	73	55	72	26	78	87	44	52	52	64	54	23	66	45	54	55	37	29	49	56	66	69	39	43	74	58	64	75	74	93	83	42	
62	61	24	41	81	19	22	0	36	8	49	53	3	64	19	34	33	16	81	4	6	36	61	28	35	46	18	48	48	31	15	70	65	43	40	52	37	68	64	69	
55	4	76	47	73	10	60	28	0	27	71	65	78	64	76	31	61	38	68	74	88	19	57	25	24	29	65	81	61	36	62	29	48	13	57	63	48	10	4	81	
20	34	42	40	24	13	19	17	25	0	38	49	49	36	54	44	28	25	32	34	54	52	3	12	48	49	35	55	9	11	42	49	52	52	20	24	30	10	32	21	
19	33	24	39	23	37	1	15	24	47	0	24	34	35	50	24	5	24	31	29	52	30	2	35	35	26	34	54	52	22	36	34	51	29	19	23	48	50	31	37	
39	48	59	40	24	70	47	2	37	19	38	0	78	53	68	21	16	28	18	44	78	9	45	19	1	19	55	21	55	33	60	7	38	40	54	53	38	61	56	6	
31	46	30	29	52	66	7	50	32	60	17	38	0	38	56	20	1	18	54	33	78	57	50	67	3	22	61	65	63	18	51	55	72	21	8	71	57	46	57	54	
37	37	49	51	58	92	38	41	58	58	72	29	52	0	6	18	45	40	14	66	109	48	79	21	21	58	10	60	59	46	61	30	61	55	36	27	52	46	20	45	
33	49	54	76	79	84	31	24	63	42	10	55	92	71	0	18	38	13	69	59	102	74	58	72	66	59	3	43	52	5	55	72	58	62	72	67	39	44	87	71	
67	10	25	39	62	54	34	47	20	63	20	65	16	7	79	0	3	57	79	23	33	38	50	35	48	22	71	58	62	16	76	60	67	27	40	71	27	48	28	44	
50	43	38	70	54	49	15	58	15	53	48	46	73	21	64	3	0	55	62	43	83	58	33	53	57	5	54	52	83	1	59	63	63	8	40	54	42	29	43	45	
11	63	9	17	20	69	46	67	35	65	13	61	59	48	95	34	15	0	70	55	48	58	41	21	64	36	69	51	51	32	22	32	25	39	58	62	66	44	63	9	
72	26	14	74	62	10	58	40	21	54	4	28	22	88	36	56	52	66	0	82	80	47	55	57	39	32	73	59	87	65	97	26	22	38	59	76	74	10	49	44	
21	60	46	39	23	68	63	33	34	52	37	23	63	62	26	32	32	43	12	0	4	24	44	37	34	34	61	31	46	44	29	40	7	42	61	50	53	10	62	39	
31	31	19	10	68	39	60	23	5	49	65	34	34	33	38	3	32	46	62	30	0	48	81	54	45	53	32	17	17	49	55	51	55	13	40	21	45	39	33	46	
29	47	57	68	52	54	34	2	21	34	45	50	62	49	68	5	56	12	60	62	62	0	31	30	42	3	39	55	75	69	71	41	22	58	38	37	22	55	40	66	
8	22	34	28	12	26	25	49	13	57	26	37	37	24	74	32	16	13	20	31	93	40	0	24	36	37	23	43	41	33	46	37	40	40	8	12	37	47	20	53	
11	11	23	54	38	24	20	38	39	55	52	26	26	13	56	24	21	18	42	48	41	38	17	0	25	42	12	57	11	26	35	31	35	23	22	1	26	66	32	10	
41	39	32	19	3	45	58	22	11	39	17	10	66	57	60	23	28	5	38	38	81	29	24	39	0	11	46	34	34	32	13	27	23	48	41	45	49	26	20	26	
19	33	45	39	23	25	36	33	24	50	17	21	42	35	85	43	27	24	31	42	57	40	2	35	32	0	23	26	52	40	51	38	47	51	9	23	41	58	31	37	
48	25	24	46	59	67	1	37	33	54	71	25	66	41	50	27	8	45	53	29	72	44	57	54	36	29	0	56	22	9	34	42	28	32	52	41	26	53	58	41	
68	77	37	22	58	86	82	62	73	103	24	92	78	79	33	39	76	18	21	41	102	96	51	63	44	97	78	0	89	63	75	91	53	55	68	67	71	99	63	101	
38	3	50	68	52	75	37	33	68	36	66	21	53	40	21	51	44	56	49	60	84	40	73	50	32	50	9	37	0	45	53	38	62	68	49	28	53	89	12	5	
27	41	23	47	31	36	44	15	32	76	45	56	56	43	93	8	35	32	39	26	108	59	10	24	55	56	42	62	60	0	65	56	59	53	24	31	56	66	39	72	
23	59	32	64	48	58	62	66	57	22	18	54	75	47	77	76	60	57	64	75	78	73	35	68	65	7	56	59	32	67	0	71	69	35	42	56	69	24	64	43	
20	20	29	73	61	79	49	27	46	59	70	35	35	22	44	30	30	37	11	77	62	18	52	54	34	28	21	7	69	47	21	0	44	51	21	10	15	75	7	51	
27	29	55	54	38	49	51	54	39	82	12	63	63	50	100	35	38	39	46	57	114	66	17	50	43	53	33	69	67	12	72	63	0	43	34	38	59	73	44	2	
41	58	67	58	64	66	44	14	33	46	57	62	73	60	78	17	28	24	72	72	39	5	43	42	54	15	51	66	63	45	44	22	34	0	50	48	14	67	49	36	
66	27	54	45	78	3	56	58	40	53	73	50	69	62	50	38	25	5	43	11	10	58	62	76	29	41	38	52	5	9	68	67	50	48	0	56	15	70	41	34	
4	4	16	61	45	76	33	31	45	48	59	19	19	6	76	17	14	50	35	61	100	31	63	38	18	35	5	50	53	31	28	36	28	38	15	0	19	59	32	35	
19	29	45	27	11	37	36	29	24	56	25	48	48	35	73	32	27	24	31	42	10	20	2	35	47	30	31	28	42	40	39	44	49	48	19	23	0	7	31	31	
33	24	37	20	66	14	62	20	34	61	65	32	48	35	57	46	43	66	60	63	33	47	74	48	43	57	34	63	75	60	53	12	48	67	44	23	48	0	61	48	
21	21	33	37	62	66	37	44	32	30	9	36	36	13	47	25	6	4	52	52	2	48	55	55	35	27	15	44	44	23	9	53	45	30	32	11	36	42	0	52	
62	68	64	82	66	80	57	79	59	97	12	76	67	65	61	1	28	67	74	65	90	70	45	35	82	49	29	74	62	45	76	52	61	52	44	58	3	51	74	0	
