40  2  1
2
	0	83	1	85
	0	2	1	49
	0	92	1	30
	0	7	1	16
	0	22	1	17
	0	100	1	19
	0	92	1	61
	0	20	1	66
	0	71	1	30
	0	85	1	3
	0	63	1	80
	0	61	1	47
	0	16	1	31
	0	18	1	2
	0	37	1	66
	0	41	1	13
	0	26	1	94
	0	35	1	54
	0	42	1	22
	0	60	1	54
	0	70	1	96
	0	52	1	90
	0	58	1	28
	0	39	1	28
	0	47	1	18
	0	57	1	80
	0	91	1	32
	0	19	1	92
	0	63	1	97
	0	85	1	4
	0	87	1	18
	0	55	1	42
	0	33	1	41
	0	68	1	18
	0	77	1	12
	0	82	1	64
	0	9	1	93
	0	73	1	25
	0	44	1	55
	0	68	1	80
SSD
M0
0	47	28	19	56	49	39	31	17	29	22	30	54	10	30	17	65	18	32	67	61	65	69	44	25	36	45	2	31	64	32	8	28	31	23	42	78	30	30	64	
70	0	63	83	76	61	52	61	53	62	97	58	15	74	66	17	52	60	68	57	27	45	50	80	48	76	41	102	66	51	24	43	59	52	51	71	29	64	40	61	
30	54	0	87	24	63	69	57	37	37	30	38	38	77	61	19	55	12	40	17	50	67	32	53	7	50	51	10	39	24	40	95	35	5	31	50	29	53	27	66	
47	30	56	0	30	34	63	5	48	58	78	42	47	73	4	45	56	60	11	47	35	77	48	18	39	10	73	69	40	57	21	59	2	77	57	58	61	4	57	43	
81	29	53	41	0	82	63	53	57	6	66	47	26	66	52	48	59	8	59	65	4	74	48	41	42	50	47	92	4	5	55	74	5	25	5	26	38	31	51	74	
80	8	35	62	48	0	43	56	47	4	29	37	25	75	5	27	55	63	39	43	37	55	50	2	58	1	7	9	33	61	34	44	59	49	15	47	29	53	37	66	
32	61	37	31	50	49	0	40	55	34	32	31	65	53	42	5	2	34	42	46	57	3	24	56	34	48	31	44	38	77	23	67	33	26	25	45	3	38	17	26	
22	5	31	64	5	9	59	0	55	33	75	65	22	55	10	24	59	35	63	22	31	52	52	4	55	40	48	55	31	32	31	46	32	52	32	53	36	58	32	68	
63	24	43	43	76	65	31	51	0	82	26	46	21	12	49	34	44	68	61	76	53	59	59	66	38	22	48	55	1	71	6	52	30	33	76	52	55	54	12	66	
64	63	4	26	49	5	42	38	8	0	35	47	62	77	37	49	55	14	19	46	2	21	23	19	20	43	51	19	41	53	49	61	28	25	24	44	2	14	3	39	
81	53	34	49	37	42	3	55	6	35	0	36	50	46	60	38	57	61	6	60	63	60	58	39	2	66	68	8	21	52	33	43	3	67	29	44	84	60	36	48	
36	30	46	42	59	64	52	54	64	41	56	0	34	30	53	49	6	38	51	43	59	22	33	35	15	32	35	37	51	50	56	30	42	35	15	44	12	47	26	37	
39	12	56	57	55	59	21	30	22	56	73	27	0	47	60	30	21	35	65	39	41	59	64	50	17	45	50	101	35	65	38	51	66	45	65	85	43	40	9	74	
33	19	13	94	94	35	63	72	64	64	8	50	26	0	87	4	58	57	67	69	48	52	56	49	50	87	62	37	5	41	45	64	13	3	58	69	50	82	27	36	
85	57	60	31	68	17	22	43	44	61	54	37	64	79	0	4	58	62	49	68	73	49	56	56	61	48	38	34	63	84	47	97	40	81	55	74	68	42	29	39	
43	15	41	49	52	3	56	59	57	31	60	5	19	34	60	0	13	42	22	24	44	7	11	65	29	66	17	68	57	68	41	60	38	36	36	65	23	58	6	60	
4	47	29	10	47	46	79	22	65	75	49	3	54	25	21	47	0	6	28	18	52	86	54	35	56	27	3	80	48	74	26	76	19	35	31	60	39	21	53	27	
54	41	50	63	50	57	50	35	51	42	77	4	13	76	65	59	50	0	65	22	18	65	54	6	46	7	4	57	64	68	67	48	72	40	71	77	51	23	19	88	
44	45	20	83	86	89	54	61	55	79	57	60	17	70	71	63	54	46	0	17	30	73	69	54	50	22	55	101	66	58	62	80	82	77	86	83	73	22	8	11	
26	42	43	82	44	15	51	19	44	38	59	57	14	33	49	12	46	26	52	0	70	60	60	43	47	68	65	71	8	38	68	81	64	5	63	18	73	70	39	87	
60	43	53	36	18	47	86	18	19	46	81	44	49	55	47	62	86	24	54	60	0	79	88	42	73	53	63	93	19	45	56	80	45	32	45	50	74	19	70	86	
12	53	7	16	53	25	77	28	21	33	97	25	62	77	27	68	79	61	34	70	2	0	56	41	14	33	42	92	63	68	44	12	25	90	80	6	76	18	65	13	
9	45	90	87	92	51	78	85	73	12	40	25	62	86	92	64	51	72	45	10	74	82	0	109	15	34	80	89	68	3	71	90	84	1	83	15	76	6	66	67	
75	58	38	21	7	62	54	33	36	19	32	40	55	68	32	35	74	37	20	62	33	83	9	0	67	38	76	12	31	34	42	3	30	51	33	33	67	32	40	66	
56	29	46	47	72	45	16	47	11	73	50	44	1	24	58	46	38	52	65	44	25	76	65	47	0	62	19	79	47	82	15	45	55	45	82	71	60	57	4	78	
58	41	38	4	35	45	29	16	56	49	42	1	58	17	15	39	57	13	22	58	2	29	25	29	50	0	52	22	40	24	32	31	13	27	7	13	4	15	18	41	
72	45	55	90	68	73	54	57	55	12	69	57	17	80	87	63	54	68	1	23	22	64	31	76	50	65	0	49	60	92	27	62	51	32	43	35	21	56	35	39	
70	53	7	77	53	55	63	28	19	8	1	9	70	86	58	11	65	35	11	69	51	59	63	52	66	75	64	0	10	72	11	94	67	88	2	21	74	75	9	64	
35	11	42	41	55	60	5	42	60	62	55	34	28	56	52	30	5	20	47	49	34	58	29	58	59	58	10	35	0	64	37	56	22	31	30	50	8	43	22	45	
68	58	36	70	7	67	76	38	65	35	17	76	55	84	68	60	71	37	37	69	31	91	1	62	61	51	5	49	15	0	17	81	34	1	34	45	37	60	25	74	
19	25	34	41	14	82	75	53	38	42	58	9	38	89	52	42	75	44	59	36	40	13	77	61	71	15	68	38	40	24	0	34	41	52	41	36	56	52	63	36	
61	47	41	72	82	34	31	75	34	82	36	44	52	10	83	16	36	5	42	4	58	64	64	39	15	36	44	61	33	1	1	0	3	23	65	3	43	54	42	8	
45	17	21	57	48	80	67	69	19	47	43	50	33	72	68	36	21	25	62	65	46	64	51	3	4	51	50	54	16	49	43	39	0	71	70	23	48	68	46	36	
62	28	46	69	46	50	60	21	58	47	40	38	45	30	47	47	73	3	50	60	56	75	24	44	78	45	42	20	19	23	50	73	50	0	14	33	20	55	34	41	
55	67	50	59	64	58	28	60	14	51	35	28	39	45	70	14	37	69	54	23	45	47	30	37	1	1	15	24	12	71	2	48	33	38	0	22	17	52	31	37	
87	63	63	84	43	6	2	69	11	71	9	85	60	94	88	39	83	48	1	21	69	87	78	34	74	63	87	73	52	67	87	76	70	24	8	0	82	55	51	51	
53	69	25	67	38	43	31	44	43	66	59	66	86	66	74	47	44	61	30	80	64	68	12	46	58	45	73	97	30	65	58	63	21	14	13	33	0	26	5	28	
36	17	11	70	13	35	40	6	41	41	38	46	3	36	13	21	34	18	58	41	22	3	49	30	36	60	28	81	32	40	43	62	34	36	40	23	48	0	28	68	
51	34	3	93	34	37	61	9	70	62	86	17	51	60	25	53	68	12	60	51	53	68	17	33	67	54	31	84	60	61	10	65	30	44	43	63	21	48	0	58	
59	5	70	36	62	57	49	48	50	9	70	23	12	75	21	24	29	4	25	37	34	52	57	16	45	27	43	50	63	58	12	50	20	37	38	8	36	47	37	0	
M1
0	14	48	65	65	13	47	29	23	2	9	25	56	60	15	37	24	60	32	55	35	47	56	7	28	1	24	64	19	37	45	36	54	49	25	28	32	31	37	30	
52	0	41	31	36	24	58	40	62	13	3	33	59	26	16	48	35	55	38	62	46	60	39	37	56	45	64	35	30	48	16	47	42	51	38	39	34	42	5	61	
45	59	0	24	26	42	44	43	67	85	16	26	62	19	4	53	33	48	10	44	46	61	24	44	57	42	54	68	43	40	54	47	35	41	45	70	45	62	48	12	
5	55	41	0	56	4	31	34	56	60	72	42	22	59	46	13	31	8	1	35	60	47	32	4	21	49	67	55	29	15	36	41	9	27	41	60	52	37	34	18	
33	62	58	41	0	61	56	91	61	65	16	54	44	59	55	70	22	65	58	69	3	45	18	61	44	54	11	54	3	66	87	4	13	25	48	85	2	61	52	66	
57	53	32	43	46	0	15	37	33	50	62	62	30	65	52	5	21	28	30	33	53	37	24	42	57	78	66	45	6	5	26	18	43	17	40	52	48	27	34	47	
46	53	35	25	86	45	0	51	36	41	49	27	63	20	10	54	56	4	24	58	74	9	2	45	35	43	20	62	54	54	68	60	36	61	46	67	44	70	61	50	
33	13	57	21	23	12	46	0	52	1	48	20	17	45	14	11	23	45	31	39	34	48	4	25	37	33	21	38	18	36	19	35	27	28	26	23	2	30	40	30	
25	1	19	22	68	26	52	56	0	47	12	24	3	17	44	24	21	27	29	52	80	49	43	38	59	40	41	56	50	50	48	36	2	48	41	40	46	18	53	21	
58	9	54	62	73	8	42	24	60	0	44	55	57	57	10	32	19	55	27	52	30	44	51	21	66	29	50	72	14	32	53	31	49	44	22	23	27	26	51	45	
26	25	28	39	45	24	58	40	45	13	0	41	2	34	26	28	29	63	43	51	46	60	47	37	36	9	66	70	30	48	52	44	50	52	38	2	43	42	2	61	
9	15	7	30	45	30	40	46	32	19	2	0	47	25	32	54	40	39	37	31	19	23	35	43	18	48	50	58	36	24	39	11	41	36	1	7	49	46	39	22	
7	6	24	47	71	51	46	56	78	68	46	49	0	42	22	53	46	53	54	18	65	29	53	58	73	65	49	37	39	30	51	11	58	42	7	78	71	52	45	66	
24	38	13	3	64	23	36	43	46	71	27	5	41	0	47	32	50	27	10	44	71	46	51	23	40	21	43	47	48	34	54	43	14	46	24	59	27	56	53	37	
33	28	30	17	70	37	36	58	7	31	49	28	20	21	0	42	45	41	33	44	64	48	12	37	13	3	9	47	48	29	50	49	1	33	47	33	50	2	44	51	
50	48	56	49	31	47	66	19	58	36	47	44	65	47	47	0	31	24	32	15	51	31	6	60	39	68	59	30	33	57	11	52	25	11	34	34	30	52	16	54	
27	37	27	9	11	29	31	52	50	25	44	11	36	65	38	38	0	33	26	23	31	19	46	29	7	15	28	49	31	19	40	32	34	31	50	51	30	41	6	5	
61	19	13	58	55	6	31	36	6	9	48	60	39	53	22	30	31	0	30	58	42	47	49	33	50	41	17	4	5	30	35	43	38	27	34	31	39	38	8	55	
60	56	35	46	42	64	12	11	77	53	55	53	33	46	60	52	24	31	0	12	56	35	45	45	74	26	69	41	44	8	22	63	22	20	43	38	29	30	72	21	
17	44	57	73	15	28	29	40	80	58	48	86	7	80	13	39	54	61	30	0	35	67	50	42	76	67	43	75	33	38	59	36	45	50	45	72	4	29	68	73	
46	41	59	61	28	59	30	35	10	52	44	28	8	56	21	3	29	40	48	28	0	47	22	76	55	34	52	27	24	56	8	49	10	27	36	35	1	31	21	49	
60	36	48	42	15	30	27	70	5	49	47	55	38	52	45	54	38	26	47	26	26	0	42	59	68	25	43	38	30	22	19	12	3	34	47	15	34	20	57	56	
16	37	25	18	56	38	47	58	24	81	42	20	34	13	22	47	51	42	25	53	54	45	0	38	5	36	58	60	24	46	67	58	29	31	23	67	42	68	61	20	
45	23	42	32	59	29	36	58	54	58	53	34	45	27	43	35	22	43	39	39	68	16	54	0	42	50	35	58	11	20	39	61	39	29	9	66	56	29	2	62	
2	48	2	31	48	20	24	75	25	69	48	3	11	51	16	44	40	48	42	60	68	32	56	33	0	64	69	49	45	25	46	53	15	20	43	44	40	47	63	44	
26	33	27	5	13	25	12	17	75	21	46	28	43	27	34	34	43	29	22	56	30	7	31	25	42	0	41	76	17	36	57	34	30	48	44	47	32	28	44	39	
21	35	15	50	67	34	43	50	44	23	60	11	30	59	35	58	4	67	53	78	56	10	49	33	1	40	0	68	40	44	65	8	34	39	48	49	45	52	9	57	
23	38	23	7	11	27	45	51	9	41	44	24	32	56	37	19	23	31	24	47	31	23	38	17	3	4	33	0	31	38	43	13	32	3	26	58	30	12	13	41	
60	55	47	58	61	14	35	13	24	46	66	64	45	57	59	38	29	13	45	37	68	52	16	36	49	76	68	60	0	20	41	51	56	32	55	68	76	42	66	62	
48	44	23	34	37	52	12	54	65	41	53	72	21	65	52	40	12	19	21	52	44	28	40	33	69	69	57	36	39	0	17	58	41	8	31	44	56	18	60	38	
46	24	45	35	2	33	46	59	57	54	18	37	55	30	20	57	37	53	42	40	22	32	5	50	34	53	30	1	4	30	0	23	32	17	10	9	21	25	48	53	
56	31	41	58	45	30	36	46	82	19	42	18	18	79	14	54	18	43	45	29	38	52	39	43	59	51	26	38	36	20	41	0	9	32	44	45	24	42	67	39	
22	23	35	50	74	39	26	49	67	36	60	11	47	45	1	47	49	56	16	26	69	6	56	60	24	8	24	73	53	33	54	27	0	45	10	50	31	7	48	13	
41	19	55	45	69	49	44	54	39	73	69	47	53	40	32	72	2	48	52	26	76	2	51	56	64	63	31	11	29	28	49	54	39	0	5	73	69	45	43	49	
24	2	38	28	52	32	27	37	71	56	52	30	36	23	67	55	27	34	35	18	59	10	34	39	57	46	37	51	54	11	32	68	39	23	0	59	52	33	26	53	
53	30	32	57	63	44	38	4	33	33	70	59	15	52	31	42	38	45	47	36	66	54	61	21	91	65	73	62	38	22	43	57	62	34	38	0	43	4	46	64	
52	62	41	31	84	51	64	58	74	65	55	31	69	26	70	60	28	55	38	40	83	48	49	51	68	11	71	75	23	62	79	71	42	72	52	29	0	36	19	48	
53	1	3	54	59	15	9	31	60	4	49	47	15	52	9	15	26	52	34	43	37	51	34	28	66	36	57	58	21	39	39	38	39	39	29	30	34	0	17	45	
21	3	19	9	30	25	25	49	37	54	33	11	30	4	35	38	25	32	16	43	50	41	53	29	1	27	38	49	50	9	30	49	20	21	30	57	33	31	0	43	
39	43	40	18	86	27	7	68	46	59	71	40	49	53	54	47	35	37	35	59	82	35	12	29	20	76	64	44	52	49	70	64	37	15	38	62	55	71	8	0	
