40  8  1
8
	0	48	1	85	2	39	3	15	4	32	5	98	6	64	7	62
	0	60	1	86	2	8	3	48	4	8	5	19	6	64	7	37
	0	86	1	45	2	26	3	22	4	17	5	93	6	99	7	83
	0	41	1	16	2	95	3	22	4	23	5	62	6	94	7	32
	0	81	1	2	2	92	3	7	4	45	5	74	6	74	7	82
	0	16	1	90	2	84	3	53	4	5	5	33	6	84	7	31
	0	44	1	51	2	15	3	15	4	12	5	96	6	2	7	6
	0	25	1	96	2	81	3	82	4	69	5	34	6	23	7	6
	0	84	1	86	2	84	3	52	4	21	5	42	6	27	7	50
	0	42	1	98	2	65	3	4	4	23	5	12	6	37	7	25
	0	82	1	49	2	22	3	79	4	49	5	61	6	41	7	50
	0	44	1	77	2	5	3	67	4	30	5	8	6	12	7	40
	0	55	1	73	2	98	3	4	4	16	5	18	6	100	7	77
	0	83	1	78	2	78	3	66	4	82	5	96	6	9	7	88
	0	29	1	24	2	53	3	80	4	52	5	36	6	50	7	29
	0	49	1	48	2	90	3	34	4	66	5	31	6	84	7	78
	0	4	1	44	2	13	3	94	4	69	5	36	6	37	7	27
	0	44	1	86	2	93	3	35	4	35	5	89	6	6	7	89
	0	23	1	98	2	11	3	63	4	26	5	85	6	34	7	7
	0	47	1	84	2	5	3	62	4	74	5	13	6	79	7	65
	0	45	1	15	2	3	3	28	4	1	5	40	6	54	7	14
	0	85	1	69	2	27	3	28	4	69	5	58	6	56	7	1
	0	9	1	33	2	90	3	48	4	59	5	87	6	71	7	99
	0	3	1	51	2	64	3	60	4	80	5	30	6	61	7	48
	0	4	1	42	2	36	3	90	4	17	5	90	6	37	7	5
	0	28	1	62	2	42	3	93	4	3	5	36	6	5	7	96
	0	38	1	29	2	84	3	30	4	21	5	32	6	4	7	72
	0	41	1	3	2	27	3	63	4	44	5	21	6	10	7	76
	0	10	1	21	2	78	3	40	4	4	5	60	6	41	7	18
	0	48	1	87	2	44	3	2	4	87	5	18	6	22	7	49
	0	73	1	27	2	79	3	84	4	66	5	27	6	51	7	45
	0	43	1	84	2	98	3	31	4	61	5	88	6	31	7	100
	0	5	1	86	2	87	3	13	4	33	5	37	6	93	7	23
	0	81	1	60	2	87	3	54	4	8	5	64	6	93	7	36
	0	80	1	5	2	57	3	59	4	31	5	90	6	98	7	89
	0	46	1	26	2	27	3	52	4	55	5	98	6	45	7	72
	0	34	1	10	2	20	3	24	4	55	5	24	6	89	7	39
	0	19	1	80	2	67	3	77	4	81	5	100	6	26	7	34
	0	36	1	83	2	97	3	81	4	35	5	57	6	2	7	25
	0	48	1	50	2	9	3	42	4	85	5	83	6	96	7	45
SSD
M0
0	40	9	32	26	8	31	68	31	18	36	31	26	31	14	32	29	31	20	36	39	43	35	39	32	5	64	58	46	34	48	40	47	32	35	37	61	8	4	45	
64	0	63	23	50	45	23	59	19	60	43	1	60	56	38	7	50	23	33	64	47	16	50	28	70	20	27	75	45	40	62	49	38	59	39	48	60	24	54	36	
44	42	0	38	50	32	56	19	32	55	60	55	62	14	58	16	71	8	36	24	54	24	53	48	47	23	46	18	3	5	14	65	51	71	22	50	8	47	58	30	
31	6	38	0	9	26	17	32	35	33	16	34	6	34	11	23	28	58	38	48	20	15	30	1	50	41	48	37	31	13	15	32	11	9	12	21	43	5	34	9	
44	5	46	10	0	53	55	71	57	70	20	66	57	64	62	25	58	44	68	68	22	60	64	52	43	85	78	69	60	58	66	69	50	60	58	60	75	32	45	50	
23	23	2	10	2	0	53	61	7	51	25	7	28	7	44	8	39	72	40	12	22	30	11	52	15	33	40	36	32	10	66	49	62	47	21	22	47	30	47	21	
52	33	63	7	27	45	0	67	13	16	51	12	10	12	46	32	6	70	39	17	32	21	5	36	25	27	34	30	42	35	53	17	46	43	15	26	57	24	41	44	
41	11	42	49	42	24	26	0	17	50	31	47	36	33	41	33	27	62	28	51	10	60	31	34	3	53	38	29	20	25	6	38	29	35	37	39	35	3	52	42	
61	48	63	58	82	64	74	28	0	96	57	87	84	20	2	48	53	59	33	45	40	86	67	85	56	89	13	50	35	71	59	63	74	80	3	54	50	56	67	57	
60	37	60	68	29	42	47	24	65	0	25	6	66	65	42	53	67	58	1	32	27	65	49	32	52	71	61	26	46	32	46	15	41	17	43	22	61	49	39	40	
57	24	41	48	41	23	25	52	32	53	0	46	48	23	32	24	17	79	50	51	9	13	31	33	51	45	60	56	63	14	29	28	31	55	39	41	59	2	54	41	
40	33	19	27	5	1	24	39	24	34	41	0	38	23	30	25	17	32	17	29	27	47	21	30	25	43	37	46	42	27	62	4	18	48	26	28	26	26	9	18	
78	41	29	70	62	44	52	67	61	38	17	42	0	48	44	58	42	14	73	72	55	30	56	36	57	66	85	81	66	48	70	53	46	7	47	56	55	31	4	44	
49	31	26	6	51	50	55	8	20	71	57	49	37	0	58	58	6	70	39	2	2	39	20	48	28	7	49	28	45	50	39	17	49	56	30	21	60	32	21	56	
45	17	32	39	51	33	43	65	32	74	72	56	53	28	0	17	22	28	54	61	61	55	36	57	56	58	24	61	4	40	69	33	52	56	23	23	19	48	36	33	
61	37	56	63	40	40	22	50	43	51	37	25	26	49	41	0	43	21	40	33	13	34	9	35	29	31	38	34	46	39	69	33	29	24	19	39	61	19	29	43	
52	38	58	53	41	40	45	72	44	73	50	52	27	2	60	60	0	60	29	55	37	29	10	53	30	32	39	35	47	40	43	7	51	56	20	58	52	22	46	52	
20	36	24	32	8	6	4	32	29	3	33	29	41	1	37	30	47	0	21	21	11	52	24	64	37	27	53	36	33	32	63	58	62	48	18	26	48	43	9	43	
36	53	42	55	46	29	24	39	52	40	1	41	42	43	30	30	52	42	0	8	3	59	25	56	45	47	54	50	56	24	22	39	18	54	26	28	51	26	15	61	
16	34	47	54	10	29	31	15	13	56	36	48	23	26	49	53	34	40	41	0	20	60	6	39	26	28	35	31	43	15	46	44	49	58	16	59	55	8	42	47	
19	13	45	13	46	35	24	39	55	40	10	2	44	57	18	30	52	60	5	19	0	67	45	8	42	67	16	46	38	20	42	39	18	47	19	8	14	26	41	16	
50	29	29	37	29	11	15	30	34	31	45	25	18	34	21	21	35	40	43	27	18	0	1	48	21	22	30	26	38	16	61	30	9	26	11	19	53	17	31	43	
65	19	49	45	22	31	33	61	25	68	38	33	8	31	51	41	25	70	36	59	18	45	0	41	11	13	20	16	28	21	72	29	51	43	1	45	43	10	27	33	
63	2	34	50	35	24	13	28	44	29	12	30	33	47	7	19	41	64	34	44	16	60	34	0	54	56	49	55	27	9	31	28	7	68	8	17	39	15	30	5	
54	4	60	48	55	42	53	55	10	83	45	50	41	26	66	26	20	74	21	44	3	53	24	56	0	46	31	22	13	18	66	31	61	28	32	56	28	30	57	44	
54	19	41	39	33	31	20	35	36	36	29	37	13	19	24	26	36	74	40	51	23	10	2	14	22	0	31	27	13	26	48	35	14	47	12	4	28	21	37	22	
68	39	60	7	57	42	54	3	45	46	59	49	54	50	59	49	46	12	56	27	14	63	59	49	31	62	0	32	36	53	34	54	57	57	55	37	51	31	65	6	
13	3	42	50	42	24	44	59	47	40	43	47	5	41	38	48	65	69	56	19	12	70	31	28	51	53	60	0	58	40	61	19	38	67	39	48	70	46	61	36	
31	29	37	25	37	19	44	59	42	60	58	42	49	37	50	3	72	51	40	47	47	58	46	43	50	62	33	61	0	45	76	59	38	58	9	37	5	46	55	21	
75	25	71	69	24	63	19	76	31	44	50	25	62	38	87	31	32	17	42	39	24	3	45	77	17	45	52	43	34	0	12	43	82	49	48	4	37	51	38	34	
17	30	44	52	33	26	44	64	36	79	42	7	19	35	33	3	29	73	47	2	11	46	2	52	22	24	31	10	39	32	0	40	62	4	12	12	54	21	2	44	
42	42	21	29	21	3	20	27	15	36	44	26	47	25	26	20	48	56	59	31	13	49	30	53	34	39	59	55	51	16	56	0	14	49	22	24	10	22	22	40	
51	39	22	38	23	12	1	16	33	17	31	18	39	35	7	7	29	62	54	32	4	58	22	34	42	44	51	47	40	38	47	16	0	57	3	5	55	3	18	38	
27	47	62	69	60	59	23	16	58	70	31	71	46	21	1	47	15	33	7	38	33	48	29	72	44	51	54	54	34	54	5	26	48	0	39	30	49	41	45	63	
67	17	73	55	30	55	4	37	23	56	34	33	50	25	32	26	19	9	10	20	16	52	33	69	9	55	44	35	26	31	8	30	46	41	0	14	41	43	48	32	
27	12	21	52	13	46	42	57	29	58	17	3	34	3	48	30	64	71	6	37	32	85	54	64	72	47	25	79	17	51	51	25	36	83	36	0	32	44	44	42	
67	47	46	27	53	45	14	58	39	24	56	68	46	40	28	66	54	12	64	26	46	19	37	65	39	23	17	62	56	23	70	23	65	52	32	55	0	43	16	15	
36	17	20	27	20	2	4	43	11	44	9	25	38	13	22	26	7	71	40	30	21	40	21	12	33	43	50	46	42	24	46	18	22	65	23	32	54	0	45	20	
43	34	22	30	22	4	51	51	27	71	4	27	15	8	64	27	2	66	35	32	33	8	16	59	26	26	45	41	43	30	49	13	57	3	26	42	57	28	0	41	
14	46	47	54	48	37	26	30	10	14	56	43	40	60	32	3	54	59	57	57	29	69	23	43	43	45	9	2	60	18	7	41	20	68	28	30	29	28	43	0	
M1
0	21	45	65	97	48	72	62	78	29	66	64	64	51	32	46	68	74	64	35	50	78	60	53	17	74	34	38	65	59	19	59	28	65	59	70	63	35	87	61	
42	0	29	28	45	14	31	53	1	41	30	41	31	2	30	7	34	41	54	31	22	15	41	19	12	69	1	4	32	36	24	43	19	49	25	37	30	62	53	50	
37	48	0	66	82	31	69	58	92	58	39	44	59	64	47	30	46	75	86	34	72	26	23	36	41	54	35	21	66	2	41	14	46	58	28	71	45	13	19	60	
88	78	58	0	86	43	76	55	84	41	40	36	47	97	59	42	26	75	82	50	84	38	70	34	53	101	47	33	78	6	53	72	58	28	54	22	59	30	82	76	
40	54	32	33	0	17	31	43	59	44	42	27	45	48	33	16	37	61	44	34	12	73	41	13	27	25	21	7	52	19	27	43	22	66	28	44	30	57	56	3	
12	73	62	70	54	0	35	56	50	12	9	41	14	69	4	72	43	49	75	20	59	65	32	37	59	81	39	63	22	41	30	67	31	37	25	41	56	31	71	13	
48	29	30	50	22	15	0	56	58	42	33	42	37	69	12	14	35	57	44	32	36	73	16	20	11	47	19	5	50	43	25	33	22	9	26	4	31	63	54	27	
50	64	42	19	8	27	41	0	62	53	46	37	29	58	43	26	4	70	54	44	22	73	51	23	37	35	31	17	62	4	37	53	32	32	38	54	40	65	54	13	
57	71	59	34	79	9	58	60	0	51	45	71	54	27	77	40	25	31	61	56	29	59	37	46	57	48	24	51	55	13	71	39	48	52	63	22	26	58	89	61	
68	67	6	58	62	23	66	65	80	0	48	50	51	77	39	22	43	45	16	3	64	66	50	28	33	89	27	13	30	53	33	51	57	55	34	31	39	59	1	6	
57	35	64	59	38	34	55	26	48	65	0	67	58	67	2	56	77	14	73	71	43	55	30	8	67	65	28	47	6	59	28	53	33	31	68	38	40	36	16	25	
55	50	46	22	28	31	6	60	53	56	56	0	34	7	7	30	51	52	74	35	42	68	35	36	41	55	14	21	45	44	33	60	28	40	42	1	47	59	39	33	
44	28	52	34	39	58	50	71	68	59	23	16	0	57	74	33	10	43	85	62	53	83	53	54	68	66	3	48	34	56	59	13	9	53	56	39	61	80	68	44	
28	66	65	45	52	48	64	13	29	23	51	66	11	0	47	34	82	63	46	51	24	69	43	24	63	48	56	52	20	8	67	26	47	45	73	56	32	18	91	1	
34	75	38	42	49	60	50	64	22	68	49	58	41	41	0	59	63	21	47	51	33	37	4	37	71	76	11	51	36	44	2	43	55	9	45	47	51	28	62	44	
46	36	28	57	96	33	95	17	38	60	89	14	38	7	76	0	52	1	66	23	34	70	74	41	80	98	35	62	66	62	42	60	41	50	46	5	88	8	92	24	
56	78	6	62	83	49	39	61	14	5	26	53	21	80	64	62	0	71	68	14	37	76	18	22	16	73	31	65	56	18	23	20	29	61	37	38	7	35	70	6	
12	69	51	54	20	37	43	9	1	47	41	30	35	28	3	36	9	0	45	36	34	57	31	19	37	47	38	27	61	22	29	35	10	36	43	2	22	54	33	25	
72	62	45	44	53	21	66	20	60	80	74	22	68	67	14	12	68	49	0	55	58	26	42	68	22	43	49	62	21	66	40	34	43	46	76	35	55	42	100	58	
4	69	51	38	70	46	4	7	39	58	52	50	37	63	53	69	75	47	48	0	53	71	44	70	63	97	7	60	38	59	75	35	55	57	60	19	33	65	72	68	
13	27	38	48	58	12	66	16	61	50	48	27	50	38	35	11	43	60	17	38	0	48	50	2	33	85	27	13	58	65	28	52	53	62	34	17	39	67	62	42	
3	70	16	79	76	55	95	40	61	47	71	38	87	81	78	54	40	48	60	7	28	0	61	45	56	76	59	56	90	63	71	61	31	71	22	54	75	74	12	7	
49	63	47	41	86	48	13	30	86	39	22	63	68	74	40	47	45	78	53	56	21	82	0	10	45	61	38	49	63	7	31	6	26	31	70	53	14	46	87	24	
30	5	51	61	55	29	83	3	75	47	63	30	23	55	52	28	32	49	34	12	2	65	67	0	48	82	44	30	75	62	44	66	45	54	14	9	56	84	79	49	
30	63	50	35	39	48	68	3	90	39	77	63	41	42	71	4	71	38	53	41	21	35	22	38	0	15	11	48	42	32	64	8	13	61	58	47	62	51	76	44	
53	91	37	56	56	52	36	61	36	11	23	77	21	77	74	25	6	65	16	64	59	28	5	48	35	0	25	65	24	30	58	17	26	45	86	61	4	33	2	39	
12	63	24	2	34	30	37	66	95	44	55	29	1	63	69	52	44	11	71	41	39	51	47	49	37	61	0	43	2	24	63	49	29	21	48	7	36	48	36	33	
52	68	22	42	72	7	50	49	69	34	32	34	35	61	23	6	27	51	62	24	48	84	34	12	17	74	11	0	42	49	17	36	45	56	18	47	23	55	46	53	
30	58	45	39	11	7	44	43	72	38	32	40	53	61	46	29	50	22	48	47	16	28	24	26	40	38	23	20	0	32	40	26	6	4	41	48	13	38	69	16	
43	60	14	49	79	13	13	20	52	38	10	66	51	8	6	78	75	51	75	7	63	67	24	41	44	49	34	69	62	0	32	26	35	21	57	68	13	45	37	48	
28	46	47	22	70	31	26	35	80	39	20	32	60	57	48	30	34	66	18	22	4	45	59	8	42	69	36	22	67	24	0	54	70	28	16	36	48	47	50	15	
43	45	16	16	65	19	68	40	48	56	66	52	32	68	65	41	58	42	47	62	15	70	55	32	15	2	2	43	33	4	58	0	54	52	56	38	47	44	66	6	
56	82	44	71	61	51	75	15	44	40	56	23	72	94	29	59	25	67	67	13	53	77	57	26	41	43	44	70	75	34	22	89	0	62	7	68	76	81	29	42	
40	12	35	2	43	39	61	43	57	55	48	38	65	16	62	38	40	27	44	28	12	20	56	29	56	41	54	40	11	24	23	12	38	0	22	40	45	34	89	48	
44	105	32	63	49	49	74	26	59	28	44	11	60	95	84	47	13	72	92	1	63	100	75	64	29	76	32	58	63	43	47	77	73	82	0	68	64	90	96	30	
50	41	41	26	69	16	76	46	79	29	64	31	7	65	101	29	33	56	75	8	61	63	62	65	49	94	31	75	62	31	30	91	10	19	15	0	84	72	96	50	
39	93	23	45	71	67	22	64	102	15	9	72	44	63	60	67	55	54	80	82	52	88	1	44	21	78	14	78	39	16	65	3	12	44	76	50	0	22	65	25	
52	6	11	45	10	28	43	27	25	56	54	14	57	60	45	25	49	73	42	46	24	82	53	25	39	37	33	19	35	31	39	55	15	60	40	56	42	0	56	15	
40	31	65	66	78	39	70	43	38	36	46	54	21	27	62	33	70	30	26	65	12	75	55	18	60	82	54	40	79	68	17	22	56	45	60	35	44	55	0	23	
20	31	19	73	46	65	50	19	107	43	37	75	40	91	81	64	61	82	26	82	45	20	29	52	49	46	42	55	67	22	75	4	40	53	76	66	18	50	83	0	
M2
0	31	29	48	55	20	33	4	48	66	28	43	69	41	11	46	23	25	13	7	16	38	41	49	35	26	28	39	28	17	69	23	30	46	18	27	21	57	1	41	
40	0	25	44	52	16	39	42	36	41	74	39	45	50	40	7	11	21	28	3	12	34	47	37	26	41	4	27	24	7	65	19	5	20	34	23	17	55	37	29	
43	30	0	36	55	14	29	12	4	55	30	42	71	53	43	36	49	13	31	6	15	37	38	48	10	44	36	63	10	38	60	22	29	43	37	26	20	10	40	29	
68	44	52	0	37	56	45	47	41	59	75	37	72	48	18	59	16	51	45	43	29	18	52	42	20	50	37	32	41	59	64	21	25	39	48	49	16	61	55	34	
16	46	38	19	0	43	31	5	27	45	54	66	49	51	44	61	2	48	55	30	39	44	74	28	22	42	20	18	51	25	71	46	31	25	44	11	33	47	15	20	
52	48	29	44	56	0	29	63	57	46	42	66	25	37	28	48	32	43	9	30	39	40	18	58	31	10	24	23	25	7	55	46	45	26	61	27	44	53	55	50	
66	30	51	47	31	42	0	32	57	75	53	50	27	53	35	22	32	45	31	29	15	37	50	21	9	33	33	48	27	45	58	45	43	52	38	2	10	54	63	32	
82	64	81	60	59	70	19	0	11	51	84	19	49	30	58	53	64	8	65	59	49	71	34	2	33	15	67	77	21	12	43	17	4	30	72	36	44	80	14	66	
30	52	44	3	66	8	37	39	0	34	92	38	79	49	47	67	8	54	61	36	45	50	27	34	44	72	29	24	44	6	19	52	59	31	50	41	39	53	56	26	
58	45	43	50	70	9	46	9	4	0	29	57	34	66	29	60	64	39	46	21	30	52	64	17	66	59	51	71	15	53	53	37	31	68	52	41	35	49	55	35	
10	65	63	46	42	54	22	44	35	44	0	49	39	29	47	29	47	44	53	41	50	34	42	58	24	13	47	63	55	35	57	29	49	50	1	39	9	51	50	31	
92	74	57	68	35	46	67	59	76	60	95	0	87	6	73	89	93	69	81	71	65	69	10	34	91	44	46	54	1	20	22	77	87	6	84	46	39	84	13	61	
38	25	23	24	50	14	32	29	53	64	72	11	0	22	3	40	36	19	26	1	10	32	26	50	46	39	31	52	17	33	38	17	24	22	12	21	15	53	29	37	
14	56	5	9	43	42	47	43	35	14	61	3	74	0	16	30	75	44	57	37	41	63	4	42	13	47	54	62	9	28	30	53	60	14	9	17	46	41	21	36	
59	26	58	36	57	49	11	58	66	75	27	23	53	6	0	2	45	54	49	36	41	63	38	47	35	59	38	59	29	33	50	52	39	12	50	28	36	80	41	58	
56	26	29	34	59	42	30	32	47	43	24	42	38	50	41	0	22	47	54	29	38	60	57	48	54	59	38	26	38	41	27	45	39	45	43	47	43	7	58	19	
39	31	23	20	45	28	16	18	12	30	71	51	58	36	52	46	0	33	40	15	24	29	59	13	23	51	8	3	36	46	56	31	38	10	29	20	29	32	35	5	
25	28	26	35	5	17	5	33	30	48	19	40	9	37	41	42	5	0	29	4	13	35	2	31	29	42	3	21	24	36	19	20	27	28	35	22	18	47	12	20	
47	28	32	24	55	23	9	56	57	60	61	46	45	17	36	28	33	23	0	10	19	20	17	41	11	2	4	31	31	34	47	26	33	56	41	26	24	33	44	46	
32	19	17	46	44	8	31	44	47	68	66	31	72	42	32	34	38	13	20	0	4	26	39	64	40	33	25	52	16	27	57	11	18	42	26	15	9	47	29	31	
48	12	33	39	60	24	24	37	56	61	79	42	65	41	48	27	31	29	13	11	0	19	32	57	35	26	24	45	9	27	50	27	25	40	20	31	2	40	45	24	
62	34	37	34	59	38	24	32	65	42	76	61	60	32	3	43	47	38	4	25	19	0	32	56	26	17	19	46	31	49	62	41	42	37	42	41	24	36	16	19	
61	26	1	38	45	12	30	36	31	70	46	5	9	3	37	41	45	18	38	33	42	7	0	44	14	51	38	38	11	30	32	48	39	16	47	44	47	37	23	23	
16	28	26	55	53	17	40	53	29	5	75	40	81	21	41	42	25	22	29	4	13	35	28	0	49	42	34	41	25	36	66	20	27	48	35	24	18	56	26	40	
23	48	49	32	57	40	28	30	69	71	19	48	46	37	56	48	53	43	9	27	36	38	37	2	0	22	24	40	48	13	14	43	50	59	41	37	8	11	61	17	
33	26	24	24	49	15	20	22	13	50	34	38	1	40	39	41	7	6	27	2	11	33	35	33	43	0	28	20	23	34	3	18	25	30	33	22	16	36	17	9	
33	47	15	45	68	36	41	43	37	37	59	49	34	52	60	62	12	41	48	23	32	39	64	38	48	43	0	28	44	29	22	39	3	35	54	43	9	7	57	30	
49	1	34	50	51	25	46	48	45	50	78	48	54	49	45	16	20	30	37	12	21	15	41	46	35	50	13	0	33	16	26	28	10	18	39	32	26	5	5	35	
65	31	52	27	11	37	42	41	70	27	85	1	58	12	41	46	50	48	27	30	16	11	16	7	30	15	42	60	0	14	28	46	44	12	22	50	21	5	19	31	
52	10	37	4	49	28	3	34	12	23	61	46	45	23	36	25	29	5	17	15	1	23	36	17	27	30	22	45	13	0	54	31	23	38	24	20	6	44	30	21	
55	42	21	8	55	31	54	59	51	74	77	54	95	65	27	57	61	36	43	18	27	17	62	68	57	56	48	41	39	7	0	8	41	54	49	38	32	57	34	54	
40	13	25	54	52	16	31	37	42	44	36	39	66	50	40	28	32	21	28	3	12	34	47	52	47	41	25	10	24	28	42	0	22	41	34	23	17	42	37	39	
76	51	61	24	66	52	40	17	61	31	98	47	82	27	35	5	70	42	36	39	48	5	62	76	58	41	45	60	53	66	55	45	0	58	53	47	7	51	48	29	
16	53	44	41	36	29	38	20	30	52	58	52	51	47	40	58	9	36	19	37	46	50	42	35	41	32	23	25	58	64	77	53	57	0	51	7	51	38	27	27	
50	52	50	33	58	41	29	31	17	3	30	48	71	49	47	60	69	46	25	28	37	19	42	54	47	38	14	31	49	60	48	44	42	59	0	46	22	3	53	18	
37	44	70	60	2	61	52	16	59	52	24	63	34	65	6	59	53	52	37	48	57	43	65	71	59	4	28	66	69	59	49	38	50	23	47	0	23	68	63	45	
49	36	34	17	39	25	13	15	64	75	71	20	55	23	40	50	55	15	37	12	21	10	35	49	37	14	18	69	26	43	28	18	35	31	26	20	0	29	38	2	
57	28	17	39	10	19	23	37	47	13	63	5	15	6	45	29	47	20	53	34	43	65	20	31	8	43	18	63	11	30	32	50	29	16	48	12	48	0	23	24	
61	62	60	43	62	51	39	41	70	83	30	46	2	49	21	76	79	41	47	38	47	36	61	22	2	40	44	66	52	51	31	44	61	57	23	46	6	49	0	28	
38	25	23	6	31	14	2	4	53	64	70	37	44	22	38	39	44	19	26	1	10	32	45	38	26	39	31	58	22	33	45	17	24	48	15	19	15	18	35	0	
M3
0	46	7	41	20	67	7	56	56	58	1	29	60	32	26	31	62	35	38	37	9	58	73	60	49	2	36	32	57	59	5	7	32	52	11	45	34	56	46	54	
34	0	56	4	45	43	56	2	19	9	25	41	27	35	38	39	16	31	41	37	12	42	36	34	41	15	4	42	29	30	36	19	37	47	24	23	26	50	38	59	
29	31	0	33	12	38	51	55	40	70	30	70	49	24	26	41	34	27	38	8	53	60	65	31	55	25	7	45	28	53	49	51	3	25	34	28	26	27	60	25	
8	9	30	0	43	25	30	8	13	22	12	15	1	9	49	52	40	5	30	27	32	37	10	39	15	25	14	25	64	60	10	30	11	57	34	3	31	24	12	33	
15	45	37	14	0	61	37	44	49	58	11	51	37	5	7	22	68	8	19	56	39	46	46	62	36	6	50	46	54	62	35	37	36	82	15	39	7	53	48	58	
45	21	15	68	49	0	67	42	77	78	61	79	86	4	63	72	63	64	70	43	69	86	76	31	89	30	44	17	65	72	30	41	40	62	69	3	63	9	66	62	
6	43	23	50	41	83	0	77	34	67	19	7	61	53	6	52	49	56	29	30	30	51	59	41	27	23	52	53	42	37	26	28	41	70	32	66	49	36	67	63	
32	18	44	25	59	42	18	0	38	42	48	40	48	32	39	37	58	45	32	26	49	26	33	16	9	49	29	63	39	12	51	52	6	61	48	50	11	30	46	8	
23	52	29	22	1	69	21	52	0	38	19	43	45	13	15	30	73	16	27	59	47	54	22	47	42	14	44	40	62	63	43	45	44	8	23	47	15	4	56	66	
55	60	54	65	50	30	57	26	35	0	67	69	59	44	64	26	82	21	41	24	12	41	66	56	53	41	79	55	62	61	67	6	60	51	33	35	13	53	66	81	
38	38	59	8	32	55	60	38	43	52	0	45	31	39	46	36	42	9	58	45	54	13	40	45	45	45	36	55	68	76	40	52	41	4	7	20	46	43	20	37	
3	39	25	46	26	55	25	64	6	34	19	0	31	38	40	35	68	41	34	52	27	53	1	43	22	20	54	50	71	39	23	25	41	66	29	63	9	54	4	34	
32	4	44	11	55	20	35	41	8	17	45	48	0	32	56	47	35	38	62	22	33	32	43	34	10	49	29	57	75	69	43	27	6	68	47	36	28	19	7	28	
31	51	43	40	19	65	10	44	38	31	37	28	60	0	31	48	57	22	45	55	24	60	6	21	24	7	54	72	67	53	51	35	62	64	41	40	33	61	25	79	
42	14	54	21	45	30	45	28	18	27	55	14	6	42	0	42	45	22	1	32	43	30	50	32	3	58	39	67	37	28	53	37	16	78	57	46	38	26	17	38	
31	12	42	12	20	44	53	42	32	36	38	39	20	29	34	0	57	35	26	24	1	20	20	6	29	33	23	11	81	6	44	27	30	66	42	27	34	34	21	52	
40	27	57	34	27	71	62	60	47	51	45	71	47	39	41	56	0	29	41	39	55	35	43	25	13	40	70	80	42	21	60	61	57	57	49	59	41	49	55	45	
10	9	15	50	45	59	32	40	47	55	26	28	35	46	51	56	60	0	44	45	34	3	82	66	49	14	38	57	24	84	30	8	40	48	36	47	58	36	10	61	
50	23	61	30	49	39	29	60	27	36	26	51	15	51	50	66	27	41	0	41	48	51	29	44	29	62	48	24	60	59	62	24	25	42	9	55	47	23	16	46	
33	16	45	23	60	18	55	53	36	40	30	43	46	33	66	44	59	34	30	0	56	22	32	14	7	20	28	50	65	10	9	50	7	39	49	48	33	25	44	29	
36	46	17	30	51	62	58	19	50	47	27	48	38	61	65	56	68	14	1	47	0	52	44	70	13	53	46	42	67	92	56	57	42	64	62	8	30	61	49	41	
40	12	52	19	55	28	26	49	16	25	53	37	4	40	47	27	43	46	42	30	13	0	51	35	18	57	37	26	83	67	51	35	14	76	55	16	36	27	15	36	
42	14	46	21	48	30	45	41	18	27	26	10	6	42	55	31	45	23	27	32	43	33	0	12	20	56	39	22	34	19	5	37	16	41	57	46	5	29	17	38	
41	47	63	40	19	41	37	27	51	71	37	18	55	31	1	1	51	21	45	59	36	50	13	0	8	32	34	46	57	41	61	62	62	59	41	24	33	69	34	6	
37	10	15	7	32	21	44	37	22	27	14	44	30	31	46	41	46	34	24	22	14	18	25	8	0	45	1	20	58	4	1	37	40	40	54	32	15	32	9	62	
57	51	6	55	40	18	65	20	23	64	58	59	43	52	28	66	62	13	66	36	40	11	86	59	57	0	35	65	56	81	66	56	31	53	5	55	54	55	54	47	
33	22	47	25	11	51	55	18	18	46	29	62	27	23	25	40	52	26	36	34	57	30	38	20	38	24	0	8	72	16	53	55	37	13	33	9	25	44	38	45	
31	2	53	28	66	37	36	40	18	34	47	58	13	20	57	54	52	55	70	39	50	9	60	51	27	48	46	0	45	50	51	44	23	2	57	8	45	36	24	45	
37	30	23	37	57	28	46	57	50	54	53	68	57	57	67	28	8	64	44	18	61	38	26	28	69	8	52	73	0	24	56	19	48	64	34	62	2	11	34	70	
41	4	34	11	68	58	63	41	24	28	45	48	34	42	63	51	49	38	18	16	44	12	20	2	48	54	47	58	81	0	37	38	44	81	53	36	45	26	32	66	
26	25	43	32	53	41	5	60	29	31	39	18	17	15	26	31	25	56	45	39	35	53	58	23	13	26	45	40	1	57	0	41	27	86	34	57	5	14	28	45	
18	23	29	34	13	81	40	64	69	63	31	32	57	7	27	42	69	28	38	29	42	27	65	81	19	14	42	65	74	82	38	0	54	14	35	59	19	24	68	76	
13	41	25	48	40	57	35	39	24	54	29	57	33	13	54	39	39	55	66	7	37	45	66	15	47	30	10	48	70	56	33	35	0	50	29	49	13	11	44	9	
34	39	37	42	48	40	13	36	43	6	47	17	31	54	34	36	11	31	51	34	22	51	21	55	11	49	64	4	70	51	42	16	41	0	17	45	23	54	42	21	
20	31	42	6	55	47	42	36	35	31	9	6	23	37	61	14	28	33	34	1	44	59	38	41	22	37	36	53	3	54	2	25	13	70	0	31	15	37	34	35	
38	44	11	13	45	3	60	43	35	43	47	50	36	38	59	44	8	38	65	32	59	59	24	40	34	51	35	60	49	45	45	6	12	51	14	0	18	36	47	34	
41	48	17	48	45	77	20	31	38	72	54	42	56	57	41	2	73	60	42	35	37	24	29	38	62	58	46	47	67	42	30	63	42	64	67	63	0	66	41	64	
42	7	20	17	44	35	21	47	51	61	51	8	40	48	42	25	46	10	65	6	60	27	49	65	35	51	49	40	49	65	49	53	45	67	13	23	58	0	51	24	
46	52	55	44	41	79	25	14	74	45	59	47	62	53	46	37	80	56	44	3	61	30	33	70	5	54	73	16	73	66	6	55	50	81	63	69	14	74	0	72	
43	16	46	23	30	22	56	3	36	40	48	60	34	42	44	57	33	45	30	28	43	2	32	14	48	43	22	56	77	10	49	32	38	11	15	46	44	38	44	0	
M4
0	70	32	55	16	47	39	57	41	6	12	25	20	59	49	24	36	49	22	66	73	32	27	56	41	58	40	10	3	8	32	19	34	53	64	39	38	47	65	25	
43	0	47	20	55	23	18	36	45	45	23	36	31	38	47	4	62	51	79	47	75	19	38	35	40	56	26	50	14	19	65	11	41	25	55	44	49	44	44	36	
43	53	0	27	38	84	15	41	39	42	51	41	59	35	30	42	28	48	62	44	43	56	57	32	37	64	9	12	42	26	48	58	70	59	76	47	63	75	30	64	
48	3	19	0	30	34	23	37	3	50	8	47	42	13	58	15	40	56	36	36	79	30	15	11	45	34	1	25	25	30	25	22	30	36	56	39	55	55	46	47	
36	24	54	52	0	55	40	36	43	8	24	6	32	12	61	36	38	73	71	62	73	44	39	15	43	39	42	55	15	20	34	31	39	41	18	51	22	17	51	24	
49	56	19	30	51	0	35	13	43	51	9	32	33	23	19	37	34	54	72	64	77	15	40	17	33	28	45	48	16	21	58	11	18	2	32	21	27	16	40	22	
16	51	32	25	53	57	0	57	15	15	24	14	32	8	47	36	45	21	56	17	68	41	39	5	10	46	29	53	15	20	41	31	46	52	68	50	50	57	14	37	
48	63	16	42	41	34	20	0	47	29	48	46	22	40	51	55	42	53	71	26	76	54	58	37	42	67	12	36	47	34	11	50	26	41	65	41	66	55	15	14	
24	33	1	37	33	64	29	21	0	56	39	52	22	48	48	24	16	62	66	58	59	53	22	46	22	10	7	30	30	23	46	3	60	55	32	41	56	55	22	40	
5	55	34	41	40	52	20	54	12	0	39	13	42	40	71	31	7	53	59	48	59	43	55	37	12	43	11	35	40	27	3	36	8	49	65	49	63	59	46	53	
29	9	27	37	30	26	35	18	13	59	0	51	46	34	50	21	13	20	83	19	29	28	20	45	19	7	24	38	29	22	27	22	31	15	29	34	53	47	19	37	
25	21	23	36	26	49	18	14	39	45	4	0	60	38	33	6	9	45	35	47	37	46	16	35	15	3	9	31	43	26	38	18	53	54	25	27	24	18	15	33	
64	44	6	45	61	59	38	28	62	60	40	28	0	58	13	52	31	67	63	67	59	30	52	55	48	61	32	35	31	36	18	47	33	17	56	3	66	17	53	53	
24	61	33	60	17	25	52	43	12	9	3	45	29	0	47	57	39	72	78	71	81	36	55	47	44	43	40	51	37	7	35	36	40	32	21	48	35	34	33	9	
41	51	45	44	48	21	13	39	40	40	35	39	48	33	0	61	48	2	14	4	65	25	46	30	8	50	27	41	40	26	61	37	44	28	56	47	23	42	36	48	
49	35	47	39	48	50	53	38	33	26	42	55	35	10	33	0	33	14	38	21	5	13	20	31	39	27	31	55	33	9	19	26	57	57	49	54	56	35	7	6	
47	52	24	59	47	24	49	8	2	54	8	1	34	27	48	37	0	49	36	42	68	44	41	35	45	33	30	53	17	22	68	26	47	31	55	49	52	45	45	39	
14	26	25	36	11	1	4	19	31	31	15	30	39	24	4	38	11	0	68	33	44	21	22	21	26	34	12	36	22	27	49	17	24	8	38	27	33	22	30	28	
32	55	30	49	19	28	12	9	39	39	42	38	15	30	16	24	16	45	0	41	25	14	23	29	22	10	22	46	39	29	49	10	51	35	16	8	26	48	22	40	
33	49	34	24	40	55	5	10	15	32	41	31	21	25	50	31	23	19	73	0	22	28	30	22	20	17	34	58	32	26	55	3	18	54	22	9	52	52	24	47	
43	29	41	33	44	60	55	32	27	31	38	67	63	4	27	35	27	52	85	15	0	56	34	25	33	21	38	62	46	3	41	20	62	62	43	73	55	31	1	51	
10	56	14	30	31	45	32	63	56	34	22	35	30	52	48	34	55	9	45	55	68	0	33	45	19	68	19	43	13	18	58	29	62	52	82	12	48	63	50	35	
48	37	25	35	17	41	27	45	3	53	9	37	46	30	50	48	40	11	64	10	25	39	0	34	8	34	5	29	46	19	44	10	52	36	56	43	56	44	27	49	
26	49	50	23	26	80	49	41	41	6	50	42	56	50	73	44	2	62	65	56	45	18	43	0	41	30	40	32	48	49	32	45	17	34	52	53	33	72	13	3	
29	26	46	19	31	57	24	53	45	28	10	43	38	43	66	38	38	49	61	19	85	14	45	9	0	66	2	26	21	1	41	21	48	42	70	40	52	30	50	24	
19	52	17	44	20	75	36	8	33	54	36	62	58	50	64	11	3	69	73	45	46	40	10	35	9	0	14	38	47	20	53	12	47	55	19	52	43	56	9	27	
29	35	24	9	8	66	1	40	28	28	37	27	45	20	43	47	58	34	38	30	73	26	27	18	23	59	0	3	28	32	18	44	45	29	67	17	33	55	27	50	
62	42	33	16	45	45	48	45	42	75	3	30	11	52	40	12	25	72	10	12	61	50	22	50	58	46	40	0	54	36	45	46	56	40	20	16	62	44	58	13	
29	63	35	48	74	40	66	57	67	33	5	18	13	68	42	17	57	74	66	64	80	25	20	62	63	51	57	64	0	1	47	12	59	46	73	32	31	46	63	18	
37	39	12	43	48	70	41	30	17	9	10	45	50	14	37	38	37	40	78	4	9	32	44	35	43	31	19	41	33	0	35	30	35	19	2	38	65	41	11	55	
23	8	43	36	8	38	31	40	32	37	37	7	21	50	47	20	46	64	5	43	48	35	53	36	10	40	9	21	30	2	0	26	35	41	47	39	30	54	50	51	
31	37	49	41	41	39	34	28	35	39	40	9	48	12	35	43	35	3	41	23	7	30	42	33	41	29	12	31	31	11	49	0	33	17	20	36	34	39	9	53	
57	44	22	18	24	61	54	34	12	58	10	50	6	2	35	56	24	79	39	61	45	52	55	52	55	43	40	26	53	8	18	36	0	39	65	25	57	39	47	41	
39	46	45	20	65	50	59	3	43	43	15	28	23	43	52	27	38	44	76	59	67	5	30	49	23	56	42	59	6	11	53	22	8	0	55	11	41	42	45	28	
69	56	9	30	64	45	41	3	56	66	16	62	57	4	56	11	53	74	87	37	34	34	64	17	63	56	35	38	40	7	74	55	68	52	0	27	75	49	36	62	
45	31	38	35	46	53	54	34	29	33	40	60	16	6	29	36	29	54	16	17	1	56	36	27	35	23	40	47	48	5	5	22	22	49	45	0	48	27	3	53	
18	33	22	43	25	64	41	13	37	27	41	9	49	14	37	15	8	42	48	18	9	45	15	35	14	2	19	20	52	13	51	17	26	44	24	57	0	24	11	32	
62	67	32	60	11	70	64	71	74	64	20	31	46	64	67	25	70	71	36	60	75	12	53	50	24	64	43	51	29	33	12	7	29	77	74	65	20	0	30	18	
62	13	8	41	46	44	39	49	40	55	2	46	52	58	43	5	53	69	49	8	55	40	59	56	38	58	17	37	35	40	56	32	53	46	76	37	19	24	0	57	
24	40	22	14	25	52	41	13	23	11	18	31	26	50	16	16	8	21	73	50	46	38	6	40	14	2	19	43	9	14	37	15	42	59	24	36	16	59	14	0	
M5
0	44	70	68	35	71	71	7	36	58	90	89	69	66	54	63	50	40	86	31	64	25	6	70	91	54	32	42	69	66	30	4	8	78	75	55	61	70	22	61	
50	0	52	43	52	32	56	39	27	40	93	35	41	56	39	4	13	28	73	36	46	23	5	7	31	70	47	41	62	3	32	40	51	60	40	1	56	24	9	54	
18	39	0	34	46	54	66	49	31	13	81	18	32	16	27	32	59	78	64	40	86	55	42	17	39	45	2	39	47	53	33	53	63	33	59	37	65	47	63	58	
64	46	21	0	65	34	8	14	40	22	79	54	39	27	36	69	26	88	63	40	50	51	51	63	34	62	57	10	78	63	44	44	105	12	69	64	29	54	34	68	
28	7	63	36	0	58	82	65	53	66	67	61	24	3	63	30	29	49	89	45	32	49	31	33	57	19	42	49	81	29	58	66	17	74	66	27	58	5	35	2	
63	52	55	42	9	0	33	39	25	76	55	70	75	50	2	38	60	53	82	41	43	38	19	59	71	77	3	67	11	57	4	41	64	94	20	38	28	44	34	30	
45	31	56	41	54	41	0	84	4	55	4	39	56	36	50	54	15	59	7	46	42	54	55	52	58	37	11	26	25	34	54	37	72	34	57	46	10	4	6	64	
55	3	43	39	31	54	30	0	22	17	49	57	38	68	31	26	35	50	74	58	23	3	27	29	50	51	31	1	49	25	22	62	69	37	62	23	20	43	31	20	
40	48	35	66	67	60	66	70	0	9	55	57	30	4	23	29	70	83	66	51	34	67	27	49	78	21	50	39	87	58	53	65	48	29	65	54	5	31	74	18	
63	61	14	45	82	81	94	49	6	0	103	36	9	47	2	44	49	76	45	30	61	46	17	86	57	55	29	18	66	62	51	51	90	8	57	54	53	65	53	66	
62	11	61	43	70	28	14	69	27	39	0	65	6	35	8	34	43	28	82	27	50	23	33	37	45	52	26	31	62	3	62	48	7	29	63	31	41	21	39	4	
32	62	9	8	69	52	78	47	77	92	90	0	52	50	3	15	56	56	38	37	62	59	66	62	13	50	42	41	51	55	7	51	93	61	51	61	40	21	40	46	
38	47	40	19	55	54	67	66	63	75	108	49	0	38	36	17	22	52	58	3	74	19	27	59	56	28	2	7	39	39	45	24	63	64	53	27	65	51	26	39	
86	63	64	63	76	85	30	34	4	55	89	47	37	0	24	43	41	85	1	58	79	71	73	78	19	47	48	62	93	78	62	37	20	75	77	53	51	76	81	63	
59	38	17	7	65	79	77	70	38	57	70	65	67	42	0	42	26	40	50	7	23	42	57	62	69	39	33	69	58	43	40	28	82	77	19	31	24	30	30	38	
41	18	18	17	32	61	43	52	61	60	99	1	6	36	12	0	20	50	38	1	52	41	20	44	22	52	26	31	49	37	16	5	61	70	5	25	49	30	24	37	
61	33	30	14	3	50	50	33	7	34	66	47	5	41	48	32	0	26	35	26	77	21	31	1	7	51	25	13	60	1	24	47	86	20	13	36	50	30	49	56	
40	69	29	28	63	49	57	54	59	53	63	12	63	70	23	35	71	0	58	57	53	76	70	68	2	67	49	58	30	67	14	71	36	73	62	35	13	41	47	57	
62	33	53	43	67	43	10	15	25	34	98	36	6	58	47	25	46	26	0	27	72	21	31	52	43	34	26	25	60	1	51	5	27	54	61	13	69	1	50	17	
85	31	62	56	45	75	92	50	47	66	105	45	47	22	20	33	6	36	42	0	58	43	37	43	49	71	67	55	38	23	60	8	68	62	55	11	69	70	10	23	
55	44	62	45	47	38	54	37	13	38	7	74	8	24	17	43	8	31	30	29	0	45	35	5	50	19	28	33	65	36	36	40	62	16	57	40	54	66	52	24	
63	41	65	44	57	61	32	75	33	52	91	72	7	63	54	40	47	18	77	28	44	0	28	67	51	53	27	32	64	9	41	49	8	64	15	52	61	76	51	14	
61	46	57	47	9	56	56	39	38	40	4	65	17	56	54	43	57	39	5	38	86	34	0	7	52	63	37	42	53	14	9	59	23	60	79	42	26	49	18	63	
31	32	29	57	61	19	19	2	15	3	69	51	24	19	17	53	47	68	60	45	59	19	32	0	15	37	44	33	56	54	19	66	80	23	72	5	19	31	52	56	
68	25	62	45	52	10	13	55	30	36	27	56	45	59	45	37	57	31	31	66	15	26	36	51	0	64	43	44	54	6	15	54	92	11	35	45	66	46	41	7	
11	8	39	56	79	53	59	42	25	13	64	40	34	58	27	31	40	26	46	55	17	19	11	10	43	0	45	39	60	1	55	36	7	19	67	28	59	51	34	28	
66	17	48	49	62	20	52	51	52	71	81	64	45	15	39	35	25	53	49	6	77	48	41	43	67	75	0	40	13	28	11	19	29	81	56	3	31	51	29	42	
78	35	75	30	63	42	74	60	58	80	108	58	89	62	25	54	48	69	90	67	84	40	59	61	28	31	55	0	63	57	20	88	74	72	64	55	71	44	53	69	
75	6	68	40	20	57	44	42	15	65	16	60	66	54	53	29	38	23	88	45	49	4	30	32	8	77	7	38	0	25	2	52	31	73	8	26	53	42	34	56	
83	14	51	61	76	34	70	48	6	25	89	45	46	39	29	13	44	7	82	43	58	2	12	40	24	69	26	20	41	0	60	49	68	45	49	34	53	57	42	37	
59	28	56	11	67	60	77	13	50	61	74	39	44	55	50	7	58	22	68	39	70	46	52	28	40	67	8	36	17	26	0	43	69	67	43	43	24	13	6	27	
91	68	22	67	82	57	28	53	36	31	29	51	52	11	45	19	70	28	88	51	39	38	46	84	44	88	56	61	70	87	66	0	97	51	55	39	83	5	74	72	
51	6	50	52	54	57	77	61	52	58	66	60	26	62	9	29	38	53	83	47	26	48	30	29	56	9	15	51	41	28	57	37	0	55	60	26	16	49	26	73	
36	8	28	46	77	35	62	66	39	58	51	47	9	28	58	15	40	30	84	30	70	35	32	34	57	55	29	34	48	15	49	51	44	0	17	28	1	45	36	58	
41	8	18	17	65	59	76	37	34	16	15	1	2	45	12	2	34	1	47	23	59	39	32	34	22	10	22	4	59	30	16	38	53	36	0	28	49	30	36	55	
56	63	33	32	61	19	4	71	55	37	72	16	58	24	10	39	72	80	16	53	25	75	22	58	37	66	36	65	11	74	31	74	20	18	65	0	23	45	17	41	
11	70	81	62	73	31	37	64	82	89	26	64	85	67	65	48	51	73	87	32	94	39	43	79	70	41	21	21	66	68	24	53	82	96	84	36	0	53	55	68	
77	68	54	53	39	39	28	41	54	52	75	37	35	56	48	50	15	68	59	56	48	55	80	52	58	71	54	60	63	52	19	77	25	71	64	10	70	0	52	61	
37	30	37	47	67	57	63	72	29	11	52	31	32	50	14	32	28	12	68	15	57	59	29	50	37	4	47	41	40	41	46	26	23	31	27	39	2	7	0	6	
60	23	37	36	52	10	71	64	61	53	67	20	61	36	31	41	20	50	4	1	20	45	47	49	41	43	46	7	24	37	35	22	82	73	46	25	68	39	24	0	
M6
0	23	50	14	58	38	54	52	18	50	13	36	23	56	46	18	8	58	12	6	38	55	32	23	25	3	17	11	16	50	10	28	9	18	7	52	62	57	60	9	
13	0	72	54	57	76	9	58	44	22	37	90	1	52	76	22	56	42	69	24	28	45	12	35	20	63	21	55	18	54	17	26	41	50	41	54	31	20	29	64	
74	40	0	58	12	41	67	65	9	41	21	81	39	47	50	61	53	55	82	17	61	32	68	49	34	47	47	73	19	23	30	54	67	59	67	63	69	44	56	62	
78	26	51	0	24	51	24	8	21	18	27	53	51	31	37	22	32	8	35	6	39	58	27	2	28	6	20	45	52	42	13	31	40	21	40	25	42	65	75	13	
55	26	53	46	0	22	24	73	21	42	42	69	50	59	47	37	30	58	20	48	51	74	27	23	4	35	36	11	46	63	32	47	56	46	27	70	46	73	34	24	
63	18	38	53	57	0	5	1	40	10	36	20	14	53	30	18	25	41	56	29	10	44	8	31	59	70	17	52	53	9	13	27	37	46	37	58	20	30	42	48	
76	16	65	69	65	65	0	47	33	43	44	86	63	46	70	11	57	75	77	22	75	48	1	24	76	64	10	74	46	43	6	21	30	39	30	72	58	58	74	53	
47	20	40	30	34	33	2	0	37	47	12	22	33	41	6	15	1	18	45	9	42	28	5	25	79	63	14	65	50	47	10	25	34	38	28	35	62	50	78	57	
38	52	5	49	61	5	63	61	0	8	56	76	3	11	35	39	17	82	50	63	52	48	66	49	19	58	51	37	52	60	58	37	33	25	31	27	33	66	86	36	
31	49	49	59	63	72	49	57	58	0	56	31	71	31	27	46	21	47	67	55	35	3	52	14	33	78	43	45	64	15	47	46	53	28	61	25	8	64	48	6	
39	15	24	52	56	39	24	46	32	37	0	19	57	48	21	37	31	40	55	2	52	43	27	24	60	60	9	12	59	38	32	20	23	47	28	6	49	6	65	52	
73	24	6	47	61	73	6	43	41	51	52	0	40	54	31	19	21	45	24	30	62	12	9	17	45	72	18	70	54	22	14	29	38	47	33	62	66	66	55	61	
46	19	55	49	60	31	30	5	53	21	40	50	0	50	14	43	23	44	71	37	44	23	33	16	35	38	42	4	47	56	38	53	62	39	20	46	52	13	45	64	
83	37	11	49	76	38	88	68	18	43	36	96	48	0	15	78	62	72	30	43	42	69	67	70	57	38	31	58	81	61	38	17	13	5	51	68	13	83	82	74	
71	4	31	57	69	29	68	43	61	21	78	60	58	63	0	76	67	77	23	51	64	11	38	72	38	46	60	69	32	70	53	64	25	61	53	83	48	57	76	64	
46	42	36	52	33	43	36	50	59	19	20	18	36	45	35	0	40	40	1	42	50	12	31	47	3	57	36	57	45	8	44	28	39	57	48	57	6	48	41	46	
27	18	50	1	23	61	9	7	35	33	42	52	63	30	36	22	0	46	69	24	4	50	12	35	54	66	12	38	57	45	17	23	32	44	32	63	32	12	68	55	
87	22	37	6	10	64	10	59	36	55	51	72	56	17	41	23	56	0	21	34	25	56	13	36	82	64	22	84	58	28	18	33	39	31	42	11	39	70	61	65	
54	46	30	21	12	32	28	36	37	52	54	47	1	10	34	35	45	45	0	19	17	71	31	54	59	37	40	77	53	13	36	7	32	24	43	58	32	21	46	11	
67	25	53	57	73	37	53	64	56	71	57	35	86	74	40	9	29	57	71	0	50	59	56	22	58	46	51	10	53	42	53	62	53	17	23	41	36	78	49	6	
10	21	45	51	38	70	26	52	38	38	18	27	58	36	38	25	39	41	63	27	0	3	20	19	38	61	15	51	17	48	34	26	35	50	35	12	41	7	10	46	
5	17	70	39	54	15	47	45	46	41	62	55	76	50	7	41	1	49	76	50	13	0	50	14	3	31	38	2	32	54	38	49	58	37	18	33	20	50	64	71	
4	7	6	73	6	7	41	27	2	3	62	24	32	40	37	54	46	68	60	56	66	17	0	53	40	62	44	66	68	55	49	35	2	54	24	56	48	91	70	46	
26	40	22	52	13	1	22	56	54	37	68	4	45	54	3	35	37	40	10	21	61	3	4	0	56	44	34	61	70	38	26	1	32	40	16	52	76	6	71	55	
69	38	33	31	25	59	20	69	35	1	57	61	65	50	63	1	59	80	49	41	31	41	23	26	0	20	32	51	5	53	27	41	52	35	8	63	46	79	49	44	
75	15	42	6	64	40	71	46	10	42	43	85	40	48	38	55	54	55	76	21	30	47	24	43	17	0	9	74	41	42	2	20	29	10	29	64	54	54	70	35	
79	2	51	57	51	51	58	33	19	29	30	72	49	57	56	43	57	61	63	8	85	34	61	71	62	50	0	83	46	29	57	7	16	46	16	58	74	77	62	39	
73	5	66	47	53	17	53	53	52	64	65	48	70	60	48	66	9	37	64	43	30	66	56	2	66	54	31	0	81	42	46	42	51	25	6	54	51	58	75	74	
31	22	49	41	31	43	13	53	35	39	11	71	65	29	53	18	63	73	68	28	1	54	16	12	52	34	16	44	0	49	21	27	36	6	36	43	34	39	3	42	
39	12	53	22	26	48	22	20	29	39	19	65	41	33	5	26	10	10	37	18	39	44	25	20	64	52	6	52	27	0	29	9	26	27	26	27	42	27	11	17	
34	36	41	29	45	63	48	46	31	32	25	83	52	21	45	17	2	35	60	42	18	68	41	26	55	49	30	58	33	53	0	6	42	35	43	52	43	1	17	29	
50	11	59	23	43	53	43	42	27	38	39	81	57	50	43	52	61	27	25	17	47	43	33	60	24	12	5	91	55	29	19	0	25	8	6	20	71	71	62	48	
68	26	50	50	33	61	30	5	43	14	40	50	61	50	34	43	29	46	57	32	4	54	33	53	11	49	20	81	53	24	38	6	0	45	6	57	59	37	46	6	
41	20	48	53	25	8	39	53	45	59	21	63	74	28	52	28	22	52	40	3	45	64	37	17	48	69	26	5	29	57	25	37	39	0	21	38	1	31	13	52	
40	31	57	47	40	48	43	50	44	58	20	80	51	37	35	27	40	40	28	37	44	61	36	21	58	36	25	38	28	8	14	36	33	51	0	57	43	33	12	21	
42	33	34	15	28	49	26	24	17	52	22	16	47	40	8	1	14	45	32	8	29	40	5	23	58	80	27	55	30	13	34	37	47	14	47	0	45	62	14	52	
6	15	46	63	58	31	15	64	50	60	31	28	80	56	71	28	32	60	64	35	9	21	18	25	22	52	27	13	50	60	23	10	47	48	1	61	0	51	35	59	
7	36	51	20	24	73	24	54	43	5	65	73	25	31	39	37	10	8	35	48	39	45	27	50	49	28	36	71	72	26	27	47	40	43	56	25	50	0	59	48	
26	17	44	39	26	62	49	48	30	44	6	66	60	24	48	13	58	76	63	23	34	49	22	7	74	65	11	39	14	44	57	22	31	38	31	53	29	53	0	37	
60	37	25	6	15	19	19	62	54	17	43	7	59	55	50	32	22	61	36	43	63	6	22	36	53	50	31	64	43	41	27	32	51	60	51	78	62	27	35	0	
M7
0	30	34	62	35	49	28	81	41	39	45	41	54	23	37	55	58	39	71	66	74	34	83	60	55	41	39	78	80	72	39	4	47	37	79	61	47	43	54	59	
68	0	65	83	20	33	56	79	5	71	35	69	16	38	65	40	90	64	61	35	76	55	74	76	54	62	68	61	50	65	7	83	46	65	69	77	37	52	45	87	
36	74	0	27	48	49	41	69	37	48	63	39	74	56	50	22	25	17	3	56	41	34	31	23	55	41	62	49	77	40	38	62	47	41	13	41	1	26	54	51	
20	65	21	0	24	29	29	35	62	52	40	42	43	59	10	31	57	2	60	53	43	57	42	10	42	23	3	19	31	62	40	31	50	38	24	43	3	48	26	33	
17	46	18	12	0	34	1	5	60	23	29	14	56	29	10	4	76	46	55	23	50	39	12	34	12	46	5	51	13	45	11	33	20	10	37	34	47	38	21	32	
4	80	66	65	26	0	55	39	12	57	63	53	31	63	62	36	45	25	17	57	53	61	46	51	46	25	44	49	47	2	60	67	54	59	5	73	74	53	55	52	
38	69	43	69	1	27	0	47	61	56	33	7	49	71	3	67	78	60	48	60	84	81	49	34	54	54	64	44	55	38	33	39	62	3	45	27	44	59	30	25	
6	35	21	35	45	43	73	0	49	12	18	57	54	18	17	18	65	37	53	12	39	28	1	23	1	35	43	58	2	51	15	22	9	48	26	43	41	27	10	27	
55	67	61	49	26	57	59	64	0	62	6	31	73	74	68	40	75	35	21	33	54	42	19	63	41	49	28	67	16	14	47	62	51	26	31	54	14	41	46	63	
15	63	18	74	41	24	79	34	12	0	32	75	37	58	11	58	45	21	55	23	10	46	41	42	29	53	18	52	42	49	35	33	39	38	27	45	52	48	34	47	
67	61	9	40	36	36	29	58	55	27	0	42	55	61	32	55	50	30	67	53	38	21	37	63	42	28	70	20	66	14	10	49	8	38	65	58	34	12	41	51	
51	52	17	22	37	53	30	50	43	27	31	0	30	24	39	50	53	47	63	29	55	38	57	39	18	45	57	21	12	70	11	66	28	39	18	60	51	15	31	3	
57	67	58	55	6	42	71	65	78	47	16	40	0	48	14	65	21	29	63	40	70	27	24	45	48	34	60	15	33	24	32	24	40	18	57	23	33	58	47	50	
68	7	24	82	55	62	80	76	49	61	24	55	60	0	60	49	46	37	44	78	50	71	66	19	71	14	75	47	69	19	47	73	20	68	54	57	46	8	53	21	
59	52	60	49	1	75	44	53	66	45	1	57	18	55	0	40	46	35	21	28	52	60	50	2	54	22	38	12	34	58	1	7	40	33	31	52	12	27	19	7	
62	83	59	66	48	66	41	64	100	70	62	54	76	42	50	0	23	52	65	42	90	51	9	72	50	58	38	70	72	85	56	79	60	50	41	74	60	51	44	60	
12	51	44	16	2	66	77	17	65	28	41	80	26	41	40	41	0	50	71	5	56	51	24	46	24	58	12	20	25	53	34	45	32	71	49	66	45	50	33	10	
19	21	41	65	15	41	63	50	63	49	30	76	64	3	26	64	43	0	63	26	8	73	57	45	49	24	11	67	58	55	21	31	17	37	35	39	24	78	23	62	
31	94	80	46	38	64	31	65	98	83	70	29	86	46	40	12	77	7	0	71	100	81	22	71	60	50	81	39	73	30	47	69	70	40	3	64	68	39	67	41	
11	42	28	64	52	60	58	23	32	41	25	56	64	47	46	39	32	34	20	0	48	57	9	30	8	36	43	46	31	57	44	51	18	67	30	50	70	56	20	23	
34	61	47	50	31	43	77	64	77	56	8	77	51	42	4	59	21	68	54	38	0	79	52	23	27	55	60	45	65	33	34	9	37	15	13	37	34	60	30	40	
49	39	36	27	64	14	88	52	56	19	37	28	59	58	55	52	74	8	62	31	42	0	59	42	20	6	62	71	45	47	4	27	12	63	50	37	12	36	19	47	
51	51	13	45	55	46	86	52	51	44	34	55	51	35	52	49	69	33	61	28	34	33	0	23	17	39	59	65	12	10	12	38	4	56	36	54	40	37	18	55	
60	38	24	64	47	56	40	51	54	43	18	53	3	66	37	17	49	61	60	15	19	68	36	0	4	46	46	50	42	58	37	42	14	48	46	46	57	11	17	5	
54	29	15	66	39	47	84	42	45	34	12	56	52	57	53	27	70	65	51	6	35	59	49	17	0	37	37	66	33	49	42	58	5	64	48	37	72	58	8	65	
44	83	51	48	34	78	75	49	28	51	73	5	58	69	72	20	5	5	75	9	86	83	56	34	56	0	32	15	57	83	56	77	64	84	36	55	66	20	65	42	
41	46	32	39	39	6	32	54	42	14	29	27	68	6	30	5	68	37	54	23	33	32	61	34	12	39	0	65	6	10	37	8	22	36	30	54	45	31	25	53	
47	62	31	60	41	49	84	75	54	48	41	51	54	62	11	5	72	64	60	20	37	79	82	42	28	42	48	0	66	82	41	47	7	15	45	46	6	67	41	47	
21	41	27	15	25	23	56	30	57	28	24	37	64	54	50	39	45	17	62	18	47	8	37	29	7	15	49	46	0	56	13	36	17	34	6	46	21	7	20	29	
38	41	27	14	51	38	74	54	43	43	24	4	64	68	52	39	69	32	63	18	34	23	61	29	7	30	49	6	45	0	28	42	17	63	60	22	36	40	20	47	
31	78	66	72	86	30	86	42	20	60	7	21	35	9	65	13	69	57	78	60	58	66	28	71	49	73	18	22	50	63	0	70	57	61	28	58	18	69	58	37	
47	15	29	53	32	40	25	78	5	45	40	38	52	84	34	44	70	34	61	1	35	25	3	2	43	32	29	51	67	52	30	0	5	34	19	48	16	48	45	40	
54	82	1	71	52	19	76	51	24	18	12	68	24	63	25	24	42	52	38	59	7	49	58	44	48	12	61	58	39	52	14	30	0	36	34	27	55	38	48	61	
3	43	4	62	54	27	47	66	39	33	82	45	12	62	56	28	83	21	9	81	68	81	38	67	73	27	29	55	55	46	63	69	54	0	19	6	37	55	57	7	
50	11	38	29	40	16	77	54	21	21	39	30	61	12	48	41	11	10	39	33	30	1	61	44	22	8	48	48	47	49	6	29	14	59	0	30	14	10	21	48	
14	13	63	48	34	33	83	47	18	60	4	76	58	58	49	50	5	63	71	37	45	58	54	21	54	65	1	51	55	66	57	25	62	56	69	0	5	54	53	42	
49	59	52	15	46	58	64	54	59	22	23	32	60	57	19	6	36	19	27	16	1	81	53	38	42	56	50	60	62	48	49	24	52	12	28	1	0	63	20	55	
43	66	43	47	33	50	59	34	48	52	48	57	57	58	18	40	4	22	21	36	49	68	24	49	41	69	33	5	42	58	5	54	39	34	31	43	12	0	50	21	
21	14	36	50	60	50	56	9	31	1	33	54	19	33	32	33	71	32	18	27	36	43	16	38	16	50	44	64	17	16	30	37	24	40	15	58	56	42	0	32	
10	51	8	36	4	44	26	14	23	32	38	39	66	38	35	8	61	32	18	32	34	29	21	15	21	36	63	64	3	55	33	42	29	35	27	45	42	28	30	0	
