40  4  1
4
	0	25	1	99	2	100	3	83
	0	42	1	9	2	65	3	21
	0	4	1	63	2	27	3	38
	0	88	1	87	2	5	3	63
	0	83	1	78	2	88	3	19
	0	10	1	97	2	86	3	67
	0	57	1	97	2	66	3	25
	0	32	1	83	2	47	3	32
	0	24	1	31	2	85	3	38
	0	97	1	10	2	88	3	38
	0	96	1	87	2	18	3	74
	0	13	1	7	2	93	3	77
	0	40	1	72	2	80	3	34
	0	36	1	74	2	42	3	81
	0	46	1	44	2	99	3	71
	0	80	1	31	2	92	3	67
	0	29	1	21	2	71	3	57
	0	63	1	42	2	51	3	85
	0	65	1	52	2	96	3	59
	0	75	1	76	2	29	3	66
	0	54	1	39	2	90	3	16
	0	90	1	38	2	66	3	85
	0	15	1	16	2	87	3	33
	0	96	1	52	2	50	3	25
	0	17	1	82	2	16	3	67
	0	70	1	98	2	5	3	48
	0	31	1	100	2	60	3	34
	0	70	1	7	2	74	3	75
	0	27	1	37	2	99	3	9
	0	70	1	15	2	70	3	69
	0	89	1	76	2	30	3	41
	0	18	1	67	2	18	3	24
	0	70	1	69	2	73	3	74
	0	33	1	84	2	70	3	65
	0	74	1	63	2	57	3	68
	0	26	1	80	2	10	3	47
	0	74	1	64	2	83	3	29
	0	56	1	43	2	34	3	69
	0	51	1	75	2	70	3	53
	0	15	1	62	2	12	3	84
SSD
M0
0	79	55	75	56	48	20	35	25	30	45	78	52	5	38	38	30	12	57	13	73	11	70	7	63	41	53	56	49	64	53	59	29	44	27	17	51	49	42	62	
68	0	55	5	62	17	63	72	80	67	53	58	35	13	60	76	12	32	57	40	48	42	59	56	48	55	60	61	45	36	36	72	67	50	19	80	54	2	36	67	
80	20	0	67	56	61	59	66	30	38	40	44	43	75	64	43	47	26	68	74	78	36	58	16	50	65	42	13	15	65	68	64	8	58	28	57	78	29	46	62	
29	29	33	0	52	5	30	33	67	3	35	15	23	43	35	10	55	20	71	8	37	34	27	53	9	14	22	34	52	24	27	54	45	35	40	12	19	44	32	64	
57	28	45	50	0	7	21	59	68	70	61	48	25	41	50	29	68	22	60	46	34	34	28	40	35	25	16	20	25	26	29	36	57	5	42	27	4	3	34	42	
62	45	28	67	37	0	46	53	55	53	51	31	8	43	51	67	79	5	56	62	55	49	32	48	69	28	33	34	47	9	12	46	40	23	25	53	69	49	17	75	
16	30	27	43	39	30	0	38	40	48	8	16	48	23	8	12	18	36	66	54	47	22	36	47	28	47	28	35	29	49	40	37	18	49	11	46	27	9	52	10	
62	53	51	30	19	38	31	0	26	70	7	39	52	50	49	4	54	37	70	54	30	20	3	54	2	60	38	25	24	26	2	59	63	28	28	19	7	20	26	73	
35	30	6	26	54	7	54	56	0	48	5	48	3	41	46	23	57	22	60	58	72	1	43	22	60	37	25	23	25	26	29	10	17	40	38	48	40	34	34	70	
20	37	18	34	33	38	31	43	31	0	45	31	30	24	30	37	62	32	38	41	47	36	27	32	19	38	19	35	2	5	55	39	30	6	50	44	2	37	14	1	
8	25	1	62	56	9	53	59	35	43	0	49	12	38	59	41	52	24	67	9	39	20	51	11	35	47	47	18	20	28	30	65	13	12	23	50	39	34	36	42	
63	1	35	48	60	60	2	9	58	74	7	0	58	43	7	25	47	38	74	40	64	6	18	55	43	51	54	6	36	42	11	52	18	69	43	17	48	33	33	36	
24	49	44	19	59	43	69	13	41	65	52	69	0	36	7	35	37	52	74	15	64	4	48	50	45	64	26	29	46	62	47	47	8	57	14	5	49	65	14	27	
19	46	22	36	15	23	14	58	56	18	4	64	22	0	33	57	12	38	60	40	55	37	56	15	36	37	66	37	41	23	12	23	34	50	13	61	10	8	50	73	
41	23	31	47	32	36	44	44	44	52	48	56	12	20	0	7	8	45	21	15	11	24	40	10	22	51	32	48	32	46	3	66	12	48	2	32	50	42	30	14	
31	5	21	2	9	39	17	12	8	17	32	46	35	36	30	0	52	35	70	58	50	33	30	41	22	33	22	38	23	46	31	42	33	43	32	50	45	20	9	4	
70	47	81	20	45	44	48	55	65	59	53	33	32	38	53	60	0	59	19	21	14	19	25	34	79	30	83	28	4	22	25	43	59	47	50	46	13	42	57	68	
58	30	37	28	31	9	31	25	7	36	27	16	27	11	36	5	30	0	19	53	29	32	47	14	1	47	37	35	50	12	9	28	47	23	24	41	18	43	25	31	
25	27	14	73	62	34	32	11	48	46	45	60	42	24	12	38	29	44	0	63	47	45	44	34	19	72	55	12	31	19	45	11	2	40	16	62	41	1	12	66	
39	27	3	3	56	44	57	24	13	45	32	51	40	7	24	49	4	33	52	0	17	9	50	23	20	30	42	20	22	44	55	47	15	32	13	29	46	21	42	24	
67	20	71	58	14	33	25	25	75	62	12	31	30	52	26	61	9	5	53	36	0	44	49	32	59	52	60	45	2	52	55	35	26	24	4	31	51	59	60	55	
11	34	36	55	30	50	29	31	61	2	40	20	46	36	40	4	48	39	11	49	53	0	47	43	34	67	7	39	36	58	44	47	45	57	41	5	5	64	8	69	
44	56	53	63	41	50	56	52	25	73	23	42	41	64	60	20	55	59	65	82	60	2	0	43	71	42	54	56	13	9	63	41	65	56	10	52	42	2	70	67	
1	58	34	46	54	62	46	3	51	56	38	49	18	31	59	39	56	38	12	39	9	37	33	0	12	60	48	48	20	36	7	68	26	35	53	43	42	50	36	53	
58	63	47	69	55	33	68	7	48	52	9	56	51	51	30	43	35	18	64	35	11	15	42	57	0	71	19	64	57	7	41	78	52	9	48	58	46	45	7	54	
59	26	36	45	63	37	15	34	6	66	32	12	33	12	32	50	25	52	56	65	39	31	43	52	54	0	55	31	38	11	26	40	43	38	25	42	21	48	58	61	
18	36	60	44	53	61	41	16	49	42	42	66	16	2	40	44	50	1	70	54	74	26	9	12	46	39	0	57	37	33	10	54	64	72	34	60	5	26	10	52	
31	3	21	1	36	41	28	35	34	33	33	13	6	36	7	36	56	35	60	21	40	32	30	41	22	41	22	0	23	38	36	50	31	43	29	13	31	3	11	4	
49	16	50	40	14	74	17	24	67	33	22	2	1	46	22	40	39	53	65	43	79	15	33	3	55	23	55	16	0	23	26	43	33	16	43	15	59	33	48	37	
43	28	17	69	62	75	29	36	44	59	34	14	41	32	34	52	68	47	72	47	66	33	43	37	70	65	50	24	21	0	38	10	29	17	22	44	40	34	39	63	
46	54	59	77	22	60	52	15	29	22	14	51	39	43	44	51	74	22	59	55	12	54	41	52	22	21	26	31	22	27	0	8	57	48	31	35	38	32	35	64	
20	32	66	69	34	73	26	32	55	31	53	41	13	39	18	50	72	22	61	58	45	32	15	52	57	52	78	5	43	1	35	0	61	32	40	58	12	6	11	71	
43	32	33	14	36	46	39	15	15	54	44	50	42	36	44	6	69	26	20	54	62	12	42	51	34	53	34	23	21	22	49	38	0	13	35	26	54	55	58	16	
30	50	76	29	56	74	58	29	46	75	60	44	43	60	64	63	70	61	22	8	45	13	64	45	34	65	70	58	15	58	63	41	67	0	77	57	68	34	58	79	
68	48	29	10	24	34	22	22	54	63	2	61	27	27	36	2	30	49	49	65	33	31	14	49	56	71	62	46	32	38	6	34	19	24	0	52	40	15	38	59	
54	55	31	66	56	64	55	44	65	38	41	75	15	5	52	78	17	55	65	27	48	52	49	19	20	53	56	13	50	35	53	16	43	26	54	0	18	40	44	82	
29	38	14	29	27	5	42	49	44	38	1	27	23	4	47	22	26	20	69	49	69	43	26	34	68	43	5	31	5	24	27	44	26	38	40	26	0	43	32	69	
36	14	26	42	24	46	58	37	39	47	39	51	32	8	2	55	30	40	47	43	19	44	35	46	13	38	27	13	27	37	51	67	38	2	44	55	36	0	37	9	
3	14	4	48	27	51	48	28	38	46	48	52	33	33	44	34	54	34	76	41	58	24	41	24	33	30	33	21	23	39	62	20	16	40	36	45	50	28	0	15	
12	21	2	18	17	22	42	27	15	23	29	27	32	17	14	46	46	16	51	50	31	20	11	22	3	22	3	19	4	27	44	49	14	24	34	31	39	28	27	0	
M1
0	38	48	43	49	31	42	51	54	57	15	52	49	67	58	14	38	38	41	64	55	30	9	25	27	51	39	34	54	43	68	46	53	50	38	24	12	66	52	39	
61	0	17	20	44	35	39	58	27	71	56	10	37	43	22	21	69	24	2	24	35	62	69	31	9	31	30	38	20	49	35	50	36	19	30	45	28	49	26	24	
57	59	0	25	39	48	11	51	22	32	56	5	38	29	17	23	55	52	11	67	29	32	26	24	23	20	28	33	15	9	30	45	2	11	35	60	65	44	21	19	
57	67	55	0	74	48	67	43	62	43	45	63	7	29	5	9	23	63	26	10	17	71	34	63	52	21	37	59	70	68	37	63	39	21	64	75	18	28	44	45	
36	8	34	13	0	47	20	30	32	58	52	22	32	9	21	38	29	41	19	41	3	57	25	37	14	48	3	12	37	3	36	24	1	36	1	10	34	44	21	35	
54	38	48	41	1	0	38	5	50	74	32	48	46	36	3	19	34	22	6	54	31	1	5	69	23	17	41	30	43	39	65	37	24	24	29	67	36	62	55	62	
4	60	38	44	16	38	0	71	6	57	45	56	73	62	44	68	15	44	38	41	77	40	48	58	28	1	68	58	16	66	50	46	73	13	70	61	66	69	37	7	
33	10	36	39	23	54	29	0	41	73	24	29	56	57	41	40	40	17	21	43	46	28	76	50	2	50	49	21	39	68	54	14	55	38	6	12	47	35	18	43	
17	67	25	38	40	58	28	37	0	20	10	73	44	51	68	31	43	7	1	30	55	28	72	74	31	49	46	24	55	50	50	23	73	34	36	61	76	40	64	48	
45	49	2	49	88	49	70	79	71	0	23	54	73	21	57	72	67	71	1	70	55	84	86	58	1	19	32	68	26	74	52	70	67	58	38	65	63	10	64	54	
49	52	18	21	4	20	31	56	53	65	0	56	17	15	38	19	7	67	60	7	40	3	42	58	3	55	11	52	8	20	8	58	38	19	50	53	15	65	38	52	
45	62	9	52	27	44	29	42	10	54	44	0	64	26	5	11	66	40	42	56	18	57	65	14	64	60	56	21	50	81	18	33	19	75	23	58	71	32	9	7	
48	48	48	16	15	6	9	17	10	48	51	38	0	18	50	56	66	48	5	68	59	62	37	9	55	43	71	24	4	52	52	36	22	9	36	49	23	56	54	52	
51	44	51	72	42	33	5	54	3	54	22	49	41	0	1	56	40	36	32	52	26	8	11	56	29	23	7	36	6	12	73	48	7	63	45	51	22	46	30	44	
8	66	40	27	58	55	47	15	41	45	49	24	61	57	0	25	62	55	56	7	22	76	33	45	15	30	57	39	81	67	43	14	50	71	47	76	85	63	8	38	
25	32	26	39	56	31	79	6	56	29	5	51	68	46	38	0	68	65	13	40	67	32	92	72	33	58	14	71	61	72	23	50	77	60	71	64	29	30	7	12	
21	31	45	58	63	4	34	72	41	75	9	29	37	55	23	47	0	64	42	5	41	85	52	50	49	67	32	26	26	30	37	30	53	59	38	31	50	58	45	43	
10	44	2	49	2	13	12	58	6	44	43	59	48	40	35	21	49	0	37	42	14	51	36	55	14	50	14	4	41	33	1	16	56	71	16	40	27	13	51	26	
39	44	39	60	43	5	23	26	35	59	2	50	49	51	22	54	40	18	0	17	2	56	55	52	2	7	48	15	2	33	54	17	44	17	19	40	74	47	11	46	
32	46	20	46	5	38	39	48	21	62	3	4	51	23	16	22	45	44	12	0	29	34	16	25	13	46	41	31	7	22	29	43	30	17	17	33	59	6	14	18	
36	80	4	57	32	57	20	64	32	66	59	67	8	28	5	51	55	59	45	37	0	15	50	33	48	60	7	12	36	76	50	24	3	72	23	49	68	15	4	5	
46	82	24	67	30	19	9	26	15	35	56	57	43	58	50	33	50	53	46	66	6	0	52	62	46	48	2	22	71	63	27	34	48	69	9	43	20	31	49	43	
33	17	27	46	24	6	17	60	29	63	43	27	47	45	33	45	13	13	28	39	30	75	0	48	2	26	24	9	46	18	46	21	38	36	21	46	54	41	35	41	
55	74	34	21	31	50	6	36	51	22	50	47	10	53	59	14	47	5	33	69	24	44	41	0	33	37	52	31	55	67	48	43	66	23	43	68	74	42	49	19	
52	36	46	65	43	20	34	20	24	52	41	39	11	1	26	52	11	24	47	37	28	1	3	60	0	45	27	28	43	8	38	40	31	14	40	11	59	12	26	16	
28	31	36	28	61	57	20	44	32	66	22	34	44	48	33	7	57	17	42	28	48	70	77	55	49	0	12	12	43	55	24	24	49	29	24	49	59	44	45	46	
45	5	22	34	58	28	45	41	41	10	33	24	35	37	24	35	3	38	16	29	26	5	28	37	19	39	0	39	32	6	29	18	14	33	24	33	36	30	11	38	
17	75	17	38	80	38	1	69	13	47	54	48	37	29	60	32	38	51	26	37	29	72	82	44	58	41	75	0	43	89	32	5	71	66	5	30	78	25	64	47	
42	7	8	32	45	51	7	33	28	20	53	11	25	44	15	29	45	22	18	40	28	42	70	13	25	10	46	18	0	65	36	30	37	35	30	8	44	40	27	16	
55	40	48	61	47	29	25	27	52	40	45	43	14	64	3	29	36	36	51	54	5	59	7	64	25	49	4	32	32	0	68	44	8	57	44	50	41	55	3	17	
53	67	41	44	11	49	36	30	42	51	58	25	15	58	30	43	63	63	28	33	21	75	34	25	28	72	22	45	42	12	0	50	15	83	55	40	67	14	30	35	
21	43	49	50	8	32	16	64	55	37	23	47	41	68	40	54	39	16	3	55	14	68	10	7	28	49	18	35	44	22	57	0	45	11	33	59	58	5	40	43	
17	28	14	34	47	47	44	46	28	2	10	13	33	13	5	31	54	54	13	56	24	41	25	34	13	31	23	41	38	4	38	53	0	56	43	21	54	22	22	27	
34	42	13	41	18	33	17	67	56	1	34	50	66	7	8	31	40	27	12	17	57	41	11	4	12	30	42	36	29	45	63	48	15	0	48	18	36	21	60	10	
54	61	28	71	46	56	48	51	29	73	8	12	66	20	24	30	31	59	17	50	24	32	80	33	11	64	70	40	17	74	37	52	38	25	0	62	39	33	8	26	
46	35	16	63	31	24	20	6	35	4	12	45	22	35	51	24	15	31	15	8	46	2	2	30	15	20	42	27	40	36	46	39	27	54	39	0	16	12	6	28	
50	31	37	54	23	39	34	53	45	25	30	28	4	56	4	46	14	4	14	40	30	14	45	49	36	54	42	26	29	23	47	38	10	59	32	12	0	45	41	42	
51	66	22	55	43	39	45	31	57	79	1	57	20	62	36	65	14	59	18	40	29	83	73	72	5	15	67	37	22	65	9	49	37	67	49	12	10	0	72	69	
53	33	23	30	22	32	15	43	38	53	2	21	30	54	19	11	39	33	2	21	21	73	10	42	28	19	20	29	48	1	46	19	24	11	41	61	46	36	0	33	
48	51	14	5	78	49	32	66	22	6	39	70	68	37	7	32	54	60	17	58	54	10	65	45	2	35	7	24	42	43	49	36	66	74	36	11	5	26	26	0	
M2
0	60	34	69	71	54	74	71	15	80	44	64	27	49	66	45	43	78	36	70	5	36	84	72	40	53	32	42	10	75	63	70	15	65	10	49	55	66	60	57	
26	0	19	8	48	45	17	23	1	38	25	26	2	65	53	58	45	2	33	30	13	67	38	33	29	49	33	54	33	34	47	22	40	43	32	1	21	39	12	35	
24	56	0	66	39	83	30	54	18	25	63	46	8	75	81	72	43	22	31	19	11	76	88	11	67	78	71	29	71	67	43	60	38	79	67	39	44	28	10	62	
13	22	44	0	42	81	55	56	3	25	15	62	44	56	40	45	58	11	67	34	20	54	25	20	44	68	54	64	56	62	67	58	64	30	68	37	28	39	13	58	
36	46	45	59	0	26	26	15	9	18	51	52	28	66	68	70	74	37	49	47	39	1	43	39	55	74	38	69	50	23	30	8	60	25	58	27	18	53	38	90	
32	41	25	14	59	0	62	34	22	44	34	37	53	62	59	8	39	30	53	19	24	5	44	39	40	64	43	51	44	52	58	33	49	49	24	12	27	15	23	71	
19	56	42	46	57	2	0	52	35	44	54	47	61	78	24	53	32	50	31	28	42	1	66	62	11	11	34	6	62	54	21	51	43	22	50	30	23	24	41	29	
36	9	20	18	5	16	10	0	26	42	26	6	29	67	23	58	35	29	56	3	14	61	48	43	30	41	34	42	34	44	48	15	31	6	33	2	42	36	13	35	
51	42	15	41	8	9	29	14	0	28	54	1	48	31	56	36	14	33	36	5	39	63	71	29	33	43	56	42	38	40	34	71	3	32	54	50	15	38	35	12	
31	42	42	55	36	6	31	14	43	0	63	59	33	32	36	49	44	4	69	8	59	65	71	22	47	23	51	41	45	4	52	49	38	63	44	53	8	5	61	26	
40	23	11	42	9	50	42	48	35	18	0	68	46	23	48	21	56	46	48	17	27	46	29	38	11	35	21	31	23	29	34	27	47	3	43	62	38	6	46	25	
30	33	3	32	26	27	20	2	25	31	20	0	24	43	38	27	39	3	38	42	41	22	62	35	1	25	24	33	45	2	24	4	58	41	7	51	39	11	38	3	
46	31	65	65	39	11	26	69	26	67	59	2	0	64	58	48	58	40	44	30	59	18	48	68	30	45	50	21	69	43	41	48	60	51	34	47	39	4	15	82	
44	38	24	43	53	16	31	28	36	51	30	15	47	0	49	38	36	10	5	53	6	48	62	62	12	36	11	15	38	42	23	27	12	51	21	6	50	44	17	14	
25	47	32	42	37	25	30	60	41	46	10	27	16	51	0	4	38	34	54	34	12	27	17	66	17	17	36	8	35	2	40	39	64	12	56	57	49	30	11	13	
55	47	31	37	44	22	82	35	45	41	22	3	38	47	21	0	17	30	43	14	25	48	60	62	41	51	24	53	9	47	59	18	33	43	44	13	58	17	20	65	
16	15	38	31	22	44	20	16	37	9	51	44	41	80	21	12	0	17	46	25	32	44	61	56	53	8	67	57	63	24	45	21	22	57	36	48	20	21	49	32	
59	43	37	68	31	28	45	26	8	32	8	37	25	12	42	20	46	0	46	43	4	27	55	33	37	51	47	57	47	34	52	5	43	24	15	60	15	32	43	51	
39	2	53	21	47	44	29	42	29	48	26	47	41	67	29	46	53	37	0	46	46	42	51	46	39	53	41	38	63	15	9	21	70	47	25	35	10	2	39	69	
20	8	14	68	28	60	42	38	6	64	40	41	49	74	63	26	12	40	53	0	28	29	56	23	44	59	29	15	48	39	35	37	1	31	43	16	61	4	24	74	
12	40	44	13	60	57	17	64	21	43	33	40	37	73	17	44	25	22	51	9	0	47	9	38	14	4	37	14	54	56	14	57	28	4	43	44	46	17	31	57	
44	10	29	76	39	1	2	34	34	40	82	71	33	36	49	3	51	46	42	52	62	0	31	54	68	36	75	29	24	42	50	13	44	73	63	76	2	33	66	77	
38	47	32	26	36	33	25	31	22	37	46	19	30	23	43	7	48	34	29	47	36	62	0	51	6	30	3	43	14	39	29	10	54	61	2	68	3	43	5	13	
36	14	20	18	20	37	18	35	26	38	38	53	34	72	45	25	37	22	55	36	43	48	48	0	22	32	39	31	48	29	15	14	3	24	51	58	37	45	36	1	
16	36	48	19	30	44	45	68	8	49	39	44	55	51	21	52	29	35	21	25	44	40	49	35	0	8	7	35	75	35	7	61	44	54	25	48	52	21	37	40	
3	47	35	74	69	71	65	55	47	38	59	31	45	82	8	43	16	47	65	12	35	65	74	64	63	0	54	44	67	47	32	48	42	44	34	35	71	8	46	48	
51	7	41	66	8	32	49	10	49	3	49	63	29	41	56	66	64	42	9	48	5	94	11	38	71	43	0	69	51	38	61	9	63	63	72	59	49	33	70	61	
60	61	46	49	57	31	45	5	36	22	34	10	40	31	60	52	36	3	23	55	36	51	12	57	40	58	4	0	14	56	32	31	83	55	24	54	64	58	65	28	
19	63	8	63	1	23	64	41	53	54	52	12	10	75	24	59	32	12	66	28	46	40	80	11	36	11	12	9	0	23	48	64	35	15	30	51	76	24	45	47	
28	70	36	45	37	6	28	40	53	66	42	43	21	65	46	75	39	16	73	35	30	7	35	70	46	70	50	67	23	0	64	39	23	38	49	18	21	31	10	63	
22	10	34	61	63	60	8	38	38	57	40	8	18	32	8	15	14	53	78	31	16	3	15	57	44	14	48	9	38	23	0	37	55	59	16	16	64	27	27	32	
69	20	64	52	8	5	56	3	22	9	72	56	2	77	67	57	62	15	23	21	58	67	47	34	44	68	67	63	24	11	34	0	36	56	66	52	22	27	59	67	
59	8	8	81	16	49	65	20	27	53	65	61	43	30	33	38	69	38	66	54	39	88	91	46	69	73	58	20	57	55	65	26	0	5	58	41	21	63	45	62	
10	40	25	35	49	46	23	31	33	42	31	12	43	49	15	30	23	27	64	19	30	47	65	30	27	2	2	33	2	34	39	23	49	0	41	18	42	15	29	6	
8	38	23	33	63	61	8	39	41	41	41	42	42	23	14	16	28	25	62	6	5	64	28	58	25	7	48	24	23	8	44	38	26	54	0	17	40	20	28	4	
50	49	8	53	37	34	65	12	42	38	14	15	31	55	55	53	44	44	52	49	2	63	50	46	18	42	22	63	22	34	36	11	29	35	21	0	51	28	1	57	
25	38	19	48	66	53	36	53	56	24	68	14	22	48	30	43	23	40	24	23	57	23	78	52	40	17	45	48	66	32	54	70	53	25	56	56	0	30	25	19	
8	5	53	32	36	33	51	31	6	32	52	28	30	40	25	10	35	43	51	10	52	46	32	30	58	37	12	2	52	5	13	10	40	56	5	55	30	0	46	66	
37	46	11	19	17	45	29	43	1	49	39	70	42	49	23	69	19	35	47	51	44	66	49	44	10	34	14	47	64	51	33	22	22	54	51	61	52	47	0	57	
27	22	7	17	55	69	5	48	25	25	37	55	26	59	32	12	24	9	46	36	42	65	47	42	9	19	32	18	35	16	32	58	66	38	38	59	24	32	35	0	
M3
0	24	10	53	24	64	58	60	44	58	42	46	22	19	64	34	17	34	62	44	68	43	44	13	45	39	55	7	24	27	24	64	14	34	38	46	2	51	57	47	
49	0	37	49	52	77	54	29	72	81	69	1	82	30	58	69	63	58	40	3	55	70	20	64	68	52	28	76	37	29	41	79	23	70	60	27	55	52	70	6	
2	3	0	36	57	18	39	51	2	12	32	24	33	23	78	81	52	70	43	27	44	33	44	5	37	50	52	61	35	53	65	48	47	14	40	30	54	43	37	30	
52	22	66	0	61	6	66	17	57	9	33	44	11	62	33	60	49	22	79	46	72	81	63	52	52	2	19	22	63	60	42	74	42	48	54	18	53	10	50	14	
23	51	63	55	0	25	75	70	66	52	41	73	33	55	21	53	68	8	58	60	26	7	58	60	44	20	12	57	45	23	75	28	50	60	23	39	34	68	54	28	
59	61	50	35	28	0	26	24	35	46	30	36	48	57	60	51	2	55	81	30	58	8	64	37	14	25	59	51	10	36	25	65	25	74	24	59	60	51	37	19	
61	58	46	40	19	63	0	79	2	64	53	65	40	55	59	17	7	42	74	60	38	45	13	30	37	36	31	68	46	61	77	41	58	37	18	68	54	62	9	47	
3	73	32	66	78	35	55	0	68	26	33	92	77	65	75	49	40	31	72	62	57	45	57	34	56	34	56	75	64	11	54	81	6	36	17	3	4	29	83	29	
45	18	6	35	58	62	20	50	0	42	42	40	7	64	38	49	48	46	62	42	76	53	57	13	45	58	21	28	43	28	74	8	58	46	6	58	14	51	19	45	
71	17	37	9	29	9	26	51	53	0	50	39	32	55	60	66	2	56	75	41	25	49	58	68	31	53	27	54	41	67	19	49	49	1	61	46	64	22	56	42	
48	53	23	38	55	73	64	47	63	27	0	23	37	56	41	49	51	3	58	69	66	16	46	51	42	62	21	40	65	62	2	11	38	51	76	12	83	71	12	12	
6	22	42	11	42	18	24	19	51	47	45	0	77	73	46	51	21	55	49	46	43	68	39	16	48	61	31	25	46	62	4	16	32	73	67	4	41	3	42	49	
54	45	72	56	63	76	70	38	55	62	46	67	0	74	40	75	33	20	82	69	42	51	80	64	7	25	34	52	78	64	97	29	62	74	9	65	74	80	5	42	
44	45	4	35	53	56	64	26	44	53	11	15	28	0	66	57	70	63	66	69	66	25	85	47	69	28	80	3	77	46	10	85	64	56	53	12	62	84	48	72	
37	42	18	66	23	51	32	2	35	19	31	60	39	32	0	58	44	14	19	34	17	6	67	10	32	29	38	58	14	45	45	41	28	40	20	32	8	46	12	34	
54	48	53	44	35	52	47	35	25	13	60	70	10	60	7	0	46	62	80	17	36	46	24	31	51	28	49	46	13	38	38	17	28	24	14	53	52	69	43	53	
65	35	40	28	48	60	69	61	66	13	22	57	39	49	1	47	0	37	59	16	34	46	37	66	5	47	6	25	50	51	16	58	53	37	14	49	5	21	59	25	
64	6	38	10	26	23	60	29	72	45	41	22	60	38	47	40	61	0	53	30	70	39	38	81	8	65	25	74	57	47	66	73	50	13	61	15	25	68	90	33	
14	44	14	70	40	33	70	72	54	45	44	10	35	75	66	45	8	46	0	2	19	66	69	30	20	13	44	26	36	24	37	43	43	28	32	54	57	12	36	36	
83	59	43	23	56	59	30	60	3	12	17	39	40	54	34	32	52	51	65	0	36	34	58	32	54	55	14	49	58	24	40	49	36	17	7	50	19	28	31	12	
45	9	24	35	5	18	71	49	62	10	9	31	47	60	38	25	48	32	70	33	0	31	34	50	2	29	36	37	67	47	67	8	8	18	20	19	58	26	24	1	
53	35	52	43	32	76	72	18	67	74	59	30	75	74	28	62	53	32	79	34	48	0	13	34	64	55	34	9	40	48	71	16	55	49	53	20	17	57	18	7	
24	27	41	31	23	36	42	33	69	28	27	19	29	45	45	33	41	50	33	28	2	41	0	30	20	23	54	23	8	64	35	26	23	27	31	37	39	16	41	1	
41	42	1	53	27	45	39	41	29	20	4	63	72	52	56	54	38	43	24	25	57	38	57	0	7	20	55	46	5	63	36	26	20	38	28	34	49	13	38	42	
73	75	55	62	50	61	60	52	19	36	80	54	59	31	2	20	56	10	33	24	68	1	53	51	0	43	41	41	28	1	48	36	20	52	38	46	20	69	52	38	
4	38	28	9	14	58	52	68	22	13	31	60	51	31	54	61	53	41	51	32	59	40	31	2	34	0	20	16	32	24	53	53	18	52	55	61	67	40	33	11	
50	46	35	39	8	40	29	46	46	47	42	64	60	9	48	7	43	35	68	14	21	34	12	26	39	7	0	54	10	50	41	30	25	55	33	55	58	29	43	38	
42	43	2	48	36	41	65	58	42	1	54	24	63	63	39	30	33	24	48	48	41	62	55	45	16	30	52	0	68	33	48	22	65	40	25	70	31	6	9	33	
55	42	31	63	13	31	25	27	52	63	47	60	65	38	53	49	24	40	67	11	58	24	63	18	50	6	44	35	0	55	22	60	6	81	14	45	63	56	24	41	
14	6	9	51	46	50	60	21	49	59	38	24	17	6	34	45	80	30	14	30	51	72	16	37	16	45	4	42	48	0	33	68	50	28	50	54	47	45	56	33	
39	10	38	49	33	49	62	4	66	2	41	32	32	61	40	6	19	17	15	34	41	52	51	12	44	57	29	55	42	20	0	60	42	41	38	38	40	48	2	37	
13	39	44	3	60	72	56	18	72	61	47	61	64	61	6	59	16	56	41	42	54	81	64	18	24	59	18	5	48	44	79	0	56	80	59	53	54	36	2	33	
54	68	56	54	44	61	24	50	12	64	46	69	57	37	84	21	55	37	39	42	46	32	17	49	52	37	10	66	22	50	51	58	0	39	45	19	32	19	25	46	
23	34	44	60	30	43	73	17	60	16	15	6	44	68	63	50	45	2	60	58	9	50	56	71	27	21	29	3	73	60	73	33	33	0	45	44	9	9	35	26	
43	17	3	53	25	58	10	14	37	43	4	7	74	64	15	20	42	52	5	6	24	20	48	9	41	6	21	70	39	57	47	47	30	55	0	40	35	3	44	41	
73	42	58	26	49	40	5	49	18	35	66	53	63	38	33	6	37	4	60	54	41	25	43	39	59	25	61	78	34	65	4	64	35	67	18	0	44	77	39	58	
38	43	6	70	64	47	46	71	36	56	55	65	44	32	63	49	7	3	68	62	77	12	84	49	23	20	56	42	42	84	66	82	57	3	7	15	0	77	75	70	
4	3	41	73	5	41	35	37	62	32	19	25	57	20	21	50	34	32	13	11	50	9	44	28	43	16	17	29	1	47	3	52	16	41	24	15	9	0	18	30	
72	33	32	53	53	34	12	72	39	6	35	55	74	65	44	54	44	74	55	20	32	69	50	6	23	51	24	21	36	44	63	56	4	45	55	65	45	44	0	49	
77	37	56	41	37	3	11	54	38	42	41	13	61	48	14	32	43	21	44	61	16	32	49	34	9	55	14	69	58	74	13	40	40	50	5	47	66	58	13	0	
