40  6  1
6
	0	42	1	67	2	79	3	84	4	15	5	39
	0	79	1	40	2	64	3	98	4	100	5	21
	0	13	1	94	2	80	3	56	4	66	5	1
	0	86	1	61	2	2	3	81	4	41	5	54
	0	93	1	91	2	29	3	48	4	21	5	16
	0	72	1	91	2	22	3	64	4	85	5	31
	0	52	1	64	2	69	3	26	4	68	5	42
	0	87	1	18	2	69	3	79	4	38	5	56
	0	25	1	66	2	32	3	29	4	16	5	9
	0	5	1	44	2	34	3	57	4	58	5	61
	0	25	1	51	2	97	3	64	4	88	5	19
	0	95	1	52	2	50	3	64	4	20	5	45
	0	67	1	14	2	99	3	62	4	48	5	44
	0	3	1	23	2	96	3	80	4	73	5	50
	0	83	1	45	2	33	3	4	4	48	5	12
	0	57	1	62	2	58	3	65	4	69	5	26
	0	67	1	97	2	15	3	24	4	88	5	82
	0	32	1	32	2	30	3	8	4	88	5	44
	0	97	1	54	2	85	3	49	4	32	5	50
	0	39	1	15	2	49	3	63	4	87	5	70
	0	9	1	67	2	75	3	32	4	8	5	30
	0	34	1	44	2	92	3	100	4	50	5	3
	0	30	1	75	2	75	3	78	4	88	5	4
	0	49	1	81	2	93	3	36	4	15	5	31
	0	96	1	25	2	58	3	94	4	45	5	50
	0	96	1	32	2	51	3	25	4	6	5	76
	0	94	1	82	2	59	3	91	4	3	5	71
	0	98	1	20	2	24	3	12	4	90	5	20
	0	27	1	74	2	25	3	20	4	48	5	85
	0	47	1	64	2	57	3	91	4	50	5	30
	0	84	1	11	2	61	3	31	4	63	5	75
	0	88	1	29	2	68	3	20	4	30	5	38
	0	50	1	91	2	54	3	85	4	98	5	78
	0	88	1	52	2	91	3	77	4	100	5	30
	0	5	1	57	2	51	3	46	4	94	5	73
	0	33	1	47	2	62	3	61	4	52	5	59
	0	95	1	97	2	6	3	50	4	17	5	9
	0	56	1	59	2	88	3	80	4	7	5	81
	0	65	1	73	2	49	3	15	4	83	5	63
	0	9	1	10	2	41	3	73	4	20	5	77
SSD
M0
0	77	47	22	52	71	39	14	48	65	71	60	30	72	93	61	36	99	84	52	74	24	10	31	5	74	68	35	50	64	23	60	63	52	76	16	71	38	83	63	
34	0	65	22	19	47	53	19	64	31	8	42	48	43	49	15	48	82	52	27	51	6	26	52	31	77	36	83	26	51	35	33	37	13	48	27	2	13	41	78	
22	17	0	25	49	58	23	60	30	13	19	17	40	25	41	38	63	59	37	23	62	49	31	37	25	14	8	7	7	18	35	10	19	39	16	25	11	19	43	3	
60	16	61	0	40	29	57	20	72	51	10	48	63	55	78	57	66	30	19	72	53	97	81	13	69	45	38	75	59	24	40	69	18	10	50	25	66	79	43	53	
57	43	64	51	0	32	61	55	50	48	54	40	75	58	1	13	75	71	68	8	62	4	52	59	43	40	40	65	69	31	69	68	54	58	54	48	75	24	3	59	
25	40	50	28	39	0	16	35	54	16	22	11	23	6	32	70	36	70	18	32	44	48	37	30	33	30	49	46	59	40	75	29	22	27	9	25	53	67	24	57	
31	68	48	34	58	67	0	67	48	22	28	39	38	34	42	53	72	71	46	8	61	16	72	70	74	2	55	13	42	56	48	52	5	65	64	8	63	73	35	59	
22	28	2	36	52	58	22	0	45	24	30	32	24	36	52	39	67	65	48	21	73	18	22	36	36	3	23	22	8	33	50	25	30	23	15	36	26	34	54	14	
51	60	65	50	31	40	48	16	0	54	1	38	49	46	73	99	54	26	31	63	44	88	56	4	57	58	29	80	68	20	54	59	7	38	41	65	57	43	34	58	
4	41	29	7	31	40	22	42	72	0	1	12	22	7	23	61	45	71	19	31	44	49	56	43	47	56	29	49	49	60	54	30	1	38	41	26	53	46	25	45	
25	34	64	24	5	14	22	77	60	30	0	23	43	20	47	75	31	84	19	46	18	62	77	22	39	48	3	69	57	46	28	43	36	12	15	39	31	81	8	47	
30	25	55	25	35	50	9	49	8	21	11	0	30	31	49	52	54	59	37	57	54	73	31	1	26	22	28	33	21	30	64	32	25	45	2	32	67	61	44	11	
20	21	45	23	38	19	27	10	32	11	17	28	0	23	20	23	22	75	35	47	60	65	72	22	29	18	10	29	17	26	29	15	17	19	57	29	67	57	41	7	
16	40	41	19	43	42	34	54	65	7	13	2	34	0	35	61	57	61	9	23	56	39	68	55	59	59	41	61	50	64	66	20	13	50	52	16	44	58	15	48	
20	48	81	46	75	88	20	76	38	47	53	57	51	52	0	77	35	30	61	16	70	86	68	44	47	30	15	27	52	47	12	31	14	90	23	48	66	67	47	67	
11	32	2	40	57	35	22	67	45	28	27	10	55	40	56	0	8	74	18	38	70	64	26	52	10	27	23	22	22	33	50	7	3	54	31	40	26	34	48	18	
52	83	66	3	40	39	33	87	76	43	49	60	34	55	71	7	0	2	20	70	84	49	89	26	46	41	77	12	35	68	71	59	24	66	37	26	38	43	32	77	
55	57	80	58	71	63	50	53	49	46	52	41	1	36	74	59	63	0	8	40	72	78	55	3	12	7	52	84	48	49	64	58	52	61	43	14	4	69	53	62	
32	12	34	35	32	37	23	57	51	23	2	40	50	35	7	62	57	99	0	59	44	77	13	49	14	61	30	54	43	44	55	41	20	39	42	54	57	52	34	50	
18	26	45	23	47	56	32	40	3	11	17	14	38	11	27	53	28	24	23	0	15	40	70	32	34	23	8	34	22	22	46	33	12	48	57	30	28	62	29	12	
37	29	71	37	109	91	62	81	84	79	82	7	47	84	66	67	4	73	69	97	0	53	89	38	59	35	79	83	36	79	22	67	15	44	55	95	4	87	23	87	
19	45	26	13	46	53	37	17	27	10	16	2	37	20	38	63	60	78	30	46	59	0	60	21	62	37	27	46	32	41	31	38	16	53	39	39	50	58	38	42	
1	38	82	63	64	73	14	49	8	51	34	62	69	63	79	72	46	59	64	29	77	48	0	35	48	49	58	63	41	53	66	62	23	19	41	59	68	76	67	41	
10	47	35	13	37	45	28	48	49	1	7	18	28	13	29	62	11	73	15	10	50	40	48	0	53	5	5	55	43	48	47	36	7	44	45	17	59	17	31	33	
33	33	3	36	60	69	3	63	22	24	30	23	51	36	52	54	74	67	48	23	73	65	47	42	0	13	24	23	23	34	51	26	30	55	25	41	27	35	54	19	
8	36	10	44	68	49	42	47	53	32	38	17	22	38	3	52	11	18	50	13	55	72	22	53	44	0	28	1	30	14	52	33	38	24	39	44	34	42	56	22	
60	55	25	63	65	52	51	73	55	51	49	55	50	63	79	30	14	33	15	46	73	33	52	12	63	24	0	45	44	10	73	48	57	59	54	63	37	5	71	41	
71	70	96	35	62	55	46	78	67	62	44	56	45	74	49	48	53	108	41	70	40	49	99	77	72	64	16	0	43	30	48	53	12	81	77	9	41	47	72	60	
47	21	63	50	49	58	51	48	72	38	19	33	65	28	58	4	68	92	40	54	62	27	87	58	68	56	47	49	0	16	72	51	44	56	44	47	24	89	46	79	
34	48	35	37	19	70	26	50	9	25	31	42	47	37	53	65	64	60	49	61	59	42	79	4	10	45	51	55	44	0	83	28	31	68	19	20	47	57	15	34	
40	13	61	30	34	43	14	48	46	31	4	28	35	36	59	11	59	67	32	4	47	7	79	28	28	40	32	67	65	17	0	59	15	11	7	55	60	37	37	55	
23	18	48	26	2	59	24	6	44	14	20	24	41	26	13	45	21	25	18	17	8	8	65	55	26	15	21	17	14	23	39	0	20	40	60	26	21	14	25	4	
35	56	53	66	64	26	68	16	65	66	72	18	64	78	39	96	33	82	90	44	20	82	51	63	52	17	73	73	65	45	51	2	0	46	81	78	33	28	52	56	
23	49	32	41	65	15	26	68	67	29	35	24	51	19	57	34	43	83	12	45	78	17	29	72	57	46	52	52	3	46	80	42	35	0	61	38	50	36	37	35	
28	65	53	18	55	64	2	65	40	19	25	29	23	24	47	85	47	88	36	50	68	66	67	16	19	28	53	67	59	26	78	47	18	62	0	43	71	61	42	59	
37	32	62	40	60	69	38	75	71	28	30	38	55	33	56	12	38	66	45	38	25	55	86	35	40	29	35	40	1	15	56	11	33	54	70	0	38	68	51	18	
39	85	60	39	89	79	91	75	34	81	60	4	35	92	19	17	51	85	90	42	90	38	59	63	31	82	35	80	77	29	19	15	66	97	88	93	0	69	17	71	
21	16	62	16	30	73	46	71	64	28	34	40	55	35	56	36	78	22	19	61	75	20	73	28	66	61	50	82	51	65	74	18	23	67	74	17	58	0	10	68	
14	24	39	17	41	36	32	52	33	5	11	22	32	17	23	16	55	11	29	41	54	33	66	1	55	50	26	59	43	4	64	5	11	48	38	36	44	42	0	55	
10	5	35	13	37	46	11	48	66	1	7	18	28	13	29	32	51	77	25	37	50	55	59	49	13	2	8	13	1	10	54	12	7	27	47	13	52	41	31	0	
M1
0	39	68	39	57	1	8	73	47	52	73	59	45	41	66	39	88	75	15	68	45	81	51	50	13	50	10	42	42	92	58	69	79	78	11	60	65	41	79	59	
45	0	29	102	67	16	41	69	32	61	71	39	42	88	66	50	53	70	10	87	87	69	58	8	55	46	17	38	68	32	82	63	36	43	73	14	73	91	88	79	
45	77	0	55	78	44	43	78	58	15	39	53	50	51	36	23	7	76	2	52	7	73	21	55	18	55	18	20	17	65	52	40	56	67	79	42	64	64	41	36	
61	66	41	0	16	33	28	29	8	83	12	46	1	5	10	56	57	31	49	33	24	46	17	47	54	40	43	60	8	52	64	33	62	62	66	16	29	12	65	71	
30	17	68	52	0	26	62	48	38	64	29	27	58	1	28	1	76	32	44	28	49	59	33	65	47	31	35	56	34	26	8	28	32	49	62	39	25	20	55	12	
55	57	46	50	71	0	51	34	88	81	35	51	6	31	58	89	24	15	58	59	73	18	22	52	67	61	3	68	77	44	50	53	56	88	57	21	55	21	76	68	
27	48	28	68	75	9	0	60	40	25	61	6	32	45	72	64	16	33	57	54	39	55	45	70	38	48	13	2	42	47	63	9	24	49	40	41	13	58	61	47	
71	29	53	33	57	12	37	0	69	67	26	35	73	60	71	42	10	1	22	17	38	67	13	27	33	46	62	77	34	63	36	1	29	46	43	33	41	46	24	27	
65	16	76	67	16	51	72	47	0	52	73	22	85	84	65	44	75	60	34	19	40	23	67	64	40	9	20	57	55	88	52	66	54	25	59	61	23	22	81	70	
13	45	41	61	77	33	63	29	83	0	30	46	1	92	68	69	18	27	69	57	78	46	17	47	71	34	1	79	15	85	57	48	46	50	27	16	61	50	71	41	
23	79	35	27	80	56	8	58	2	69	0	59	80	11	38	50	80	28	55	39	3	69	40	72	35	15	49	63	37	23	58	4	49	29	70	36	35	37	82	42	
67	42	69	14	17	30	76	81	25	46	37	0	73	57	78	52	36	40	13	50	70	89	88	39	54	17	43	43	51	52	16	81	54	62	70	87	81	28	35	34	
74	51	26	46	62	18	52	14	68	82	15	31	0	77	53	74	42	16	54	48	69	47	2	32	65	62	76	80	57	70	49	33	47	77	51	1	60	35	56	59	
33	65	44	65	76	40	58	24	57	55	9	42	62	0	4	47	52	43	21	5	26	35	41	63	26	12	15	32	31	51	59	5	40	34	74	15	1	34	59	43	
54	87	54	88	55	58	55	45	67	36	21	71	59	35	0	1	73	64	61	63	73	77	71	90	67	70	33	29	68	2	61	35	61	42	29	67	59	73	10	73	
45	70	46	25	32	32	43	59	58	1	27	36	31	89	30	0	63	18	38	22	43	61	42	48	11	64	11	20	60	77	53	70	57	51	60	39	84	51	79	71	
64	31	71	24	70	54	58	25	7	68	43	1	70	42	37	35	0	44	30	57	78	95	2	9	76	60	16	45	72	64	57	44	61	86	25	54	66	69	67	41	
51	22	20	3	24	35	4	68	60	34	12	22	65	69	47	46	58	0	53	37	26	34	58	57	20	14	30	56	38	39	3	64	9	59	10	15	49	15	35	21	
66	55	25	84	57	64	81	64	18	9	53	20	54	34	16	1	71	49	0	34	55	29	70	83	55	50	54	79	4	63	32	62	69	63	80	46	48	33	71	50	
70	65	71	45	73	20	38	79	37	64	70	22	51	89	56	32	92	26	1	0	6	74	33	43	6	67	35	45	59	85	61	65	20	14	55	27	86	14	89	73	
4	9	78	48	37	19	55	52	73	87	32	22	51	84	49	28	35	35	34	21	0	87	61	57	42	24	19	64	5	32	11	25	25	50	5	57	72	23	55	5	
31	8	9	76	28	55	61	64	44	29	65	35	36	51	78	40	80	46	19	56	61	0	47	56	29	52	56	6	44	73	59	11	56	53	82	43	58	26	65	43	
33	27	60	68	71	1	47	48	64	77	35	2	20	3	30	41	45	50	28	12	33	33	0	2	15	38	41	58	25	49	70	31	47	12	82	35	27	9	23	69	
63	63	7	75	33	30	36	69	65	13	70	54	41	89	57	30	75	71	53	42	36	29	57	0	4	72	33	71	72	83	58	63	45	44	84	56	49	12	3	53	
56	34	60	80	42	1	7	48	52	37	49	25	20	74	28	1	73	50	53	37	7	78	36	12	0	71	4	73	45	54	40	34	72	40	63	29	74	52	70	52	
24	35	42	29	72	10	37	74	54	39	75	50	46	43	42	3	84	71	36	67	37	69	49	30	5	0	34	16	52	58	70	64	74	13	59	59	66	72	66	72	
20	84	62	41	54	26	62	37	3	94	46	29	22	38	56	53	37	36	44	28	49	40	38	68	49	31	0	79	43	48	28	34	32	44	78	37	62	40	12	12	
5	75	6	70	86	42	76	38	18	3	39	55	10	79	77	61	65	40	35	72	66	33	26	48	63	26	48	0	28	54	62	57	55	27	74	25	61	36	39	80	
52	81	26	11	28	20	23	74	66	85	13	28	73	63	8	54	37	33	59	43	5	65	21	29	51	46	36	62	0	45	9	68	39	70	63	80	29	21	17	27	
34	36	35	22	51	4	67	18	47	32	16	34	39	51	48	68	46	37	27	33	7	62	49	63	54	36	52	9	48	0	25	37	8	47	79	27	75	37	60	17	
40	67	65	48	15	21	49	54	62	65	10	8	53	72	51	61	80	13	39	23	43	78	61	70	44	26	16	42	24	25	0	65	27	52	43	60	74	1	36	7	
76	53	88	36	48	23	35	37	54	61	46	26	48	30	53	29	65	43	32	16	35	74	7	40	3	28	32	76	4	33	25	0	16	45	42	3	18	37	71	9	
4	83	41	64	31	37	65	57	65	81	26	24	55	10	37	40	17	29	29	13	25	68	5	57	34	38	32	58	40	8	5	10	0	42	59	42	34	10	52	23	
74	75	71	23	19	21	25	54	39	91	11	12	31	73	51	61	26	46	39	23	19	89	47	2	44	26	16	74	38	30	23	66	27	0	77	46	20	17	69	7	
85	63	72	45	62	22	36	67	81	35	57	37	49	31	57	30	87	60	28	33	36	89	65	40	4	39	33	86	51	25	36	59	40	46	0	42	55	48	82	20	
26	3	58	44	14	54	20	66	70	55	53	48	38	37	5	51	85	9	16	46	41	61	38	21	34	28	60	32	9	52	44	2	47	55	12	0	12	56	60	40	
55	66	42	53	52	24	60	30	68	23	31	16	2	69	53	46	2	32	6	23	22	63	18	37	44	11	23	30	41	24	26	49	30	28	65	17	0	29	39	10	
33	30	30	68	87	46	52	63	46	31	6	70	38	62	71	46	41	68	6	76	52	23	7	16	20	54	29	8	23	28	72	44	83	55	87	28	29	0	67	82	
50	12	26	66	77	41	26	24	18	85	45	43	38	13	40	53	52	43	22	6	27	71	54	47	27	48	51	66	4	40	78	41	41	19	37	44	37	35	0	69	
57	76	70	33	32	4	40	37	58	80	27	7	36	84	34	44	65	30	22	6	27	72	52	64	27	9	33	57	21	42	6	56	10	35	60	48	73	18	52	0	
M2
0	34	48	65	41	40	51	52	49	62	36	64	45	30	1	64	14	72	76	57	49	8	52	59	43	16	43	61	43	46	49	60	78	87	70	35	36	60	33	28	
55	0	35	24	9	64	45	43	58	57	72	87	63	78	55	68	68	28	77	56	56	87	22	45	30	48	59	69	3	30	59	61	14	30	19	68	80	15	2	36	
9	50	0	50	62	25	19	24	62	13	46	48	2	50	14	5	23	60	50	57	21	40	24	48	2	41	15	33	34	33	28	11	63	76	69	48	8	32	26	24	
58	51	49	0	53	63	64	30	36	56	70	61	62	66	80	71	83	92	51	42	50	87	50	19	68	67	89	60	2	29	62	56	31	70	65	42	107	13	58	10	
69	48	28	69	0	56	18	5	69	78	66	73	61	42	80	85	30	88	73	52	68	49	65	75	19	82	62	80	73	61	71	54	76	104	12	59	55	79	59	49	
42	50	31	48	60	0	58	54	66	11	53	89	87	47	69	99	21	13	16	92	57	40	39	53	50	4	44	68	41	65	44	67	16	42	22	49	74	35	65	40	
30	71	34	50	38	5	0	55	1	38	59	75	84	22	52	19	48	15	37	94	34	67	25	18	67	31	46	19	54	73	46	90	43	45	49	71	87	48	46	38	
4	26	4	41	53	24	51	0	43	4	46	98	50	58	35	89	20	57	21	85	9	39	41	53	44	50	27	30	45	65	83	5	62	48	68	5	60	56	58	39	
78	82	62	44	5	90	52	39	0	7	35	43	66	59	65	39	64	49	4	82	57	82	15	4	53	86	68	106	48	62	80	81	77	12	25	65	86	59	25	43	
53	56	41	3	15	68	13	35	41	0	8	66	67	64	24	66	59	19	3	47	16	64	3	24	24	56	27	65	7	34	50	40	36	37	56	34	59	18	20	5	
36	15	47	39	51	47	10	59	38	2	0	95	83	70	51	94	42	1	39	83	52	14	39	59	7	4	32	18	43	70	32	76	72	63	50	38	86	34	56	41	
54	1	4	87	74	17	77	70	42	50	56	0	31	71	65	69	60	52	55	101	13	63	24	51	29	43	7	36	68	52	83	57	3	13	29	88	69	74	67	47	
76	52	10	72	24	68	32	47	44	72	16	1	0	16	12	75	83	62	80	68	3	76	47	55	20	54	24	56	54	56	61	13	33	34	12	44	31	12	49	84	
8	46	9	2	40	27	22	12	40	60	37	51	66	0	51	46	1	35	55	46	3	20	54	23	14	53	15	48	6	33	66	47	19	72	48	30	54	17	38	14	
55	44	14	38	52	56	17	18	15	40	2	30	69	44	0	30	45	56	47	23	15	31	18	25	14	82	9	27	9	27	32	34	64	59	72	1	2	26	20	50	
42	54	12	60	48	16	40	57	21	49	45	40	24	13	50	0	9	7	30	20	9	15	68	41	38	42	22	87	59	30	18	55	27	13	56	38	62	22	33	28	
52	30	64	36	24	11	71	54	30	44	21	98	68	80	35	65	0	43	49	80	51	4	54	57	14	37	45	63	37	63	68	31	49	74	41	14	38	38	52	4	
5	79	16	26	79	66	60	28	64	44	14	64	82	75	85	85	40	0	68	70	60	59	70	47	22	7	1	71	22	49	1	45	59	89	19	69	72	3	72	24	
15	19	46	60	14	53	15	48	85	68	28	94	89	65	57	65	43	4	0	83	59	62	71	56	56	41	35	24	56	1	35	79	30	63	53	50	55	37	70	58	
3	10	55	69	45	63	9	29	56	32	42	1	82	58	61	77	67	73	69	0	15	86	32	90	51	53	23	34	69	41	38	48	54	44	62	67	16	40	34	71	
2	4	69	79	53	45	82	17	42	78	6	57	65	94	74	45	74	23	78	67	0	1	87	24	75	60	54	41	71	39	20	91	82	25	34	43	71	47	42	71	
51	31	52	44	1	71	48	35	11	7	49	20	21	72	42	64	60	60	44	70	2	0	9	41	19	64	32	96	48	43	50	61	13	22	42	45	74	59	2	3	
8	59	57	47	53	40	89	15	59	73	50	106	68	81	64	17	14	69	78	91	65	19	0	16	43	66	74	48	49	76	20	23	62	60	47	43	67	62	38	4	
57	64	79	68	73	71	31	6	36	31	62	51	76	100	75	31	75	73	56	5	47	31	8	0	89	62	58	42	48	15	90	31	93	77	55	80	70	35	31	70	
71	47	55	49	8	45	14	42	68	67	86	75	73	23	73	29	67	42	83	25	36	73	44	51	0	30	35	53	13	40	58	21	60	37	49	1	28	52	46	46	
62	81	72	80	52	39	69	64	15	54	23	90	85	36	63	86	63	63	27	97	2	61	51	4	62	0	55	30	84	28	43	76	77	31	20	92	48	72	42	82	
63	52	74	58	46	33	53	28	52	54	43	105	65	54	57	50	7	28	41	61	25	26	28	56	36	59	0	37	18	37	42	32	71	69	43	36	12	36	24	26	
50	54	56	57	48	5	17	60	54	20	44	71	41	74	9	72	9	15	43	65	57	28	57	44	28	31	17	0	51	69	29	55	43	69	49	38	44	48	22	28	
83	33	78	27	78	36	37	59	65	29	59	90	35	95	87	74	79	71	66	68	75	66	23	48	41	52	62	63	0	2	35	76	56	64	48	71	81	21	61	39	
24	64	44	55	65	38	63	38	69	37	56	112	65	64	67	15	39	73	64	71	35	58	31	76	68	64	3	47	46	0	52	54	41	5	56	61	22	32	16	1	
23	60	75	54	45	63	64	4	8	47	75	49	62	13	74	47	74	56	6	18	45	85	31	44	68	13	30	41	2	4	0	19	66	52	33	78	32	48	25	23	
41	56	1	3	39	14	63	35	2	41	50	66	67	51	26	73	36	6	38	47	26	55	39	24	30	40	37	65	7	34	37	0	36	46	36	47	61	18	42	15	
15	93	58	66	68	55	81	13	76	83	23	71	58	14	50	29	96	37	73	61	14	67	83	52	18	10	68	91	70	68	37	87	0	14	6	77	67	70	34	32	
56	65	45	79	72	9	64	50	83	42	32	56	72	71	48	4	52	44	47	6	1	71	50	38	81	35	8	44	53	44	64	66	47	0	53	80	34	58	52	8	
55	52	1	9	49	35	24	26	47	67	6	59	14	52	55	80	68	70	62	53	23	65	26	30	59	56	17	35	13	35	19	34	13	56	0	53	10	24	28	21	
47	65	16	65	3	60	50	37	64	84	27	64	66	33	16	79	34	12	96	42	64	10	60	45	51	27	43	76	58	76	43	76	49	28	44	0	51	45	33	53	
47	36	62	96	91	48	35	10	87	63	74	87	84	36	39	91	52	58	68	43	7	71	10	87	43	74	1	19	49	19	24	26	56	66	92	63	0	18	12	71	
47	58	58	68	21	67	68	13	88	86	26	7	86	64	55	34	80	12	103	102	70	85	81	81	48	49	43	93	49	72	43	52	10	70	21	85	82	0	36	43	
4	34	1	44	64	51	38	48	70	50	61	92	44	34	75	86	25	31	71	42	66	44	83	65	54	13	62	68	44	26	10	10	13	5	34	48	67	31	0	44	
7	51	24	56	23	65	66	57	68	58	19	101	23	85	85	20	60	85	49	65	49	36	52	42	43	69	78	52	4	31	64	66	17	61	14	89	71	50	7	0	
M3
0	22	30	1	43	21	33	48	17	22	6	41	41	46	44	61	34	9	53	11	22	18	29	25	75	74	42	56	66	21	10	38	39	25	62	35	23	13	5	28	
82	0	69	64	60	16	73	28	41	73	42	2	38	64	75	47	76	51	71	27	18	22	49	71	40	39	58	52	7	63	39	43	48	85	8	39	15	61	78	70	
68	21	0	45	33	37	46	58	49	3	46	35	61	15	38	1	12	66	39	52	53	13	19	26	49	25	45	15	28	13	51	12	42	70	54	48	41	40	50	46	
17	12	21	0	38	44	49	4	36	32	45	12	21	29	4	34	17	32	72	43	11	17	31	31	50	56	50	12	16	31	31	17	47	36	54	20	24	16	16	12	
8	81	79	81	0	11	63	67	36	1	57	60	89	52	70	41	65	75	72	23	75	65	64	17	60	95	35	86	89	87	73	58	41	100	76	41	89	12	82	78	
53	67	64	6	47	0	70	39	8	52	24	21	14	55	61	52	74	72	44	83	39	28	37	57	6	90	73	38	103	84	89	44	44	25	79	16	76	60	39	52	
16	40	48	26	38	40	0	31	7	40	33	30	9	8	11	43	24	39	43	17	40	24	57	8	54	64	46	68	22	51	39	17	43	19	8	60	31	23	23	19	
61	65	52	63	49	61	60	0	7	12	51	59	58	35	41	30	54	66	43	71	44	54	39	37	56	19	71	18	44	66	69	43	43	47	48	40	56	53	27	49	
54	30	71	27	28	54	33	2	0	15	53	23	37	51	57	15	67	42	7	46	86	42	62	41	44	55	40	34	81	54	80	7	7	71	67	60	56	23	69	15	
47	65	61	57	69	22	5	44	24	0	56	61	40	39	24	61	37	52	33	39	53	7	67	39	2	77	77	28	53	49	43	48	60	50	39	73	44	36	36	32	
63	54	23	89	79	53	53	53	71	45	0	81	14	23	33	57	46	41	107	34	42	46	61	29	36	55	74	10	90	51	61	58	76	4	34	67	48	45	45	41	
25	13	19	40	30	66	13	64	46	29	23	0	46	43	49	25	62	64	5	56	29	62	53	22	64	26	78	26	61	54	77	56	21	32	22	79	27	52	12	14	
82	1	70	13	67	73	78	19	71	42	22	15	0	55	33	39	46	61	84	76	62	30	25	33	68	48	19	76	79	9	61	58	45	26	23	76	19	36	45	41	
71	65	75	22	58	21	88	68	79	73	77	87	27	0	88	2	2	63	27	44	66	24	18	56	1	17	28	76	73	75	25	64	32	28	46	35	7	30	56	48	
45	37	33	54	42	36	41	16	34	25	46	44	44	61	0	33	9	24	70	42	25	9	44	28	58	49	54	59	80	36	24	21	39	28	75	45	16	8	8	4	
26	26	77	30	34	59	83	81	50	21	59	36	83	62	75	0	34	73	86	24	87	48	8	15	50	61	46	105	102	85	56	13	51	37	90	17	87	62	85	83	
77	50	59	39	48	28	62	75	78	55	60	78	25	53	87	57	0	37	56	77	41	46	57	55	42	16	68	64	71	49	15	59	6	62	45	12	29	4	74	56	
87	5	23	63	51	4	62	55	67	44	67	45	46	29	78	56	17	0	97	79	46	1	12	49	67	57	25	80	60	4	56	30	47	49	45	18	6	45	29	11	
56	7	15	71	34	54	38	39	29	38	36	67	34	20	19	50	32	47	0	42	48	32	67	22	29	55	77	3	86	51	36	44	62	51	72	45	39	26	31	27	
52	5	37	59	45	43	45	23	41	29	16	51	47	68	3	3	16	31	77	0	21	16	41	32	65	56	51	55	54	24	31	28	46	32	71	52	23	15	12	11	
55	49	34	72	14	25	45	45	63	37	35	43	1	19	25	31	38	53	64	56	0	31	67	21	40	54	72	2	74	50	53	39	23	40	18	59	40	11	37	33	
51	34	26	47	21	33	34	47	57	18	39	42	37	35	41	65	6	21	78	50	18	0	41	21	56	46	30	18	41	33	45	49	24	21	15	42	35	34	1	10	
85	60	67	15	47	19	78	78	80	70	38	76	34	8	58	64	39	86	74	26	1	64	0	51	73	79	75	35	68	83	53	72	56	59	51	68	2	6	70	4	
40	35	26	63	51	8	36	73	67	65	76	53	71	43	73	56	40	22	79	78	76	31	38	0	39	78	55	61	51	34	20	30	61	77	70	48	36	16	59	41	
83	50	10	69	42	8	73	60	72	11	12	28	61	18	40	43	53	37	18	43	69	46	52	61	0	22	20	45	16	23	9	52	41	68	51	63	38	44	52	48	
36	35	33	22	43	24	79	34	37	54	68	45	14	59	81	48	21	22	32	55	24	31	18	14	21	0	27	58	60	34	59	22	51	21	4	48	36	21	46	41	
46	63	86	10	21	61	15	32	48	65	68	18	50	49	52	83	48	75	37	58	58	65	51	42	24	79	0	36	63	26	57	58	39	60	9	21	25	30	64	46	
41	35	48	69	57	51	31	31	49	23	21	59	59	5	11	35	24	39	85	57	40	24	59	7	26	40	63	0	79	36	39	36	54	43	65	60	26	23	23	19	
55	39	42	49	37	44	46	67	36	46	15	39	68	67	64	42	57	32	45	7	65	41	52	50	32	29	49	64	0	39	92	16	72	75	58	58	2	74	69	51	
58	22	33	30	22	21	34	19	38	45	33	24	63	27	24	27	14	9	74	70	45	18	29	29	28	43	34	10	58	0	34	1	5	45	62	35	23	4	28	28	
58	36	38	46	2	61	91	81	50	32	37	32	78	7	61	20	46	77	28	52	45	48	36	47	50	61	46	50	25	52	0	13	10	72	76	63	47	4	73	69	
37	3	76	13	1	58	79	48	17	50	26	3	58	48	61	6	74	72	53	72	64	15	71	14	17	28	13	80	87	55	61	0	53	44	57	69	59	38	52	61	
44	41	28	54	66	68	2	42	35	56	17	37	37	17	39	71	52	67	18	45	61	49	61	36	63	44	43	70	29	75	67	45	0	25	12	88	26	31	51	36	
77	27	42	64	21	32	50	48	17	34	32	48	28	8	84	57	70	45	53	73	34	3	57	37	8	78	78	61	64	52	24	53	1	0	8	68	59	18	17	22	
85	8	53	36	42	52	74	25	12	56	45	47	36	47	39	56	28	62	48	19	3	52	3	36	5	24	62	37	10	69	9	46	47	67	0	39	32	42	51	47	
30	20	71	61	93	92	54	52	36	19	19	46	72	31	91	30	67	80	72	76	63	83	55	65	60	86	105	93	49	52	71	72	72	22	16	0	15	77	46	80	
56	8	42	32	32	71	69	41	69	60	20	75	70	15	31	19	44	59	41	33	60	44	72	63	68	31	83	80	16	71	59	52	48	34	60	16	0	43	43	39	
34	20	18	67	55	19	44	44	62	36	32	57	61	18	24	17	16	7	90	20	46	16	27	20	39	53	28	1	25	19	52	34	46	56	53	33	21	0	36	26	
60	56	10	32	38	49	18	75	51	2	23	56	21	41	55	59	68	63	87	46	2	53	26	5	61	56	66	36	66	50	61	33	25	5	52	89	66	25	0	63	
82	57	32	48	26	30	40	35	4	6	45	56	36	42	35	10	48	44	26	63	24	48	48	27	30	68	24	58	88	29	51	40	40	25	74	50	39	47	7	0	
M4
0	36	41	3	39	27	70	44	25	25	24	64	51	47	15	10	26	36	25	37	39	72	41	6	61	38	19	45	29	33	59	29	34	52	66	24	41	66	66	58	
38	0	10	49	31	42	63	39	72	59	45	65	14	12	34	27	36	41	48	54	41	65	63	40	15	28	66	33	50	40	58	38	64	64	66	2	22	69	29	47	
2	53	0	20	56	44	45	4	37	42	41	31	59	60	32	27	43	53	6	54	40	73	20	23	55	51	36	17	45	48	55	4	10	44	33	3	58	41	18	53	
68	60	62	0	55	38	35	58	20	65	23	61	7	44	27	25	44	4	58	49	71	88	12	58	57	67	73	40	20	44	54	75	29	9	54	78	56	52	77	64	
3	35	39	21	0	41	59	42	23	14	22	27	55	47	1	28	32	42	23	2	47	61	49	24	11	56	17	43	27	51	16	35	32	12	51	22	59	17	9	29	
9	59	59	27	44	0	83	55	17	49	41	58	6	38	39	34	50	11	49	16	63	10	54	30	18	62	43	37	53	57	51	53	56	50	86	48	42	82	74	67	
46	41	34	3	33	1	0	71	48	49	67	81	45	57	55	69	22	40	77	53	53	47	23	67	63	66	71	68	49	38	70	51	41	15	14	41	88	23	48	19	
45	25	65	37	21	26	4	0	63	56	15	69	43	55	43	55	74	38	37	44	27	53	49	64	49	52	57	66	64	8	58	61	53	41	39	39	73	59	6	17	
79	52	26	59	55	2	53	22	0	41	8	25	22	8	60	38	42	61	43	15	63	62	37	22	21	76	37	4	34	49	18	45	52	31	57	42	71	82	66	77	
33	51	69	51	59	69	46	17	53	0	52	94	71	66	39	58	36	58	53	67	61	36	66	54	15	76	47	65	57	15	65	63	17	48	29	52	38	33	58	45	
69	72	56	85	45	39	50	55	21	31	0	62	50	22	67	12	32	45	42	52	65	23	40	12	58	52	61	40	65	36	55	17	46	36	41	46	86	54	12	24	
46	44	46	14	22	25	12	47	44	21	32	0	37	16	44	46	22	58	11	45	18	35	2	2	16	31	60	47	6	11	59	24	44	44	59	59	86	60	52	37	
42	5	15	28	53	69	42	51	51	10	28	58	0	33	29	32	54	47	27	76	43	33	42	34	65	30	45	28	31	26	56	40	25	5	34	48	1	77	58	26	
22	73	12	13	40	9	54	68	59	62	55	22	61	0	17	15	63	29	53	63	60	68	44	43	58	73	56	14	48	53	65	23	19	36	71	9	28	60	70	49	
21	62	67	39	71	63	37	52	51	32	50	59	79	75	0	46	11	69	38	73	60	58	77	38	8	74	45	71	55	34	58	7	50	20	78	50	63	44	8	56	
23	31	14	41	10	41	55	67	54	45	36	58	55	45	32	0	63	34	26	27	49	24	71	44	42	36	48	44	58	26	47	46	59	16	9	51	17	48	40	29	
55	50	45	63	34	32	20	16	14	20	31	55	12	38	56	31	0	45	55	20	58	81	66	1	31	45	67	3	52	28	36	24	48	51	66	7	61	32	41	44	
33	62	33	7	39	71	48	52	57	25	23	26	38	15	21	47	2	0	38	62	19	9	41	6	41	6	51	34	28	33	61	7	14	3	9	5	22	44	23	38	
42	16	40	58	58	19	37	39	1	44	25	39	21	22	49	10	43	42	0	32	2	41	24	25	17	13	27	4	24	10	17	9	2	28	32	32	70	19	38	21	
55	63	44	41	62	56	53	11	38	48	34	30	49	26	8	2	43	60	27	0	30	56	40	29	30	17	32	41	38	7	69	12	47	52	37	37	14	49	42	39	
67	48	44	62	51	54	61	72	36	48	15	54	11	26	70	20	47	32	21	64	0	64	14	29	14	17	47	45	29	46	42	27	18	18	33	33	60	44	39	11	
22	36	72	40	74	23	69	38	56	62	44	80	40	54	52	47	63	9	50	65	21	0	43	43	43	45	56	49	58	50	60	28	3	47	62	61	78	31	56	40	
52	42	50	60	36	26	23	46	8	43	32	49	41	23	5	31	64	36	23	39	57	78	0	46	45	68	61	18	12	27	34	41	45	55	2	37	86	68	4	15	
42	63	29	58	18	76	49	53	58	4	15	43	64	50	40	67	5	70	39	41	54	77	65	0	50	41	52	37	38	12	55	8	51	35	79	57	77	45	48	57	
63	23	32	14	90	53	44	48	35	79	8	55	29	59	52	47	76	39	5	66	39	5	61	62	0	50	47	36	57	11	5	3	39	24	69	52	72	40	55	52	
45	59	21	39	39	63	45	49	45	25	11	31	26	3	61	35	24	47	35	62	7	73	29	6	29	0	48	22	16	33	57	4	33	33	48	23	73	41	54	26	
46	35	19	39	45	21	52	22	3	31	2	44	41	27	20	45	32	54	3	34	37	76	56	12	40	48	0	23	7	32	37	35	12	30	44	2	68	54	48	56	
34	51	3	35	10	1	64	24	19	19	18	43	57	39	32	59	27	70	19	18	43	41	65	7	42	30	13	0	23	27	47	23	23	43	40	18	42	48	40	60	
22	9	36	28	2	1	60	33	33	25	26	46	22	18	24	27	26	33	32	25	3	75	25	6	25	9	40	9	0	1	39	19	29	29	37	37	56	8	32	15	
34	19	53	25	59	46	45	27	36	46	36	59	29	57	15	15	37	36	37	45	41	25	56	46	3	54	31	56	16	0	13	28	46	52	41	36	65	11	32	19	
16	47	30	34	64	25	69	74	53	50	36	56	51	15	46	41	49	31	56	51	32	39	40	31	54	19	50	47	41	58	0	29	58	58	53	11	72	66	4	31	
30	25	36	48	59	38	11	15	20	46	19	22	45	44	37	43	44	32	1	41	35	39	44	29	50	46	14	37	24	43	50	0	13	10	41	19	39	7	32	19	
6	57	60	24	41	27	48	6	46	35	39	34	24	40	25	31	36	23	31	24	17	43	39	16	1	42	40	38	2	43	51	19	0	43	2	24	50	47	34	2	
36	67	69	37	31	48	35	46	67	44	55	3	60	39	1	7	14	53	34	41	41	58	25	25	39	54	69	42	29	34	19	47	57	0	82	74	92	58	52	60	
2	42	26	20	52	28	59	29	10	38	9	51	16	31	27	27	39	33	10	41	28	4	50	19	43	22	4	30	14	39	44	32	19	11	0	9	58	54	1	47	
39	70	15	50	15	61	35	53	50	50	40	16	34	51	37	45	58	34	46	38	17	28	24	38	20	42	53	70	42	47	4	15	43	15	58	0	83	52	34	36	
24	57	21	10	35	51	24	33	33	35	10	52	34	15	11	14	36	29	9	58	43	82	63	16	52	54	27	10	37	43	38	39	25	43	27	30	0	60	40	8	
16	11	60	34	45	36	80	41	18	56	42	59	31	42	46	41	57	18	52	27	23	83	45	37	45	36	50	38	58	64	52	39	49	34	27	27	58	0	18	5	
34	18	62	52	33	10	3	53	36	67	45	77	9	46	21	59	75	29	46	5	41	30	56	55	52	54	40	20	50	75	70	56	46	34	30	30	58	11	0	8	
44	59	41	62	20	57	69	72	64	55	63	68	6	18	42	69	70	1	59	33	71	74	78	50	24	67	58	29	68	77	57	28	50	53	2	2	55	58	12	0	
M5
0	74	89	47	63	53	72	41	58	14	64	83	13	50	39	54	77	56	7	45	61	49	63	49	40	29	21	64	33	95	36	3	50	9	52	73	69	59	92	69	
7	0	91	64	65	83	4	69	54	60	35	61	57	54	59	74	59	64	53	49	57	31	65	31	8	75	8	41	68	76	64	49	42	55	29	20	53	45	5	76	
52	42	0	38	24	36	16	28	40	47	74	61	57	43	46	12	49	43	47	42	59	35	29	28	18	20	29	9	74	44	78	37	39	45	61	43	12	39	36	44	
43	15	32	0	39	31	40	9	43	46	7	18	53	48	51	21	15	53	45	51	51	25	2	26	44	11	17	14	54	49	51	1	12	50	65	5	27	40	18	15	
12	43	10	3	0	47	27	39	25	52	64	72	18	54	36	23	11	6	26	53	19	43	40	32	29	31	40	20	78	55	52	48	43	56	26	3	23	20	13	55	
51	38	53	9	27	0	55	56	41	51	42	63	58	55	35	28	54	47	10	58	20	48	25	5	44	74	64	11	21	46	67	9	35	61	31	46	62	62	51	33	
38	34	59	26	37	37	0	30	16	29	87	68	24	57	13	48	13	26	21	73	35	34	29	52	59	75	43	49	81	55	27	51	39	59	52	1	29	4	6	43	
32	25	39	21	13	5	36	0	47	42	51	13	30	13	55	7	11	15	22	37	38	24	12	2	41	60	54	18	19	36	30	45	22	40	46	32	22	49	42	53	
13	9	52	15	26	26	34	43	0	18	65	43	8	32	2	42	37	1	34	62	24	9	29	44	38	67	18	24	67	51	78	40	16	34	27	37	31	36	35	32	
28	24	67	30	41	41	49	58	6	0	29	12	23	44	17	57	49	16	49	51	13	21	44	59	53	30	33	34	72	20	86	42	31	42	42	10	43	51	33	47	
41	24	39	27	13	40	15	17	40	20	0	7	47	43	51	30	40	35	55	32	48	34	11	35	50	60	53	38	63	53	60	45	21	59	55	32	1	28	42	24	
27	23	61	29	35	38	37	39	5	32	77	0	22	24	16	44	29	15	48	38	27	1	36	7	14	16	32	12	53	1	70	54	8	26	37	12	23	50	49	46	
34	30	50	34	24	45	26	28	12	37	29	55	0	38	21	7	51	22	26	37	43	30	42	41	59	71	39	15	74	50	87	59	37	40	48	43	12	4	50	20	
49	76	71	35	58	48	30	7	58	62	80	10	14	0	52	27	32	50	56	45	49	56	75	2	21	48	54	15	18	47	30	88	63	60	67	63	70	37	12	20	
40	27	38	1	12	12	37	29	53	4	62	68	46	59	0	28	39	34	20	48	10	38	15	30	56	59	56	42	64	77	64	26	25	61	54	31	23	22	41	18	
48	47	64	19	46	46	58	12	64	9	80	65	69	5	22	0	19	54	20	4	44	57	34	8	47	40	74	28	51	63	81	57	44	7	80	10	57	44	67	52	
35	7	9	42	28	46	26	32	21	4	63	40	14	53	32	22	0	31	57	52	54	39	39	10	8	30	3	19	8	54	88	47	46	55	57	47	16	43	33	31	
57	51	58	25	36	36	60	53	52	28	38	54	69	8	12	27	63	0	44	56	34	62	39	10	27	79	45	2	61	37	88	20	49	60	54	39	47	7	42	33	
23	19	62	25	36	36	44	13	1	28	47	53	18	36	12	22	47	11	0	52	34	19	39	31	46	77	4	34	75	61	36	47	8	44	25	47	41	2	45	42	
63	50	31	24	35	35	48	52	72	27	75	83	69	62	11	44	55	57	43	0	33	61	38	27	41	52	1	41	72	57	9	49	23	35	51	41	44	45	62	41	
45	17	67	52	63	63	42	69	91	44	73	65	95	69	39	73	62	75	71	8	0	69	66	69	46	61	46	77	29	69	87	77	47	28	15	7	74	36	43	41	
42	38	57	44	31	55	33	35	20	47	77	31	37	20	31	40	25	30	57	58	23	0	41	65	67	55	47	12	55	47	66	69	21	22	56	50	19	46	52	47	
37	9	26	32	44	25	34	53	37	50	65	53	54	42	48	15	40	47	52	45	45	19	0	20	38	47	38	23	48	58	45	64	6	44	59	50	39	34	35	58	
16	43	82	2	56	56	19	45	25	48	63	64	42	49	32	64	62	17	33	49	16	34	58	0	8	47	52	34	20	52	88	57	50	59	61	53	56	35	67	62	
24	14	68	42	42	53	39	48	56	13	70	6	19	19	29	63	69	10	25	8	51	52	47	40	0	60	43	56	87	52	36	66	33	27	64	7	64	47	40	59	
31	33	50	12	50	49	34	38	15	42	73	67	31	34	26	23	8	25	33	47	48	33	20	1	24	0	42	47	2	27	28	47	30	11	51	17	55	40	59	56	
35	31	52	37	41	48	54	35	13	40	86	65	15	54	24	47	59	23	36	75	46	31	28	52	17	73	0	46	80	59	77	26	30	56	49	59	53	58	28	54	
52	48	36	30	41	41	53	47	30	33	45	32	47	24	17	49	57	40	25	43	39	48	44	38	55	57	57	0	89	15	66	55	54	62	32	60	49	51	20	15	
45	46	57	33	31	63	71	47	28	24	94	65	45	40	39	9	54	38	48	39	58	46	66	43	75	75	55	61	0	29	5	74	53	42	46	45	68	67	60	6	
9	8	91	44	72	67	33	76	45	1	64	10	4	58	56	55	75	55	17	45	7	56	76	11	37	50	37	63	58	0	84	51	55	17	52	44	60	22	25	66	
31	3	51	17	68	58	28	68	56	46	59	66	4	58	51	51	36	66	29	72	34	55	32	52	32	72	32	14	84	49	0	49	42	79	53	30	56	52	29	49	
61	33	52	27	43	36	31	24	57	36	72	79	14	38	54	41	51	65	6	43	71	45	22	27	62	41	60	27	51	62	71	0	14	70	73	32	61	58	56	44	
8	16	35	31	12	34	40	52	9	36	72	56	26	45	20	14	39	19	7	44	42	27	5	29	45	32	1	23	57	58	3	15	0	47	3	31	48	37	10	50	
54	59	78	41	52	52	44	53	41	2	92	71	39	11	28	15	60	17	53	6	50	59	55	24	63	3	68	63	75	75	67	66	52	0	48	51	63	29	73	58	
36	28	9	11	8	46	6	20	46	43	72	32	25	33	27	22	35	30	34	52	33	23	39	38	28	2	39	19	10	54	72	20	37	48	0	27	22	44	36	35	
38	41	36	29	10	60	53	38	25	34	90	12	37	52	36	40	37	32	50	60	39	29	63	19	55	15	22	44	70	3	52	18	50	50	45	0	41	46	39	66	
31	45	29	17	3	66	5	7	44	71	74	76	37	33	55	42	30	25	45	72	38	49	59	44	40	50	59	29	53	64	66	67	32	74	45	22	0	18	32	64	
37	9	57	20	31	31	34	46	68	23	34	59	51	72	7	47	58	53	39	55	27	57	34	12	7	78	38	51	4	19	60	12	9	66	3	50	30	0	35	37	
40	50	38	31	12	66	52	56	53	56	92	27	46	55	45	24	39	32	54	54	47	60	37	57	57	9	68	48	87	46	43	76	47	29	11	31	40	48	0	61	
61	33	56	27	38	4	58	55	41	30	77	83	11	60	14	45	30	8	45	59	21	49	26	40	47	59	1	46	56	81	59	44	30	26	66	25	49	48	59	0	
