40  6  1
6
	0	43	1	81	2	63	3	95	4	4	5	15
	0	52	1	84	2	78	3	24	4	55	5	43
	0	52	1	9	2	94	3	35	4	17	5	3
	0	53	1	95	2	69	3	65	4	67	5	25
	0	24	1	20	2	84	3	69	4	57	5	22
	0	90	1	38	2	36	3	79	4	32	5	55
	0	6	1	84	2	58	3	39	4	72	5	23
	0	53	1	71	2	43	3	63	4	70	5	92
	0	74	1	39	2	59	3	18	4	7	5	86
	0	40	1	99	2	78	3	7	4	99	5	37
	0	69	1	45	2	78	3	41	4	12	5	14
	0	4	1	87	2	66	3	15	4	64	5	22
	0	34	1	21	2	29	3	12	4	83	5	26
	0	96	1	25	2	95	3	84	4	67	5	23
	0	52	1	83	2	24	3	68	4	35	5	34
	0	43	1	91	2	93	3	57	4	62	5	72
	0	9	1	15	2	99	3	33	4	77	5	15
	0	83	1	31	2	48	3	74	4	48	5	17
	0	31	1	24	2	93	3	91	4	46	5	9
	0	19	1	67	2	63	3	94	4	89	5	33
	0	82	1	76	2	78	3	72	4	27	5	92
	0	99	1	66	2	73	3	46	4	33	5	10
	0	14	1	2	2	97	3	18	4	55	5	24
	0	17	1	69	2	77	3	48	4	6	5	48
	0	2	1	25	2	54	3	79	4	83	5	69
	0	81	1	46	2	65	3	97	4	10	5	49
	0	5	1	48	2	70	3	53	4	57	5	12
	0	18	1	13	2	38	3	9	4	59	5	85
	0	55	1	7	2	90	3	74	4	44	5	55
	0	99	1	54	2	45	3	80	4	7	5	68
	0	37	1	73	2	10	3	8	4	87	5	49
	0	91	1	19	2	92	3	88	4	72	5	71
	0	22	1	57	2	61	3	12	4	90	5	83
	0	93	1	85	2	4	3	43	4	67	5	66
	0	89	1	64	2	57	3	70	4	65	5	64
	0	6	1	17	2	33	3	85	4	62	5	76
	0	8	1	75	2	16	3	2	4	84	5	39
	0	28	1	54	2	38	3	64	4	63	5	55
	0	94	1	86	2	91	3	25	4	18	5	45
	0	93	1	6	2	2	3	57	4	85	5	57
SSD
M0
0	61	5	56	65	63	36	43	32	35	7	37	59	16	53	36	35	34	44	27	40	57	51	24	47	57	16	68	49	4	39	9	57	47	44	46	22	1	29	21	
2	0	41	72	22	39	32	29	28	53	44	30	38	43	50	69	12	48	40	44	46	3	28	20	43	6	12	46	6	24	3	47	42	34	42	62	18	41	30	43	
11	61	0	69	60	81	50	17	63	70	6	64	79	56	15	33	53	51	33	64	20	71	69	11	61	23	47	37	67	58	57	22	18	60	29	61	49	53	61	36	
16	46	30	0	42	46	21	28	17	44	4	30	39	42	16	39	40	34	31	12	35	13	40	9	32	42	1	42	43	16	10	21	49	38	36	9	17	37	29	34	
55	6	46	49	0	59	37	37	54	7	50	74	52	26	56	57	56	49	13	27	49	54	55	57	48	58	70	63	59	50	61	76	66	22	59	64	70	52	64	60	
13	37	24	17	7	0	68	50	28	10	5	51	3	57	4	24	33	64	44	58	39	65	49	47	75	66	63	67	15	37	18	56	57	53	71	49	47	56	59	61	
12	42	3	34	31	41	0	30	35	17	46	31	23	44	18	62	13	30	41	8	29	15	20	58	5	15	60	38	16	31	37	51	23	11	51	55	27	33	27	17	
18	45	37	49	54	63	38	0	38	35	68	6	41	11	39	4	35	24	41	11	40	43	21	19	35	59	38	39	16	22	12	4	51	21	36	58	17	1	26	36	
25	41	10	47	11	47	7	43	0	11	28	44	36	51	20	33	26	43	48	21	37	13	33	48	18	20	62	47	29	44	50	27	13	6	53	68	29	40	40	30	
33	44	29	7	68	63	34	54	60	0	8	35	63	73	33	25	53	31	43	48	47	55	13	21	45	16	44	31	51	10	41	38	63	51	29	26	46	28	58	28	
69	24	65	58	52	49	56	71	68	79	0	72	22	85	62	40	73	61	22	70	11	77	52	60	67	2	52	70	62	65	42	16	76	73	68	62	83	67	13	67	
8	56	37	39	50	58	28	60	52	51	58	0	31	34	29	60	47	14	65	39	46	33	54	43	39	49	62	45	50	12	2	16	41	45	26	71	7	25	19	31	
28	1	52	59	59	19	43	16	21	53	53	16	0	54	34	54	53	34	32	57	36	53	69	10	54	59	44	63	6	32	22	36	57	20	43	27	27	19	39	35	
29	13	29	49	58	58	36	34	52	59	50	20	55	0	3	57	30	38	13	25	31	39	13	51	22	49	57	31	44	36	3	40	42	14	10	39	15	38	27	28	
22	56	36	26	57	52	27	18	13	24	41	39	56	40	0	45	27	44	30	22	34	12	43	8	19	18	7	59	41	22	30	27	55	44	41	15	41	31	53	5	
55	63	60	71	61	77	51	53	55	54	64	63	39	52	41	0	49	53	35	50	39	45	65	13	62	58	39	36	52	19	23	40	41	59	46	63	58	20	9	38	
6	54	23	52	48	19	26	8	65	49	29	9	44	22	42	63	0	27	19	40	44	23	7	36	37	47	65	25	5	25	15	29	40	43	29	56	5	28	17	22	
27	46	54	9	30	33	45	45	50	49	32	46	36	47	5	71	28	0	27	23	13	37	44	44	20	66	63	43	42	46	7	52	9	62	20	70	42	46	54	59	
41	46	32	5	32	70	23	18	45	46	6	54	52	32	42	13	42	59	0	37	5	34	32	27	34	44	29	50	45	44	21	53	23	40	15	50	46	62	20	46	
35	15	25	61	24	57	31	25	8	40	54	31	40	69	26	35	40	3	49	0	45	47	9	51	42	52	43	22	53	4	37	40	57	45	42	28	42	6	51	24	
25	73	23	56	49	71	45	37	26	43	11	13	48	51	46	44	43	31	50	52	0	40	7	54	49	66	46	25	34	29	17	8	38	48	43	56	24	9	36	22	
34	65	36	48	64	55	27	34	23	50	41	60	36	56	45	8	42	63	12	41	5	0	40	15	38	48	7	52	49	22	30	35	18	19	48	65	56	66	41	40	
20	65	2	51	41	51	40	37	58	37	39	8	43	46	41	60	36	26	59	31	58	45	0	46	28	61	44	4	48	24	14	28	53	27	24	35	19	37	31	1	
40	33	31	41	32	67	22	45	35	45	42	57	51	41	40	49	41	58	5	36	9	43	48	0	33	43	19	36	44	34	42	10	30	37	16	33	55	61	55	8	
5	35	38	67	44	34	41	23	28	52	44	24	59	37	11	55	6	23	34	1	49	15	22	51	0	62	53	38	20	24	30	44	55	41	44	48	20	26	32	37	
13	53	18	65	39	32	29	35	46	35	36	22	45	3	29	1	24	40	45	19	13	33	40	44	16	0	42	2	38	38	28	42	13	25	5	33	8	31	20	45	
22	53	24	55	52	43	15	22	11	38	62	52	44	61	33	69	34	51	25	29	29	36	41	3	26	36	0	56	37	10	18	30	44	32	36	53	44	54	48	28	
20	49	47	46	19	46	38	15	38	15	17	37	25	69	20	38	57	54	37	52	56	59	50	30	49	59	22	0	60	37	43	25	57	5	2	13	48	64	30	25	
5	38	31	48	47	29	48	30	31	47	10	31	63	22	18	8	13	26	41	4	52	22	29	58	5	42	50	45	0	27	37	51	62	48	51	51	27	13	29	44	
72	48	72	60	86	41	78	73	18	69	36	89	80	38	58	68	82	59	24	77	60	29	87	82	74	58	74	84	96	0	76	71	50	78	70	65	96	102	75	89	
31	51	39	47	60	19	49	44	13	60	25	19	54	40	52	71	68	26	32	17	26	56	45	37	60	70	56	36	68	24	0	39	2	59	49	64	28	42	25	54	
22	72	52	66	47	56	62	43	65	19	45	46	42	21	48	46	28	7	56	38	28	60	44	37	73	75	50	10	42	61	52	0	77	33	30	41	42	63	2	43	
36	63	23	67	49	76	52	45	61	45	1	24	49	16	41	68	71	42	35	36	2	61	64	13	63	72	49	12	74	40	30	40	0	35	32	43	35	53	47	38	
52	42	34	36	73	19	69	29	2	69	36	40	75	51	66	77	61	25	34	56	37	1	18	48	53	12	76	36	42	56	46	5	13	0	56	67	51	69	42	33	
37	32	19	8	2	20	57	19	31	33	56	25	60	52	58	11	53	24	28	48	39	46	3	19	45	78	40	21	35	41	5	39	44	44	0	52	36	35	48	18	
1	70	41	54	45	31	32	39	28	55	20	18	53	56	1	24	51	35	18	46	46	45	58	20	43	44	12	67	54	27	24	6	38	49	21	0	29	45	41	45	
14	41	22	53	35	60	13	49	54	36	50	50	42	19	37	50	32	48	50	27	31	34	39	28	24	34	52	57	35	50	14	55	27	30	16	74	0	15	4	36	
7	67	38	27	63	34	29	23	25	6	44	15	50	37	47	7	6	5	15	43	11	38	22	17	40	50	9	40	20	24	21	35	44	46	15	67	20	0	32	37	
25	55	16	47	44	54	7	43	48	30	47	44	23	34	31	6	26	43	54	21	42	28	33	62	18	5	62	51	13	44	5	56	36	24	41	44	40	46	0	6	
49	9	4	83	70	36	48	60	49	60	62	70	38	54	47	1	61	58	54	36	58	6	64	32	53	65	33	42	67	22	49	12	62	54	50	73	27	28	14	0	
M1
0	14	13	37	26	33	33	34	60	24	62	56	72	43	32	45	17	2	35	19	29	49	50	81	63	58	26	48	13	24	60	12	59	33	21	30	5	6	34	26	
60	0	91	84	34	96	35	49	78	42	51	28	61	80	2	57	71	58	70	21	34	75	67	50	85	66	60	56	21	35	95	65	78	41	62	38	26	27	9	34	
78	68	0	15	50	11	35	51	67	40	73	51	54	51	46	23	102	64	13	57	7	88	50	97	48	69	4	58	37	59	57	81	55	57	46	47	11	65	55	36	
23	50	49	0	16	20	26	31	18	39	53	46	46	62	22	13	50	26	30	51	29	39	30	80	18	19	40	3	3	21	55	42	35	23	44	20	31	67	35	16	
58	76	42	45	0	42	68	20	39	3	60	53	69	73	29	3	85	47	36	56	36	58	56	65	44	53	50	45	10	51	50	42	67	30	8	27	38	49	6	23	
30	38	37	37	31	0	34	10	62	37	41	22	24	48	45	36	62	24	10	48	53	52	1	48	6	20	11	24	44	10	8	50	83	46	43	51	13	38	27	18	
54	59	67	62	38	56	0	28	57	27	68	68	57	29	40	48	39	1	74	64	51	48	34	54	36	17	44	53	25	43	18	43	60	34	33	42	46	51	19	31	
24	34	33	49	38	22	41	0	45	56	37	20	10	16	71	48	25	56	55	34	31	6	60	64	2	59	46	45	61	40	21	62	59	68	25	31	53	58	64	74	
45	17	77	28	23	75	8	38	0	46	60	53	34	5	29	37	75	47	46	40	36	31	54	87	63	23	9	43	10	38	65	54	52	30	51	14	36	47	42	23	
48	38	37	59	42	57	6	15	6	0	69	15	56	40	63	65	49	60	32	75	53	72	42	93	6	67	50	65	55	44	49	66	35	75	35	59	5	50	62	48	
34	43	42	30	27	28	50	21	3	1	0	19	61	47	14	43	42	51	44	19	7	44	67	60	11	44	51	28	49	49	54	39	59	37	55	27	21	51	25	6	
33	69	66	58	17	6	30	50	13	40	24	0	28	57	57	13	14	45	53	52	9	28	41	78	50	61	51	45	47	50	43	35	82	67	45	62	12	77	12	60	
42	50	56	55	44	76	72	41	54	36	6	48	0	78	50	64	93	68	40	3	57	85	32	33	62	57	42	66	31	41	62	68	50	51	17	48	44	69	53	44	
67	5	64	8	30	84	34	13	10	47	31	58	4	0	30	7	45	53	20	10	30	12	24	58	33	30	34	70	51	33	76	73	75	35	39	61	13	17	50	48	
54	57	66	38	19	52	43	24	61	8	43	49	52	27	0	25	81	43	11	46	32	56	52	83	42	8	26	20	6	28	76	50	63	26	44	23	34	48	38	19	
13	78	64	51	33	71	27	30	57	38	30	15	44	55	27	0	47	24	33	1	19	52	21	81	68	29	11	51	63	25	67	70	20	38	9	1	28	14	40	29	
64	78	66	29	50	86	1	29	78	28	30	56	43	62	48	55	0	16	24	43	75	24	20	49	59	56	30	74	52	29	74	64	108	60	27	33	32	53	46	55	
73	38	61	51	19	81	4	5	65	42	52	37	52	35	8	16	7	0	46	65	44	16	29	61	30	45	39	61	44	34	27	17	64	13	1	55	41	51	45	39	
58	34	42	3	23	62	8	22	30	3	44	14	17	14	29	44	77	39	0	41	36	51	56	71	11	45	55	29	10	49	41	54	65	30	9	27	22	28	26	7	
56	50	60	58	21	23	12	34	60	36	58	10	72	43	27	8	83	45	31	0	34	57	50	35	66	53	59	43	8	49	69	12	13	28	49	25	36	12	40	21	
75	65	10	34	65	30	54	65	39	59	39	70	12	70	65	42	73	46	32	15	0	18	65	29	60	46	10	74	56	74	66	43	74	66	50	66	30	34	25	55	
14	16	80	47	18	76	25	28	54	41	22	47	38	37	21	41	79	42	54	53	31	0	44	82	62	50	29	40	5	45	81	6	20	25	46	22	33	2	37	18	
75	56	44	34	28	64	67	7	87	43	48	34	21	78	42	33	67	61	57	45	57	84	0	58	54	34	8	52	58	7	64	47	87	44	56	48	10	35	24	71	
69	56	81	21	69	98	45	48	53	49	33	52	6	60	75	74	29	60	22	30	34	3	39	0	57	75	49	61	56	24	39	75	7	48	34	68	51	71	58	39	
47	7	6	30	11	26	50	4	70	29	52	29	25	66	60	34	63	78	28	49	22	41	65	79	0	82	19	73	41	13	18	35	52	61	36	55	26	77	37	51	
65	3	12	36	40	13	56	22	51	41	15	19	30	71	43	44	90	52	34	38	28	61	52	63	57	0	25	29	50	61	32	58	76	38	42	48	22	38	26	7	
83	31	35	28	48	55	22	31	55	28	69	39	42	39	54	37	102	64	1	5	45	76	81	86	15	64	0	54	35	53	8	75	60	55	34	52	47	53	51	32	
23	52	35	59	35	55	45	39	28	55	52	39	53	57	41	57	48	10	57	48	48	23	30	64	23	3	25	0	22	22	60	26	73	42	42	39	42	67	54	35	
41	63	68	69	6	68	62	21	50	29	43	36	62	64	12	29	68	30	42	41	19	47	39	70	57	38	44	28	0	34	76	37	50	13	34	10	21	75	25	6	
57	49	11	35	22	20	22	2	31	45	46	47	64	71	28	13	6	37	33	18	27	45	41	69	60	15	24	43	9	0	6	53	66	29	48	26	31	13	40	21	
51	50	49	31	19	58	36	34	55	31	56	2	45	20	25	42	81	43	4	25	16	57	52	83	39	45	39	41	6	44	0	50	63	7	37	20	34	56	7	19	
67	42	55	45	22	51	71	3	29	45	68	35	41	12	59	34	81	57	57	43	67	43	19	79	49	51	29	73	52	21	56	0	28	65	50	36	31	23	45	65	
35	50	65	35	40	52	48	1	58	56	12	29	70	58	17	60	49	13	29	35	5	48	48	50	53	32	54	17	33	20	23	44	0	41	42	4	31	22	65	46	
13	31	39	55	24	59	3	25	54	12	45	35	51	66	8	47	65	27	28	47	44	1	47	90	61	48	39	32	26	43	85	63	83	0	52	43	16	31	29	10	
45	38	27	45	67	47	28	50	47	9	31	60	4	12	40	30	46	64	22	28	37	49	57	58	57	14	40	66	56	66	78	84	17	72	0	70	30	39	28	44	
14	60	46	42	19	66	35	59	39	42	72	53	56	37	68	42	64	64	15	14	62	74	70	65	50	11	33	63	49	7	67	81	65	20	47	0	10	67	45	46	
30	33	20	25	25	40	44	5	46	44	30	55	40	11	48	43	32	9	17	38	36	48	60	13	18	37	33	70	51	3	61	54	26	53	41	57	0	33	17	48	
78	23	37	31	42	29	81	35	53	51	5	60	56	49	25	65	92	91	59	69	53	49	56	105	6	57	39	78	68	33	49	18	57	36	67	73	17	0	68	56	
38	59	12	36	50	18	39	41	41	61	15	8	38	29	56	44	29	25	34	60	28	2	45	32	38	18	25	2	37	37	64	19	56	5	25	54	32	61	0	50	
52	77	60	84	27	80	74	9	38	28	31	68	82	58	70	31	77	39	81	47	76	48	59	93	45	32	54	16	51	51	88	55	91	25	55	49	9	79	13	0	
M2
0	65	51	46	10	55	46	80	69	32	62	64	39	16	64	52	72	54	62	73	65	80	63	78	59	58	84	67	75	79	39	67	40	47	25	6	20	43	7	48	
70	0	33	18	43	62	10	80	55	40	48	71	25	29	71	59	19	32	36	59	72	23	46	33	50	92	93	41	74	55	13	41	38	70	28	35	18	38	58	55	
80	41	0	12	38	38	4	90	78	46	1	23	85	72	51	81	76	74	53	70	24	36	2	72	22	64	65	58	27	61	30	58	11	76	81	87	24	55	14	77	
85	77	19	0	90	51	70	76	83	72	60	60	86	67	47	20	35	50	11	75	61	75	5	10	95	66	45	46	94	69	52	22	70	80	45	43	50	44	15	44	
31	33	24	54	0	20	11	6	37	34	19	63	48	16	22	35	28	53	1	77	41	50	83	42	48	73	67	21	65	62	37	65	44	24	18	5	100	42	34	47	
67	11	46	33	10	0	10	93	41	56	98	57	11	95	28	23	81	47	72	45	58	13	76	34	41	17	46	74	68	91	49	73	82	82	87	42	86	48	51	41	
46	76	35	62	65	39	0	86	75	68	86	48	70	36	48	36	15	38	46	8	49	56	75	29	45	77	68	51	73	49	23	51	54	59	19	59	46	5	42	32	
30	50	17	43	51	5	24	0	51	47	49	37	44	71	37	25	78	16	29	42	38	37	64	48	47	50	65	34	16	48	6	34	43	23	5	36	80	31	31	21	
63	19	37	23	64	18	41	100	0	56	32	62	35	3	7	3	71	46	46	3	63	35	32	65	90	49	52	51	5	65	23	51	42	84	56	43	34	48	56	46	
52	25	20	13	38	66	81	50	39	0	68	16	78	6	83	97	9	76	11	69	5	90	87	47	56	72	54	73	77	49	63	91	54	86	49	67	34	13	60	103	
60	8	10	20	26	50	35	46	44	59	0	34	14	82	4	5	68	49	40	22	60	16	34	59	61	75	46	45	51	59	17	8	19	77	48	36	79	37	53	43	
51	5	1	75	78	47	38	63	43	66	82	0	59	76	1	42	55	46	43	12	57	29	83	62	31	25	30	11	8	52	20	48	67	67	79	26	92	37	50	40	
49	45	6	25	33	8	27	53	1	16	85	17	0	61	17	5	69	7	32	5	18	33	36	51	66	61	45	34	64	51	9	33	62	42	47	53	60	8	11	1	
54	53	16	43	52	6	52	88	77	36	76	21	51	0	70	65	32	80	66	57	87	55	19	18	43	28	62	71	91	54	43	71	34	66	19	77	14	68	54	81	
32	59	20	51	53	22	41	69	18	44	68	31	51	65	0	17	40	21	34	46	32	4	58	65	59	56	21	48	23	65	23	47	56	53	54	12	74	27	25	15	
22	15	4	56	21	64	19	85	54	43	65	9	76	66	24	0	36	2	24	28	31	5	19	43	64	12	38	29	38	43	1	29	58	83	77	48	53	26	51	57	
18	16	42	18	31	14	58	66	39	33	48	49	54	4	35	10	0	54	63	67	24	63	77	54	29	67	45	68	45	70	40	42	23	11	12	22	11	29	51	48	
63	56	17	6	65	19	38	42	70	40	90	28	60	62	28	16	51	0	43	43	29	24	26	62	80	12	50	40	35	11	20	18	38	56	75	64	18	24	22	12	
5	6	24	79	15	26	45	62	77	78	62	35	73	42	35	23	71	25	0	30	36	46	62	49	68	54	63	51	82	59	27	51	10	54	37	59	78	31	29	19	
69	76	43	30	8	42	67	98	97	32	54	5	67	1	72	34	93	80	54	0	20	81	35	95	59	6	63	81	79	88	53	58	61	87	19	63	41	56	49	97	
78	77	62	62	38	64	72	98	14	95	13	65	70	57	35	55	3	8	56	60	0	7	82	96	95	23	80	51	78	3	54	34	56	71	27	71	74	69	67	57	
59	79	7	35	69	84	35	58	9	32	82	48	47	14	75	63	46	83	1	66	73	0	20	70	51	117	61	2	14	24	39	30	30	52	69	65	10	64	12	77	
34	27	6	61	54	8	27	54	12	21	79	17	55	3	17	5	66	7	32	32	18	16	0	24	51	61	45	32	59	51	9	33	47	27	69	40	60	13	11	1	
24	32	47	6	46	51	29	62	45	41	21	2	54	70	5	1	50	31	37	63	38	33	80	0	40	85	7	6	52	29	52	55	1	17	59	30	36	35	54	44	
16	36	6	32	52	6	27	55	2	29	61	17	52	61	17	5	1	1	32	32	18	33	44	51	0	59	45	34	47	51	9	33	27	9	51	22	7	13	11	1	
29	25	55	32	39	57	48	73	56	48	64	63	51	61	35	54	34	56	18	64	67	55	4	99	61	0	22	17	32	54	57	78	63	49	77	8	43	45	3	50	
23	43	47	66	74	49	65	18	16	40	68	23	12	77	40	27	67	48	62	46	10	65	69	38	40	99	0	51	77	6	47	74	36	16	4	29	48	34	52	42	
70	79	45	42	72	47	66	18	1	55	92	8	10	60	56	43	6	46	59	44	57	58	62	54	11	80	84	0	43	3	48	72	18	63	37	56	54	41	50	40	
53	19	9	22	23	19	55	87	35	30	71	3	5	2	51	39	82	41	66	31	52	57	29	22	68	37	70	38	0	11	43	67	64	56	14	15	94	34	45	35	
50	53	14	56	62	16	35	63	36	52	102	25	63	42	25	13	86	15	11	12	26	41	52	59	73	69	43	42	72	0	17	41	8	53	27	61	68	21	19	9	
47	73	53	98	66	55	8	74	43	92	96	64	65	55	64	52	62	54	13	55	65	46	53	32	67	108	92	18	82	32	0	18	47	92	66	69	70	15	40	48	
55	48	9	50	39	11	30	42	48	31	81	20	18	47	14	8	51	10	5	35	21	36	47	48	72	64	48	37	27	54	12	0	15	48	21	50	9	16	14	4	
71	51	34	32	54	41	65	115	50	96	49	25	67	65	79	67	17	69	8	1	33	90	83	4	81	58	62	75	72	89	47	2	0	98	83	111	77	72	2	63	
3	23	38	62	69	40	49	87	24	20	48	49	39	57	20	7	75	39	64	64	17	48	76	78	20	93	65	66	67	60	41	57	16	0	38	9	81	14	43	33	
72	73	37	58	91	71	33	33	40	72	73	16	90	48	56	68	87	4	38	78	51	71	8	57	92	59	101	43	77	21	15	36	44	98	0	57	51	40	24	64	
15	35	14	64	27	16	7	63	36	7	23	25	10	20	25	13	45	15	39	40	26	41	52	58	20	69	53	42	72	58	16	41	28	8	50	0	68	4	19	9	
43	63	15	25	89	66	31	95	47	6	56	58	64	78	52	47	36	65	36	40	57	69	76	55	60	109	76	41	61	43	13	41	4	36	43	49	0	38	24	59	
3	79	53	73	22	64	41	73	32	46	43	15	27	57	73	61	66	25	45	18	20	51	92	87	32	85	101	22	30	21	61	78	22	57	47	16	32	0	45	57	
5	27	23	23	24	40	58	60	2	14	93	20	57	64	6	6	24	39	54	22	33	34	29	22	11	86	51	66	52	65	41	65	41	73	26	42	21	45	0	33	
49	42	3	58	51	5	24	52	56	66	91	14	52	58	14	2	75	4	29	29	15	30	41	48	66	58	42	31	61	48	6	30	62	42	82	50	57	10	8	0	
M3
0	15	19	32	38	37	19	78	63	38	42	72	54	76	42	89	29	14	62	67	50	46	39	34	35	81	30	22	19	14	4	61	48	40	5	17	83	59	75	63	
6	0	58	14	58	77	74	93	45	54	63	77	59	37	22	72	65	77	78	90	94	62	75	20	73	81	54	60	42	84	70	22	40	58	67	32	66	31	82	74	
36	74	0	13	50	33	55	39	9	32	28	27	21	47	8	70	65	41	38	53	3	28	38	15	16	45	44	3	24	27	40	40	42	34	40	42	30	49	60	39	
88	61	34	0	38	45	69	23	72	77	47	56	38	31	48	75	67	71	30	11	72	68	50	27	28	94	29	15	76	39	61	8	58	11	52	42	82	66	44	66	
59	57	29	32	0	59	7	71	32	48	34	44	26	14	13	87	7	21	16	4	3	51	66	39	44	68	25	31	65	19	50	33	11	29	11	51	53	32	17	62	
15	55	32	23	48	0	27	65	17	20	35	19	25	30	46	59	6	14	44	44	3	19	48	21	26	53	36	13	37	37	37	8	30	42	50	36	38	14	60	5	
45	63	59	12	59	30	0	66	18	38	37	80	71	37	36	41	73	50	52	79	13	37	57	63	36	54	35	53	36	70	49	19	48	20	30	5	39	23	78	20	
42	51	54	12	56	47	39	0	15	38	23	42	52	53	42	91	30	24	33	68	71	19	63	47	48	51	40	35	61	59	46	71	48	66	61	3	36	69	78	33	
9	47	23	13	23	14	28	30	0	5	1	44	35	20	38	58	38	14	16	70	38	1	30	29	30	18	17	17	28	34	13	41	15	33	35	53	3	36	45	12	
53	44	21	33	21	43	25	77	38	0	26	48	30	59	26	46	28	20	17	66	48	1	58	35	36	36	17	23	25	31	10	29	3	21	23	43	59	24	33	18	
45	54	8	32	22	31	45	66	18	16	0	2	31	56	40	69	51	4	40	28	46	17	26	34	35	54	19	22	44	38	33	50	26	44	45	19	39	18	56	34	
29	37	34	33	20	14	38	50	2	6	18	0	14	40	39	59	41	33	30	11	58	14	50	27	49	38	2	36	27	44	23	33	16	34	28	2	23	12	46	17	
50	46	27	25	17	21	27	71	23	27	39	6	0	53	60	80	35	22	9	32	58	35	56	1	43	59	23	30	27	33	12	7	37	23	49	23	44	16	27	38	
13	11	27	17	3	47	12	1	15	38	34	48	30	0	5	9	61	47	20	74	64	34	19	43	48	37	21	35	61	38	46	49	43	31	55	9	7	15	5	3	
28	23	42	32	27	20	52	36	6	29	14	57	59	11	0	82	40	38	35	25	62	25	54	36	37	17	36	24	27	16	37	18	39	57	59	54	22	60	69	31	
53	39	33	15	33	26	61	98	50	52	9	52	81	73	37	0	40	35	28	78	40	12	70	47	48	80	29	35	69	59	55	41	15	33	42	55	47	36	57	56	
67	56	37	38	37	55	37	31	40	44	25	45	68	65	42	97	0	32	57	5	64	52	27	51	18	76	9	39	37	43	22	45	19	37	33	59	61	40	61	69	
62	58	60	60	65	73	40	61	41	37	41	84	74	9	70	90	15	0	12	53	90	45	75	79	12	23	57	67	69	38	54	59	47	29	6	70	56	68	13	62	
75	45	40	40	29	58	21	40	51	59	70	93	75	89	23	65	50	35	0	83	23	67	65	42	43	23	70	30	40	46	25	79	69	27	46	7	72	83	67	80	
12	63	26	16	2	29	61	17	55	43	50	62	77	32	21	82	57	35	19	0	39	14	69	43	47	23	20	34	61	26	46	48	32	37	26	6	6	13	52	15	
42	46	12	3	11	21	19	61	21	44	40	39	64	43	54	72	39	24	55	65	0	40	67	44	36	57	56	32	17	35	14	27	54	57	11	56	42	3	63	51	
6	68	44	32	59	66	3	71	60	65	75	44	63	60	78	83	51	10	24	70	55	0	99	57	66	72	4	67	11	70	66	6	75	47	64	34	39	65	72	2	
25	76	27	18	44	38	1	65	17	25	36	30	39	45	41	75	29	49	49	56	53	20	0	20	21	53	40	8	57	25	42	41	35	52	18	41	36	56	65	45	
50	67	44	43	38	28	26	62	42	17	26	37	19	11	16	70	52	44	40	62	72	25	7	0	46	33	41	33	10	50	34	38	27	31	43	54	61	47	39	42	
63	51	2	33	45	53	40	57	46	17	50	64	54	28	10	5	50	24	41	69	40	18	58	35	0	60	41	23	40	32	25	53	27	45	47	67	67	1	57	42	
33	69	25	37	41	45	51	85	47	51	63	30	12	53	68	31	59	46	9	29	5	58	80	25	67	0	41	54	51	57	36	31	61	3	73	47	27	40	29	36	
12	61	45	43	35	15	45	60	26	30	42	9	6	3	63	83	25	40	27	35	59	38	74	19	11	55	0	48	45	51	30	25	40	21	33	23	39	32	35	41	
69	71	10	1	59	21	45	65	54	68	37	62	44	62	24	58	62	47	65	44	48	44	26	3	4	84	79	0	52	15	37	63	73	72	28	77	74	72	71	83	
66	61	38	50	38	60	42	83	53	10	22	65	47	54	43	63	45	36	34	83	65	14	71	52	8	53	34	40	0	48	27	46	20	38	36	40	74	29	50	35	
66	90	42	45	28	20	44	29	59	61	47	74	88	34	47	86	49	66	74	14	49	14	70	47	2	29	38	35	16	0	64	50	24	42	17	27	61	45	66	46	
56	26	7	20	26	25	7	66	51	26	56	60	42	81	43	77	17	2	50	55	38	34	45	22	23	69	37	10	7	13	0	61	36	54	47	51	72	57	63	51	
49	63	44	14	48	50	4	81	41	49	6	49	49	23	49	19	53	39	70	75	56	44	6	23	45	19	45	32	44	49	29	0	31	24	42	37	60	12	73	12	
50	62	6	18	6	38	43	71	23	25	11	54	59	56	11	75	13	38	49	51	44	33	43	20	21	57	2	8	43	32	28	14	0	6	15	28	44	9	30	50	
53	23	24	8	43	42	24	77	63	43	71	46	28	55	23	38	13	19	49	16	55	51	62	39	40	68	54	27	24	30	9	47	53	0	64	56	73	36	67	68	
55	64	44	35	61	55	41	19	33	42	52	58	64	31	58	90	68	54	41	77	82	50	28	37	38	69	57	25	74	49	59	69	43	31	0	22	49	64	5	58	
22	63	26	8	3	62	44	66	70	62	32	75	62	67	69	84	36	39	83	17	64	70	63	8	60	53	74	47	44	50	29	69	72	7	37	0	91	18	72	87	
4	55	18	8	18	43	67	56	58	35	42	54	69	24	59	83	52	62	11	79	56	43	61	38	39	31	12	26	67	50	52	40	45	63	63	48	0	66	75	7	
11	67	42	46	1	42	48	85	37	38	47	27	9	35	39	5	49	32	30	53	70	46	77	22	24	73	38	44	38	7	33	28	24	35	42	44	58	0	9	59	
30	34	31	33	31	35	49	51	3	26	22	64	46	1	36	79	38	35	37	47	52	22	51	45	46	39	27	33	49	41	34	39	13	1	40	53	24	34	0	33	
13	91	30	21	48	38	22	12	65	67	16	59	64	70	44	78	55	10	16	64	50	64	46	23	10	47	44	11	72	11	57	56	30	28	48	48	44	30	72	0	
M4
0	58	36	29	30	21	55	49	64	46	72	7	30	27	36	18	90	50	61	22	22	20	21	49	39	9	61	60	34	19	18	7	52	72	31	63	61	62	35	58	
18	0	30	12	52	43	13	52	33	51	12	29	26	27	30	10	59	44	70	44	35	32	26	45	61	31	50	22	37	13	37	29	37	69	25	20	71	66	4	27	
60	37	0	51	45	41	89	12	70	48	34	66	48	39	1	61	85	56	91	61	52	80	61	64	22	45	57	66	70	25	59	39	5	74	37	35	83	45	41	28	
45	10	12	0	49	26	57	31	13	53	21	23	35	30	30	48	88	79	35	66	58	31	56	54	51	31	55	16	56	48	43	22	34	7	52	36	51	10	34	57	
35	68	45	19	0	27	5	59	2	2	10	12	24	24	31	37	36	68	46	22	47	20	26	43	50	20	48	54	45	37	15	11	26	39	49	41	6	28	53	76	
47	68	41	55	67	0	66	46	35	50	43	30	3	48	7	11	61	67	27	61	37	7	28	44	53	53	48	31	9	56	51	15	24	30	46	50	48	26	6	29	
53	59	51	45	53	14	0	7	20	67	28	21	40	42	49	19	86	64	64	54	50	22	21	61	19	38	63	21	55	34	22	23	44	76	46	59	58	1	37	10	
70	77	50	28	42	7	43	0	72	44	49	69	22	57	44	49	75	70	19	43	14	16	55	69	29	55	57	44	12	67	67	54	62	38	26	5	49	54	45	13	
26	80	45	18	60	37	37	50	0	40	1	3	15	15	22	28	68	59	37	46	38	11	39	34	41	11	39	45	36	28	23	2	17	58	40	32	31	61	44	67	
41	61	81	66	75	66	74	70	46	0	51	42	54	47	53	63	30	45	85	57	48	64	32	40	59	29	89	42	16	64	62	26	32	64	57	70	60	93	17	40	
33	78	32	5	62	47	48	54	60	27	0	44	2	29	32	15	86	46	64	51	25	57	26	59	65	35	26	38	53	15	13	44	54	45	27	19	75	48	31	54	
26	13	63	59	57	40	19	53	40	15	42	0	56	22	12	27	82	31	45	37	6	50	38	18	24	32	68	29	45	46	29	34	54	23	36	73	56	49	27	1	
41	42	57	62	58	66	46	41	82	51	85	52	0	23	74	55	44	67	2	33	53	32	66	61	61	54	38	25	4	64	43	52	48	60	3	2	5	23	53	76	
26	36	57	35	35	20	66	66	70	48	78	19	25	0	37	48	67	62	12	46	52	50	20	24	12	11	65	35	36	40	48	37	76	82	10	65	79	3	56	48	
59	82	49	33	93	5	96	71	64	62	72	67	40	36	0	48	98	63	64	68	32	44	28	81	11	44	21	68	46	32	81	52	61	67	44	75	47	63	43	66	
29	60	35	35	55	50	54	57	10	51	18	20	10	32	18	0	49	49	54	49	55	28	54	51	44	14	56	55	25	18	40	18	3	75	30	49	48	35	34	57	
70	46	56	49	24	15	85	61	47	35	51	57	50	5	54	51	0	71	14	30	16	22	57	73	73	57	25	49	55	78	6	56	26	34	3	61	63	36	45	64	
28	69	15	7	42	32	49	44	49	60	57	39	47	37	16	10	13	0	48	17	54	6	53	3	54	41	35	14	66	31	32	39	18	81	43	42	47	38	47	60	
80	87	74	77	10	58	25	79	69	25	77	29	87	9	70	15	59	84	0	39	24	65	43	82	13	65	7	44	25	57	2	40	20	74	54	19	73	79	48	39	
21	74	60	23	55	46	56	38	77	18	74	20	10	52	45	43	35	75	13	0	37	45	16	32	64	34	66	2	59	44	43	32	77	62	26	78	86	76	60	83	
29	75	69	56	63	7	75	66	31	3	39	40	42	32	46	8	70	65	12	49	0	46	14	41	44	14	65	52	12	52	51	40	21	23	3	60	23	65	34	21	
28	55	1	37	62	30	80	6	87	59	20	39	8	57	19	15	40	74	58	36	54	0	53	81	40	41	8	70	66	43	45	36	23	77	30	10	8	29	59	46	
39	87	33	14	28	6	50	51	6	53	14	16	28	28	26	41	70	63	40	59	51	24	0	47	5	24	52	58	24	32	36	15	30	68	32	45	42	61	44	67	
41	85	39	65	33	23	40	61	40	72	48	50	53	36	7	22	93	53	39	58	59	58	60	0	53	35	63	5	60	22	28	49	56	85	34	79	78	81	38	61	
49	45	50	41	29	41	60	72	16	54	24	5	38	22	36	51	23	6	60	69	43	34	23	23	0	34	62	34	59	33	46	25	40	6	28	55	54	84	49	20	
5	67	45	38	39	30	64	45	73	27	81	16	39	8	24	27	93	41	70	25	31	29	30	58	20	0	67	60	15	28	27	16	55	71	34	72	70	71	44	67	
47	73	22	58	81	46	19	31	71	41	54	9	42	44	6	24	74	45	44	66	13	1	54	81	11	50	0	49	52	30	50	58	44	27	42	1	42	63	46	39	
49	69	15	64	35	46	27	44	59	58	66	55	3	28	31	71	46	45	17	50	61	72	52	57	14	34	20	0	32	14	12	60	37	88	26	39	70	77	30	53	
52	104	58	69	52	39	59	10	44	3	52	54	66	55	26	40	102	72	44	42	5	62	46	13	38	39	82	17	0	41	32	53	53	12	35	36	55	80	57	53	
28	56	10	43	62	25	69	32	38	50	46	34	24	7	10	50	64	24	70	29	40	52	31	74	43	13	59	34	38	0	50	39	32	67	5	52	75	72	9	32	
76	15	75	48	43	52	70	15	54	32	31	20	45	71	75	5	80	34	59	80	27	63	47	81	94	68	69	50	64	58	0	21	58	77	11	49	62	77	25	48	
70	87	76	85	24	3	86	12	69	17	68	10	38	73	42	46	28	53	28	90	71	42	62	57	1	55	48	65	44	85	31	0	10	54	30	85	72	52	40	57	
49	49	11	44	73	59	45	40	65	66	27	48	41	41	29	46	91	58	43	51	64	28	58	83	50	47	3	61	67	27	52	19	0	14	13	58	21	73	36	56	
46	81	32	32	26	64	88	40	66	79	40	57	39	44	50	35	71	39	84	70	72	1	71	75	10	59	40	66	42	45	65	12	12	0	5	44	42	63	61	46	
52	11	50	76	25	5	51	1	51	49	59	59	40	47	18	30	89	64	50	69	43	44	14	5	64	46	59	16	2	33	13	52	61	16	0	76	71	63	34	57	
14	10	49	35	48	39	70	59	55	64	63	25	11	45	54	36	64	3	67	3	40	38	39	54	4	27	79	47	51	37	36	25	69	53	49	0	62	80	47	20	
43	17	25	58	73	40	76	39	45	65	53	41	6	22	2	65	32	39	17	6	54	63	12	84	17	28	52	48	27	8	65	54	22	82	20	67	0	59	23	13	
67	45	48	2	10	47	72	71	69	11	24	43	21	12	49	3	55	11	41	56	13	61	54	62	57	52	3	61	21	32	49	78	22	41	43	23	13	0	48	61	
44	57	50	31	50	32	42	68	11	43	19	7	33	33	40	46	37	64	52	37	13	29	4	47	59	29	57	7	21	33	27	20	15	63	22	50	49	58	0	5	
46	108	71	79	75	61	36	84	82	57	86	57	32	27	49	62	94	33	28	30	27	45	68	36	61	31	50	24	56	54	68	57	75	16	57	36	57	21	70	0	
M5
0	28	12	19	34	43	7	38	27	60	51	48	68	39	25	55	55	37	37	23	30	37	51	18	49	49	35	27	20	22	17	24	55	15	74	8	16	57	34	51	
63	0	26	33	28	85	47	50	25	58	10	48	38	62	32	55	16	62	44	63	39	37	48	3	32	39	5	39	29	21	54	38	32	33	59	18	58	58	45	37	
80	15	0	4	45	85	56	51	33	77	36	69	67	86	48	68	40	62	22	67	15	86	36	30	34	61	63	27	42	7	34	9	40	59	74	18	36	61	19	36	
71	26	8	0	56	65	60	62	19	86	47	46	38	57	19	60	11	73	33	43	26	76	47	24	5	32	68	18	53	1	45	16	51	70	61	29	47	57	30	7	
13	14	40	46	0	35	35	66	55	75	62	76	55	67	53	54	73	65	65	51	18	65	74	23	46	77	58	40	14	1	4	52	19	43	88	36	17	65	62	78	
25	50	32	39	63	0	36	1	54	72	56	42	64	49	55	46	3	36	57	40	40	66	10	24	68	26	44	53	60	18	36	44	61	7	48	36	3	8	48	53	
32	40	26	33	4	61	0	8	15	30	47	18	38	52	6	25	30	32	41	7	44	7	27	19	32	19	5	1	40	27	30	38	45	33	58	18	43	41	28	37	
46	47	38	5	11	66	53	0	49	30	47	18	24	61	49	25	41	28	44	34	51	7	27	19	35	19	24	24	47	31	37	46	5	47	65	37	50	48	17	37	
62	43	36	43	54	71	37	16	0	2	57	52	57	71	27	43	49	37	56	42	43	41	11	53	18	45	65	49	21	46	29	48	23	56	12	37	29	63	4	54	
23	4	50	57	15	36	13	26	48	0	49	20	18	32	42	27	10	34	65	20	10	9	29	21	35	21	41	10	33	38	41	35	56	53	60	7	54	40	57	60	
46	57	43	39	50	63	23	49	1	76	0	64	72	59	8	49	37	54	20	46	15	53	45	16	35	28	51	32	5	50	41	36	8	9	83	47	34	34	60	71	
67	56	64	60	71	71	44	13	22	73	7	0	18	59	29	70	58	75	41	39	36	74	66	36	56	49	72	53	26	71	62	40	29	30	72	38	55	21	15	74	
74	12	50	56	39	27	49	68	50	34	50	36	0	15	15	49	67	68	39	16	4	72	53	58	43	40	41	73	46	60	29	60	56	54	64	5	53	44	53	30	
36	37	35	18	1	58	57	46	41	57	26	76	47	0	48	11	37	36	34	74	41	87	57	46	5	2	14	48	37	24	27	47	22	49	30	27	40	11	54	5	
71	19	1	8	49	80	30	39	21	46	40	34	62	68	0	7	43	30	10	35	19	23	4	34	32	35	58	31	46	11	38	13	28	49	42	22	24	65	23	40	
56	46	59	45	52	78	54	54	37	31	38	19	44	28	47	0	52	18	26	29	39	8	28	20	56	20	58	41	49	36	51	30	27	37	7	24	40	54	15	56	
90	80	72	39	55	103	35	59	36	63	53	24	50	31	64	65	0	64	80	58	70	65	38	6	59	8	63	39	72	61	56	63	66	46	35	64	56	65	61	46	
63	11	55	56	62	79	35	66	18	64	3	55	77	52	20	61	54	0	37	32	32	65	58	33	52	45	59	6	22	1	44	5	25	2	54	64	41	19	27	21	
62	28	24	10	47	96	25	20	2	78	39	66	43	77	54	37	46	42	0	47	19	55	16	57	40	67	46	49	51	34	21	36	9	49	54	18	5	78	31	42	
25	47	32	39	26	71	47	78	34	62	19	50	82	12	28	46	59	19	53	0	10	39	29	49	40	37	49	42	38	37	35	41	7	38	18	19	56	1	4	40	
59	49	34	41	25	72	56	56	38	63	53	55	46	46	62	70	39	35	27	1	0	73	52	59	40	13	13	47	29	44	51	21	41	54	5	26	41	35	5	45	
38	43	47	54	63	68	36	36	45	13	30	1	41	44	52	8	34	15	64	17	42	0	10	2	72	2	64	31	31	33	70	37	52	34	48	36	69	44	38	53	
57	30	51	58	29	77	2	33	35	55	22	43	63	40	21	12	55	2	56	7	8	32	0	44	57	44	30	19	35	20	55	24	44	21	14	2	37	38	32	19	
61	63	55	45	33	90	6	19	37	59	64	47	67	56	35	54	35	55	26	12	19	36	33	0	55	10	34	30	69	56	56	65	44	21	63	47	40	26	49	52	
44	5	32	25	44	43	38	47	11	80	49	74	20	20	57	48	61	29	18	43	44	68	12	51	0	42	53	52	68	42	48	44	36	18	16	4	32	54	54	48	
66	34	16	23	32	68	56	15	11	6	25	62	33	71	46	8	25	9	41	32	34	52	55	46	53	0	78	32	44	26	53	6	47	28	75	37	37	45	38	47	
46	27	9	16	11	68	31	62	45	41	48	53	21	60	60	67	14	52	34	61	27	61	31	35	15	35	0	22	40	19	37	21	52	71	64	1	48	73	28	20	
64	27	9	16	29	84	68	50	45	60	44	15	43	5	60	39	52	64	34	69	19	42	48	42	33	22	42	0	31	19	13	21	50	67	23	30	12	39	27	33	
26	30	37	44	72	42	48	19	38	69	67	38	17	48	2	27	14	66	27	49	37	59	40	20	68	33	76	64	0	34	57	49	28	56	64	31	41	81	27	15	
82	18	45	12	74	26	61	42	39	87	24	7	47	87	35	76	48	92	58	68	53	91	73	35	42	38	66	34	43	0	79	53	11	15	41	66	72	19	29	14	
70	19	1	8	38	41	15	30	37	62	23	56	2	43	43	57	41	47	26	44	19	45	21	34	38	33	15	31	42	11	0	13	44	17	59	22	40	54	23	33	
84	58	74	59	49	81	71	74	49	91	34	69	79	35	39	69	85	31	68	80	33	96	49	33	63	47	72	28	53	17	61	0	56	5	16	13	43	67	73	63	
59	40	22	29	24	69	15	29	45	54	55	56	16	57	44	60	27	61	34	45	32	45	44	46	4	3	1	35	29	32	50	34	0	71	59	14	48	79	18	12	
70	70	60	40	42	88	15	46	53	36	80	56	45	72	44	63	26	60	79	45	41	45	65	47	29	49	43	39	78	53	68	18	49	0	76	7	81	69	66	58	
69	39	28	14	48	54	67	57	56	57	41	45	1	42	42	9	50	38	53	43	31	34	54	13	44	46	25	33	60	23	56	40	63	57	0	32	67	28	3	46	
6	1	12	19	45	38	28	59	38	36	23	69	82	60	32	11	55	32	37	41	30	58	10	39	49	50	49	42	41	22	38	24	22	27	48	0	37	50	22	51	
60	33	15	22	25	78	45	69	41	49	26	37	35	69	48	42	28	51	40	53	33	26	27	38	29	31	2	36	45	25	12	27	19	49	65	10	0	74	37	34	
12	40	37	4	55	70	34	31	48	44	39	32	59	49	22	23	3	19	38	48	48	21	41	24	30	26	32	42	47	30	44	41	56	38	53	35	43	0	59	13	
21	26	44	51	46	22	43	40	11	13	34	5	45	75	34	45	49	69	52	59	20	59	43	26	50	29	23	57	38	54	27	13	56	51	81	36	52	48	0	55	
80	26	40	28	46	1	43	38	20	22	57	45	44	22	5	46	9	59	9	32	37	34	34	30	50	32	59	63	69	50	39	30	15	34	59	36	23	29	48	0	
