40  4  1
4
	0	13	1	81	2	79	3	96
	0	5	1	49	2	55	3	97
	0	20	1	44	2	85	3	90
	0	46	1	14	2	82	3	43
	0	60	1	74	2	91	3	38
	0	42	1	61	2	84	3	27
	0	8	1	38	2	43	3	69
	0	53	1	14	2	94	3	17
	0	3	1	40	2	39	3	23
	0	13	1	96	2	11	3	91
	0	53	1	65	2	27	3	3
	0	79	1	80	2	26	3	72
	0	75	1	75	2	9	3	33
	0	11	1	85	2	30	3	53
	0	65	1	66	2	2	3	18
	0	85	1	39	2	100	3	45
	0	4	1	77	2	99	3	13
	0	34	1	87	2	68	3	20
	0	89	1	56	2	2	3	100
	0	23	1	66	2	75	3	66
	0	93	1	88	2	38	3	64
	0	55	1	28	2	100	3	43
	0	72	1	69	2	56	3	86
	0	4	1	27	2	71	3	53
	0	80	1	43	2	6	3	33
	0	87	1	51	2	65	3	7
	0	35	1	98	2	99	3	59
	0	63	1	23	2	79	3	6
	0	8	1	9	2	49	3	12
	0	58	1	52	2	91	3	24
	0	40	1	45	2	94	3	42
	0	33	1	37	2	91	3	98
	0	99	1	29	2	1	3	26
	0	73	1	32	2	8	3	28
	0	59	1	59	2	50	3	88
	0	12	1	69	2	7	3	74
	0	18	1	72	2	3	3	32
	0	88	1	33	2	71	3	70
	0	41	1	83	2	45	3	79
	0	31	1	92	2	64	3	39
SSD
M0
0	52	38	24	13	63	52	70	13	69	61	44	21	26	57	41	21	38	63	47	35	50	63	49	15	3	57	49	23	39	40	18	43	41	26	37	35	36	74	20	
42	0	47	70	29	7	52	14	13	42	61	52	58	64	20	50	21	34	13	47	35	8	28	49	60	26	61	3	37	18	40	37	57	35	33	37	35	36	70	43	
32	40	0	40	39	52	47	59	58	74	56	10	51	63	21	45	31	60	46	12	45	16	38	60	2	42	49	48	68	63	38	44	5	54	43	47	28	46	50	44	
49	2	38	0	26	14	27	21	20	49	36	59	39	66	27	41	28	27	15	11	13	10	35	21	57	33	43	10	35	25	42	43	21	42	8	44	42	43	46	41	
46	63	38	20	0	38	27	23	57	44	23	27	17	38	32	9	65	30	49	63	49	47	51	33	57	53	59	65	38	33	15	4	24	56	51	12	45	68	27	66	
49	2	25	28	32	0	14	21	20	41	23	48	24	71	27	51	28	41	20	49	36	15	35	27	41	33	14	10	44	6	19	28	50	42	38	33	42	43	52	44	
40	37	3	15	10	49	0	47	39	19	1	33	4	79	44	29	46	73	24	35	14	39	30	5	22	50	31	45	63	28	41	34	28	77	16	62	51	40	30	49	
12	50	28	40	35	6	17	0	20	34	24	17	29	51	64	27	28	20	49	53	39	42	55	30	40	28	56	36	9	23	37	43	53	27	31	2	42	43	55	3	
28	59	31	54	13	47	36	54	0	53	45	36	42	54	41	36	5	39	47	31	19	43	47	33	44	10	59	33	21	37	24	29	41	39	60	21	19	20	58	27	
37	34	40	27	22	46	45	27	18	0	54	45	57	71	53	39	14	48	52	6	28	47	32	46	62	31	43	42	42	31	9	38	26	60	52	30	40	29	15	36	
73	46	38	55	31	22	32	12	47	59	0	41	4	76	61	48	55	77	1	70	30	59	51	26	60	4	52	7	30	46	4	74	8	41	47	67	69	33	51	19	
57	40	48	6	42	50	39	59	26	56	48	0	26	36	65	45	34	42	38	12	48	27	19	52	30	39	8	48	50	44	53	44	30	68	13	24	3	42	74	46	
49	41	15	27	22	18	4	59	49	31	13	29	0	61	56	41	26	60	16	13	7	5	39	17	34	43	20	40	44	40	53	45	27	22	28	42	61	41	42	7	
53	61	1	61	60	67	51	80	79	78	60	31	63	0	20	32	52	53	65	33	46	13	59	64	23	50	20	69	85	39	59	65	26	75	64	68	49	65	71	41	
56	52	61	4	43	51	66	3	27	67	34	66	50	66	0	46	35	69	40	28	27	10	54	63	52	40	38	60	51	67	48	51	71	69	58	51	49	50	88	57	
44	47	20	12	11	47	9	64	56	30	11	45	21	44	61	0	53	48	21	49	31	29	47	22	22	60	27	28	62	14	52	13	22	80	33	30	9	57	5	52	
19	72	22	50	4	38	27	45	45	44	36	27	39	53	37	61	0	30	38	49	10	58	38	40	44	35	66	51	55	32	23	43	32	55	51	12	50	11	59	18	
66	52	47	17	51	8	64	56	47	16	73	74	74	60	77	61	43	0	10	28	57	37	4	63	56	39	64	31	71	56	38	60	34	21	71	59	69	38	44	19	
64	40	29	4	29	42	29	59	42	53	38	36	41	92	12	13	50	39	0	12	50	36	38	42	25	42	18	42	66	26	56	44	54	10	53	21	60	63	67	9	
44	5	33	52	37	17	29	24	23	52	35	61	41	60	30	10	31	44	23	0	45	18	3	42	55	7	14	13	47	28	50	9	58	45	43	46	25	46	67	53	
61	49	24	36	31	5	13	54	45	14	22	38	25	50	8	50	41	41	45	33	0	35	51	26	16	58	52	49	69	44	9	55	18	1	37	23	15	6	19	16	
65	65	13	45	52	77	34	53	39	61	43	29	46	1	32	44	47	45	25	45	56	0	71	47	22	52	32	73	63	10	66	71	9	10	14	63	61	49	64	40	
63	41	64	50	23	53	53	31	42	19	62	53	65	68	40	71	40	56	51	38	51	54	0	66	57	33	73	18	66	59	41	70	53	69	38	38	42	36	47	32	
50	47	13	25	1	59	2	38	49	29	11	43	14	79	48	39	56	83	15	40	24	49	21	0	32	41	22	55	73	19	51	44	38	77	26	72	61	31	21	40	
78	46	41	25	48	52	30	37	50	54	39	26	21	40	29	4	58	44	62	73	40	29	68	43	0	57	57	30	48	47	7	31	26	49	50	26	5	73	68	28	
36	47	35	61	18	3	41	38	5	35	50	7	50	23	49	44	13	44	55	39	27	47	46	41	52	0	30	41	29	45	32	37	49	24	24	26	27	28	9	21	
27	57	10	30	33	67	34	74	53	42	43	40	46	65	51	35	25	34	10	42	39	46	42	47	31	43	0	65	34	1	52	39	35	52	9	41	30	40	41	47	
33	49	29	41	18	28	18	47	2	41	27	30	30	38	46	41	10	36	11	21	20	48	47	31	48	15	21	0	26	42	29	34	5	44	42	26	24	25	34	32	
70	82	64	57	54	64	53	49	89	70	62	38	65	75	101	10	68	47	41	71	59	59	74	49	64	79	45	24	0	8	48	94	49	10	62	38	53	83	57	68	
58	16	6	42	50	28	51	21	34	63	60	36	63	9	40	42	42	55	34	38	30	29	41	45	28	47	40	24	32	0	61	35	1	39	54	50	54	27	56	2	
34	57	37	52	19	13	42	60	3	59	51	42	26	60	47	42	11	45	53	37	25	38	53	39	50	16	10	39	27	43	0	35	47	45	3	27	25	26	54	19	
79	62	55	43	52	55	44	25	77	46	53	38	31	43	53	56	73	15	12	44	66	32	53	57	74	70	31	64	39	50	59	0	70	57	68	29	8	87	74	51	
45	50	58	45	40	54	63	1	36	5	36	63	12	48	3	5	32	66	68	24	46	4	28	64	56	20	29	58	60	43	27	56	0	25	70	48	27	47	8	48	
67	61	30	42	37	30	19	74	55	36	28	19	31	26	57	56	63	22	51	55	13	45	42	32	27	45	57	54	75	25	21	60	55	0	8	4	54	67	57	55	
32	44	23	19	9	26	12	58	58	39	21	40	24	66	50	9	9	2	44	31	23	57	31	25	42	13	51	52	68	32	36	54	29	57	0	25	60	5	2	31	
51	48	14	26	21	14	3	58	39	20	12	3	15	76	55	40	47	6	35	39	25	50	41	16	33	29	42	41	59	9	23	44	39	54	27	0	61	51	41	42	
66	62	29	17	26	29	18	73	54	35	27	18	5	17	48	55	62	21	50	54	40	6	56	31	48	44	48	56	74	24	38	59	54	62	42	3	0	66	56	25	
54	30	35	47	30	42	24	14	48	51	33	65	36	81	55	49	49	69	13	67	39	25	19	25	19	4	51	2	64	20	73	66	60	70	48	65	60	0	50	69	
27	1	16	64	35	5	51	20	19	48	17	46	61	47	26	56	27	28	19	48	41	14	34	55	38	32	9	9	43	24	46	43	41	41	22	36	41	42	0	49	
44	57	16	9	18	63	19	23	22	46	28	44	31	78	57	12	21	55	32	48	35	46	38	13	17	35	39	2	46	36	34	54	41	6	43	37	44	36	38	0	
M1
0	10	77	61	19	20	8	62	83	52	61	81	75	53	43	74	20	70	92	58	82	23	95	32	25	62	69	53	99	66	62	97	85	67	52	15	23	63	73	60	
21	0	56	31	86	16	15	12	36	59	28	84	49	55	74	69	45	20	46	4	32	65	58	34	31	44	81	57	57	20	85	86	55	71	30	64	32	27	40	62	
35	29	0	102	51	62	61	58	41	7	50	78	46	20	53	69	90	88	68	57	45	75	61	80	71	59	15	61	40	46	4	48	4	51	33	62	65	64	7	41	
72	52	82	0	48	19	65	58	47	80	88	43	4	52	81	24	38	66	72	77	59	32	67	31	69	19	36	32	74	75	82	54	10	26	67	67	70	37	80	30	
71	1	41	74	0	46	55	14	38	70	67	12	54	1	62	65	47	58	27	54	34	14	63	84	33	59	79	57	36	46	72	18	64	69	30	66	64	29	42	61	
57	32	3	29	54	0	28	60	62	54	68	69	47	13	32	9	76	51	45	78	69	33	33	74	79	8	57	10	78	28	51	58	51	69	41	58	51	46	38	63	
34	38	43	77	44	49	0	78	37	6	82	35	29	41	42	46	31	68	66	12	37	14	49	67	13	62	51	7	77	29	89	58	39	52	6	20	91	74	88	53	
67	86	30	77	90	61	27	0	10	71	70	65	26	68	74	77	19	46	71	77	6	66	67	66	5	31	55	60	43	46	62	60	44	72	5	38	36	1	14	83	
17	56	82	54	40	54	8	95	0	52	20	15	72	28	28	44	70	50	82	58	49	16	67	25	4	64	5	25	66	56	12	10	54	61	52	66	64	56	11	53	
72	18	75	83	78	83	48	67	15	0	7	34	96	57	64	16	72	58	60	9	35	71	56	54	58	38	60	53	32	78	67	49	94	67	33	83	37	51	63	81	
76	59	65	27	6	60	46	66	47	14	0	2	45	57	22	20	79	55	9	42	18	34	56	58	8	49	29	44	51	52	69	15	51	15	47	54	2	44	15	71	
52	50	93	13	55	46	16	49	2	60	62	0	31	57	46	51	65	78	61	40	64	55	56	58	46	46	34	49	63	71	38	52	8	15	52	1	69	37	53	57	
40	66	3	63	64	75	23	18	42	19	49	70	0	58	34	2	51	44	99	13	13	65	22	34	37	46	32	63	75	64	51	31	51	53	37	69	68	33	46	37	
88	42	27	53	31	53	46	72	69	59	54	105	14	0	42	50	69	65	70	68	75	55	41	24	58	46	64	11	63	58	75	44	32	28	23	58	56	21	53	52	
75	33	66	40	46	2	57	67	59	50	17	84	32	39	0	16	11	58	61	86	75	55	17	85	53	58	87	2	58	61	74	65	31	38	86	53	51	16	57	28	
20	25	35	77	23	77	2	12	36	46	48	70	52	59	54	0	45	3	58	52	32	54	7	58	31	5	34	47	48	23	19	10	51	61	31	28	45	27	40	27	
62	4	77	38	63	39	44	40	53	45	76	71	56	77	24	3	0	6	69	33	29	46	48	15	53	47	76	50	52	23	61	18	16	41	34	12	54	46	52	43	
77	67	62	81	18	26	68	85	20	83	4	39	65	50	41	34	63	0	17	105	75	76	78	52	57	14	56	36	62	27	34	51	63	84	17	57	55	20	71	61	
67	31	63	72	67	58	58	89	10	80	33	65	19	51	38	71	43	7	0	52	68	20	39	75	54	7	55	46	94	39	40	54	20	55	22	49	27	103	4	71	
64	27	90	38	76	71	11	67	7	4	44	14	56	58	67	16	54	50	79	0	30	40	59	9	47	60	52	44	51	78	59	36	62	78	55	61	13	40	52	37	
57	48	3	80	61	42	43	2	26	54	48	81	42	54	17	55	35	49	74	66	0	4	34	66	21	46	52	17	46	47	3	27	29	78	21	15	25	4	30	69	
38	63	74	100	65	10	64	54	70	32	67	91	78	40	21	23	87	45	73	34	74	0	44	74	73	20	37	32	106	15	81	72	36	85	62	28	54	69	81	37	
53	35	58	59	48	24	25	14	38	48	20	47	53	29	36	33	46	69	15	12	34	17	0	85	33	55	1	4	4	37	44	82	42	19	33	60	64	29	35	6	
70	39	66	2	52	35	66	60	50	36	70	59	20	45	31	28	18	14	67	66	24	4	47	0	11	35	52	8	46	47	24	38	26	42	79	38	12	4	75	1	
99	68	48	29	76	62	60	75	85	80	56	86	27	61	46	67	81	87	70	88	82	64	65	48	0	60	40	71	50	107	88	97	53	24	68	41	49	79	79	73	
24	51	42	45	60	45	41	31	3	37	33	35	55	50	70	72	64	54	2	89	10	28	32	68	37	0	48	33	88	70	55	53	13	62	50	8	74	46	10	89	
85	24	79	43	33	15	57	46	64	54	51	96	6	43	31	45	59	55	58	77	18	45	48	14	52	10	0	6	68	67	14	54	62	54	49	69	9	45	71	42	
75	8	56	84	21	19	35	54	73	25	63	79	83	14	62	16	86	42	36	61	50	30	19	91	73	60	89	0	78	73	59	65	87	107	61	81	79	44	82	63	
74	43	91	94	56	50	12	89	85	56	77	34	79	16	50	51	81	77	19	48	85	64	18	86	63	75	88	12	0	49	31	100	89	102	56	70	76	50	22	65	
60	60	84	59	72	49	15	61	3	59	1	58	59	55	17	10	49	3	65	65	78	59	55	68	47	54	48	39	93	0	55	53	83	65	59	38	53	51	49	76	
89	47	85	60	31	21	30	61	85	28	1	52	37	34	4	53	74	64	37	65	81	62	12	31	22	83	68	30	9	35	0	81	84	50	19	78	68	41	40	59	
30	14	43	30	56	30	78	65	46	60	63	68	48	56	7	61	82	3	60	67	57	44	44	74	4	50	80	75	71	83	17	0	9	14	36	55	33	80	22	74	
33	13	60	82	18	29	56	71	8	70	68	63	13	62	59	36	57	55	66	66	91	60	50	73	52	30	53	73	59	60	47	15	0	20	28	29	32	54	59	101	
64	12	63	92	34	16	56	19	29	28	39	45	59	10	57	15	52	31	14	33	39	8	9	94	38	4	73	68	76	51	32	45	68	0	38	9	43	34	25	73	
11	34	22	13	47	1	20	64	17	51	18	70	31	40	10	13	13	31	23	30	53	28	45	2	40	28	43	3	75	71	53	32	37	53	0	20	41	33	68	30	
79	67	62	46	14	74	36	47	34	80	14	58	64	22	48	20	36	58	8	52	67	48	18	17	40	64	71	36	15	56	34	69	69	86	59	0	56	26	46	36	
63	53	64	78	59	73	45	55	69	89	46	34	22	64	52	4	88	46	41	68	63	35	50	90	46	34	77	79	58	61	62	53	54	67	58	4	0	16	10	45	
34	52	29	43	57	68	30	50	47	54	65	52	12	34	68	69	83	12	37	66	34	36	36	88	4	9	87	30	9	12	49	54	10	59	58	4	2	0	38	83	
53	67	41	71	80	40	81	53	70	62	68	112	85	70	45	53	63	75	90	32	29	2	72	98	55	50	2	36	76	45	22	87	43	92	72	58	83	58	0	67	
70	14	20	59	84	79	61	34	13	57	73	51	66	14	70	45	67	66	77	20	11	69	3	78	53	71	58	40	66	45	43	26	48	35	53	53	72	49	59	0	
M2
0	44	25	53	25	19	11	24	25	44	11	44	3	42	18	46	14	32	36	14	36	33	15	70	57	32	51	33	65	38	33	46	37	35	25	14	30	5	38	35	
28	0	38	33	41	10	50	38	44	13	31	19	30	26	35	8	41	46	5	30	63	32	11	36	55	10	20	41	17	63	17	50	35	22	14	39	57	14	65	29	
28	28	0	5	6	44	70	46	1	60	78	81	43	79	58	6	54	67	67	62	66	68	53	58	44	9	62	34	53	46	53	39	67	65	63	49	70	51	11	66	
24	27	27	0	26	20	35	31	26	27	39	27	4	43	19	35	15	31	37	23	19	34	49	58	40	33	52	21	48	40	31	9	20	24	44	15	13	24	11	36	
32	30	17	62	0	44	58	65	50	34	52	46	28	22	27	57	39	57	58	47	51	11	57	53	70	21	37	20	38	35	50	55	56	1	51	39	55	23	6	17	
16	30	17	31	11	0	8	52	32	1	19	17	18	22	33	29	29	34	3	18	41	5	19	53	34	5	18	20	38	52	17	48	23	1	12	27	35	12	53	17	
40	61	14	70	52	36	0	53	42	42	14	61	20	30	35	63	26	49	53	22	53	19	65	61	74	29	36	28	20	53	24	63	54	9	44	31	47	31	55	38	
40	54	14	70	53	62	41	0	45	54	49	54	46	41	35	62	52	58	56	7	36	62	65	8	62	67	59	71	23	76	34	62	47	52	1	51	40	39	65	57	
13	45	33	26	20	4	33	6	0	28	46	47	45	51	57	55	30	50	52	45	39	40	38	54	4	50	22	5	13	6	40	47	40	30	28	44	33	52	25	38	
4	18	27	41	17	22	26	40	20	0	7	27	6	45	21	17	17	22	13	6	39	34	31	57	31	33	28	45	33	40	5	49	11	26	6	15	33	22	41	5	
51	72	54	60	11	21	80	12	53	68	0	72	31	70	46	74	42	45	64	50	64	26	58	65	57	37	65	67	29	67	32	29	65	63	73	42	58	73	19	60	
28	38	22	41	14	12	48	58	41	55	46	0	19	7	34	49	16	35	47	21	33	1	44	52	19	42	37	15	51	44	71	5	45	38	48	30	46	56	40	51	
11	32	14	41	23	7	40	54	13	32	44	32	0	30	6	34	2	20	24	10	24	21	36	59	45	20	39	42	53	27	48	34	25	23	33	2	18	33	26	23	
30	1	17	60	26	18	30	21	32	34	52	51	10	0	25	12	3	39	38	29	35	11	55	22	64	5	37	20	38	7	50	53	44	1	47	21	37	23	45	30	
3	50	31	33	41	25	58	61	31	48	62	32	9	22	0	52	15	38	42	28	42	25	28	67	42	35	51	34	45	40	45	26	43	15	51	20	36	35	28	41	
32	42	51	73	41	56	50	64	44	42	54	42	59	69	52	0	7	26	57	53	34	44	58	57	55	49	72	22	86	64	57	73	35	50	39	39	28	66	76	52	
20	10	19	41	9	24	18	27	12	5	23	8	22	35	20	18	0	14	29	22	34	14	47	24	23	25	14	37	22	32	14	38	3	18	22	7	28	38	44	21	
19	34	17	49	29	20	42	48	3	34	46	26	25	22	14	42	20	0	49	9	25	11	44	53	46	21	37	2	38	28	50	6	27	1	51	21	20	23	44	25	
21	35	32	26	34	39	43	57	37	6	24	12	23	45	28	34	34	39	0	23	56	39	39	72	48	44	13	53	50	57	22	43	28	43	7	32	50	7	58	22	
35	20	7	51	19	2	28	42	22	24	42	21	41	47	30	28	45	24	48	0	44	36	60	29	33	35	10	36	64	9	26	52	13	27	19	17	38	49	54	40	
3	30	35	17	29	28	38	29	32	30	27	4	12	37	27	34	23	34	45	31	0	31	57	67	43	41	36	45	74	48	46	35	23	38	47	23	16	54	44	40	
4	21	38	40	46	32	46	20	38	20	38	26	16	29	5	42	14	45	12	35	10	0	12	38	34	42	27	5	52	41	36	33	40	22	21	27	43	3	14	36	
40	55	19	29	54	46	27	72	52	36	54	60	30	24	35	35	41	59	60	49	63	13	0	55	64	23	39	22	7	1	52	36	48	3	52	41	57	25	61	32	
32	20	35	11	44	28	52	75	34	53	61	36	12	51	27	43	23	41	45	31	45	42	57	0	63	20	60	29	72	48	69	2	46	35	54	23	39	54	33	36	
3	35	66	16	14	56	23	70	65	56	74	62	43	73	58	45	51	72	48	62	70	62	36	62	0	64	12	41	86	24	62	86	71	52	23	54	70	57	15	70	
10	22	5	12	21	23	30	44	24	26	44	32	43	49	32	30	29	26	23	43	46	20	62	38	32	0	38	13	19	44	27	60	15	30	32	19	40	32	53	42	
26	42	51	39	37	46	46	64	44	13	31	51	30	51	45	10	3	46	37	30	63	52	55	66	17	57	0	64	57	22	29	73	35	50	24	39	57	46	29	29	
26	19	39	39	16	47	41	55	35	33	45	33	50	60	43	41	58	37	37	15	25	49	23	70	17	39	35	0	65	9	49	64	26	41	46	30	19	46	38	43	
17	3	27	49	17	6	26	16	20	2	20	18	19	20	28	26	30	22	26	19	10	26	29	1	31	1	41	36	0	40	18	5	11	26	19	15	4	13	52	18	
6	53	19	36	44	12	61	64	34	36	54	35	12	24	1	55	18	41	45	17	45	13	23	36	45	23	39	22	40	0	12	29	46	3	11	23	39	25	31	32	
33	24	39	38	46	10	53	49	49	18	36	15	35	48	40	46	46	45	10	35	12	25	51	75	40	45	25	56	62	9	0	19	40	49	19	27	62	12	45	21	
23	62	26	72	64	53	72	57	12	43	61	63	37	31	43	57	24	66	54	56	21	20	73	11	50	30	13	29	47	57	59	0	58	10	45	48	51	32	68	39	
21	6	15	37	5	20	14	28	8	10	28	38	27	33	16	14	31	10	34	27	30	22	46	60	19	21	37	33	51	28	26	44	0	14	27	3	24	36	40	26	
39	44	8	56	51	35	54	64	41	25	43	49	19	13	34	48	30	48	49	38	52	2	64	44	67	12	28	11	29	50	41	51	47	0	42	30	46	14	50	21	
21	51	31	31	40	65	59	70	41	54	40	54	67	49	61	32	8	37	61	19	17	23	87	15	64	16	13	60	77	41	41	85	44	41	0	19	40	63	27	64	
40	25	5	56	14	39	33	47	15	29	47	38	42	23	35	25	50	11	44	46	49	12	65	50	38	11	51	34	51	18	45	63	18	15	46	0	43	37	59	44	
26	11	20	42	10	25	19	33	13	11	23	11	28	38	21	19	36	15	26	22	3	27	44	48	24	26	41	38	55	33	27	42	4	19	28	8	0	35	45	21	
22	33	13	52	22	44	41	29	23	37	55	20	28	22	17	22	34	1	52	47	57	20	47	2	46	19	20	11	24	26	53	45	26	23	6	1	51	0	13	52	
19	18	25	39	17	11	19	40	20	4	22	25	18	30	28	12	22	22	11	21	10	19	46	2	31	29	26	3	37	40	20	27	11	9	20	15	36	20	0	10	
30	10	46	57	65	61	47	46	68	37	55	43	54	52	59	65	7	21	29	42	82	41	70	45	49	51	9	24	68	79	53	16	59	31	38	63	81	19	70	0	
M3
0	54	58	72	76	45	40	75	52	49	68	24	51	41	49	38	44	74	35	57	46	10	54	8	4	42	61	26	61	41	44	32	10	52	28	56	9	18	40	63	
88	0	39	60	13	93	63	93	49	25	74	47	10	51	20	48	70	67	85	50	48	52	62	80	52	49	78	77	103	76	37	54	45	86	40	63	53	90	20	76	
52	44	0	74	59	87	45	51	10	56	39	22	14	20	42	54	58	60	50	71	76	58	35	27	9	43	65	45	40	17	49	59	49	54	55	34	57	58	61	10	
30	51	35	0	29	58	41	16	39	48	28	46	38	28	38	54	51	56	22	48	30	21	41	43	20	35	77	13	59	41	31	27	64	1	3	37	33	26	55	24	
50	42	51	9	0	48	61	65	46	54	79	21	61	60	25	81	56	21	64	36	59	6	71	38	55	62	83	55	57	80	70	18	30	53	20	76	26	44	22	76	
45	25	61	47	5	0	7	66	14	58	78	54	6	26	46	77	32	64	15	67	75	49	39	72	19	45	67	40	89	45	24	35	41	16	60	55	45	33	65	77	
47	48	39	31	45	59	0	25	14	67	69	54	47	50	15	6	60	64	46	62	8	50	26	21	47	54	84	40	47	35	52	49	64	18	46	32	30	53	52	30	
17	38	48	36	35	25	46	0	34	45	59	52	6	40	5	64	18	65	31	53	8	19	36	58	37	32	77	32	40	61	46	39	41	56	47	36	13	45	39	65	
66	42	33	46	26	74	49	32	0	60	47	17	55	44	9	49	67	27	58	38	54	25	2	40	41	54	84	59	76	12	63	43	55	38	29	38	62	72	28	52	
43	45	33	51	62	37	63	58	17	0	55	20	27	54	32	49	47	50	64	2	33	44	42	67	48	17	35	84	38	43	59	56	46	14	25	31	47	31	14	50	
53	52	16	62	49	45	40	48	48	17	0	38	51	41	19	36	58	37	8	62	64	31	54	12	33	4	49	26	28	15	44	40	33	35	43	6	23	39	24	11	
42	73	55	38	9	70	42	39	38	2	36	0	60	60	58	42	61	59	47	48	18	53	63	14	25	43	45	65	4	5	25	20	72	23	19	12	51	31	18	27	
56	11	22	64	51	53	62	50	28	19	40	56	0	39	21	38	41	31	43	37	38	33	53	55	41	6	51	34	65	58	52	20	2	53	37	20	10	47	26	39	
55	7	27	60	56	66	45	55	55	24	49	46	43	0	26	43	17	44	58	52	48	38	35	4	58	11	56	71	70	67	87	30	40	26	68	25	38	27	31	37	
53	15	46	25	12	84	25	66	11	56	36	51	73	17	0	72	87	61	47	72	27	17	36	51	14	43	71	48	67	38	66	16	72	66	24	45	62	61	19	50	
6	35	19	1	32	48	14	37	31	16	37	64	20	35	2	0	40	27	29	52	3	30	48	31	2	3	48	20	62	3	38	24	32	45	44	17	5	33	23	36	
51	43	17	30	26	51	15	45	39	14	39	78	13	24	10	33	0	34	48	22	55	28	5	27	40	1	46	68	60	45	71	15	30	51	52	15	8	45	21	34	
52	16	10	77	64	66	42	24	75	13	74	24	39	29	46	55	59	0	23	5	34	30	42	46	14	73	71	14	63	39	29	28	74	23	64	37	34	27	80	51	
13	30	57	36	79	56	55	27	78	53	54	92	43	48	49	46	48	61	0	62	52	63	66	55	19	61	56	76	82	56	90	69	78	51	77	53	13	20	38	68	
63	68	42	55	51	71	39	29	28	39	37	36	38	49	35	39	12	50	48	0	54	53	30	30	14	26	53	66	65	2	38	38	55	40	17	4	33	24	44	51	
2	37	31	52	33	1	35	37	2	34	61	23	34	3	32	31	9	1	21	26	0	50	27	49	35	23	68	35	82	37	22	37	52	44	54	37	30	3	43	34	
30	9	43	29	23	82	65	61	31	40	65	43	21	11	42	36	55	60	60	52	47	0	55	37	29	27	34	85	8	66	29	65	12	52	23	36	56	35	22	60	
41	3	25	37	32	4	38	56	4	54	64	6	37	57	36	50	63	54	46	47	52	52	0	26	24	41	44	51	3	39	24	60	70	47	18	31	53	30	55	62	
34	38	44	50	45	73	1	48	60	45	25	50	47	45	31	51	21	65	36	44	57	49	20	0	37	32	57	36	16	14	33	49	61	5	24	16	38	43	46	11	
42	24	58	71	59	61	3	38	66	31	39	40	55	45	60	25	60	58	39	83	63	21	55	32	0	46	24	30	70	4	48	17	57	50	85	21	50	43	66	53	
43	41	9	51	38	48	51	37	37	6	31	70	60	32	8	25	71	26	40	51	53	20	56	46	40	0	38	60	52	49	69	42	22	69	50	7	36	73	13	26	
75	70	58	57	87	80	43	53	58	55	69	64	26	17	57	71	83	63	51	51	78	69	83	36	51	42	0	64	62	74	1	78	61	77	41	53	53	60	61	33	
73	58	73	77	72	57	22	72	69	54	54	38	19	9	69	35	46	62	3	62	77	10	22	59	1	58	58	0	43	38	12	8	54	57	58	44	14	7	74	31	
26	66	68	22	17	83	45	41	66	69	49	76	44	61	63	35	76	76	40	32	37	61	86	17	9	56	29	72	0	46	9	45	79	66	3	16	48	15	76	47	
44	44	30	59	31	52	13	10	61	31	11	52	33	35	32	13	32	30	22	55	35	45	50	4	42	18	48	40	42	0	58	54	47	22	57	2	37	53	38	25	
73	80	70	83	64	56	47	65	15	67	66	41	53	67	47	68	40	65	77	8	89	63	40	12	78	54	32	86	81	31	0	66	83	44	52	25	61	28	32	76	
62	42	36	8	19	78	68	50	69	39	79	50	65	37	72	31	85	6	49	31	13	56	68	54	40	79	87	40	77	65	55	0	79	49	54	63	60	53	79	20	
44	46	22	36	43	61	56	50	42	19	44	28	73	21	13	25	62	39	27	21	10	11	67	59	44	6	51	73	55	62	37	47	0	51	55	20	27	64	26	39	
1	22	62	27	27	48	42	77	36	45	78	17	21	12	34	64	32	36	78	30	79	20	50	36	6	46	52	69	68	43	85	56	56	0	73	11	5	42	66	79	
46	68	64	42	30	55	45	13	64	67	69	7	36	32	35	41	48	34	26	52	38	33	35	24	24	61	49	17	8	61	29	31	71	25	0	36	37	30	69	54	
42	46	40	47	64	81	15	39	41	39	63	54	62	53	41	1	47	10	47	35	49	4	11	53	31	26	71	38	35	28	3	52	55	13	50	0	46	29	20	59	
35	13	33	46	42	11	31	61	52	8	47	56	29	3	26	49	3	33	53	17	71	44	21	43	45	17	62	61	76	61	62	31	46	11	68	31	0	5	37	50	
14	55	26	68	55	65	22	54	54	23	48	63	54	33	25	32	68	19	46	23	39	37	32	63	31	10	55	37	45	54	55	46	39	45	33	24	53	0	5	43	
21	64	9	48	43	19	31	64	60	2	33	47	28	18	38	44	55	28	12	20	63	19	31	43	10	23	20	3	14	30	21	17	32	62	29	37	23	11	0	40	
3	55	46	52	19	43	58	65	10	43	50	12	54	13	42	62	30	33	61	32	67	37	35	47	39	30	28	53	18	45	39	23	59	5	33	30	21	10	50	0	
