40  8  1
8
	0	13	1	69	2	43	3	71	4	72	5	43	6	84	7	70
	0	40	1	8	2	11	3	71	4	41	5	33	6	60	7	91
	0	22	1	97	2	33	3	22	4	42	5	59	6	25	7	46
	0	87	1	57	2	33	3	25	4	95	5	46	6	23	7	46
	0	92	1	91	2	98	3	84	4	64	5	65	6	79	7	9
	0	34	1	26	2	92	3	64	4	4	5	76	6	32	7	87
	0	86	1	11	2	44	3	42	4	40	5	32	6	37	7	99
	0	73	1	71	2	23	3	69	4	85	5	37	6	55	7	76
	0	68	1	18	2	90	3	42	4	75	5	58	6	20	7	2
	0	31	1	19	2	33	3	76	4	49	5	95	6	95	7	71
	0	71	1	19	2	84	3	86	4	50	5	9	6	98	7	44
	0	40	1	20	2	18	3	75	4	64	5	5	6	17	7	16
	0	66	1	14	2	27	3	24	4	86	5	66	6	7	7	87
	0	3	1	80	2	85	3	98	4	23	5	56	6	60	7	37
	0	30	1	31	2	85	3	47	4	19	5	65	6	68	7	18
	0	65	1	16	2	66	3	20	4	18	5	20	6	58	7	36
	0	18	1	82	2	13	3	84	4	61	5	45	6	9	7	50
	0	79	1	91	2	43	3	48	4	4	5	87	6	58	7	81
	0	27	1	95	2	72	3	93	4	77	5	88	6	78	7	10
	0	79	1	62	2	61	3	13	4	69	5	18	6	42	7	5
	0	67	1	65	2	47	3	55	4	47	5	66	6	67	7	34
	0	45	1	22	2	50	3	70	4	3	5	82	6	41	7	97
	0	31	1	96	2	67	3	69	4	37	5	81	6	28	7	60
	0	74	1	47	2	43	3	86	4	68	5	100	6	57	7	96
	0	60	1	44	2	23	3	45	4	72	5	13	6	92	7	27
	0	46	1	34	2	92	3	36	4	63	5	96	6	81	7	85
	0	19	1	61	2	87	3	97	4	96	5	60	6	89	7	62
	0	97	1	50	2	94	3	98	4	100	5	30	6	11	7	83
	0	55	1	39	2	31	3	38	4	49	5	85	6	65	7	75
	0	84	1	74	2	2	3	44	4	62	5	51	6	71	7	43
	0	77	1	55	2	44	3	74	4	31	5	56	6	3	7	57
	0	55	1	40	2	46	3	35	4	83	5	35	6	30	7	41
	0	16	1	11	2	54	3	97	4	73	5	95	6	38	7	70
	0	18	1	82	2	56	3	18	4	9	5	32	6	23	7	73
	0	98	1	81	2	45	3	77	4	5	5	15	6	80	7	42
	0	12	1	75	2	73	3	11	4	69	5	8	6	64	7	48
	0	14	1	56	2	74	3	59	4	23	5	69	6	31	7	60
	0	68	1	84	2	77	3	9	4	46	5	89	6	70	7	79
	0	84	1	84	2	93	3	56	4	61	5	94	6	3	7	64
	0	89	1	2	2	96	3	65	4	42	5	5	6	79	7	81
SSD
M0
0	15	7	33	20	29	24	19	21	5	31	16	43	24	17	32	31	21	22	31	19	13	33	12	11	33	27	28	31	8	22	32	10	26	30	42	14	11	44	10	
32	0	36	12	19	20	12	22	41	16	42	28	10	15	6	10	33	30	37	25	18	24	22	7	15	24	37	6	22	40	21	29	5	15	27	30	25	41	7	23	
9	26	0	28	31	15	6	5	28	11	45	15	14	10	39	3	29	2	24	2	11	19	29	13	16	6	43	20	17	30	44	24	32	41	28	33	36	25	19	18	
39	26	30	0	31	33	17	34	8	32	17	3	24	41	32	7	33	18	45	22	8	39	28	31	31	1	7	15	32	37	6	24	13	23	40	36	32	31	13	14	
12	35	32	2	0	14	16	7	41	20	25	6	27	34	5	37	7	33	14	32	14	31	12	19	25	22	35	24	40	32	1	36	29	5	44	24	17	31	19	29	
31	1	5	33	13	0	33	5	14	32	38	32	6	32	12	21	1	16	36	15	38	4	39	25	27	23	38	7	37	38	4	7	34	8	45	20	23	8	17	13	
20	17	40	39	24	26	0	1	44	32	28	11	41	33	47	23	35	6	30	43	4	19	21	37	5	44	27	17	20	5	18	31	43	32	27	32	45	44	6	4	
28	23	27	35	10	12	32	0	15	4	23	30	15	7	6	4	26	6	24	17	18	16	26	11	13	7	37	17	14	21	27	21	9	34	15	36	6	20	20	15	
16	35	26	29	36	15	33	34	0	34	25	33	46	35	6	23	30	39	4	45	2	29	20	32	6	10	15	19	37	37	28	36	19	5	36	15	40	9	7	39	
12	37	32	29	20	25	36	35	22	0	29	26	42	21	12	23	13	28	5	9	31	21	12	25	17	11	39	21	26	27	21	35	3	28	7	22	12	23	43	15	
8	7	23	28	26	27	7	40	29	15	0	25	37	22	11	27	2	27	23	8	8	7	9	21	27	17	2	20	25	22	15	21	2	27	18	21	7	32	18	17	
19	44	21	34	29	9	17	47	15	16	38	0	24	41	42	26	43	26	17	14	22	45	36	37	12	16	44	16	31	18	23	31	8	33	22	29	33	13	10	34	
8	25	28	16	32	14	41	20	7	2	37	22	0	21	5	3	22	19	33	24	35	30	40	2	16	14	37	31	3	5	36	35	18	43	22	23	35	7	10	29	
23	13	41	26	28	2	22	39	39	36	37	27	38	0	31	20	24	25	34	7	45	6	16	1	3	28	33	7	4	33	40	11	29	31	35	28	38	34	19	5	
31	21	41	17	26	10	25	43	8	23	22	25	30	5	0	28	31	17	34	15	33	6	21	9	11	19	2	9	5	35	30	19	20	14	35	27	20	17	19	13	
37	41	34	4	28	7	15	26	20	34	40	26	16	27	21	0	23	21	4	8	26	14	16	11	8	11	30	9	33	1	28	41	10	35	2	7	33	33	43	4	
12	28	12	15	22	24	19	20	39	13	21	20	43	21	21	24	0	13	34	15	19	6	20	25	13	4	24	14	28	19	15	21	15	28	37	1	4	27	34	6	
35	14	26	28	28	11	30	27	37	19	20	25	35	13	34	16	5	0	15	14	33	2	15	13	19	27	26	1	1	9	30	27	28	11	44	14	27	4	35	21	
20	10	3	16	9	7	5	3	12	32	18	2	15	23	32	5	19	24	0	27	36	9	8	2	9	31	7	15	24	9	31	10	13	38	14	38	32	43	22	17	
24	25	9	15	20	26	37	2	32	42	13	37	37	21	44	17	11	29	18	0	30	30	25	10	27	33	19	8	26	33	26	6	21	46	46	30	33	46	1	29	
14	21	34	27	42	12	30	5	34	32	1	12	22	21	7	31	4	7	40	31	0	28	40	21	22	26	21	1	28	35	2	35	10	29	29	23	26	15	39	25	
7	3	23	27	32	4	26	4	13	2	1	5	44	18	14	10	25	12	38	28	28	0	33	3	24	44	14	28	25	20	11	18	27	10	11	13	13	31	18	26	
33	32	25	21	20	19	15	26	17	5	4	35	32	18	13	8	25	1	41	28	37	27	0	22	18	27	13	28	25	21	8	32	27	2	34	21	38	4	17	26	
38	14	31	15	5	26	19	20	24	28	27	20	21	21	21	18	17	3	1	16	20	30	29	0	27	9	15	21	17	28	25	7	7	20	21	1	28	27	22	29	
22	28	6	4	11	17	34	15	11	39	4	42	1	12	40	10	38	30	16	10	37	10	5	1	0	13	42	6	19	15	37	26	32	33	28	43	16	36	3	8	
14	36	16	9	16	1	38	29	22	24	21	17	34	37	11	9	12	6	38	33	2	22	21	31	26	0	1	24	1	14	24	23	6	6	33	21	26	7	13	26	
13	16	27	19	5	25	32	34	8	6	1	10	16	20	6	24	20	37	37	30	21	13	5	11	26	19	0	18	27	21	9	25	30	38	14	16	6	36	27	6	
16	20	36	15	11	14	14	13	44	2	24	30	46	41	39	38	29	32	30	27	34	1	41	18	10	7	17	0	30	25	25	26	7	22	27	39	24	28	35	33	
30	7	22	4	15	21	15	28	43	25	36	18	49	29	12	43	13	31	24	1	9	10	24	17	3	3	16	24	0	3	15	36	6	31	13	9	30	26	37	21	
32	31	24	20	14	25	1	30	45	23	28	3	17	35	36	10	36	25	37	37	11	32	41	20	35	9	31	22	30	0	25	6	7	1	34	20	40	27	49	33	
32	22	2	7	32	11	30	26	43	32	23	33	2	6	40	27	33	7	4	16	9	8	25	10	12	22	38	8	12	40	0	20	38	28	30	37	25	42	28	4	
28	8	35	13	9	7	27	33	39	36	31	25	40	2	34	25	20	30	5	12	7	11	21	6	8	18	12	12	9	38	9	0	28	36	34	14	24	17	24	10	
40	24	15	10	21	41	18	32	38	10	36	7	35	36	19	28	27	9	16	39	15	45	33	34	32	43	39	2	7	26	2	20	0	9	22	16	31	25	37	10	
13	12	33	15	22	26	19	11	26	26	32	20	37	21	21	43	17	16	36	25	17	24	26	25	21	38	12	30	21	18	24	13	15	0	21	1	23	8	43	29	
15	24	8	38	1	10	25	16	41	22	21	11	40	37	9	33	19	32	35	32	41	41	17	22	3	36	18	15	5	36	30	39	35	8	0	27	33	34	38	23	
25	24	22	2	9	13	6	7	28	15	31	7	46	8	8	31	4	27	31	18	7	17	27	12	14	26	11	18	15	41	20	22	2	27	40	0	26	14	30	16	
31	22	7	20	14	30	35	34	21	39	3	36	28	39	36	6	8	31	36	22	7	32	13	42	29	30	20	23	37	1	32	11	14	39	35	27	0	24	28	32	
1	22	21	35	18	40	38	21	4	19	1	26	28	38	14	31	5	35	36	38	18	11	38	16	25	1	41	3	5	7	11	11	24	21	35	24	11	0	36	24	
29	30	17	20	27	16	24	23	43	33	5	22	33	14	7	7	19	22	4	5	21	19	33	13	4	41	29	21	21	26	13	21	9	23	45	6	41	25	0	3	
22	26	19	9	33	15	21	29	3	2	47	4	45	10	32	33	28	36	35	13	10	19	29	14	4	32	35	11	5	2	44	3	26	13	36	12	30	8	27	0	
M1
0	7	26	20	25	42	11	3	22	40	25	22	24	26	17	41	26	27	26	43	14	43	9	27	18	25	24	22	34	7	14	12	40	29	6	11	23	24	32	40	
17	0	21	5	10	27	6	15	23	36	25	7	9	11	6	26	11	22	21	31	22	40	26	34	33	10	28	7	42	36	20	20	25	14	11	38	18	9	23	31	
20	16	0	22	34	18	30	21	17	45	33	24	33	20	22	42	33	22	39	19	29	27	7	27	16	19	33	7	21	26	30	19	4	37	1	13	11	33	22	21	
28	23	10	0	23	2	32	23	31	16	3	20	24	5	18	2	23	4	41	30	23	30	17	30	18	24	10	12	20	22	29	23	23	19	2	8	12	23	25	17	
22	27	22	22	0	31	13	27	17	36	29	24	13	9	33	37	31	29	28	19	29	43	19	44	12	25	13	13	21	26	44	2	4	28	20	8	24	27	22	21	
6	11	35	24	20	0	20	30	8	41	32	19	28	3	10	6	27	12	24	40	6	36	43	33	39	13	29	26	18	22	4	9	35	23	7	14	31	28	15	44	
36	29	4	14	19	32	0	26	6	42	19	30	3	27	26	27	21	5	4	25	5	47	31	23	25	22	11	2	38	23	34	7	21	26	16	37	1	3	27	27	
29	13	3	8	31	31	10	0	14	14	15	20	24	26	27	29	32	26	11	44	26	15	44	29	11	11	29	23	30	7	14	1	29	18	32	41	5	24	34	40	
27	34	31	44	5	28	21	11	0	32	26	32	33	29	2	7	25	24	36	41	4	37	17	23	34	23	8	34	35	34	31	13	26	5	26	15	9	4	30	29	
24	33	6	6	26	44	1	35	18	0	31	29	15	25	36	25	33	17	16	27	8	1	33	27	2	6	23	4	25	15	29	7	33	32	22	11	13	3	35	39	
17	12	18	25	30	28	21	12	14	36	0	9	2	12	18	26	31	18	19	10	29	17	13	14	13	19	23	2	18	11	7	5	1	23	3	17	9	25	17	6	
30	19	25	32	1	39	23	23	11	9	10	0	27	11	31	36	38	2	27	16	4	25	27	10	26	10	36	17	31	24	36	21	14	10	25	11	12	31	2	19	
24	17	25	30	33	15	11	19	10	37	2	16	0	33	25	10	31	2	3	8	27	32	32	26	10	32	21	9	34	18	17	26	17	27	13	33	13	25	24	13	
19	14	20	21	31	42	23	14	10	29	39	10	31	0	20	21	24	32	32	36	32	41	17	40	21	21	25	29	35	13	8	28	21	14	33	22	11	26	19	8	
1	13	19	11	8	21	22	13	14	18	27	10	14	13	0	5	20	2	31	12	15	17	34	35	20	9	7	28	14	12	23	26	20	22	17	16	10	19	18	7	
31	28	41	21	32	5	31	23	26	19	19	20	40	34	36	0	5	1	40	28	37	14	28	14	25	16	26	30	25	35	15	5	13	1	38	29	9	35	7	30	
25	15	19	28	5	9	26	8	23	14	17	28	1	34	29	2	0	17	18	23	11	32	42	32	25	22	36	24	30	30	32	23	31	19	3	44	27	32	25	25	
2	21	8	18	38	37	25	41	15	5	24	32	8	40	18	18	22	0	25	29	32	25	13	36	20	14	40	19	23	19	39	1	39	27	24	35	35	7	40	35	
32	7	7	20	21	33	21	21	23	5	7	22	4	9	21	18	26	20	0	5	32	25	39	40	7	25	38	15	36	18	13	31	27	10	7	20	8	24	14	21	
29	16	26	21	25	14	21	32	3	1	28	6	12	16	5	28	9	16	3	0	25	21	26	29	22	26	29	21	16	13	24	27	11	26	21	27	16	23	28	28	
19	14	20	27	32	11	23	14	32	3	1	11	8	32	20	14	33	24	25	30	0	23	10	34	9	19	25	22	37	13	18	25	20	25	23	7	11	25	19	8	
1	11	15	17	3	42	25	32	14	28	30	6	28	30	13	37	30	17	17	20	25	0	18	17	3	17	40	26	23	4	6	33	20	33	30	4	3	13	28	26	
7	12	18	5	30	32	21	12	18	16	33	9	17	31	18	36	23	31	21	6	10	23	0	23	17	25	23	26	11	9	11	26	5	16	31	21	9	13	17	6	
12	24	23	8	14	29	30	24	29	43	21	16	5	20	19	8	12	4	22	27	10	38	9	0	29	25	35	28	25	9	24	29	31	8	32	19	21	8	29	18	
2	8	14	21	26	15	17	2	28	11	6	5	25	4	14	21	6	3	30	30	29	1	30	4	0	26	7	19	22	7	1	17	15	19	14	13	5	3	13	2	
5	18	20	5	25	8	27	18	11	13	22	15	12	37	24	1	22	18	29	6	16	1	19	26	16	0	16	33	11	17	29	22	4	18	25	10	15	33	22	12	
34	29	20	36	10	31	25	23	9	33	13	4	6	35	29	25	17	13	23	25	15	15	37	9	30	34	0	29	45	6	36	11	33	32	32	35	19	11	15	23	
9	12	18	17	7	37	18	12	32	6	29	9	13	22	18	20	31	1	30	19	33	17	12	37	15	30	23	0	22	11	29	16	19	9	31	16	4	25	17	6	
16	21	22	8	17	3	25	21	8	40	21	18	5	32	27	29	6	21	22	27	20	27	22	26	28	39	2	17	0	12	20	30	28	31	27	1	18	24	4	15	
7	6	10	4	24	11	17	8	5	32	7	5	13	25	14	30	25	27	30	19	9	11	3	35	15	24	19	21	2	0	18	31	15	19	16	19	5	20	13	2	
16	11	1	5	9	2	20	11	30	30	32	8	28	30	17	24	30	30	33	33	32	37	25	24	6	8	22	26	35	10	0	37	18	22	2	9	8	10	16	5	
24	19	18	2	13	42	3	19	20	31	24	16	17	38	25	25	10	19	18	28	17	38	30	37	19	3	19	16	14	18	40	0	15	30	26	24	7	17	24	13	
7	12	18	25	25	16	21	12	2	36	24	9	29	27	18	27	27	31	34	4	17	42	4	31	1	30	18	27	6	11	40	31	0	22	23	5	9	24	7	6	
12	7	13	20	25	20	16	7	18	31	22	4	24	26	13	31	26	14	29	10	14	46	20	20	14	25	18	4	6	6	3	15	5	0	26	21	4	24	12	1	
5	31	26	36	29	23	24	31	6	11	13	28	34	10	19	22	12	39	32	23	15	6	23	45	20	23	32	14	6	24	32	27	8	14	0	5	10	16	26	25	
11	30	38	6	24	23	23	6	1	37	26	36	10	33	18	2	19	19	8	31	23	28	23	32	18	34	14	23	27	13	33	10	16	19	10	0	7	14	10	33	
23	11	18	24	20	31	25	28	6	19	23	22	28	30	25	31	16	41	40	20	7	39	20	38	17	29	32	26	22	22	12	34	5	29	30	17	0	3	19	22	
7	40	27	16	26	3	12	35	29	8	30	35	14	11	6	1	22	14	27	13	25	7	25	31	19	33	34	25	2	33	27	17	30	10	2	2	24	0	24	41	
3	35	34	4	32	34	19	38	28	18	15	25	14	27	5	21	42	30	22	21	18	38	30	4	14	21	27	8	32	15	12	21	15	38	9	15	31	25	0	32	
9	4	10	17	22	38	13	4	24	28	31	1	21	23	10	28	23	23	26	26	25	46	26	31	11	22	15	19	28	3	32	31	11	15	23	24	1	21	9	0	
M2
0	24	19	1	10	1	34	18	9	24	14	13	20	12	21	9	19	1	11	9	19	11	15	30	40	42	24	32	34	8	1	14	25	13	15	31	38	26	37	3	
13	0	4	29	16	38	30	1	10	19	10	9	5	42	8	9	15	29	7	15	28	10	4	2	19	38	20	25	37	4	36	31	11	9	7	19	15	22	7	5	
30	32	0	15	21	23	38	33	3	4	22	29	20	13	29	40	13	5	1	4	26	27	31	8	7	17	17	19	20	42	49	29	47	27	47	37	28	13	13	1	
10	8	17	0	12	12	32	16	12	22	12	11	18	44	19	8	17	13	9	17	43	15	16	21	37	26	1	33	18	6	23	33	12	11	13	32	31	2	26	24	
18	16	28	28	0	44	28	4	2	20	21	14	29	28	13	22	1	3	18	11	10	1	27	2	4	13	33	10	23	17	35	17	20	15	24	26	18	17	19	28	
20	20	35	14	16	0	39	19	14	19	41	30	12	46	31	14	41	9	38	14	28	4	15	3	43	1	37	28	14	35	16	19	1	8	38	42	29	35	15	32	
40	44	23	7	5	17	0	10	14	33	26	22	15	29	4	33	36	22	8	26	9	45	15	8	36	41	39	21	48	28	13	34	45	25	10	23	19	42	37	41	
24	18	22	28	11	34	30	0	13	15	7	28	20	27	27	28	13	5	11	13	4	27	14	29	3	47	6	1	28	23	15	29	32	3	30	40	18	24	4	30	
36	12	5	6	12	28	19	2	0	2	32	10	13	35	9	22	38	1	20	36	24	33	7	25	28	39	28	9	42	27	35	28	18	7	30	42	29	10	17	28	
25	1	6	31	28	2	42	13	22	0	22	21	17	45	3	21	27	24	19	27	31	22	3	14	31	22	32	25	37	16	41	43	23	16	19	13	21	34	19	13	
22	24	13	33	26	38	23	22	10	3	0	6	28	30	22	24	5	28	22	30	9	2	6	35	42	4	35	8	3	19	33	21	11	19	26	32	12	37	20	14	
39	27	9	45	7	32	22	39	8	42	23	0	27	47	39	22	39	22	30	10	36	36	14	40	34	11	30	32	14	37	9	24	6	5	24	17	44	40	13	43	
15	39	22	17	19	37	22	21	31	26	38	29	0	20	40	38	13	21	35	5	3	18	16	43	29	43	19	31	7	33	4	29	24	9	40	40	31	19	18	40	
18	19	14	2	22	5	14	13	9	19	9	8	9	0	6	8	1	19	6	9	39	5	13	31	35	29	19	8	23	3	12	17	20	8	10	28	5	3	19	25	
39	15	29	40	5	38	13	23	36	39	25	35	7	41	0	26	24	43	21	39	28	36	30	8	33	43	25	38	14	30	5	31	10	17	33	8	4	33	7	3	
30	6	2	35	33	38	36	12	16	26	16	15	22	31	23	0	21	22	13	21	3	2	19	19	33	25	2	28	43	10	8	2	20	15	5	29	1	15	10	1	
4	13	14	44	8	30	38	25	5	6	34	3	29	16	32	21	0	10	31	17	41	1	15	17	40	32	44	21	9	28	30	3	27	1	31	14	37	34	5	14	
27	24	39	15	35	45	43	11	23	24	23	30	40	21	37	37	14	0	40	40	12	28	28	37	10	30	8	31	4	37	5	20	38	8	34	10	16	20	32	2	
36	48	47	17	31	27	48	49	26	39	40	31	6	36	1	4	34	22	0	35	22	40	47	19	38	24	15	43	37	48	19	31	40	21	41	2	13	17	11	16	
31	30	10	20	14	5	25	26	2	33	23	22	2	26	5	16	28	23	17	0	32	29	27	34	46	43	23	1	15	17	11	39	34	21	24	43	24	2	31	44	
39	15	30	27	2	24	13	27	25	29	20	8	25	27	32	24	23	25	6	22	0	17	1	25	45	6	12	36	36	19	35	35	2	24	14	43	11	28	9	3	
15	30	16	34	8	7	15	8	14	18	30	22	4	35	10	21	6	29	6	4	7	0	34	36	33	9	37	32	21	30	35	22	39	20	35	33	22	13	2	24	
1	36	3	39	29	45	35	7	6	28	25	10	17	2	37	20	20	35	26	35	31	21	0	40	33	20	36	31	30	24	37	11	27	29	31	15	11	2	34	31	
22	37	12	23	41	43	43	46	26	8	12	44	29	38	22	36	43	35	28	22	15	15	41	0	15	45	32	41	9	39	21	9	31	11	18	44	24	22	47	29	
39	35	36	6	28	36	18	22	22	31	26	38	40	1	7	45	22	41	22	12	8	36	3	32	0	34	40	46	2	45	30	12	33	4	21	16	1	11	40	4	
9	38	30	31	11	34	6	39	35	21	22	31	41	27	33	23	19	42	8	31	34	14	5	14	3	0	7	49	27	29	4	27	39	23	28	29	27	16	27	10	
11	8	23	41	17	31	32	15	20	23	21	19	9	35	21	24	17	15	22	30	27	29	23	11	29	6	0	39	36	19	40	31	30	20	26	38	34	9	26	24	
32	39	33	26	5	28	5	18	27	16	19	6	34	32	33	32	27	38	30	25	28	16	25	1	8	25	24	0	29	27	8	20	30	29	34	41	26	16	31	34	
42	34	43	42	25	46	28	42	20	30	41	44	39	2	4	12	32	41	12	5	1	22	40	38	43	49	36	25	0	40	20	6	40	24	23	16	37	39	20	3	
26	14	9	23	28	42	24	8	4	14	4	3	10	36	11	3	9	27	1	9	35	23	8	27	30	32	14	32	31	0	30	25	15	3	5	33	28	16	27	30	
3	35	23	8	4	36	42	19	14	1	23	2	42	45	13	35	21	42	29	30	37	29	18	5	32	16	42	7	12	30	0	23	26	9	37	30	22	8	33	25	
15	18	33	31	32	38	7	30	33	28	20	20	26	45	10	37	30	46	14	22	12	39	24	31	38	45	32	46	24	33	47	0	37	15	30	34	22	6	2	25	
33	33	28	23	41	25	17	27	12	33	23	22	11	16	30	22	20	9	20	5	27	34	19	46	33	26	33	31	31	17	2	11	0	9	24	45	13	35	34	44	
18	17	12	26	25	23	18	11	7	17	4	6	1	14	14	6	4	27	4	1	5	9	11	16	25	2	9	8	26	1	9	5	18	0	7	13	28	19	22	31	
26	2	1	6	29	49	43	14	23	32	9	22	3	36	21	22	28	28	10	28	6	23	17	14	12	10	13	35	37	17	20	16	9	22	0	20	18	35	18	18	
32	8	21	30	35	1	35	12	7	2	29	28	24	9	14	26	20	13	4	34	39	14	23	21	20	44	38	36	13	23	11	33	22	28	26	0	16	28	22	3	
21	9	24	47	26	26	36	2	11	5	30	1	25	22	28	27	35	30	27	10	20	30	24	22	21	4	31	18	8	24	18	16	21	3	27	36	0	4	23	5	
44	22	3	14	10	45	23	8	16	27	20	1	2	37	35	11	31	10	7	1	31	28	4	14	13	30	27	5	20	22	14	27	25	24	8	36	17	0	26	29	
10	24	18	15	4	16	19	17	22	11	40	13	27	26	27	37	4	27	38	34	18	6	2	2	15	31	2	16	26	35	21	20	1	18	32	31	39	4	0	3	
13	22	17	49	14	10	40	33	6	9	29	27	22	28	11	12	11	28	17	13	35	19	2	11	22	49	49	8	8	37	19	5	44	25	40	12	7	30	29	0	
M3
0	6	19	20	38	37	28	36	3	28	19	24	28	16	27	11	29	8	3	18	16	38	29	29	14	32	12	24	34	32	37	1	7	30	29	2	20	14	21	36	
35	0	30	31	6	34	24	15	17	7	47	26	6	24	21	28	33	1	23	15	26	4	4	35	20	11	25	47	41	23	39	31	33	11	48	30	26	35	16	23	
17	30	0	3	2	11	33	15	4	5	27	30	36	20	15	42	7	23	37	32	1	48	18	29	5	26	15	21	43	34	24	32	30	24	38	16	32	23	34	30	
6	2	3	0	27	24	14	19	2	25	30	13	29	33	6	33	32	15	15	27	26	42	29	36	30	43	39	17	15	15	22	4	44	40	42	34	20	45	41	2	
13	25	24	19	0	15	28	18	16	30	4	10	19	21	4	5	24	7	28	23	2	4	34	13	19	26	29	4	29	16	39	33	21	35	34	7	25	19	11	13	
22	36	20	30	9	0	34	37	5	19	12	45	15	17	17	38	21	10	3	19	17	39	12	12	15	42	29	25	41	27	14	3	17	23	6	3	9	15	15	44	
19	38	1	13	1	12	0	16	18	28	14	20	2	3	38	38	30	26	31	8	24	9	40	26	20	26	3	2	10	22	26	40	2	22	7	13	8	25	28	40	
25	10	19	22	43	27	29	0	23	19	32	27	34	25	5	16	29	23	14	8	5	28	8	28	21	34	34	7	32	10	20	28	16	22	8	17	9	28	23	37	
33	17	4	15	28	20	8	20	0	19	17	21	39	12	38	41	12	20	31	15	27	29	4	35	19	36	27	6	11	29	31	14	27	29	16	13	14	25	30	35	
40	23	1	26	2	34	13	6	27	0	6	40	35	33	15	25	30	19	32	35	24	20	17	16	6	40	30	23	26	27	25	21	29	26	17	19	12	2	8	9	
32	11	43	16	4	19	8	30	21	32	0	10	41	35	25	35	14	47	23	35	12	10	4	24	1	49	49	21	10	40	1	23	34	13	37	26	26	22	3	42	
15	23	11	6	35	16	21	2	27	38	12	0	12	25	15	21	10	37	42	38	11	7	16	11	31	20	41	31	16	27	21	21	11	44	17	25	12	2	31	16	
5	32	22	22	31	21	23	1	2	29	24	6	0	9	28	32	10	1	30	2	31	3	16	22	29	43	28	39	30	16	30	34	31	16	22	17	19	15	2	44	
3	38	13	33	14	35	22	30	38	36	10	43	39	0	23	35	1	37	12	19	14	39	33	4	25	1	38	20	6	19	39	37	11	24	33	13	28	18	32	30	
45	47	15	36	8	31	18	31	16	32	29	21	28	23	0	47	44	14	23	17	17	37	41	36	26	37	43	6	4	31	44	44	21	31	11	14	20	26	30	33	
39	24	12	26	33	23	12	25	38	6	8	29	25	21	2	0	40	22	25	4	20	14	18	24	20	1	7	3	27	3	26	21	17	18	18	8	13	3	11	13	
11	35	22	30	41	34	36	20	38	4	22	46	33	21	19	5	0	33	20	15	17	17	8	1	19	23	15	28	39	19	33	18	4	15	2	7	28	19	26	26	
17	24	12	25	32	22	5	24	20	29	22	34	12	9	36	24	9	0	8	3	32	13	34	23	4	40	16	40	28	2	9	30	1	11	38	18	26	23	3	30	
35	24	21	31	23	8	30	38	32	20	21	32	25	18	29	27	44	3	0	9	2	23	16	25	7	23	25	26	33	23	16	34	18	16	23	4	26	16	23	45	
27	17	7	9	31	6	8	28	32	20	19	18	28	4	20	17	29	5	23	0	16	7	22	7	14	38	13	24	15	1	30	26	16	1	22	2	10	7	21	34	
19	33	20	7	44	9	5	37	30	20	17	2	22	17	28	22	25	8	24	7	0	27	28	15	15	34	33	25	35	5	38	33	13	1	19	3	21	15	22	34	
38	30	24	36	10	16	18	37	4	17	10	48	32	21	31	37	5	29	28	23	13	0	21	6	19	43	9	29	19	23	30	7	20	21	34	7	15	19	26	33	
17	31	7	30	9	33	8	22	9	16	35	33	3	4	38	16	34	12	21	29	30	24	0	35	23	16	13	24	47	39	38	43	37	12	24	28	13	35	29	3	
7	5	26	46	33	27	1	43	13	40	43	5	27	41	26	15	40	46	9	28	43	36	11	0	20	18	42	36	9	9	27	28	24	36	26	43	21	38	2	43	
21	5	9	1	19	29	21	38	18	21	9	16	37	11	16	23	38	30	2	16	16	25	18	18	0	44	8	43	10	30	31	30	22	14	21	24	26	16	16	28	
47	23	19	24	5	46	42	13	4	37	1	45	42	8	22	26	27	30	10	45	42	26	14	15	25	0	19	9	22	34	32	18	34	18	24	34	19	9	19	30	
21	30	22	24	1	40	35	39	6	29	2	26	14	18	6	3	13	39	26	21	19	36	17	23	1	24	0	26	13	7	24	33	19	33	32	5	17	17	19	36	
39	40	32	25	38	24	34	41	38	28	26	16	40	38	32	31	26	3	18	46	41	28	13	33	21	34	39	0	6	12	12	24	15	12	20	30	29	19	35	27	
38	29	15	8	20	29	13	20	35	30	38	1	9	4	10	31	31	34	26	32	38	14	23	44	21	1	38	4	0	21	31	4	35	40	20	33	18	8	27	33	
5	18	36	21	3	40	29	35	15	6	11	40	43	30	26	4	3	30	6	28	44	12	2	16	26	25	7	23	1	0	36	30	21	29	28	31	23	13	35	37	
12	15	30	2	38	3	10	1	29	13	1	34	19	19	18	24	9	7	42	20	6	2	1	5	34	14	29	19	40	1	0	24	2	18	11	23	15	5	34	29	
41	6	24	31	2	26	19	18	5	20	14	34	12	31	33	48	29	29	15	38	30	39	7	12	27	4	30	5	31	10	5	0	42	1	12	28	12	28	16	14	
26	30	21	34	26	14	4	31	16	24	30	30	6	18	22	3	24	22	34	12	27	12	24	14	25	24	10	2	24	26	22	28	0	26	22	13	6	9	32	36	
25	33	47	19	42	42	11	35	30	1	37	39	10	30	38	35	10	21	47	36	11	37	28	17	38	22	33	33	21	39	37	18	31	0	35	48	2	25	5	16	
36	11	22	18	5	26	10	39	33	28	22	38	21	9	30	30	5	25	26	7	19	26	32	27	17	10	12	27	35	21	40	35	19	21	0	5	3	17	24	20	
20	22	6	18	30	24	26	23	32	27	6	36	15	3	14	24	35	23	10	5	3	25	16	25	1	32	31	11	27	19	24	19	3	17	16	0	11	1	8	32	
32	28	8	1	4	27	6	13	12	24	44	32	11	29	28	38	33	19	3	12	31	20	14	32	31	33	38	40	25	26	2	7	38	5	10	27	0	15	8	28	
33	12	33	45	28	31	24	13	47	40	25	29	24	30	4	14	33	45	37	27	24	33	6	47	20	34	30	27	26	16	14	10	18	33	6	16	1	0	20	45	
33	9	19	5	40	28	11	36	23	32	19	34	22	16	27	6	31	19	23	18	16	30	23	38	14	20	29	24	40	2	35	15	16	29	19	2	24	14	0	21	
12	32	5	5	7	28	28	24	31	32	23	33	14	20	5	32	8	38	5	20	20	27	26	39	12	47	42	28	17	34	34	18	5	13	26	6	21	11	25	0	
M4
0	8	20	25	24	4	15	11	24	17	23	3	30	10	13	10	5	20	18	40	24	6	8	16	15	26	14	23	20	13	15	31	10	6	30	19	3	4	29	13	
29	0	33	16	33	47	19	24	47	17	31	7	26	44	32	38	26	41	3	25	43	27	46	46	15	17	28	29	14	12	20	25	17	36	11	30	13	3	12	32	
32	28	0	17	14	38	34	27	30	28	41	25	39	32	12	41	36	16	40	37	25	32	8	30	18	32	9	13	5	35	23	15	32	11	26	24	14	5	31	4	
13	9	20	0	24	5	12	12	10	13	3	18	3	11	2	11	7	22	7	40	26	8	1	25	10	15	15	22	30	15	13	27	12	21	32	7	21	1	7	17	
2	28	29	8	0	31	33	18	32	9	29	22	34	27	5	24	18	17	33	3	22	12	26	34	14	5	25	29	7	3	1	30	16	15	27	9	9	30	37	13	
12	17	26	17	22	0	7	3	21	23	18	11	40	2	10	2	22	15	10	40	19	1	11	23	20	30	6	38	23	8	10	32	5	24	25	17	13	13	35	8	
23	11	24	4	30	22	0	29	45	27	7	9	15	28	36	25	35	37	14	45	43	25	37	46	12	22	16	12	18	2	36	30	15	41	16	41	38	3	43	34	
20	22	16	19	23	44	10	0	5	24	22	16	17	20	24	18	31	20	31	5	15	6	2	1	10	8	7	36	13	13	10	16	8	5	2	18	2	24	28	28	
24	32	19	24	34	30	11	1	0	12	8	16	11	23	4	15	28	7	6	32	26	35	15	9	25	23	32	12	28	8	2	16	23	34	17	42	2	30	8	2	
39	26	39	38	28	47	31	30	17	0	24	7	12	37	27	34	20	31	27	23	26	42	32	32	27	31	44	14	15	45	18	10	31	35	25	35	40	38	38	14	
21	14	16	43	28	29	21	13	21	29	0	17	10	9	17	9	27	21	36	40	12	7	32	14	26	9	39	11	28	14	10	39	11	31	31	23	20	25	12	19	
21	2	22	9	26	21	20	14	36	20	32	0	23	11	14	27	37	30	30	7	36	18	16	4	20	18	18	40	11	25	18	26	18	8	12	21	26	8	21	33	
14	14	14	8	25	25	5	32	26	24	15	10	0	17	10	24	13	1	9	6	20	30	28	3	19	4	24	11	34	11	8	17	8	19	11	23	10	6	4	21	
26	32	19	40	36	24	35	6	24	3	13	28	21	0	28	30	10	19	24	35	17	29	39	40	14	21	28	38	41	36	5	31	24	18	28	25	28	13	11	19	
1	10	29	7	32	7	18	14	26	34	12	22	12	13	0	13	5	13	9	33	30	12	8	34	25	1	17	48	34	19	16	6	16	35	23	28	9	24	19	16	
11	11	18	32	13	32	28	19	31	13	32	19	37	7	6	0	7	29	9	38	33	15	27	6	24	16	14	39	21	22	9	22	19	4	39	17	22	19	27	37	
18	23	14	21	8	2	13	1	27	20	24	17	34	8	16	8	0	21	16	42	19	7	17	12	8	14	12	39	29	14	2	25	11	22	19	9	19	17	17	14	
24	21	12	21	28	20	14	27	21	19	26	5	21	12	5	26	29	0	27	21	15	25	23	35	14	12	26	31	41	26	3	20	12	25	6	38	5	33	32	17	
16	15	27	19	1	33	12	8	22	27	19	12	26	28	7	19	10	12	0	17	5	2	27	15	21	27	17	1	13	9	19	32	6	18	22	18	15	6	36	26	
22	10	17	28	21	28	29	22	16	22	18	19	33	27	2	34	20	11	28	0	30	29	23	24	2	16	13	20	23	36	18	15	8	3	21	16	20	45	16	4	
17	22	19	2	27	1	7	8	18	21	7	5	12	7	12	7	27	3	15	4	0	6	16	28	15	13	11	14	7	13	10	10	10	29	7	16	12	10	29	13	
11	13	22	36	18	35	29	3	17	34	14	7	36	27	15	14	22	11	28	36	15	0	22	19	16	27	35	46	19	4	18	31	1	25	21	13	10	15	31	21	
25	34	30	38	22	41	15	27	29	37	27	32	22	20	34	19	44	25	19	12	17	23	0	17	15	13	16	14	40	27	17	20	13	22	7	15	34	34	22	35	
19	3	6	34	12	37	21	5	25	28	11	15	3	2	21	22	30	19	34	22	11	5	24	0	24	20	11	37	5	12	26	39	1	22	29	10	8	14	36	29	
23	25	10	14	14	47	24	15	5	1	14	19	7	34	27	10	34	23	21	46	27	9	14	29	0	30	13	25	21	6	30	17	13	20	24	25	13	19	18	33	
16	17	14	23	35	41	29	10	24	21	30	24	8	8	15	6	31	18	3	41	32	14	39	30	16	0	29	3	8	21	25	2	18	19	24	30	19	32	15	22	
9	25	19	25	5	4	15	11	4	24	26	19	4	10	14	10	26	23	17	39	21	9	18	29	25	16	0	16	29	16	18	22	13	5	17	10	21	6	28	7	
25	7	37	35	9	14	21	21	39	6	36	8	8	18	27	3	11	29	28	38	37	19	29	25	32	30	24	0	41	26	28	7	14	23	24	19	7	31	24	26	
13	21	18	22	10	1	12	8	25	28	21	10	28	6	15	7	17	19	15	20	23	5	16	27	21	19	11	43	0	12	15	27	9	27	13	21	9	10	24	13	
4	17	33	24	20	25	32	16	23	35	23	7	29	31	13	27	35	22	29	43	28	10	7	32	29	16	30	9	32	0	23	21	14	32	32	4	11	28	44	32	
9	28	10	30	3	9	13	10	34	1	3	24	16	13	23	15	28	28	14	36	5	14	24	31	33	18	19	37	15	21	0	23	18	37	38	10	26	4	39	21	
43	24	24	31	27	44	33	29	20	29	40	26	39	23	47	42	39	39	42	7	3	29	33	11	8	31	20	44	18	29	26	0	20	10	25	1	28	9	33	8	
17	19	28	2	24	5	16	9	23	23	3	3	30	3	6	11	28	17	19	3	19	3	20	2	22	21	15	14	24	10	19	22	0	25	15	19	16	5	7	4	
30	19	5	32	9	49	21	10	32	10	47	7	36	27	30	36	24	32	30	25	20	48	14	23	11	24	1	28	20	35	24	16	28	0	36	4	9	34	14	24	
13	22	18	36	17	39	3	46	43	27	15	44	10	37	43	44	33	48	32	36	40	44	33	43	3	1	15	29	35	15	21	9	1	41	0	38	25	22	49	23	
8	38	19	26	11	31	42	6	18	5	12	19	39	5	34	28	10	25	34	22	40	36	1	12	7	16	31	6	3	12	32	7	20	22	35	0	34	41	12	38	
33	19	26	26	9	43	1	31	48	23	33	28	4	29	18	4	29	28	13	28	7	28	27	25	14	1	21	37	41	3	3	23	32	12	35	17	0	27	12	3	
34	14	41	10	36	36	13	29	2	36	18	6	22	30	29	5	7	37	25	1	12	23	46	21	20	4	37	47	14	8	15	33	27	27	31	24	29	0	24	12	
12	26	5	4	19	5	16	9	27	21	27	18	9	11	19	11	12	14	19	36	27	10	20	32	14	12	12	12	30	17	19	16	14	2	24	15	20	16	0	5	
28	26	4	36	33	29	4	10	25	34	1	20	28	27	20	28	27	11	1	15	15	16	24	25	5	10	23	46	21	5	18	2	20	33	15	15	1	31	23	0	
M5
0	15	33	42	39	5	30	9	20	37	33	41	11	9	24	6	41	33	2	41	26	41	17	26	43	32	13	24	10	30	27	20	19	43	14	33	7	17	1	44	
28	0	5	32	19	28	7	34	10	35	19	26	19	4	37	32	17	43	7	12	24	32	40	23	33	8	15	11	43	36	9	19	17	35	48	34	5	27	24	31	
22	40	0	7	39	43	13	38	3	2	3	29	18	6	13	13	3	35	20	32	8	28	28	18	35	14	33	22	30	7	22	19	14	19	36	31	1	8	19	41	
34	16	5	0	6	26	22	22	20	19	19	6	24	21	18	2	25	22	3	7	36	5	20	12	18	5	15	5	40	9	3	13	4	16	6	30	22	17	23	16	
26	16	23	21	0	13	9	22	26	37	16	31	28	10	14	35	15	30	18	29	17	10	13	8	24	11	11	25	31	18	37	27	38	24	16	8	5	17	24	3	
27	5	3	21	38	0	10	16	18	24	13	35	21	17	15	3	16	36	11	28	12	4	25	24	13	12	12	25	19	12	27	3	12	10	37	2	28	11	25	4	
28	40	16	6	21	19	0	20	14	14	7	2	3	22	10	28	18	6	16	21	27	16	10	22	14	17	11	11	27	23	14	21	29	15	27	23	17	13	22	9	
25	28	19	36	12	27	28	0	15	2	17	43	43	22	25	33	14	10	15	11	18	13	17	3	8	28	22	15	17	26	1	25	9	13	30	25	15	28	22	23	
29	36	1	24	22	12	27	25	0	29	22	16	18	19	22	22	25	19	1	37	21	42	30	36	28	33	25	10	34	21	35	35	31	17	41	11	38	20	36	35	
14	17	18	10	19	33	2	15	21	0	36	4	14	2	10	23	33	29	38	33	28	30	9	33	16	25	13	12	1	15	10	22	7	10	29	36	6	15	18	23	
28	28	16	24	27	39	31	40	6	30	0	17	40	18	29	36	2	23	8	21	13	16	16	6	29	2	21	10	18	37	36	16	13	7	37	34	41	16	7	34	
32	46	9	32	16	24	20	18	39	8	27	0	39	15	7	39	26	20	29	24	38	21	9	28	7	22	4	24	30	37	14	30	32	21	20	28	31	6	15	14	
24	16	30	40	28	31	15	41	22	31	7	18	0	25	30	1	18	32	7	35	25	3	16	2	30	18	2	23	31	38	4	3	7	23	35	43	14	22	11	34	
26	29	23	21	31	13	5	11	13	38	16	25	28	0	10	31	7	5	18	23	10	10	23	31	24	9	11	31	26	27	2	23	4	24	26	17	20	14	10	3	
15	46	32	4	9	19	22	2	7	5	29	40	34	19	0	18	12	30	25	38	21	23	16	40	24	10	23	33	45	30	40	43	32	9	38	22	1	31	15	16	
12	24	35	36	18	10	4	34	27	36	22	23	2	38	15	0	18	21	35	15	14	15	13	31	24	28	10	2	23	32	42	20	35	17	30	22	6	23	27	34	
13	12	15	34	22	7	14	24	14	14	22	1	20	17	13	33	0	26	19	11	12	11	3	22	13	27	10	30	27	18	20	15	3	23	26	33	6	12	21	19	
28	16	25	23	3	15	11	25	3	38	18	25	10	24	8	31	17	0	17	32	26	4	27	33	26	3	12	37	9	26	3	19	25	26	13	16	24	25	26	5	
3	26	17	31	24	26	18	4	11	16	12	3	11	23	15	16	23	4	0	7	34	23	17	5	15	10	12	31	21	40	22	2	31	4	26	30	32	14	23	16	
20	7	21	7	34	11	7	4	24	27	14	14	26	34	12	4	13	13	9	0	18	8	27	25	22	9	9	26	15	25	30	11	6	19	25	15	30	24	22	1	
34	15	37	12	17	34	29	33	32	35	31	43	26	1	37	5	12	34	12	11	0	18	17	32	11	33	34	27	25	30	20	34	35	36	49	20	12	29	25	26	
26	27	15	21	22	13	9	12	16	14	1	1	28	11	13	24	12	1	18	2	7	0	15	16	13	11	10	20	19	22	20	8	23	14	1	17	16	12	17	3	
47	37	28	38	24	28	23	28	29	24	14	20	23	17	20	35	16	26	31	36	13	3	0	24	3	25	23	20	26	27	38	26	11	15	27	34	47	31	16	24	
34	38	39	38	17	32	4	35	31	45	20	36	24	11	35	2	31	7	30	13	24	1	7	0	41	22	25	22	11	32	26	13	21	25	45	31	28	39	16	24	
41	40	35	24	43	19	7	32	20	11	29	41	34	1	36	19	40	10	37	36	25	35	18	8	0	9	36	4	10	23	41	10	37	30	44	18	39	27	1	28	
33	1	25	17	7	37	4	31	32	18	17	11	24	31	23	19	13	36	28	13	27	22	12	3	23	0	20	33	1	27	30	41	37	33	31	17	24	22	21	30	
38	40	2	4	46	26	41	14	24	17	30	34	35	28	15	17	31	13	37	16	33	26	43	14	41	34	0	26	13	33	20	2	29	6	34	23	4	32	22	35	
18	13	26	21	22	8	2	23	10	42	18	36	22	13	33	15	26	16	3	30	19	29	43	11	28	29	36	0	19	18	16	29	3	34	48	9	17	18	34	28	
39	21	21	23	22	1	16	18	30	5	15	12	19	10	19	8	26	7	21	30	14	17	26	4	14	26	21	4	0	14	31	9	34	31	16	4	5	13	19	31	
20	27	19	21	4	29	21	16	23	24	8	30	25	2	30	36	19	32	25	28	12	8	30	23	9	19	27	26	2	0	10	14	30	15	20	2	3	11	23	19	
43	20	24	6	29	30	26	33	27	22	29	10	15	2	22	22	7	2	17	28	19	27	24	39	18	16	17	5	19	33	0	9	38	17	35	34	9	2	4	20	
20	10	20	39	10	35	16	6	6	10	29	6	34	10	18	34	34	31	26	35	46	7	20	39	18	33	15	6	6	35	25	0	24	5	21	39	7	9	11	25	
27	8	5	19	35	5	10	13	32	30	17	35	5	20	12	38	16	29	19	28	28	11	30	5	6	12	12	23	14	28	4	25	0	25	43	18	12	10	13	4	
8	42	3	38	28	35	29	16	20	34	5	29	27	16	1	5	16	26	7	25	27	30	17	20	35	3	31	19	14	35	17	2	27	0	14	31	2	16	17	40	
33	37	4	37	40	14	28	38	19	18	4	19	31	29	28	49	15	4	21	34	26	29	24	6	17	15	2	23	31	6	23	9	15	20	0	37	5	29	2	38	
40	17	9	11	35	46	11	6	18	38	3	25	16	27	29	40	14	35	20	18	2	28	28	17	37	14	33	20	15	2	44	16	25	19	42	0	23	1	19	37	
13	8	20	31	14	2	21	19	17	2	2	19	28	11	31	10	5	20	1	22	15	12	27	17	1	12	14	18	19	22	6	24	24	18	1	13	0	22	15	20	
18	21	23	40	48	1	14	3	25	32	16	31	14	12	22	21	27	23	13	29	31	32	18	25	24	11	21	27	43	22	29	19	34	32	4	21	24	0	10	44	
2	1	21	26	30	31	21	19	17	7	21	27	31	15	1	9	32	21	3	2	31	11	8	22	1	23	19	18	5	8	31	5	26	30	2	21	22	30	0	21	
18	34	15	13	31	5	1	15	23	39	8	26	20	30	6	40	7	39	10	25	19	2	21	23	16	3	3	27	24	19	34	26	30	16	34	9	34	18	16	0	
M6
0	20	30	34	14	36	17	23	8	47	44	35	41	3	40	20	39	30	19	11	37	28	15	30	12	33	12	40	45	29	30	5	34	16	19	18	23	28	38	15	
21	0	20	22	9	32	15	3	30	8	30	27	6	3	8	17	19	18	26	14	17	14	28	14	14	19	4	24	6	5	19	25	20	15	16	21	3	5	13	18	
14	13	0	10	19	25	30	26	20	12	34	26	21	16	8	32	24	6	14	21	5	5	16	27	8	8	20	29	20	20	16	22	16	8	3	9	40	24	1	6	
30	13	12	0	18	30	24	31	21	16	14	15	26	1	13	2	20	11	19	26	10	11	23	28	13	13	19	30	6	18	14	20	23	13	3	14	14	8	6	11	
9	36	24	35	0	14	24	9	36	22	6	41	43	33	39	39	20	41	22	2	23	40	40	45	7	47	11	8	29	35	31	33	14	21	38	30	46	27	41	16	
18	6	21	13	17	0	23	3	10	14	21	25	23	5	10	22	19	8	8	19	7	9	20	29	5	3	6	5	15	19	15	7	33	10	13	11	41	6	3	8	
9	17	41	29	33	46	0	21	26	23	23	5	27	25	5	36	12	11	17	16	2	19	5	35	23	34	32	30	34	3	25	28	7	18	39	24	3	5	30	35	
8	24	1	31	22	17	25	0	4	23	18	37	32	28	19	30	38	17	25	8	16	31	3	7	19	19	31	43	15	31	27	23	30	19	11	6	27	34	12	5	
40	10	4	7	31	13	20	36	0	29	22	13	33	27	22	32	14	2	19	24	9	20	12	12	4	10	16	20	18	7	3	9	6	15	32	12	33	10	18	14	
13	23	7	21	22	20	23	29	30	0	31	33	31	32	18	8	20	16	2	30	15	34	9	37	18	13	30	6	26	27	23	29	37	18	30	19	33	24	11	10	
48	44	18	34	36	27	15	14	34	36	0	40	45	8	35	25	44	40	38	43	25	29	39	25	1	13	33	47	13	6	30	10	29	41	18	3	9	31	35	14	
10	12	19	11	14	38	14	11	23	1	20	0	5	31	31	16	18	12	26	10	1	13	19	13	1	18	18	23	25	12	18	17	12	10	17	2	3	6	25	18	
9	4	7	10	8	28	2	29	38	12	17	16	0	19	19	4	6	9	24	16	22	1	15	1	24	6	6	11	21	8	6	12	7	2	26	15	34	14	21	23	
23	18	21	2	6	20	16	35	43	1	2	26	7	0	14	18	20	6	7	23	11	15	24	15	14	14	16	25	3	22	20	26	21	14	19	2	35	11	7	1	
31	26	25	4	5	8	10	40	37	24	26	22	15	24	0	6	15	18	12	16	22	23	25	9	14	10	3	9	32	30	28	14	29	22	30	12	1	27	18	16	
24	17	19	4	23	2	17	3	31	14	14	11	8	16	11	0	3	24	13	13	27	16	13	8	11	21	4	3	19	8	4	4	20	16	21	8	6	12	25	6	
26	9	22	8	32	26	18	22	36	24	2	14	33	4	20	33	0	18	17	1	15	41	13	30	9	20	17	9	13	8	4	7	15	20	34	13	29	12	13	14	
26	3	32	2	33	10	27	32	24	21	5	20	28	6	17	27	1	0	27	8	4	36	1	36	11	30	5	16	23	6	10	16	16	19	9	19	11	18	23	19	
8	8	17	20	5	25	12	38	35	22	27	26	3	1	29	14	16	19	0	26	27	11	6	11	34	16	16	21	5	18	16	6	17	12	36	21	39	24	29	33	
40	27	2	18	23	25	2	40	11	26	36	40	26	21	22	19	28	10	22	0	19	30	13	15	9	22	34	14	34	38	34	1	31	22	5	23	17	33	15	20	
21	17	13	12	12	21	4	25	10	19	30	1	6	22	15	9	19	22	2	28	0	5	27	14	19	12	19	24	21	21	19	25	20	15	35	6	9	24	34	36	
19	9	20	23	1	3	15	38	16	16	21	29	6	32	32	17	19	21	37	13	34	0	28	10	23	19	19	24	34	14	19	25	13	15	5	6	28	27	34	23	
15	11	36	37	4	23	29	4	12	4	31	20	42	39	16	16	40	34	15	11	7	19	0	37	34	18	19	27	47	31	33	26	5	8	32	6	30	41	39	44	
11	23	20	5	27	45	21	3	12	19	21	3	12	23	13	23	10	28	28	20	21	20	21	0	8	25	25	28	27	16	12	10	16	21	31	21	23	20	32	33	
24	10	15	31	24	27	8	36	8	14	5	37	23	16	10	22	36	8	14	23	7	31	20	29	0	10	15	33	22	4	27	4	21	10	16	6	29	13	3	8	
31	12	11	36	35	29	19	13	43	27	34	9	31	32	16	11	24	38	37	34	27	13	9	35	27	0	38	32	42	22	32	22	34	36	3	10	2	15	37	42	
4	13	19	12	38	24	12	21	19	28	45	20	26	36	6	37	35	6	13	5	29	7	23	32	6	6	0	37	41	36	32	1	6	8	8	7	4	3	25	6	
17	21	5	16	39	6	28	29	17	33	14	26	24	16	29	24	3	24	22	13	26	28	22	32	7	29	29	0	14	20	16	14	27	2	32	11	34	8	22	26	
9	14	3	8	18	21	12	6	32	22	27	14	3	13	23	12	16	19	19	10	30	11	13	11	22	6	16	4	0	8	4	7	17	12	16	5	32	7	29	7	
10	14	16	20	18	20	12	12	13	22	24	26	3	26	18	6	16	6	24	26	15	11	23	11	18	16	16	5	17	0	16	22	17	12	36	10	7	24	11	16	
34	29	30	1	25	31	38	35	29	25	26	7	29	25	16	26	28	31	15	18	25	35	6	35	25	23	10	14	12	1	0	3	15	27	27	6	27	5	26	27	
22	11	20	3	21	5	15	34	23	13	15	27	6	5	20	17	4	10	26	14	12	14	8	14	20	19	4	18	26	17	17	0	14	15	29	5	6	6	13	18	
31	29	1	6	33	1	27	36	31	34	11	31	18	13	30	29	17	28	36	7	1	13	29	5	21	30	11	3	17	25	21	27	0	11	25	25	21	9	23	13	
30	25	15	6	29	36	14	4	13	30	31	12	14	23	10	25	27	30	20	12	30	22	3	22	12	26	10	19	17	6	2	8	20	0	7	8	9	10	31	32	
29	12	6	18	26	20	34	5	3	9	26	24	25	26	12	36	27	10	4	12	9	29	9	21	5	12	24	16	24	18	14	1	14	12	0	13	27	22	5	10	
23	16	23	32	19	23	26	2	10	15	34	6	17	25	10	21	23	9	17	24	8	25	21	25	11	3	4	10	23	14	30	31	31	11	18	0	25	29	4	3	
24	12	15	7	28	25	22	13	35	6	17	6	13	13	22	8	10	18	4	3	6	21	12	21	24	17	16	8	12	5	3	9	21	3	33	12	0	7	17	22	
5	42	27	30	2	13	8	45	39	46	3	33	39	25	6	24	24	21	31	34	28	10	37	11	42	37	16	38	23	2	28	3	38	36	48	37	33	0	37	27	
22	9	16	25	18	21	26	31	33	8	38	36	17	18	4	28	30	2	10	17	1	25	14	23	4	4	16	35	16	30	26	32	31	4	30	5	36	34	0	2	
5	14	3	20	11	38	12	12	26	22	27	8	3	15	9	14	16	19	31	24	26	11	25	11	26	16	16	21	31	15	16	22	17	12	19	10	7	20	29	0	
M7
0	21	9	3	5	14	3	22	5	19	10	23	24	44	2	17	6	21	25	11	20	12	14	19	19	30	20	10	8	5	4	6	21	21	3	21	23	23	27	22	
23	0	20	23	30	13	6	26	16	25	1	3	5	36	1	6	13	34	24	7	7	7	3	34	9	7	7	18	34	28	9	21	20	4	27	15	22	7	18	13	
21	32	0	14	39	11	32	32	14	34	19	29	33	33	28	11	31	20	29	5	2	12	23	42	9	2	14	16	32	13	17	40	5	15	27	19	19	17	9	6	
10	17	24	0	1	31	21	26	20	12	14	19	30	12	12	24	32	17	33	38	23	36	19	15	15	34	24	9	28	23	29	35	31	20	30	2	10	20	39	13	
11	7	14	25	0	21	17	23	10	30	21	9	25	30	2	14	27	7	25	28	25	26	9	5	5	24	14	5	18	13	19	28	21	25	28	23	12	27	29	27	
22	25	19	30	9	0	17	38	15	28	20	27	9	38	13	23	32	9	4	19	30	31	8	10	3	36	26	14	15	26	3	3	29	8	18	29	9	19	17	14	
15	18	12	25	2	22	0	4	8	3	2	20	27	41	9	25	16	18	31	35	16	24	16	16	16	34	12	11	26	16	17	29	11	36	5	23	23	17	30	38	
18	34	3	43	18	37	8	0	37	12	21	34	7	25	29	3	44	26	18	31	39	16	32	21	31	14	17	2	33	40	36	8	24	10	41	42	35	22	1	10	
5	23	2	15	23	28	28	33	0	18	9	17	17	49	12	40	15	39	21	38	13	14	7	26	32	47	31	30	16	45	7	36	29	43	38	30	18	37	20	35	
33	2	18	39	31	4	8	19	33	0	10	45	36	28	5	30	31	35	23	24	36	31	10	7	35	30	31	33	18	15	31	5	16	2	31	30	18	3	30	17	
4	24	9	22	30	22	34	18	5	15	0	24	24	46	8	21	22	14	28	34	20	21	13	10	39	23	14	36	21	7	14	24	27	24	34	4	15	4	13	25	
9	2	6	19	21	15	28	26	2	9	13	0	21	33	1	11	12	37	24	21	17	3	11	30	32	37	14	29	15	39	11	3	20	31	27	26	22	26	18	2	
18	19	15	28	31	15	4	42	11	26	22	1	0	2	18	20	26	32	34	14	22	20	20	31	25	33	23	25	9	47	20	4	26	24	29	18	31	26	18	19	
18	17	12	14	5	35	31	16	11	18	22	23	30	0	16	28	26	21	34	33	6	16	18	19	19	31	28	3	12	8	20	2	35	39	35	37	26	11	18	40	
24	34	17	33	18	12	9	7	17	29	26	31	18	38	0	14	8	28	5	8	23	33	14	23	18	18	17	10	24	40	20	8	1	18	8	7	3	7	18	36	
5	26	25	41	28	22	26	15	25	28	36	29	3	30	29	0	8	7	13	16	29	15	16	27	26	5	25	27	32	28	27	25	34	4	36	10	16	28	14	19	
7	2	30	20	7	30	31	26	26	45	14	25	19	20	4	22	0	18	27	28	39	4	25	21	21	18	30	21	22	10	35	14	16	35	18	29	5	22	30	41	
26	1	7	13	21	1	7	25	27	15	25	21	20	45	7	26	32	0	7	33	33	31	27	21	20	1	3	24	14	40	23	9	26	1	21	32	24	4	20	39	
17	31	14	27	32	25	3	35	10	14	21	21	3	38	10	9	27	30	0	36	25	26	19	22	3	22	26	7	28	45	19	21	20	40	13	35	7	35	3	34	
11	29	8	21	29	1	22	39	4	24	15	19	23	41	18	1	21	28	24	0	19	20	13	32	6	14	4	6	22	28	7	38	17	5	17	19	24	7	20	37	
9	10	8	21	18	14	34	8	4	24	10	22	23	20	18	14	21	23	27	8	0	20	13	32	8	27	2	19	17	8	13	4	24	18	30	32	11	13	18	40	
20	28	19	28	40	12	5	18	15	35	26	10	29	9	19	12	32	16	17	6	30	0	24	40	17	25	15	17	33	18	18	13	19	16	7	30	6	18	15	4	
37	32	3	43	33	7	24	27	30	35	18	42	24	48	2	27	13	39	11	21	31	46	0	7	21	20	24	28	3	24	22	28	21	19	8	27	23	27	4	8	
26	3	26	36	6	35	13	16	22	10	10	24	35	33	9	29	35	22	22	29	18	24	24	0	20	22	25	20	19	23	17	6	17	2	26	29	27	16	30	30	
22	1	12	31	44	25	36	34	28	23	10	24	33	8	9	25	21	1	26	19	24	8	20	28	0	22	20	30	34	26	11	27	28	26	15	34	20	13	5	15	
15	7	47	2	41	36	16	39	43	17	16	37	13	42	18	16	10	14	26	34	33	11	14	43	39	0	34	21	44	29	7	3	17	13	44	5	34	43	39	17	
24	7	10	20	22	43	21	45	17	16	13	36	17	18	28	27	34	24	8	44	29	3	26	36	21	2	0	25	19	38	26	2	20	41	31	1	25	43	6	6	
37	15	34	18	24	3	37	46	30	3	32	12	32	21	21	39	25	40	24	45	14	21	34	37	14	37	42	0	43	13	8	31	25	15	40	41	7	35	23	30	
11	25	7	11	17	43	40	5	31	37	42	35	36	6	13	29	16	22	30	39	46	7	23	14	5	28	9	20	0	35	26	30	20	42	23	38	7	38	28	11	
11	24	7	39	13	7	7	13	22	14	33	31	15	29	1	21	6	29	2	19	37	38	31	1	15	15	21	19	16	0	25	27	20	29	25	19	19	26	15	24	
27	7	24	23	20	39	29	47	20	40	31	15	7	2	31	23	30	18	16	33	35	34	29	17	29	12	14	18	36	26	0	14	6	12	31	13	21	23	29	31	
14	3	5	19	3	33	19	12	7	27	12	2	6	25	14	15	24	19	14	34	7	21	16	13	17	26	26	17	25	25	16	0	33	4	37	31	9	7	27	20	
27	20	24	14	39	17	35	5	20	17	25	2	4	41	18	22	14	43	33	36	27	10	12	34	29	14	21	20	26	28	13	21	0	35	42	5	22	31	28	15	
1	27	6	11	25	13	32	37	2	21	13	21	21	8	16	17	19	6	25	42	2	17	11	14	36	13	35	11	20	18	11	20	5	0	7	9	2	21	24	22	
19	22	16	16	6	29	15	38	22	20	16	24	40	44	17	3	39	10	35	23	7	17	24	20	18	20	29	1	33	16	12	20	36	12	0	10	27	19	27	40	
18	13	15	28	36	8	8	20	11	3	14	26	4	28	19	8	28	33	31	2	26	27	20	38	13	21	11	13	29	20	14	43	24	12	2	0	31	14	27	34	
25	12	17	35	38	15	29	6	18	38	6	33	32	31	2	15	25	10	25	9	30	31	14	6	20	16	18	20	7	7	7	11	21	2	5	27	0	2	11	44	
25	33	22	30	43	33	11	32	18	19	29	33	32	23	7	29	9	36	19	33	1	34	22	35	8	1	2	18	13	25	25	20	8	14	4	15	28	0	22	26	
24	28	8	34	34	17	18	8	17	29	28	35	18	30	25	17	9	35	5	11	32	33	23	13	18	30	18	22	26	44	17	36	33	21	20	35	9	17	0	10	
30	38	7	18	31	6	5	13	24	4	35	26	17	2	3	21	7	30	4	15	22	40	33	36	10	27	5	21	38	10	27	29	15	25	27	5	1	27	16	0	
