40  6  1
6
	0	65	1	61	2	79	3	39	4	12	5	89
	0	56	1	41	2	18	3	61	4	4	5	92
	0	79	1	31	2	21	3	32	4	84	5	18
	0	15	1	19	2	35	3	20	4	18	5	42
	0	96	1	81	2	75	3	28	4	43	5	80
	0	92	1	86	2	36	3	77	4	83	5	77
	0	23	1	75	2	38	3	30	4	43	5	48
	0	82	1	25	2	8	3	54	4	33	5	18
	0	55	1	51	2	50	3	87	4	21	5	52
	0	39	1	8	2	74	3	16	4	70	5	100
	0	88	1	47	2	93	3	7	4	74	5	52
	0	90	1	86	2	81	3	75	4	76	5	25
	0	34	1	16	2	51	3	30	4	89	5	99
	0	62	1	23	2	98	3	39	4	10	5	62
	0	28	1	37	2	51	3	73	4	76	5	98
	0	32	1	42	2	73	3	42	4	83	5	25
	0	68	1	61	2	69	3	56	4	30	5	45
	0	33	1	77	2	23	3	71	4	24	5	11
	0	30	1	44	2	81	3	53	4	31	5	1
	0	90	1	48	2	66	3	61	4	76	5	89
	0	40	1	53	2	71	3	48	4	47	5	49
	0	71	1	21	2	12	3	20	4	87	5	55
	0	96	1	52	2	40	3	85	4	2	5	7
	0	60	1	99	2	72	3	28	4	84	5	14
	0	77	1	99	2	78	3	25	4	28	5	26
	0	8	1	55	2	61	3	94	4	44	5	36
	0	91	1	16	2	84	3	79	4	10	5	85
	0	6	1	29	2	88	3	81	4	2	5	2
	0	20	1	7	2	62	3	51	4	89	5	59
	0	86	1	17	2	70	3	32	4	57	5	53
	0	89	1	46	2	8	3	27	4	93	5	24
	0	53	1	51	2	22	3	55	4	74	5	82
	0	73	1	49	2	82	3	96	4	99	5	28
	0	91	1	32	2	83	3	44	4	80	5	50
	0	86	1	4	2	21	3	72	4	50	5	38
	0	8	1	64	2	8	3	51	4	12	5	7
	0	46	1	35	2	45	3	65	4	86	5	44
	0	9	1	19	2	21	3	45	4	67	5	56
	0	2	1	5	2	51	3	30	4	58	5	78
	0	9	1	8	2	3	3	99	4	45	5	90
SSD
M0
0	35	32	5	10	26	24	22	23	13	8	11	53	17	21	40	30	15	36	8	30	28	7	31	4	7	35	26	38	5	17	26	48	30	8	17	25	20	2	13	
32	0	46	13	31	14	32	44	31	25	38	50	34	20	2	54	10	11	41	31	1	43	18	41	27	34	24	18	10	34	38	26	29	23	6	9	33	25	51	28	
34	9	0	54	38	25	11	42	24	27	41	60	18	22	21	58	25	36	55	7	28	45	8	28	17	33	20	8	44	36	47	28	39	12	44	11	64	39	44	40	
24	26	21	0	35	39	4	20	3	53	28	62	43	42	12	29	10	39	17	21	11	44	47	13	26	42	33	17	19	17	19	6	28	10	42	38	5	1	42	41	
56	10	27	69	0	45	51	35	17	38	41	26	42	36	14	60	26	59	48	41	42	32	51	75	10	26	54	1	49	35	40	3	32	54	34	58	11	32	46	35	
32	51	40	78	18	0	42	3	47	21	30	8	57	25	36	48	51	16	1	30	38	19	15	19	57	15	43	56	38	13	25	14	49	31	16	49	52	28	10	57	
27	29	52	27	8	41	0	9	36	27	7	42	67	18	33	60	25	12	56	42	48	77	27	46	29	27	55	20	58	25	37	28	27	25	15	11	47	40	22	62	
9	40	13	45	23	67	47	0	16	9	35	35	49	30	36	53	18	28	32	35	24	39	20	15	40	20	13	31	43	18	30	48	24	27	1	54	9	25	15	42	
36	31	68	42	53	43	30	48	0	29	6	60	21	13	24	69	27	38	34	62	50	34	38	70	12	47	17	22	61	38	54	30	53	27	29	13	17	53	52	56	
19	27	1	37	47	20	42	25	26	0	28	3	1	17	26	35	10	39	31	28	20	18	47	16	21	13	41	31	33	22	22	39	15	15	39	22	10	15	56	3	
70	31	18	52	46	44	56	26	29	50	0	23	59	21	35	41	59	42	7	38	46	23	66	53	31	23	51	22	44	32	37	8	35	29	38	69	20	36	66	64	
2	3	59	31	31	64	39	37	41	50	49	0	60	44	2	16	41	51	22	29	28	24	13	59	7	34	50	46	36	34	48	11	4	50	6	37	47	18	39	43	
41	43	38	2	19	26	21	37	15	57	35	17	0	30	29	46	27	56	34	38	19	15	13	30	43	44	6	34	7	16	36	15	3	27	23	55	12	18	53	29	
14	55	36	47	14	72	38	23	13	17	20	26	36	0	10	44	12	19	28	26	2	16	11	35	47	11	39	46	25	9	21	39	55	47	6	45	53	24	6	47	
39	34	29	59	1	45	9	36	38	32	19	42	33	14	0	24	25	41	33	14	7	35	15	60	34	4	31	25	9	11	18	32	17	20	47	16	37	17	54	20	
34	3	41	5	21	16	10	40	23	59	39	27	63	42	27	0	30	45	37	41	31	43	58	33	25	43	35	37	39	23	39	26	10	17	48	43	12	21	55	28	
36	31	29	10	19	43	29	21	28	29	19	42	44	14	13	2	0	35	18	5	12	42	41	38	8	4	32	22	20	13	18	30	44	27	46	13	5	2	43	34	
7	43	30	74	49	55	46	37	20	45	20	6	57	5	29	37	36	0	34	20	28	33	45	2	47	5	33	38	36	6	19	33	60	3	47	29	63	18	41	55	
45	34	14	62	9	18	23	26	41	13	35	44	26	19	38	60	36	5	0	51	17	25	56	16	34	36	64	25	7	44	38	4	55	41	57	32	21	46	51	29	
53	29	39	28	29	45	3	35	22	8	33	9	11	34	33	52	1	34	12	0	5	35	26	50	29	26	14	20	49	24	36	5	48	26	27	30	45	37	21	20	
43	39	48	39	19	52	35	14	35	38	37	42	3	24	43	17	3	3	4	33	0	46	25	38	5	41	43	30	9	42	55	38	34	36	28	22	46	48	75	31	
40	31	37	1	23	54	20	25	19	69	44	38	58	43	28	6	26	13	33	37	15	0	38	29	31	34	33	22	35	33	35	22	3	26	50	53	21	17	58	52	
53	24	44	35	22	55	54	51	28	22	34	57	32	29	17	30	4	35	48	14	36	30	0	15	33	19	47	24	8	28	12	47	53	36	47	61	55	32	52	30	
53	44	48	64	51	54	49	41	50	49	35	52	31	43	33	28	45	13	38	59	32	21	61	0	15	44	54	35	7	15	52	4	50	47	9	33	71	22	62	29	
66	12	3	38	38	58	57	65	30	59	39	25	35	47	28	57	57	53	48	40	39	48	7	10	0	48	75	39	11	51	56	59	40	57	33	43	5	50	48	33	
58	60	17	63	45	65	33	24	26	49	7	30	47	2	16	26	28	56	21	7	15	48	35	66	34	0	20	51	23	1	6	20	47	42	51	55	50	5	46	45	
29	35	22	48	34	51	3	9	17	23	33	46	33	28	39	50	16	17	47	33	41	41	52	3	35	18	0	26	25	22	32	46	37	51	41	37	68	31	48	26	
72	3	44	66	36	38	44	28	10	41	34	57	66	29	7	53	48	52	41	34	35	51	44	68	3	19	47	0	42	28	33	38	25	55	31	51	72	25	39	36	
50	17	21	37	24	27	42	34	24	55	8	55	4	16	15	34	42	49	35	32	8	17	51	31	17	17	44	8	0	26	31	44	39	33	45	59	44	19	53	2	
43	2	40	4	39	4	23	9	17	31	41	52	7	20	31	41	29	34	1	40	30	43	23	32	32	26	38	36	38	0	14	25	35	29	61	57	6	20	61	28	
40	41	27	58	51	51	39	12	36	59	17	4	22	12	22	36	34	62	27	17	21	14	16	41	9	2	30	32	29	6	0	30	53	48	57	55	26	11	52	51	
9	34	30	26	13	62	37	34	39	16	20	15	12	15	26	39	38	18	31	20	25	18	10	34	47	5	11	43	15	8	19	0	49	46	11	44	46	15	5	37	
67	51	38	77	42	46	54	45	44	19	28	51	45	23	37	44	28	47	42	28	36	13	39	1	39	13	41	49	21	22	27	41	0	24	2	73	68	26	34	21	
32	6	32	49	10	39	34	19	13	13	22	22	53	17	9	25	23	15	36	21	18	43	7	31	10	7	35	18	38	5	17	26	49	0	8	9	62	20	2	55	
53	30	42	39	34	6	3	5	37	25	20	1	61	37	30	55	8	22	35	10	29	27	36	7	30	36	43	21	37	34	36	49	12	11	0	37	28	19	31	23	
15	10	48	73	36	22	51	27	17	8	41	50	48	3	14	60	6	17	48	41	29	58	20	52	10	26	48	1	49	17	33	9	32	6	25	0	57	32	46	43	
20	41	23	14	8	54	33	33	32	57	30	53	35	25	25	6	37	41	24	19	24	48	12	42	48	15	43	39	11	24	29	35	48	39	20	57	0	14	55	33	
65	46	37	66	31	55	19	10	19	43	37	52	33	44	2	41	14	42	7	44	1	34	37	52	46	34	23	37	9	7	47	41	47	28	37	46	55	0	32	31	
31	55	28	66	6	67	30	35	35	9	18	18	49	13	24	36	39	11	32	18	26	55	3	27	45	3	31	46	34	1	13	31	58	39	4	37	58	16	0	51	
39	21	10	60	35	16	36	23	14	45	21	44	50	5	19	23	31	59	24	21	18	6	48	68	9	6	34	54	26	15	20	34	61	22	54	63	57	8	49	0	
M1
0	27	1	40	19	24	33	30	35	47	50	19	43	62	45	43	46	1	2	39	18	27	34	6	30	83	22	38	7	16	1	32	5	33	11	44	34	61	47	19	
42	0	64	41	17	18	59	20	11	33	67	41	32	51	49	57	15	26	43	23	31	30	9	60	19	28	30	46	39	23	46	5	61	55	49	25	22	21	51	50	
22	43	0	43	2	45	1	5	41	33	51	26	20	39	16	27	43	63	57	14	4	44	2	44	46	69	14	31	14	23	24	12	52	15	32	33	40	53	39	35	
15	22	20	0	49	41	38	19	5	6	13	51	48	61	35	70	31	49	57	14	36	55	35	57	45	46	27	25	39	48	24	50	1	50	29	2	62	35	62	37	
32	34	52	35	0	27	44	22	52	42	9	34	38	47	34	44	17	64	35	62	13	50	22	38	13	13	17	37	24	29	22	15	55	7	6	33	17	13	39	2	
46	32	16	55	22	0	44	52	60	60	1	21	58	1	51	26	59	25	4	43	46	34	18	65	17	36	53	58	47	56	43	25	6	39	65	47	27	29	32	60	
20	29	38	51	29	45	0	13	27	41	60	29	6	25	55	33	46	49	66	61	26	41	63	41	35	13	45	36	17	26	27	3	64	32	35	28	26	58	25	39	
8	17	36	13	24	30	35	0	26	3	33	36	10	29	37	37	25	53	45	23	11	39	29	37	16	43	15	1	27	18	20	18	33	26	4	34	30	32	29	5	
42	49	66	53	20	26	46	20	0	44	31	26	55	14	72	42	67	8	9	21	39	29	59	35	51	55	43	11	51	8	46	38	42	44	32	48	26	54	53	40	
1	8	41	2	48	27	24	40	26	0	34	38	34	53	56	56	17	58	43	12	39	69	21	43	51	32	13	44	60	55	39	53	22	36	32	23	54	21	48	40	
13	31	19	8	13	26	12	31	32	33	0	15	48	21	43	13	14	45	33	41	25	35	46	42	11	40	27	36	5	14	15	6	1	13	23	21	18	11	6	31	
48	29	39	17	33	46	44	43	41	42	4	0	38	6	71	28	32	21	24	37	39	27	37	62	45	16	47	48	49	6	31	30	37	7	52	38	24	2	26	57	
28	7	16	38	10	23	21	46	5	28	60	12	0	3	49	11	44	27	44	46	8	19	41	24	13	33	24	48	39	5	5	16	54	10	43	18	4	44	3	17	
31	12	58	58	35	41	40	47	39	48	66	35	61	0	55	59	60	1	72	68	45	10	30	70	35	68	40	39	23	32	28	1	32	50	41	50	50	74	75	43	
46	44	55	37	28	41	58	13	5	41	43	38	40	22	0	1	43	20	39	38	11	50	40	23	20	61	19	25	38	29	24	29	29	30	8	1	46	17	44	16	
43	18	48	9	63	40	28	42	14	34	7	50	53	72	15	0	28	48	38	42	58	49	63	46	25	74	32	53	51	32	52	20	7	6	51	30	48	49	60	59	
10	28	58	25	40	50	18	42	2	15	57	22	34	6	21	45	0	30	23	35	11	39	36	66	55	2	36	64	51	19	5	22	19	6	55	45	24	1	45	45	
19	9	44	20	38	25	21	7	27	10	25	40	12	31	39	39	34	0	5	30	8	29	31	46	18	50	31	20	29	33	21	20	40	38	24	41	17	37	31	7	
17	8	36	11	21	47	21	8	31	29	18	21	10	29	47	37	49	2	0	44	17	25	6	46	33	59	38	29	9	18	5	35	31	36	27	32	30	58	29	22	
36	22	15	37	7	13	40	8	56	27	40	16	43	55	38	21	33	68	48	0	12	58	30	45	17	67	28	34	28	37	16	19	30	2	17	41	25	56	43	6	
9	23	20	19	14	27	14	35	20	12	51	16	32	22	53	8	37	46	12	32	0	45	41	10	26	14	11	31	15	24	25	20	20	14	30	22	11	41	7	38	
9	41	33	48	13	12	9	16	29	41	35	13	30	45	39	37	38	69	50	42	23	0	36	39	23	37	9	8	1	10	11	25	14	19	19	38	19	55	44	12	
8	2	8	7	16	55	33	44	31	32	39	16	46	14	42	40	20	38	53	37	26	34	0	55	41	71	25	20	4	13	14	33	27	34	22	28	3	45	58	30	
33	40	59	34	41	59	28	44	53	24	66	35	54	67	57	51	49	32	69	35	35	50	53	0	49	6	41	24	60	29	16	51	11	52	30	55	47	53	52	38	
9	41	39	48	13	42	29	46	4	41	41	13	46	41	20	27	54	63	37	4	23	9	51	23	0	9	30	32	1	10	11	30	44	33	19	15	28	55	26	27	
13	45	17	42	6	27	47	13	2	41	13	17	23	42	43	34	31	12	54	15	20	35	45	32	32	0	2	33	5	14	15	4	19	35	13	42	21	59	37	21	
41	28	20	32	23	15	29	56	26	39	57	21	5	24	43	27	13	48	60	59	10	40	35	14	22	54	0	15	33	26	19	24	52	25	3	24	25	58	19	11	
2	25	43	19	1	44	41	57	19	9	51	17	51	45	44	38	34	50	54	29	40	57	38	7	49	49	30	0	31	40	41	2	39	37	33	40	21	38	30	38	
1	33	58	40	5	44	53	60	21	33	36	5	43	62	31	29	46	63	42	53	15	23	43	52	30	69	22	24	0	2	3	22	58	33	11	30	20	47	47	19	
25	35	58	29	23	37	34	41	53	19	58	1	48	60	50	17	44	69	23	39	36	4	48	63	48	59	33	33	26	0	36	35	39	19	29	23	1	47	65	37	
17	30	18	28	12	25	23	28	37	44	14	14	31	20	37	13	32	44	46	41	31	12	29	40	16	51	10	24	9	18	0	8	30	12	27	20	29	46	5	5	
13	20	23	14	41	39	36	44	38	4	46	41	42	54	26	64	11	65	55	24	46	7	31	22	34	44	25	36	29	37	39	0	10	29	39	35	45	33	60	23	
60	80	84	75	64	8	9	70	35	91	20	64	57	73	82	25	64	10	65	62	36	46	87	19	74	33	66	75	52	61	40	73	0	34	55	73	74	76	71	63	
21	46	59	42	25	52	64	4	41	32	38	25	33	34	51	49	54	56	58	36	35	43	25	33	38	52	42	30	13	22	23	40	58	0	31	7	31	36	52	27	
34	36	43	25	16	29	46	54	49	32	50	38	28	47	36	40	31	66	68	52	3	41	28	37	15	70	7	38	26	35	12	17	45	18	0	44	34	51	32	4	
11	33	42	5	15	1	12	21	29	29	37	15	10	19	14	8	42	35	51	38	10	5	5	43	12	59	13	34	3	12	13	32	25	36	21	0	30	56	29	29	
35	10	27	24	38	30	2	10	33	38	56	39	12	31	20	39	32	54	62	57	14	33	29	44	14	61	30	20	27	33	33	18	44	12	38	13	0	40	31	5	
38	8	48	32	20	55	26	55	37	54	64	2	33	43	69	43	11	49	3	65	18	37	16	64	48	46	34	65	56	18	13	27	31	33	53	34	31	0	35	37	
43	20	8	44	2	15	13	38	42	34	52	4	37	10	55	3	45	34	36	38	42	43	41	31	14	50	16	47	47	41	22	8	52	2	35	10	42	36	0	41	
22	24	42	46	26	17	34	67	42	54	57	26	42	41	24	37	19	54	63	72	36	44	16	31	3	81	21	27	14	23	24	5	66	36	32	32	22	68	29	0	
M2
0	35	69	2	23	27	5	44	65	26	34	45	39	54	2	50	20	46	29	8	43	41	3	15	59	38	32	60	54	4	12	32	36	37	57	55	5	39	61	46	
59	0	64	49	43	37	36	58	50	19	44	30	66	1	50	10	6	57	34	29	40	20	56	13	40	51	40	24	57	52	22	79	25	39	41	38	56	18	41	66	
44	33	0	37	31	36	20	36	57	40	35	41	69	15	42	52	39	53	47	48	24	67	31	44	8	22	38	47	44	36	66	18	58	30	58	35	33	2	40	24	
29	33	47	0	21	36	32	21	42	25	10	47	57	52	42	13	6	53	33	3	6	46	46	27	24	36	23	47	31	19	64	32	55	12	26	20	35	2	25	9	
35	34	53	46	0	22	55	29	50	33	28	10	75	53	45	62	32	42	41	4	33	50	44	37	33	21	31	49	37	36	52	50	50	33	8	28	39	11	31	17	
22	13	62	42	15	0	51	11	7	29	27	52	39	32	31	41	37	63	65	57	12	51	10	15	16	51	48	33	21	27	53	25	41	20	29	6	11	49	13	56	
36	40	26	30	28	40	0	28	35	8	27	41	11	45	48	49	31	3	40	16	24	51	50	21	16	43	2	30	31	13	25	53	47	27	14	12	30	49	23	16	
3	61	82	76	25	24	48	0	13	70	8	59	84	72	44	65	61	61	69	38	59	49	17	65	21	58	69	61	2	36	52	85	72	1	37	66	6	48	60	60	
51	40	59	66	43	33	56	43	0	23	15	62	38	43	26	58	9	48	31	11	58	77	45	51	14	46	34	55	43	12	42	82	9	49	14	42	2	36	14	31	
13	49	47	64	21	29	34	21	42	0	20	3	1	24	52	7	24	39	13	30	29	2	46	29	50	36	22	3	31	6	20	55	13	7	23	20	35	29	23	9	
13	34	30	28	35	12	43	2	11	49	0	46	74	6	29	10	57	1	48	47	60	59	21	54	31	47	26	28	12	36	29	22	45	11	8	45	16	42	18	42	
74	37	20	41	35	40	50	74	63	24	73	0	52	24	8	62	52	31	51	33	28	75	63	61	28	54	14	18	17	40	76	28	62	34	29	52	30	6	52	62	
7	56	11	32	36	38	37	53	20	34	45	50	0	15	24	73	61	5	38	51	52	59	10	20	40	51	37	4	30	52	23	50	18	26	30	11	29	34	22	46	
31	47	30	11	30	10	56	30	24	13	11	56	19	0	56	39	2	32	42	49	38	54	55	38	23	45	32	38	40	47	42	5	64	24	52	29	3	16	34	18	
36	52	69	46	21	29	31	59	37	30	38	64	36	71	0	71	23	19	66	46	46	84	51	31	32	10	28	46	45	58	17	87	49	9	30	55	46	46	43	55	
15	40	39	40	37	31	30	4	25	10	20	60	26	34	1	0	64	49	5	24	31	43	29	35	30	45	15	12	14	10	16	50	40	13	15	52	18	9	38	62	
16	4	23	23	38	37	58	5	26	41	21	17	88	23	57	32	0	59	11	51	30	42	30	35	34	66	33	46	15	49	44	59	47	14	50	55	19	24	60	44	
31	29	56	4	30	41	64	25	9	25	19	22	93	36	74	52	33	0	24	23	45	42	50	35	54	45	9	4	35	48	60	61	64	34	40	29	32	41	34	18	
50	10	57	1	6	61	3	57	3	47	46	43	52	29	32	38	34	44	0	39	42	48	1	41	57	42	43	2	49	48	46	20	53	44	20	53	16	38	43	45	
37	29	48	55	24	58	5	26	47	51	42	51	54	48	53	57	16	37	19	0	67	66	39	26	18	80	45	17	32	31	57	71	43	23	3	40	34	65	19	57	
15	52	25	82	39	33	32	42	63	46	40	68	81	60	25	34	45	73	29	52	0	85	52	50	40	47	38	10	52	19	18	50	50	51	43	41	56	47	39	30	
37	35	45	50	18	21	20	26	36	52	28	5	69	48	38	31	32	25	60	16	37	0	40	55	37	35	8	20	36	37	6	77	34	12	9	46	40	15	9	63	
9	25	53	71	7	20	65	44	63	27	43	2	52	44	77	53	47	50	56	23	2	63	0	51	72	1	46	60	48	47	62	43	37	31	19	42	50	61	42	32	
26	66	38	27	18	22	43	18	25	22	17	7	53	28	37	35	13	14	4	60	35	50	12	0	47	33	20	41	28	62	29	1	52	27	40	17	32	50	22	6	
20	54	64	12	41	44	37	49	48	34	51	19	43	16	61	54	30	16	43	32	51	11	63	20	0	54	31	43	53	53	29	27	5	13	32	65	59	29	32	54	
26	57	17	71	2	33	3	24	45	28	23	50	21	53	33	66	8	44	36	50	41	64	49	19	46	0	26	42	34	25	18	56	50	2	46	23	2	39	28	12	
28	35	2	60	18	57	43	35	53	54	51	57	89	38	33	63	59	43	55	71	47	72	21	44	31	19	0	10	38	37	49	41	13	44	9	35	3	25	32	47	
51	40	41	45	50	22	51	50	59	4	33	24	13	31	88	38	53	66	62	63	54	53	12	51	70	53	52	0	4	31	37	4	65	18	65	42	60	53	53	38	
12	4	76	70	32	32	40	1	22	6	11	45	20	23	53	5	8	48	44	45	7	42	12	35	29	28	46	46	0	40	26	88	47	10	46	60	15	35	53	66	
41	44	63	46	42	45	44	50	51	67	52	29	34	2	26	7	4	19	66	40	61	12	52	64	61	59	32	44	8	0	30	72	58	36	18	55	49	39	33	60	
29	52	67	56	13	7	6	34	50	52	14	68	55	71	61	46	60	47	61	26	43	59	26	58	43	21	12	74	44	55	0	68	24	43	58	49	48	21	56	60	
25	58	15	23	41	41	40	61	53	55	48	44	30	5	67	12	31	44	72	37	35	27	33	25	44	37	46	38	32	61	26	0	51	31	39	16	34	27	27	49	
36	56	70	54	27	33	50	62	72	8	26	9	29	75	27	84	66	40	66	68	58	60	16	21	74	20	51	20	31	21	74	53	0	27	35	12	30	52	23	51	
23	38	53	42	36	41	47	12	33	46	28	49	64	25	47	46	45	38	52	15	29	32	19	26	22	6	44	44	12	26	50	22	52	0	24	17	26	7	15	30	
38	5	24	31	17	56	55	27	45	41	39	27	63	24	58	33	29	13	31	52	57	42	15	25	50	56	45	20	8	7	41	47	48	14	0	16	10	41	2	33	
53	41	60	56	17	32	37	42	63	42	50	42	85	60	72	67	65	49	55	61	80	40	40	1	63	55	34	19	11	43	56	33	27	7	15	0	10	67	3	64	
38	10	36	37	22	14	15	43	32	45	23	55	64	21	70	38	34	10	57	35	52	48	35	14	52	25	21	10	53	64	1	75	33	16	67	56	0	30	59	51	
71	10	25	14	8	13	23	60	56	44	59	51	46	29	19	38	34	30	24	25	1	48	59	41	1	68	62	52	21	13	50	64	35	7	62	54	60	0	37	58	
30	54	24	34	22	12	10	22	36	26	21	48	59	60	54	64	17	23	34	7	39	37	29	30	51	22	5	8	32	56	12	62	11	31	28	21	3	34	0	10	
17	57	35	58	9	41	43	9	30	13	8	35	86	52	53	51	12	41	21	55	26	56	34	17	38	24	11	35	19	53	53	49	43	18	31	8	23	58	13	0	
M3
0	69	27	30	32	39	25	78	57	47	22	30	79	48	48	57	28	61	73	58	83	59	38	69	11	33	63	29	57	39	55	36	11	41	58	23	66	50	80	56	
58	0	35	36	22	38	60	6	53	16	69	69	15	40	44	63	36	51	61	23	36	64	33	2	38	26	28	57	78	36	60	39	71	46	58	7	39	74	57	66	
40	46	0	27	30	40	43	59	57	32	19	27	62	28	45	23	27	31	77	34	64	36	3	28	74	30	60	59	28	54	23	33	55	22	9	39	13	24	61	74	
35	48	42	0	1	34	58	28	18	25	42	14	56	67	50	44	3	58	52	65	47	29	42	47	64	33	34	41	48	46	5	30	17	55	51	22	38	53	49	27	
41	64	13	20	0	5	64	68	58	18	48	54	64	38	56	15	37	48	23	69	47	58	34	40	66	43	5	47	56	41	11	7	21	42	23	13	9	24	65	67	
37	43	19	44	47	0	30	70	34	64	64	29	20	60	58	54	29	37	63	7	10	13	41	53	8	33	13	62	45	24	31	36	23	14	60	45	8	3	86	18	
74	65	49	28	8	41	0	69	2	54	51	59	67	10	44	51	51	6	59	77	51	40	64	56	74	30	41	60	48	66	44	38	37	18	3	21	11	2	56	69	
26	13	46	55	40	51	5	0	27	27	47	55	33	43	1	55	51	27	34	11	52	6	13	17	23	45	55	19	64	50	13	50	72	34	13	36	30	37	71	51	
26	61	61	17	20	48	38	56	0	62	9	17	86	53	35	63	40	74	12	26	31	59	57	25	20	6	33	78	43	30	42	23	40	24	71	31	48	10	40	64	
72	44	3	26	3	36	64	37	57	0	51	37	40	34	49	46	40	61	54	65	59	41	1	6	38	30	36	76	46	7	42	7	52	14	26	44	40	49	49	49	
56	53	45	1	4	37	22	49	34	46	0	1	77	62	19	47	24	58	55	57	68	50	41	63	53	4	34	62	28	28	26	7	29	12	55	17	41	21	70	48	
54	47	26	41	26	59	62	13	53	7	56	0	59	57	54	12	6	72	66	43	64	32	24	29	61	6	18	26	6	12	61	30	75	37	49	24	55	32	63	70	
58	62	67	25	35	44	23	56	40	70	24	32	0	22	50	62	32	59	34	58	11	19	42	63	16	35	36	12	48	53	48	27	60	12	56	48	43	52	42	25	
66	28	51	11	10	43	25	30	49	56	32	12	81	0	47	53	34	61	12	52	2	60	72	20	25	43	38	72	65	62	36	45	48	51	37	12	12	37	70	20	
17	58	83	66	69	81	81	52	77	79	58	4	39	66	0	35	57	21	48	66	48	56	8	78	67	16	51	46	36	63	64	7	67	77	88	74	34	85	55	63	
46	34	51	41	21	37	60	26	32	57	33	41	7	59	59	0	30	51	12	77	48	11	68	43	9	41	54	49	68	46	40	47	60	39	44	43	1	50	9	41	
21	5	36	41	62	33	53	6	71	82	68	45	51	14	4	2	0	42	15	62	55	55	42	68	5	49	17	79	78	24	52	43	56	39	73	33	22	56	53	33	
23	54	42	42	1	34	36	16	36	30	34	42	1	14	13	36	63	0	21	38	36	31	3	52	28	42	34	32	69	44	40	36	50	17	40	36	38	35	36	56	
20	65	35	36	35	60	33	11	6	16	28	36	41	51	8	78	59	62	0	12	28	42	33	38	53	39	59	83	63	25	61	39	64	4	58	52	72	56	56	39	
3	23	43	17	27	32	66	46	26	24	39	47	32	4	41	44	40	58	44	0	45	5	10	15	4	46	22	39	22	41	19	1	53	21	31	37	44	57	45	49	
77	62	60	45	51	64	13	63	11	41	41	33	31	53	61	59	1	44	5	70	0	19	58	60	36	52	59	73	47	64	48	40	13	23	10	51	5	6	40	57	
39	23	53	39	14	47	60	76	1	59	31	39	7	53	54	51	30	37	65	69	48	0	70	59	53	41	47	45	66	50	9	45	63	8	65	12	51	59	63	62	
74	5	46	19	18	51	40	33	51	64	11	19	35	55	19	19	22	8	69	39	64	41	0	68	70	22	6	77	46	12	44	25	12	30	35	13	55	39	70	66	
63	51	53	57	12	44	30	3	23	58	69	47	50	10	23	33	6	66	32	60	51	52	35	0	21	13	45	76	91	55	51	20	61	48	63	28	9	62	64	65	
17	79	73	11	32	3	55	59	49	56	42	45	43	80	35	21	34	29	44	70	64	46	34	67	0	52	46	72	57	12	36	56	26	61	55	49	64	28	72	20	
68	14	75	59	44	63	63	9	26	56	51	33	52	36	51	3	55	90	35	23	62	44	28	21	54	0	44	18	7	10	72	48	63	47	7	2	24	71	48	50	
44	40	9	12	33	41	58	60	50	49	56	46	13	22	69	58	35	69	73	75	54	61	26	69	15	65	0	55	2	52	37	62	15	33	50	45	54	15	67	1	
70	67	3	15	10	43	36	63	48	56	7	15	58	29	13	28	38	66	41	61	70	41	33	54	34	18	43	0	20	42	40	21	41	3	44	31	47	31	42	6	
44	55	27	20	23	5	5	24	33	65	12	20	23	23	38	56	43	35	36	62	56	12	60	75	34	23	47	23	0	47	14	25	33	31	31	36	6	37	78	67	
58	45	64	20	23	38	41	68	23	65	12	20	29	36	10	61	43	59	73	26	20	2	49	55	53	23	2	54	22	0	31	26	48	23	61	32	53	40	50	65	
3	45	49	18	21	14	26	66	28	30	10	18	64	66	18	15	19	26	60	33	15	45	47	52	53	5	48	9	45	14	0	24	46	29	59	34	58	38	65	48	
32	51	52	44	42	43	45	30	29	45	36	7	35	4	47	44	48	32	55	7	36	8	37	32	63	15	64	38	71	30	2	0	72	36	66	12	26	44	41	15	
5	3	9	62	18	51	69	21	64	57	54	40	22	40	49	61	59	59	5	4	63	70	40	25	55	10	48	60	29	59	43	32	0	62	28	31	48	65	86	77	
28	48	67	12	33	66	62	38	26	57	48	46	32	45	46	62	35	62	29	38	25	5	70	7	56	48	38	70	55	4	34	23	49	0	29	37	44	73	41	57	
21	54	70	24	45	36	63	33	32	51	47	40	29	11	59	54	45	60	3	23	52	11	44	11	8	46	48	9	7	45	14	59	46	29	0	38	48	57	86	53	
20	55	45	31	4	11	52	46	4	50	23	18	30	29	33	47	33	63	55	34	9	72	42	15	57	34	37	32	58	58	43	37	32	34	55	0	38	18	65	46	
76	22	35	37	50	17	68	67	29	55	39	47	46	74	27	48	34	42	91	37	59	19	63	52	80	38	40	53	38	21	48	53	67	47	67	8	0	6	77	84	
61	37	50	6	9	42	39	22	6	47	60	29	62	47	10	45	20	66	60	30	44	36	64	9	34	8	18	67	74	58	31	32	43	64	60	48	46	0	49	53	
7	78	12	29	32	60	35	58	62	18	21	29	74	65	47	46	43	71	22	78	36	75	35	27	37	2	62	18	56	41	54	35	22	40	53	13	57	49	0	76	
1	65	9	47	59	65	65	55	39	40	60	17	59	69	82	10	46	72	64	75	51	47	33	44	37	6	16	39	39	63	61	63	51	20	50	63	35	47	61	0	
M4
0	12	58	29	38	42	37	53	34	35	37	31	26	57	10	43	32	40	5	42	36	31	19	12	37	4	13	23	38	2	47	22	34	27	34	40	59	53	46	11	
41	0	43	13	22	37	39	41	37	27	42	21	10	49	33	27	16	24	21	38	20	68	3	11	39	57	16	54	39	51	31	39	18	11	18	24	45	44	46	36	
43	11	0	28	28	36	42	16	30	42	2	36	25	7	9	24	1	35	30	44	35	64	18	26	46	59	18	56	20	36	27	19	17	20	32	39	9	27	37	25	
23	36	54	0	31	9	56	49	31	47	43	44	26	54	27	55	31	52	40	34	17	61	31	6	8	39	32	52	36	32	51	8	27	1	12	11	19	13	28	23	
35	12	12	29	0	32	50	10	22	31	10	37	1	3	21	31	14	16	37	25	24	38	7	27	40	12	32	25	16	34	16	15	32	15	22	40	26	48	48	21	
26	50	23	8	25	0	37	52	25	43	28	47	51	4	43	42	28	37	43	11	33	13	57	32	25	42	33	61	17	35	27	16	33	27	12	37	27	39	54	22	
19	43	67	60	69	73	0	76	47	66	68	55	57	50	41	17	20	54	36	73	67	5	50	1	36	35	44	54	1	33	56	53	59	49	17	61	13	53	76	42	
50	5	51	22	31	46	48	0	29	36	51	22	19	52	42	14	25	33	30	47	29	15	12	20	48	45	25	63	22	32	40	6	27	20	27	33	54	49	38	45	
42	4	21	21	23	31	47	49	0	35	26	29	18	2	41	35	9	32	29	10	27	57	11	11	41	51	24	39	15	31	26	14	22	19	26	22	25	52	54	20	
36	25	42	42	48	35	55	40	50	0	39	50	39	27	6	30	13	35	7	7	3	69	32	20	30	52	31	69	26	30	9	39	47	40	47	52	7	57	70	41	
53	30	17	47	23	31	40	49	25	41	0	3	44	2	5	40	50	17	49	28	27	23	37	33	35	32	31	20	15	15	12	14	31	29	27	35	16	49	43	20	
47	8	49	16	16	9	48	41	7	27	41	0	22	30	45	27	28	24	22	38	20	26	3	23	6	49	28	40	39	22	31	42	26	11	15	29	6	7	58	36	
64	55	65	28	63	14	2	36	42	85	46	51	0	56	73	61	12	46	80	45	40	3	62	24	54	76	43	64	46	40	44	12	68	3	36	22	23	59	69	48	
44	38	9	55	11	19	43	58	13	29	14	33	37	0	29	28	43	47	52	33	61	61	45	40	29	55	19	57	3	21	14	2	19	53	15	56	13	76	63	8	
25	11	37	28	33	17	54	56	52	33	44	36	14	61	0	42	31	39	12	29	35	32	18	26	33	41	31	60	54	39	46	47	33	26	25	39	60	30	61	46	
25	17	10	34	3	26	11	5	55	36	35	28	31	49	31	0	37	33	42	28	29	53	12	8	47	41	34	49	46	31	40	44	39	20	1	45	18	38	39	31	
49	13	33	30	35	43	46	58	31	44	38	38	27	14	50	44	0	4	38	31	37	56	20	28	45	50	33	38	27	5	6	10	35	28	35	41	37	36	27	32	
60	15	62	32	37	29	18	39	25	34	40	40	29	48	52	34	35	0	22	19	15	43	10	30	17	54	35	42	46	67	38	58	37	4	25	36	42	8	24	7	
48	12	40	7	24	34	32	45	34	31	1	37	26	57	34	12	32	28	0	37	24	31	7	27	33	25	29	67	39	14	35	33	34	15	22	14	35	28	40	3	
43	1	48	18	27	30	42	11	39	32	31	4	15	52	38	32	8	4	9	0	8	57	8	16	36	1	18	56	34	43	5	26	23	16	4	29	8	36	51	35	
8	13	34	30	39	38	56	58	42	14	37	38	27	65	19	16	33	41	25	51	0	51	20	28	2	24	33	34	4	22	11	42	35	23	35	41	4	61	51	18	
6	30	61	16	56	43	55	23	52	41	55	41	44	62	2	40	50	21	23	36	5	0	37	19	41	8	31	26	27	20	63	14	43	35	46	45	53	23	44	29	
48	3	50	20	25	42	46	36	44	22	38	28	17	56	40	22	23	19	28	45	15	63	0	18	46	55	23	61	34	58	26	46	25	6	13	31	52	41	53	31	
13	21	57	38	47	62	51	65	48	50	45	46	35	46	35	52	2	36	30	24	45	56	28	0	48	29	27	48	52	7	22	42	41	36	11	49	64	39	47	36	
33	37	45	36	11	43	60	64	12	32	7	8	51	35	42	51	42	18	8	43	53	25	44	44	0	15	41	63	48	39	59	47	55	29	49	35	56	50	66	42	
18	30	21	47	50	27	67	22	11	61	53	55	11	29	26	2	41	58	35	42	30	35	37	24	27	0	43	53	42	32	12	41	47	3	35	54	32	46	65	22	
15	25	53	42	30	45	14	67	11	56	16	43	8	34	37	56	41	40	32	42	49	47	32	39	43	31	0	28	15	29	58	41	45	37	42	39	57	58	34	38	
46	8	33	25	34	17	28	37	47	39	31	13	22	34	44	39	28	36	27	17	32	17	15	23	13	10	26	0	20	58	43	46	15	7	30	36	39	28	21	48	
37	10	34	27	32	49	36	15	33	29	33	35	18	55	47	29	30	26	35	49	1	49	5	25	45	39	12	30	0	51	33	15	2	13	20	38	52	45	25	38	
55	37	15	54	22	30	22	69	12	40	25	44	5	1	17	39	4	38	61	43	32	10	39	44	40	36	30	32	14	0	25	13	30	32	3	55	24	62	55	19	
29	2	38	19	28	43	45	47	43	15	43	5	10	36	39	18	22	21	27	13	26	33	9	17	8	45	22	60	32	43	0	45	24	17	24	30	33	50	52	25	
71	57	14	52	50	49	18	80	45	40	46	70	64	29	8	45	36	50	14	48	24	66	52	31	68	14	46	55	34	59	53	0	58	12	23	25	46	68	21	47	
26	13	38	30	39	22	25	18	22	28	15	18	19	39	48	2	4	38	32	10	19	22	20	28	6	15	1	3	25	12	40	27	0	12	11	3	24	33	26	49	
38	18	6	35	44	27	27	15	35	48	15	23	32	44	23	49	15	18	37	16	26	27	25	33	14	20	36	8	30	28	24	12	25	0	40	46	20	38	31	33	
10	6	34	23	11	31	42	39	32	25	41	27	3	48	32	25	9	22	27	31	18	3	1	21	27	24	26	12	34	24	29	44	28	9	0	34	29	24	9	33	
34	33	31	16	49	39	33	54	8	64	35	54	27	31	56	36	21	29	51	11	6	55	40	40	42	50	9	47	13	34	28	42	34	35	2	0	9	47	51	49	
42	48	39	1	8	28	63	39	43	59	42	43	1	20	46	45	50	42	43	24	36	12	50	16	7	50	39	38	33	51	8	27	46	20	20	30	0	32	47	38	
50	14	41	31	40	3	10	22	50	45	14	7	28	63	51	45	19	42	36	56	23	58	21	22	42	8	34	43	23	12	40	57	36	29	27	42	63	0	19	22	
19	10	37	27	35	15	18	55	40	41	5	16	10	63	11	41	30	38	13	49	34	62	17	25	53	35	19	54	44	33	10	53	32	25	17	38	46	20	0	42	
53	16	53	33	42	2	19	5	49	16	54	22	19	61	53	47	36	10	32	26	40	53	23	31	34	65	28	57	49	64	23	44	38	23	38	44	65	42	53	0	
M5
0	32	53	40	30	54	35	38	45	37	40	44	37	37	51	25	48	36	30	62	19	40	51	38	69	39	39	19	55	53	32	38	25	21	41	55	53	48	27	16	
12	0	40	37	37	22	50	27	48	21	25	47	29	31	52	9	34	50	33	50	3	43	10	47	17	30	47	26	62	20	36	36	32	45	33	31	34	39	44	52	
26	31	0	14	8	52	53	48	28	27	10	19	20	40	34	25	15	3	13	41	24	23	34	2	52	40	47	39	24	50	7	21	3	37	23	38	32	31	36	43	
49	30	7	0	22	56	5	30	1	30	32	36	17	39	43	34	18	6	22	35	10	32	43	27	61	31	52	11	49	45	6	30	17	12	19	47	35	10	29	58	
58	9	55	36	0	67	47	9	41	7	62	40	33	62	47	38	39	31	26	56	37	20	47	60	50	27	46	52	50	54	29	26	47	47	48	38	54	44	41	2	
58	37	14	37	40	0	72	44	45	6	7	35	13	71	66	57	25	35	45	69	56	52	27	34	45	47	12	43	15	64	39	10	35	28	55	48	51	45	48	69	
45	1	38	40	30	15	0	30	45	47	40	44	6	46	48	36	46	47	30	3	41	40	50	39	68	1	2	19	56	26	32	38	6	43	41	35	13	46	37	35	
48	43	28	60	14	63	20	0	71	40	54	45	45	58	34	63	12	49	56	29	61	66	39	48	28	46	19	45	70	44	53	21	37	69	50	28	27	54	63	49	
44	53	27	38	48	39	13	46	0	63	31	29	39	52	22	10	55	48	32	51	33	42	52	12	49	25	58	58	3	71	35	5	22	82	33	57	37	4	55	53	
31	14	55	14	31	45	48	21	46	0	19	42	38	51	46	43	22	48	31	63	42	25	4	41	22	24	45	20	55	27	33	30	26	32	25	25	13	33	38	46	
51	41	57	53	51	11	75	37	42	42	0	48	50	50	52	55	9	60	43	76	54	53	31	55	49	13	5	47	12	47	17	57	40	19	20	31	55	54	64	48	
35	13	17	16	26	66	27	9	40	30	45	0	20	36	27	37	39	38	25	9	36	35	46	2	55	5	46	51	3	17	28	48	38	61	13	44	23	43	11	43	
50	8	10	32	20	56	14	30	32	50	32	36	0	40	43	34	38	26	22	54	19	32	43	30	61	31	3	11	52	45	7	30	17	35	33	47	6	40	29	59	
8	28	41	55	2	40	15	35	60	29	1	14	49	0	54	52	50	57	45	48	50	21	18	26	17	9	8	34	3	4	47	2	40	35	26	39	42	47	23	60	
34	21	65	19	43	17	1	47	24	26	45	23	16	42	0	21	25	26	9	45	20	19	30	50	48	32	43	35	51	30	9	3	23	30	31	14	54	27	5	17	
9	18	52	3	43	4	16	11	33	28	5	32	25	17	38	0	41	35	18	16	5	28	17	41	35	17	23	33	60	54	21	43	8	57	40	38	41	7	41	55	
31	48	38	27	1	47	49	47	32	45	40	13	24	1	38	29	0	34	17	22	22	17	38	40	56	43	37	32	30	55	20	28	38	56	39	42	43	1	40	28	
72	17	43	39	43	67	39	51	49	13	53	32	50	26	64	38	1	0	43	27	54	53	64	59	67	52	75	32	35	36	45	51	27	56	54	68	18	47	50	63	
44	30	55	9	36	40	52	37	14	31	35	13	6	35	20	11	28	16	0	35	10	9	20	40	38	39	33	25	41	40	2	44	31	49	21	24	44	17	22	45	
34	24	44	29	1	51	4	2	27	25	29	31	39	47	35	49	1	55	41	0	52	11	14	29	32	32	25	30	59	30	24	40	23	54	36	14	1	37	42	35	
50	28	19	30	20	54	38	28	32	52	30	21	27	40	19	30	47	37	20	52	0	21	41	4	22	29	6	9	49	25	7	2	15	33	25	45	42	38	27	45	
55	30	49	42	66	12	35	70	47	47	62	45	39	40	38	44	46	34	32	26	43	0	53	34	70	14	19	58	22	51	35	77	44	82	22	35	63	50	47	40	
34	3	45	30	20	51	38	10	35	4	8	31	27	55	35	32	25	37	20	52	31	30	0	30	11	13	34	9	46	30	22	19	15	33	31	14	17	22	27	35	
45	40	1	19	27	50	50	32	24	41	29	3	16	45	30	21	29	22	9	37	20	19	30	0	48	24	43	35	31	45	12	40	22	56	7	34	51	27	32	27	
22	47	40	26	25	57	57	54	31	33	6	30	23	52	37	28	45	33	16	30	7	26	37	25	0	50	4	42	19	13	19	58	48	30	38	39	12	34	25	27	
47	42	8	37	34	62	57	47	54	11	36	44	4	52	22	51	38	29	39	67	42	49	46	28	61	0	54	28	19	24	33	47	29	36	48	27	15	57	15	26	
34	28	25	30	11	42	11	28	35	26	16	31	27	39	35	32	14	2	20	2	31	30	41	45	46	29	0	9	48	30	22	19	15	3	15	14	31	38	27	35	
54	17	37	19	9	43	27	17	24	41	19	23	16	44	30	21	38	26	9	41	20	19	30	37	48	18	43	0	51	32	11	17	4	22	20	34	54	27	16	50	
55	50	55	57	47	52	40	15	64	39	47	52	56	12	32	61	45	66	49	57	48	59	69	66	15	53	45	67	0	28	52	54	44	63	57	35	53	67	41	13	
54	3	58	29	13	39	18	30	41	46	74	51	22	49	54	68	13	69	58	67	34	68	69	47	65	52	47	67	70	0	16	67	27	13	56	34	24	39	60	55	
19	75	34	38	10	80	48	67	1	76	62	38	51	9	14	56	16	55	44	72	36	54	65	21	38	39	22	61	30	75	0	58	55	24	20	69	76	13	61	28	
61	39	17	1	19	65	48	30	44	60	41	5	38	3	17	43	50	38	31	39	42	41	52	15	25	16	55	20	33	47	33	0	26	44	28	53	53	49	38	25	
43	42	19	21	28	21	54	18	26	26	43	22	7	20	32	13	26	14	11	12	22	21	32	5	38	32	45	37	50	52	9	12	0	38	13	36	43	24	32	46	
45	12	58	43	33	64	11	23	27	17	11	44	23	35	40	45	29	50	33	34	35	22	6	43	2	26	32	22	28	41	2	32	28	0	6	27	30	35	4	48	
31	25	45	27	17	46	35	17	28	23	27	26	24	20	32	17	22	34	17	22	28	27	34	40	52	26	49	6	46	27	3	25	7	30	0	11	58	35	20	32	
13	8	49	47	24	30	55	44	49	5	47	10	37	50	14	28	4	39	37	42	48	47	58	35	68	11	70	26	38	9	24	40	2	50	15	0	58	50	44	14	
34	29	36	36	19	14	1	18	41	26	18	31	4	47	2	38	22	10	26	20	37	10	35	53	53	32	51	36	56	30	29	55	23	53	36	14	0	44	49	35	
43	37	23	37	34	35	40	2	11	45	39	25	38	25	52	9	32	35	31	40	39	41	34	8	10	31	39	50	53	49	34	41	42	31	13	48	47	0	54	49	
7	16	51	24	37	33	19	5	29	17	4	28	21	48	35	26	35	31	14	50	22	24	22	55	40	42	22	38	56	55	15	37	26	62	22	39	28	32	0	14	
42	42	29	14	49	37	27	44	13	39	19	31	25	50	14	8	38	46	37	32	38	39	50	14	52	45	48	48	49	30	40	58	36	68	31	27	38	40	60	0	
