40  4  1
4
	0	6	1	88	2	32	3	18
	0	51	1	65	2	60	3	17
	0	43	1	84	2	11	3	14
	0	81	1	80	2	57	3	93
	0	49	1	22	2	33	3	24
	0	82	1	48	2	47	3	43
	0	57	1	51	2	56	3	31
	0	91	1	83	2	20	3	22
	0	54	1	27	2	31	3	49
	0	15	1	69	2	79	3	21
	0	93	1	53	2	7	3	77
	0	76	1	7	2	59	3	85
	0	28	1	80	2	26	3	50
	0	95	1	16	2	41	3	59
	0	87	1	62	2	93	3	2
	0	99	1	89	2	35	3	15
	0	77	1	63	2	30	3	40
	0	71	1	6	2	50	3	11
	0	12	1	27	2	13	3	11
	0	14	1	10	2	46	3	37
	0	80	1	1	2	86	3	89
	0	66	1	25	2	67	3	74
	0	41	1	13	2	59	3	61
	0	31	1	45	2	50	3	64
	0	51	1	11	2	87	3	18
	0	48	1	70	2	23	3	76
	0	22	1	49	2	30	3	56
	0	90	1	3	2	79	3	90
	0	11	1	43	2	94	3	85
	0	94	1	98	2	33	3	76
	0	43	1	68	2	54	3	38
	0	24	1	72	2	62	3	87
	0	58	1	24	2	56	3	89
	0	62	1	66	2	18	3	54
	0	2	1	51	2	5	3	81
	0	33	1	64	2	39	3	92
	0	33	1	3	2	27	3	55
	0	59	1	75	2	21	3	5
	0	75	1	76	2	21	3	88
	0	48	1	57	2	86	3	6
SSD
M0
0	9	9	8	4	1	2	3	4	8	5	3	8	1	4	3	8	6	2	5	9	3	1	8	5	8	7	5	9	1	5	6	4	5	5	2	2	7	5	1	
6	0	7	6	4	7	8	3	5	3	4	6	5	5	3	5	3	5	5	1	7	7	3	5	4	2	3	5	9	6	5	3	8	2	2	8	2	2	4	2	
1	5	0	8	6	6	5	2	2	7	1	5	7	6	5	6	7	1	6	6	6	6	8	5	8	8	6	2	1	8	6	8	2	9	3	4	5	6	3	8	
8	5	6	0	8	9	7	8	4	3	6	1	5	4	3	4	5	4	6	7	5	1	2	4	3	5	3	4	7	4	4	3	3	4	1	2	4	5	5	8	
6	3	2	6	0	5	7	3	2	1	6	5	3	4	4	5	7	1	7	9	1	3	5	1	3	4	4	5	1	3	5	1	5	6	5	1	8	7	1	8	
2	2	5	7	9	0	7	6	2	9	6	1	4	3	7	6	5	7	6	9	4	5	5	5	1	3	1	3	9	7	8	4	2	1	6	3	1	4	8	4	
5	9	8	4	8	2	0	9	8	6	8	4	8	3	7	5	3	7	8	2	5	6	9	2	8	3	8	8	3	1	6	7	7	9	9	2	4	2	2	6	
5	7	9	1	4	2	1	0	2	2	4	3	5	4	1	4	5	6	3	2	3	9	1	2	1	2	4	1	9	2	4	2	6	7	1	7	4	5	1	8	
3	8	1	6	4	5	5	2	0	5	7	2	6	4	1	7	1	9	6	5	1	2	6	4	5	2	6	7	8	2	5	4	3	9	4	2	5	8	6	3	
9	8	4	9	3	1	2	2	8	0	9	1	1	7	1	2	8	8	1	9	6	6	2	8	4	8	8	2	6	5	5	5	9	5	5	2	6	3	3	3	
3	7	6	6	4	3	2	9	5	1	0	5	6	1	3	4	3	1	6	6	1	7	8	4	4	5	5	4	9	9	3	7	4	3	2	7	5	4	9	3	
7	3	6	8	2	6	6	1	7	9	4	0	8	3	3	7	8	2	8	1	3	3	8	9	9	6	8	4	7	5	2	6	7	8	9	3	2	5	2	4	
6	9	5	1	2	6	4	6	3	2	2	9	0	6	9	7	4	4	4	5	1	6	2	6	1	1	5	4	7	1	7	7	9	9	4	7	4	7	8	9	
5	9	7	9	4	3	1	2	9	2	2	4	2	0	1	3	7	6	9	2	2	6	8	7	4	6	9	1	4	5	1	5	1	3	8	4	7	6	6	2	
2	2	5	4	4	5	3	3	2	5	7	3	6	8	0	9	2	9	2	4	7	1	1	5	3	2	4	7	7	3	2	9	3	5	8	2	9	1	2	1	
3	2	7	9	7	4	7	2	4	4	5	8	4	4	3	0	8	5	4	4	6	6	8	4	6	6	4	3	8	7	4	8	6	4	1	2	3	2	4	8	
2	7	4	2	5	4	3	8	4	6	3	3	5	7	5	4	0	2	3	6	7	1	6	1	8	1	7	8	1	1	8	7	2	5	8	8	3	7	1	4	
1	2	7	8	1	2	4	7	1	1	9	5	8	2	8	9	8	0	7	2	1	8	7	6	6	9	3	5	5	8	5	7	2	5	7	9	3	3	5	7	
1	3	1	3	9	4	4	7	8	2	8	5	5	5	2	1	6	7	0	3	6	9	8	6	2	8	5	2	4	6	4	7	1	5	5	7	3	3	8	7	
6	7	4	9	5	5	1	5	3	3	5	5	5	7	6	7	1	8	8	0	3	8	2	6	4	8	7	3	8	2	7	4	9	3	4	8	5	6	8	7	
2	1	7	9	9	1	8	7	5	4	6	7	2	1	6	9	4	8	7	3	0	4	6	9	9	9	3	4	5	1	4	8	1	9	9	8	2	9	3	4	
1	2	1	4	1	8	7	3	9	9	5	2	2	3	8	1	4	9	5	7	4	0	2	2	2	2	2	8	1	8	6	8	1	5	8	4	8	1	8	5	
6	3	7	2	2	4	5	2	2	6	4	9	4	4	7	3	9	8	2	6	8	9	0	3	4	3	4	4	6	4	4	8	7	1	1	5	4	4	7	2	
4	5	1	5	8	1	2	3	6	7	7	7	7	6	3	4	5	5	3	1	2	3	2	0	7	8	6	4	6	1	6	8	4	9	3	6	2	4	9	2	
2	7	6	3	9	9	1	8	3	7	9	9	2	5	5	4	6	9	5	1	4	7	9	4	0	5	4	5	6	2	1	9	8	8	2	2	5	5	1	6	
6	6	2	1	1	3	2	5	7	1	3	9	6	8	3	1	1	7	8	2	4	3	3	9	4	0	7	6	4	7	8	3	6	4	8	4	1	9	6	2	
7	1	7	7	5	2	2	2	8	6	7	5	4	3	8	1	3	7	6	2	5	2	4	6	8	3	0	8	2	2	3	4	7	1	7	2	3	4	2	8	
4	3	6	6	4	1	6	2	7	1	1	1	1	5	6	4	6	8	3	4	7	5	2	5	2	3	7	0	2	8	5	2	7	5	4	9	3	7	1	9	
5	1	1	8	9	1	7	2	6	5	7	2	2	7	3	6	8	7	8	7	6	8	2	7	1	8	3	4	0	2	7	2	1	6	4	8	7	8	4	8	
8	3	1	4	2	3	5	5	5	9	9	8	3	2	1	1	7	3	4	7	5	2	1	4	3	4	5	6	6	0	3	3	2	3	7	8	3	3	7	1	
2	2	2	2	9	1	1	8	4	8	3	5	2	3	9	6	2	7	4	5	2	2	6	1	4	3	7	9	9	5	0	5	4	3	9	9	4	9	9	1	
6	8	9	2	5	6	5	4	2	5	3	2	1	4	9	4	7	6	8	3	2	1	8	8	8	8	8	4	4	7	6	0	7	6	6	1	5	3	1	8	
5	1	9	8	8	9	4	9	4	2	4	2	9	8	6	5	9	7	7	7	2	1	6	9	7	1	2	2	1	3	9	3	0	4	6	1	6	5	8	3	
7	3	3	8	1	4	2	8	5	1	3	6	3	4	7	8	5	7	7	5	9	9	6	6	6	9	9	5	8	2	8	7	3	0	9	6	4	2	6	8	
8	8	8	8	5	6	4	6	1	3	9	8	2	1	8	1	8	7	6	4	7	6	5	1	3	3	1	1	9	7	1	9	4	8	0	5	1	2	9	6	
2	2	9	8	9	9	4	3	1	5	4	4	6	2	6	1	6	9	7	1	9	1	9	5	7	2	6	8	3	1	2	4	8	8	5	0	8	9	4	3	
5	6	7	6	9	7	4	3	4	9	7	1	5	7	5	6	8	7	1	1	3	9	9	9	7	5	6	6	7	3	3	2	1	4	8	3	0	4	2	7	
9	6	6	1	6	8	6	5	6	6	2	3	7	6	1	6	6	5	9	7	3	1	5	7	9	6	7	3	4	5	7	4	6	8	4	2	7	0	2	8	
8	9	4	9	3	5	6	8	4	3	5	2	8	2	6	1	7	6	4	5	8	7	6	3	7	2	7	7	1	1	7	4	8	3	4	5	5	6	0	3	
2	8	1	2	4	6	5	1	1	3	5	7	6	3	3	6	8	1	1	5	3	4	7	1	4	1	2	7	3	7	4	4	1	4	5	1	7	3	8	0	
M1
0	6	7	2	2	5	9	9	2	1	7	5	7	3	5	5	1	4	6	7	6	3	8	8	1	1	1	6	2	2	7	7	4	8	2	3	5	7	7	9	
2	0	8	4	3	3	6	9	5	7	4	7	3	8	1	8	4	8	4	1	7	3	7	7	7	7	3	3	4	5	9	2	1	5	8	6	3	5	5	7	
1	1	0	6	5	7	3	3	3	4	8	5	3	3	8	5	6	6	4	7	6	4	6	7	7	5	1	1	5	5	1	2	6	5	5	7	3	7	7	7	
8	4	7	0	7	6	3	5	3	5	5	7	6	5	7	5	5	9	1	8	5	2	8	3	5	2	6	6	6	6	1	3	4	8	5	4	4	9	1	9	
4	9	1	2	0	9	1	3	1	3	5	2	9	4	2	2	4	9	3	6	8	8	7	2	2	5	7	4	3	8	7	8	3	4	2	8	4	5	8	5	
5	1	4	3	5	0	8	1	7	4	3	7	3	6	6	9	6	9	8	7	4	6	7	6	6	6	3	4	6	6	4	4	2	2	8	4	2	6	1	6	
5	5	7	7	1	4	0	6	2	4	4	3	3	8	2	4	5	7	2	2	2	4	5	3	8	5	7	1	5	4	2	6	2	3	3	5	4	6	2	3	
4	6	8	3	3	4	7	0	7	6	1	8	7	9	6	1	7	4	3	4	4	7	7	5	8	1	7	9	5	2	7	2	4	6	6	3	4	5	8	1	
3	1	6	7	1	4	9	3	0	6	2	6	2	8	7	9	5	2	3	7	6	6	5	3	8	5	5	1	5	5	9	2	3	1	1	3	3	2	3	4	
7	4	1	2	7	4	1	7	6	0	3	4	5	5	5	1	5	7	6	6	2	5	1	4	6	5	7	5	1	8	5	7	7	4	2	6	9	7	3	8	
9	8	9	1	7	7	6	6	1	8	0	4	7	3	3	7	8	5	5	4	6	8	8	4	7	2	6	7	6	7	2	9	5	4	3	8	4	9	6	3	
2	5	7	1	1	4	3	2	1	4	3	0	1	9	4	7	5	6	8	1	2	5	2	4	4	4	8	3	7	7	2	4	7	7	3	6	4	8	6	2	
1	8	5	8	7	6	4	8	1	6	8	3	0	3	3	8	7	2	3	6	7	5	5	6	7	6	5	2	5	6	7	7	8	6	6	4	5	8	8	7	
8	4	5	4	3	5	4	7	7	3	5	1	6	0	3	6	6	3	3	7	3	8	1	4	3	6	2	6	4	8	5	5	8	8	7	6	7	2	3	9	
1	7	3	6	7	4	1	8	5	4	6	1	7	5	0	8	6	3	3	6	4	1	4	2	6	5	7	1	1	5	2	5	2	5	5	6	9	4	5	1	
3	6	2	9	2	7	9	3	3	3	9	8	3	8	5	0	2	8	3	6	9	7	3	7	6	3	8	5	5	3	1	4	4	4	6	5	9	6	9	2	
9	2	9	9	6	4	7	9	1	8	7	8	4	5	4	6	0	3	2	3	6	2	4	8	2	4	2	7	1	7	4	7	7	1	3	5	5	3	3	7	
1	4	5	3	3	3	8	2	5	4	4	1	1	3	2	2	3	0	4	8	2	2	5	4	2	4	6	2	5	3	3	3	8	4	6	6	3	6	1	8	
4	3	2	5	8	3	8	8	6	4	4	1	1	1	6	4	2	7	0	9	2	2	5	4	3	5	7	3	6	3	2	4	5	5	5	6	4	7	6	2	
5	1	5	6	8	6	7	3	1	3	2	1	7	1	6	5	7	4	5	0	4	8	5	6	4	1	6	2	4	6	1	7	8	6	4	4	8	5	8	8	
4	2	6	6	5	1	9	5	5	1	1	3	2	6	3	7	2	4	5	8	0	9	2	1	6	2	7	8	8	5	2	7	7	4	3	3	6	5	3	5	
5	6	8	1	8	5	2	9	2	5	5	7	6	6	7	1	4	1	5	7	3	0	2	5	3	6	4	2	6	4	6	4	5	3	7	7	5	6	5	1	
5	7	5	4	5	1	9	8	8	7	3	6	8	2	8	2	4	2	2	7	5	3	0	3	3	3	9	9	7	1	4	3	5	3	4	3	3	8	3	5	
5	7	4	8	1	8	8	5	1	8	4	6	8	6	7	3	7	7	9	7	7	2	8	0	1	7	3	3	5	6	4	7	2	6	6	9	9	8	7	7	
9	2	8	1	2	6	6	9	2	4	1	1	3	9	8	6	2	2	7	8	4	8	4	6	0	3	2	7	3	3	4	8	4	4	1	8	5	2	2	1	
5	1	8	8	1	3	6	1	5	3	3	4	4	8	5	1	4	1	7	7	1	8	4	3	1	0	9	9	6	7	4	1	3	5	4	5	7	2	5	2	
2	1	7	2	4	9	9	4	1	4	2	5	7	4	8	7	3	4	9	5	9	6	6	1	8	8	0	4	8	8	9	3	2	6	1	3	6	6	5	2	
6	5	8	7	5	4	7	7	7	2	4	5	5	4	6	8	2	5	4	9	2	4	5	4	5	1	3	0	1	1	5	2	3	1	6	4	6	3	6	6	
7	7	1	8	3	4	7	7	5	1	5	1	3	3	8	4	4	7	4	5	5	4	1	5	5	5	2	7	0	3	1	1	7	5	5	2	1	5	6	3	
3	1	8	7	1	4	4	4	4	4	1	6	5	2	6	1	5	1	6	2	2	6	3	4	7	5	3	1	5	0	5	2	6	5	6	5	9	7	6	5	
2	5	8	5	2	4	1	5	4	4	4	5	5	4	2	9	5	6	7	9	2	8	1	4	3	1	9	6	4	1	0	4	3	4	5	1	4	4	6	4	
9	8	4	2	4	2	7	2	1	1	1	4	3	6	5	6	4	5	4	6	5	4	3	2	5	1	5	7	1	9	8	0	3	3	9	4	2	9	7	7	
2	5	3	2	6	3	2	6	4	5	7	7	6	6	4	7	2	7	2	7	5	3	8	1	6	2	5	9	6	9	1	1	0	5	1	8	9	4	1	2	
7	2	7	6	8	4	9	2	2	3	3	6	5	8	4	3	5	6	8	9	2	7	5	2	2	1	4	1	2	5	5	1	4	0	1	3	9	6	6	1	
7	9	8	7	1	7	3	6	4	7	5	8	6	9	8	1	7	4	3	2	7	3	4	2	5	2	9	5	2	6	9	2	1	7	0	8	3	7	4	1	
6	6	1	6	1	3	8	7	6	5	5	2	6	8	4	1	5	4	8	1	3	4	6	1	4	6	5	8	1	4	3	9	7	7	7	0	3	7	1	3	
4	4	6	5	3	2	9	7	2	3	3	5	4	8	5	5	1	6	7	4	1	1	2	1	2	1	7	3	1	6	4	4	3	1	5	4	0	7	2	2	
6	1	1	8	3	3	8	5	4	3	2	5	4	1	3	6	4	2	2	7	1	5	4	3	2	1	3	7	8	5	4	1	7	6	5	1	4	0	3	4	
4	9	8	8	1	2	2	5	7	2	7	3	8	1	1	7	3	2	1	3	7	9	7	5	4	2	4	6	2	2	4	8	6	6	7	5	9	5	0	3	
4	7	2	9	5	7	4	6	4	1	8	2	2	7	9	3	6	6	6	4	6	1	2	4	7	6	4	8	1	7	6	9	7	6	3	2	2	3	1	0	
M2
0	8	8	4	7	5	1	6	7	8	4	5	7	8	7	7	3	7	9	5	1	1	5	2	2	9	7	9	5	4	7	1	1	6	9	4	4	8	2	6	
7	0	3	8	5	2	6	1	4	1	1	5	9	4	6	1	7	9	1	9	1	1	5	9	4	3	8	5	2	8	8	1	9	9	3	7	4	3	5	9	
6	5	0	2	6	2	7	1	7	6	5	5	6	5	5	9	3	6	8	5	2	7	4	8	3	4	9	2	5	2	3	2	1	2	2	7	5	8	2	1	
2	8	8	0	9	8	7	6	6	8	3	7	8	6	7	5	2	6	4	5	6	5	6	9	9	4	7	1	7	2	7	7	2	8	1	4	6	8	1	4	
4	5	1	1	0	9	2	8	1	9	8	4	4	9	2	7	2	2	9	6	9	1	5	5	9	5	5	4	3	6	4	9	2	8	6	9	8	1	4	3	
1	1	1	2	3	0	4	4	3	2	6	2	9	5	8	3	8	3	2	8	1	8	4	4	5	5	6	2	9	3	5	2	2	8	3	4	3	9	2	3	
2	4	6	1	2	7	0	2	3	2	1	2	9	7	2	9	5	2	2	8	9	6	3	6	1	3	9	2	1	3	5	5	8	8	4	6	5	2	5	2	
9	1	1	3	9	8	8	0	9	4	9	4	8	3	4	2	9	7	3	5	2	6	1	3	2	8	3	4	3	7	8	6	2	8	1	3	9	9	6	1	
7	6	3	5	4	2	9	1	0	9	3	9	2	5	6	3	4	4	8	7	5	8	4	1	1	4	4	5	9	6	5	7	2	9	5	8	1	5	1	4	
9	5	4	7	8	3	6	6	6	0	9	6	2	4	7	5	4	6	4	7	8	6	5	1	8	4	1	3	2	1	6	4	8	2	1	1	8	7	3	6	
9	8	2	6	8	6	8	6	2	3	0	7	9	3	1	7	3	2	4	9	3	8	7	4	1	6	8	6	5	2	1	4	6	4	9	3	2	5	4	2	
6	3	9	8	3	3	3	2	1	6	3	0	3	5	1	3	8	5	3	2	8	4	5	8	9	7	3	8	8	5	3	9	2	3	4	7	4	4	9	7	
5	3	9	7	2	8	6	5	3	9	6	3	0	8	1	2	6	6	2	9	2	7	8	8	9	7	7	8	4	2	4	5	8	4	2	4	7	2	2	6	
5	5	2	6	6	6	8	7	9	4	4	4	4	0	1	2	2	2	8	9	8	1	1	7	1	6	1	7	2	2	6	3	5	3	5	7	5	2	2	6	
6	2	4	7	3	8	8	5	1	8	9	4	9	7	0	8	2	8	9	7	5	9	1	4	7	4	5	6	6	5	4	7	7	8	1	4	6	9	9	1	
5	3	2	8	2	9	3	6	1	8	5	4	1	2	3	0	8	2	7	9	4	6	3	5	8	9	2	6	2	2	4	4	3	2	4	8	5	3	7	9	
3	8	9	6	1	8	9	9	2	8	5	4	1	1	6	7	0	4	3	4	2	3	5	5	3	4	8	3	8	5	9	3	6	1	7	3	5	4	8	4	
9	7	2	1	4	8	2	5	4	1	2	9	2	9	9	7	6	0	2	1	4	3	6	5	2	5	1	1	6	1	7	9	8	3	8	3	3	5	3	4	
2	9	2	4	8	5	5	5	2	4	7	4	4	6	7	5	8	6	0	7	6	9	9	5	3	7	9	2	3	3	3	6	1	9	6	5	4	2	2	8	
8	8	5	8	8	6	5	3	4	1	9	3	6	1	7	1	9	9	2	0	1	2	1	1	8	2	5	8	6	6	1	6	8	3	2	3	8	8	8	1	
2	3	7	8	2	6	6	6	1	4	2	8	4	7	6	2	9	4	5	8	0	2	2	4	3	2	6	6	5	8	3	1	3	3	6	1	2	1	6	4	
5	6	1	8	1	7	8	7	2	6	7	2	2	1	4	3	4	2	6	1	5	0	2	2	1	9	1	7	4	3	4	9	2	2	3	7	1	8	9	1	
3	8	3	3	4	2	2	3	4	6	4	4	2	2	9	4	9	6	2	7	2	3	0	8	4	4	2	5	1	6	4	8	9	2	6	5	4	8	2	5	
7	8	7	9	8	4	8	8	5	2	5	7	1	3	3	3	9	8	7	6	9	9	8	0	6	8	1	6	4	3	1	7	9	6	3	2	6	3	7	3	
3	4	6	7	1	9	7	5	5	4	9	1	7	5	3	3	9	2	7	7	1	6	8	2	0	7	8	5	1	3	1	2	9	8	4	9	8	8	3	5	
2	4	4	2	8	8	1	6	7	3	2	8	7	2	1	2	2	1	6	3	4	7	8	2	8	0	1	8	8	8	2	6	2	5	9	5	1	6	8	8	
4	6	5	8	8	9	6	5	4	9	2	8	2	8	3	3	8	3	8	3	8	7	3	9	2	7	0	2	3	8	9	2	3	1	8	3	3	6	9	8	
7	8	2	5	7	9	9	2	9	2	2	8	7	6	7	1	2	3	2	3	8	9	7	4	1	6	9	0	5	3	3	3	2	1	1	4	4	6	1	9	
7	1	7	2	2	2	4	9	3	6	5	9	4	6	7	9	7	1	7	7	9	6	7	9	7	5	1	9	0	4	6	9	8	6	6	8	9	6	7	9	
8	4	4	1	5	1	6	5	2	4	9	8	7	9	7	2	5	7	6	7	5	1	9	4	3	8	8	6	3	0	3	3	4	5	1	3	4	9	4	1	
3	9	2	1	1	1	3	8	1	2	7	7	4	6	1	4	5	1	8	1	6	9	2	5	4	7	3	5	9	8	0	9	5	3	3	9	3	2	1	3	
7	5	9	6	8	4	8	2	9	9	4	1	8	4	5	7	9	1	8	4	1	5	4	3	2	7	3	2	3	8	7	0	1	9	3	7	7	4	5	7	
3	3	8	3	9	7	2	1	1	3	7	1	9	6	2	8	9	3	6	5	5	2	2	8	2	8	1	1	5	6	5	7	0	2	1	5	5	3	7	5	
2	6	9	5	4	9	4	2	7	7	8	9	6	9	8	1	3	7	3	5	5	8	3	4	2	8	7	4	9	3	5	2	8	0	6	1	7	5	8	4	
8	4	3	1	7	6	6	9	4	5	4	5	5	7	1	9	5	8	4	8	5	7	4	4	3	6	9	1	3	1	2	1	6	2	0	5	5	8	7	6	
4	3	9	5	2	3	2	6	7	3	8	9	6	1	1	5	4	8	7	8	8	6	2	8	6	6	5	4	1	2	6	4	2	8	8	0	1	3	7	9	
4	3	4	6	7	3	1	9	7	1	5	6	3	5	4	9	3	9	7	7	8	4	6	8	7	5	7	5	4	5	1	9	6	2	6	1	0	1	8	7	
8	4	7	5	5	7	8	9	2	9	4	1	5	9	7	9	7	9	7	6	5	6	3	1	1	9	3	1	7	3	4	1	4	5	1	1	9	0	3	6	
8	4	8	2	1	1	9	2	8	3	3	2	5	1	3	1	8	3	9	4	1	4	7	7	8	7	1	8	8	3	5	6	3	8	3	9	5	1	0	9	
6	1	3	6	6	2	8	6	3	9	3	1	8	9	7	1	6	2	7	7	1	4	9	8	2	9	8	8	2	1	8	4	1	2	5	1	6	4	8	0	
M3
0	4	3	6	8	7	4	5	6	9	7	9	3	9	7	7	3	8	9	6	1	5	8	8	9	7	8	8	3	2	2	3	9	1	9	3	7	8	8	6	
6	0	8	6	8	7	2	8	8	1	1	1	2	3	4	7	9	7	2	9	5	6	5	3	8	3	3	4	9	3	5	4	4	7	7	6	6	4	6	2	
2	3	0	5	9	2	7	3	9	8	3	5	3	8	5	4	1	8	6	8	6	1	2	2	9	9	6	4	2	2	4	3	8	2	8	6	5	4	7	9	
6	4	6	0	3	4	3	5	1	7	4	3	7	3	4	1	7	7	9	1	6	4	2	4	9	7	6	7	5	8	4	9	7	3	2	4	2	3	1	2	
5	2	8	8	0	5	3	3	9	4	5	9	8	5	5	1	1	3	3	4	3	9	7	6	5	1	2	4	3	1	2	7	7	6	4	8	6	6	9	7	
3	6	6	9	1	0	2	4	7	6	9	7	6	2	3	2	8	4	9	1	2	9	7	7	5	9	1	4	9	5	7	9	6	6	2	6	1	3	7	9	
4	3	1	8	6	6	0	2	6	3	2	6	6	9	8	1	1	6	6	2	9	2	6	2	5	2	8	3	6	4	5	4	8	7	8	1	9	2	6	2	
7	6	5	6	9	5	6	0	3	7	5	4	5	2	6	1	2	1	1	9	3	3	7	6	4	2	2	8	6	3	6	2	3	8	9	5	7	8	5	1	
3	5	1	4	1	2	7	9	0	1	5	1	4	1	9	5	6	3	1	2	7	8	4	2	6	2	5	8	4	4	7	3	7	3	5	6	6	9	1	9	
2	1	2	3	8	7	8	6	2	0	5	1	9	5	2	7	8	5	9	8	4	7	8	7	8	3	6	5	2	6	7	5	2	2	8	5	2	3	7	4	
6	4	4	5	9	7	2	5	2	1	0	3	9	5	2	3	5	5	5	5	5	8	7	4	1	1	7	5	1	6	7	8	5	4	3	5	7	4	4	1	
1	4	3	6	8	6	1	6	4	6	9	0	4	4	5	5	1	2	1	3	6	9	2	7	3	5	6	6	3	7	4	1	2	6	6	8	8	4	6	4	
6	4	4	5	8	3	1	3	3	4	3	7	0	4	1	6	9	4	5	8	4	7	6	3	2	2	4	4	7	4	5	7	1	9	3	1	7	4	6	6	
9	2	3	6	6	6	6	3	5	9	2	3	8	0	9	1	1	6	1	6	5	6	3	7	8	7	8	2	1	6	6	9	8	1	5	4	5	7	4	3	
9	4	9	5	8	8	8	2	8	1	5	7	7	1	0	3	8	1	6	8	1	6	7	4	5	6	9	1	4	2	6	4	1	8	4	1	9	8	3	4	
4	7	1	7	4	9	7	6	1	7	1	7	5	7	8	0	3	4	7	9	6	7	5	3	3	4	7	1	7	5	9	4	8	4	5	9	1	4	7	5	
9	7	6	8	7	7	9	5	3	4	7	8	6	4	1	1	0	4	2	5	4	3	1	7	2	2	6	3	7	5	4	2	4	7	6	4	7	3	5	6	
7	4	9	4	2	1	8	4	2	1	3	1	2	1	9	5	7	0	7	5	9	2	6	6	4	1	8	2	8	9	3	3	9	9	7	3	3	7	4	2	
4	1	2	7	3	4	7	3	9	7	8	2	3	7	4	1	9	4	0	9	7	7	1	8	4	4	6	2	5	1	4	2	7	7	6	2	1	6	3	5	
8	7	3	8	8	1	4	7	2	2	9	1	4	9	6	4	4	6	5	0	1	8	3	3	5	2	9	6	5	9	1	6	5	7	2	6	3	3	1	5	
9	2	1	4	9	6	4	6	8	5	6	6	6	2	2	2	6	2	2	9	0	5	9	1	1	7	2	2	1	6	8	8	2	3	8	4	7	7	3	5	
6	3	6	5	6	2	4	4	4	2	4	2	4	1	5	4	1	1	6	6	8	0	7	1	4	2	9	7	6	5	4	9	1	8	1	5	5	6	2	2	
2	5	4	3	5	8	4	5	4	4	1	4	7	3	1	6	1	4	7	8	4	8	0	3	2	4	1	2	7	2	4	2	3	9	3	2	5	5	1	5	
9	8	8	2	4	7	3	5	2	5	3	4	1	1	5	5	2	2	5	5	6	2	9	0	7	2	9	6	5	1	1	2	7	2	9	3	6	1	4	2	
9	3	1	5	5	5	6	5	4	4	5	3	7	4	5	3	5	4	5	2	1	6	8	7	0	8	4	3	5	6	7	4	2	4	2	4	2	4	6	8	
5	4	8	3	1	5	4	3	4	2	9	7	1	4	5	3	1	8	4	1	4	1	1	6	6	0	7	2	8	7	3	6	7	7	1	6	4	7	9	6	
7	2	6	4	7	6	9	8	3	6	4	9	8	4	7	7	4	5	1	3	8	4	2	2	9	7	0	7	6	5	4	5	4	5	6	7	6	6	6	8	
1	7	7	2	7	6	8	2	6	6	3	7	8	6	3	8	9	6	9	4	6	5	5	8	1	2	8	0	4	7	5	6	2	6	9	2	7	2	8	6	
9	5	9	3	9	5	5	2	4	8	5	8	4	7	9	5	2	4	8	7	7	4	4	1	6	3	3	1	0	8	7	6	6	1	8	2	5	9	3	7	
4	8	7	7	8	7	1	7	4	8	8	5	5	9	6	2	2	2	7	6	1	3	7	2	3	9	7	5	6	0	2	6	5	4	8	7	8	6	3	3	
2	3	7	5	6	2	1	7	8	6	1	9	3	6	3	4	3	6	2	6	4	7	3	5	9	2	5	2	2	5	0	9	6	9	8	6	1	6	8	5	
9	2	8	8	1	8	5	4	6	4	7	6	9	5	2	6	1	1	6	7	5	5	2	7	8	6	5	2	8	4	5	0	5	1	8	4	5	3	1	8	
1	6	2	4	8	7	9	4	8	1	1	2	5	2	5	9	9	7	7	4	1	2	7	4	8	6	2	8	2	9	8	5	0	2	2	7	6	3	4	1	
7	1	3	7	4	5	9	5	6	4	4	4	7	3	4	7	6	7	7	3	4	6	5	4	9	1	9	7	7	8	2	4	5	0	7	4	2	3	9	5	
3	7	7	7	4	1	3	8	1	2	7	8	2	5	5	6	8	8	9	6	6	8	3	1	1	3	7	1	3	8	5	9	7	8	0	1	7	7	9	6	
5	9	4	6	5	4	8	3	2	1	5	5	8	6	9	7	5	5	3	1	5	8	5	1	4	2	4	9	9	9	6	6	9	3	4	0	2	9	5	6	
3	9	4	9	7	8	7	5	4	6	4	2	8	4	7	9	7	9	7	3	7	2	9	3	4	5	1	4	2	6	9	9	7	2	3	5	0	6	2	4	
3	4	2	5	2	3	6	7	2	3	1	3	9	2	8	3	6	7	8	4	6	5	6	4	6	5	9	4	1	4	8	7	1	5	6	8	8	0	3	5	
4	3	3	4	1	3	7	4	8	3	6	5	7	2	3	2	3	2	3	6	5	1	2	1	9	2	5	1	7	6	4	8	6	8	3	4	6	7	0	4	
1	9	5	5	7	5	4	5	1	7	1	9	7	7	4	3	8	7	2	7	3	4	1	8	9	8	3	5	9	6	1	6	1	3	6	7	2	7	5	0	
