40  4  1
4
	0	57	1	93	2	8	3	64
	0	1	1	34	2	89	3	68
	0	24	1	21	2	59	3	47
	0	27	1	9	2	86	3	74
	0	36	1	71	2	41	3	93
	0	65	1	41	2	5	3	5
	0	7	1	95	2	46	3	41
	0	33	1	53	2	70	3	73
	0	5	1	56	2	55	3	61
	0	20	1	35	2	13	3	24
	0	64	1	64	2	49	3	7
	0	29	1	94	2	2	3	62
	0	19	1	77	2	100	3	71
	0	61	1	54	2	48	3	85
	0	82	1	53	2	44	3	44
	0	28	1	15	2	92	3	23
	0	37	1	64	2	37	3	89
	0	89	1	65	2	74	3	90
	0	82	1	59	2	83	3	9
	0	33	1	51	2	88	3	31
	0	86	1	93	2	60	3	34
	0	76	1	4	2	6	3	86
	0	89	1	99	2	7	3	7
	0	5	1	24	2	97	3	50
	0	30	1	30	2	11	3	76
	0	40	1	18	2	22	3	52
	0	1	1	49	2	64	3	94
	0	34	1	95	2	4	3	25
	0	41	1	76	2	2	3	25
	0	7	1	15	2	89	3	96
	0	54	1	94	2	32	3	60
	0	3	1	2	2	84	3	74
	0	65	1	8	2	31	3	29
	0	86	1	1	2	76	3	48
	0	98	1	66	2	35	3	31
	0	61	1	5	2	31	3	88
	0	95	1	25	2	3	3	63
	0	34	1	27	2	77	3	54
	0	59	1	90	2	64	3	58
	0	91	1	33	2	69	3	16
SSD
M0
0	43	59	57	35	30	41	34	40	14	36	52	18	75	30	65	66	49	43	35	52	24	77	27	56	52	33	53	67	42	56	45	72	45	10	1	41	42	62	39	
47	0	43	13	47	36	33	65	16	11	20	8	42	42	11	53	22	7	12	43	14	49	59	29	33	49	63	40	34	39	33	1	39	70	25	5	27	40	35	36	
4	69	0	66	37	44	78	41	69	43	73	12	39	21	59	101	75	60	70	62	67	67	92	86	58	29	60	62	61	51	76	54	29	93	61	32	80	67	34	2	
31	68	30	0	21	31	25	59	33	60	32	29	28	67	23	13	36	42	33	25	46	66	69	45	27	23	23	24	43	13	35	64	11	31	43	43	35	14	35	42	
15	53	47	20	0	23	35	38	37	65	60	36	44	52	26	60	3	46	44	46	40	45	74	24	59	41	45	43	47	60	50	55	20	49	54	19	54	47	76	41	
47	40	62	54	39	0	50	72	57	51	52	49	59	67	32	25	63	48	41	14	55	16	10	70	74	57	67	50	68	72	59	42	44	63	55	46	68	65	75	54	
67	40	39	47	46	40	0	63	1	28	29	39	2	35	22	62	38	10	36	18	45	43	44	49	52	10	68	67	51	56	8	42	38	46	23	46	61	8	60	42	
58	10	50	19	57	47	4	0	12	22	9	19	13	46	22	59	33	18	5	29	25	35	55	40	44	21	51	38	45	50	2	12	46	40	34	12	38	2	16	41	
67	66	80	80	72	34	67	67	0	78	87	33	52	46	72	72	56	4	33	31	39	77	38	56	78	67	65	83	97	72	80	68	54	80	17	47	86	67	54	36	
50	64	25	58	16	35	59	54	12	0	52	50	23	63	18	70	55	21	37	40	45	53	55	32	22	18	54	19	41	8	74	50	38	39	34	13	41	65	59	5	
31	67	57	35	47	46	62	66	41	54	0	66	3	3	23	26	61	50	71	50	40	44	26	28	46	65	69	22	21	75	68	48	65	66	56	4	29	50	79	55	
46	28	18	33	10	3	53	56	36	29	40	0	25	63	20	73	42	21	39	31	34	26	61	55	24	20	56	21	43	10	44	21	2	76	20	25	47	41	51	44	
46	76	56	26	25	24	58	63	41	32	19	44	0	76	1	66	47	32	49	31	39	22	50	28	31	70	47	71	30	60	58	26	64	44	41	26	40	61	60	57	
21	49	45	48	25	43	38	29	16	61	55	11	47	0	52	72	22	9	23	2	49	63	40	74	47	8	13	61	31	50	51	36	1	11	11	40	62	53	63	57	
41	21	13	4	25	17	51	20	34	13	38	5	32	28	0	44	40	25	34	56	24	4	32	51	31	27	54	28	50	17	51	19	36	34	40	23	45	13	19	23	
23	34	9	12	51	51	17	74	25	46	53	19	26	54	46	0	32	34	47	42	5	38	36	64	66	11	62	63	24	52	14	36	50	70	2	40	26	32	67	1	
31	13	7	27	35	49	25	23	30	25	34	22	34	37	25	67	0	21	10	25	27	25	73	43	30	42	23	3	7	38	30	15	53	59	39	19	41	40	49	1	
28	80	50	22	41	34	42	70	25	5	29	28	48	65	42	62	30	0	43	12	23	58	68	52	42	43	65	44	34	33	11	10	54	61	30	5	36	42	36	30	
23	59	38	41	27	49	46	45	46	57	44	47	6	19	26	1	61	25	0	17	34	39	65	49	18	40	15	72	13	64	43	51	2	51	14	51	52	55	56	30	
28	50	48	47	32	34	3	25	11	38	39	10	12	20	32	66	48	20	30	0	55	53	27	53	44	20	20	49	53	49	16	52	37	16	33	56	44	18	28	52	
30	47	51	27	34	50	47	25	30	59	34	33	56	63	59	26	36	20	32	12	0	51	1	57	47	60	22	45	1	67	47	15	46	40	52	19	41	2	17	55	
52	51	32	31	1	42	36	13	34	63	38	37	30	48	25	70	40	25	44	13	6	0	44	58	29	25	61	26	13	15	48	19	33	59	56	23	45	32	53	58	
39	55	49	24	46	31	44	59	27	53	31	30	2	60	22	59	5	18	24	43	21	42	0	21	44	61	65	45	33	64	32	12	61	16	49	7	38	48	46	16	
13	76	70	50	82	47	53	33	8	84	41	46	62	43	32	33	43	17	46	17	41	16	45	0	51	44	70	83	85	85	66	78	58	47	28	60	25	28	57	49	
7	29	2	43	14	41	39	2	14	41	17	38	48	44	38	39	49	23	12	4	28	22	51	1	0	40	2	62	64	51	37	31	21	38	31	26	31	34	51	28	
18	58	51	65	60	58	11	67	19	46	16	57	20	53	15	80	56	28	6	36	41	47	62	67	70	0	75	82	40	71	26	60	56	50	41	58	33	12	77	52	
7	55	31	62	11	68	37	59	30	50	73	44	46	54	58	58	50	39	9	1	70	81	61	60	39	37	0	59	74	48	50	57	45	35	52	61	55	52	62	57	
16	11	44	5	48	48	41	44	21	23	32	20	5	54	23	45	34	19	24	46	4	13	64	41	12	29	44	0	46	45	45	13	43	63	37	17	29	46	39	48	
15	5	46	8	26	42	39	46	22	17	26	14	43	48	17	19	28	13	18	39	20	9	65	28	14	46	46	18	0	45	39	7	45	66	26	11	18	46	41	19	
38	49	10	43	1	20	54	39	51	54	37	46	8	55	3	76	40	45	22	41	42	49	77	38	7	3	39	4	26	0	69	44	23	59	68	23	30	55	44	36	
26	51	39	14	4	28	34	8	17	57	21	20	20	59	17	49	23	8	28	20	15	30	60	11	34	51	18	55	35	54	0	2	46	40	26	6	19	2	36	52	
57	68	54	9	54	32	29	61	12	52	16	15	38	63	58	49	18	3	50	48	10	45	55	39	29	46	59	50	30	49	29	0	46	67	34	1	23	44	31	47	
41	41	13	22	35	48	37	73	45	53	62	49	42	7	37	57	61	49	45	24	56	9	45	71	41	37	35	38	16	27	52	43	0	63	67	47	29	25	71	39	
58	31	30	5	21	40	57	59	1	43	52	39	28	52	23	34	51	9	39	37	17	6	44	40	27	23	55	24	46	13	54	33	43	0	7	21	50	46	60	41	
30	29	51	43	42	2	38	50	25	41	49	17	11	60	31	43	52	34	42	34	44	33	39	12	34	18	57	45	45	34	53	31	48	30	0	35	42	45	65	66	
27	33	8	39	33	44	44	7	42	17	16	42	28	53	42	48	18	33	31	23	40	67	37	63	46	42	21	43	60	32	42	27	61	15	59	0	53	42	56	34	
11	6	10	20	26	8	3	28	11	18	27	15	12	45	18	52	29	14	19	21	21	30	45	30	32	20	64	29	38	18	18	8	46	56	32	12	0	18	42	36	
37	58	15	65	41	51	11	21	19	46	7	36	20	53	40	55	56	28	39	31	63	61	62	61	69	28	29	70	35	59	26	60	10	4	31	12	40	0	31	41	
63	57	35	60	27	11	49	61	6	62	15	4	34	38	29	32	32	15	44	13	41	16	49	64	33	29	65	22	11	19	62	54	18	62	28	49	56	48	0	47	
22	65	45	56	5	54	50	74	58	62	49	40	11	90	31	30	44	6	57	61	63	44	80	58	42	25	74	39	19	28	65	56	58	74	16	56	27	65	79	0	
M1
0	47	26	33	53	39	39	62	24	43	63	24	40	46	51	30	20	47	55	70	55	56	76	40	40	47	31	60	51	2	63	66	55	61	25	39	63	44	5	42	
38	0	54	7	53	37	44	6	51	17	19	62	3	20	49	31	32	31	55	6	40	62	58	18	47	38	47	55	42	67	66	53	29	17	31	39	55	33	48	20	
40	7	0	15	12	49	50	35	43	21	42	40	31	21	47	39	55	44	51	47	51	9	54	26	33	21	33	15	52	50	16	30	31	40	46	41	63	36	14	49	
22	47	38	0	37	51	28	43	35	1	21	46	7	4	33	15	34	26	40	42	33	46	73	2	31	40	49	50	28	58	52	58	13	19	33	51	62	17	32	38	
45	8	10	46	0	29	81	8	74	29	27	7	10	30	70	57	63	50	23	48	61	40	85	48	17	52	55	46	48	81	47	61	41	59	72	32	60	53	29	62	
47	38	73	31	68	0	24	64	72	41	36	78	47	10	23	34	37	37	21	49	65	38	31	42	49	75	46	44	68	75	57	59	45	59	73	67	92	47	13	69	
67	43	83	36	66	67	0	44	44	30	37	43	52	30	78	53	44	70	36	71	10	18	63	45	42	55	53	24	60	75	82	39	58	35	49	46	68	45	27	1	
27	15	5	40	31	4	68	0	47	34	27	66	52	25	39	39	13	56	35	55	5	22	56	38	35	6	29	28	50	35	42	32	57	25	39	7	35	21	20	34	
25	33	21	56	40	39	57	46	0	27	56	58	45	27	53	33	14	50	18	42	39	51	78	16	25	63	14	57	42	25	29	54	62	63	34	25	20	60	38	69	
38	30	67	47	46	47	59	41	44	0	39	61	63	37	28	28	40	45	52	6	60	60	87	56	14	18	47	25	45	22	70	63	40	37	45	22	50	50	35	17	
38	36	47	42	42	38	61	64	61	52	0	62	38	36	60	8	39	1	33	43	34	53	53	28	7	17	45	59	38	46	29	73	45	36	50	57	39	8	44	45	
22	34	44	27	40	38	40	35	43	21	5	0	33	11	36	39	61	36	12	19	69	9	32	30	33	46	23	15	56	59	69	30	49	49	48	51	63	36	24	44	
51	30	58	20	44	61	1	5	43	30	2	75	0	33	47	44	39	45	2	70	58	57	29	10	39	64	21	63	36	55	63	66	42	48	62	65	85	46	25	37	
68	5	88	42	15	48	13	45	33	23	58	55	42	0	20	66	29	70	63	34	19	79	15	53	49	47	12	68	33	11	4	80	64	56	34	40	55	53	33	59	
18	35	71	24	47	46	46	22	31	24	20	42	40	20	0	47	27	22	7	31	5	12	57	31	8	29	46	18	39	9	76	33	9	48	32	69	66	20	51	15	
20	52	24	19	19	74	56	41	63	29	35	57	35	32	61	0	57	2	10	70	44	54	99	30	59	63	72	60	56	72	61	75	24	42	56	79	46	40	59	29	
25	13	64	44	31	33	45	14	24	53	25	25	32	15	30	37	0	41	1	50	21	62	7	15	9	4	23	59	40	13	56	9	28	23	27	23	51	15	36	32	
46	35	66	19	54	42	41	15	27	29	23	59	35	32	13	43	44	0	2	21	56	64	35	30	4	50	42	67	35	45	37	31	37	29	43	36	36	37	49	62	
34	26	20	21	42	17	58	10	37	15	15	65	20	3	63	9	28	10	0	28	40	3	48	30	27	34	38	9	38	60	57	24	32	13	8	18	46	30	1	43	
27	10	83	42	46	36	61	48	46	44	29	44	47	34	15	44	22	31	26	0	18	80	81	53	20	56	58	1	51	24	17	57	18	35	47	81	78	34	54	1	
31	3	8	39	41	46	30	43	21	46	16	69	18	30	60	21	29	33	11	24	0	38	14	23	35	35	44	5	39	64	45	59	60	14	28	70	57	5	33	57	
45	21	61	14	44	58	51	22	30	8	38	69	30	8	56	38	49	49	38	49	56	0	41	23	20	33	31	2	49	53	60	17	36	36	35	65	50	23	35	36	
18	10	45	28	68	3	39	43	13	9	11	50	44	41	9	52	24	63	46	50	14	49	0	39	30	30	3	47	34	59	64	46	50	9	23	66	12	52	44	58	
45	21	42	41	11	27	22	31	9	35	53	49	55	35	13	10	47	11	30	49	69	23	56	0	5	60	43	29	2	38	29	32	49	51	50	58	71	38	62	47	
37	50	48	6	20	8	43	58	50	16	36	25	22	19	23	30	49	41	41	41	48	45	80	17	0	55	8	51	1	73	52	66	28	34	48	47	75	6	47	51	
3	8	42	26	46	11	47	48	33	33	3	65	42	1	62	15	16	32	24	48	28	65	70	37	49	0	11	39	26	11	34	63	48	1	15	22	44	37	35	10	
47	36	29	30	26	37	51	70	57	36	7	77	7	43	26	54	20	25	2	71	32	59	89	30	59	26	0	7	12	55	12	65	52	5	19	66	48	36	62	44	
42	47	60	13	59	50	50	65	57	6	42	68	29	11	55	37	55	18	43	47	42	68	80	24	23	21	50	0	50	50	69	80	35	40	31	61	66	39	54	49	
52	31	70	24	47	44	59	58	46	34	18	61	40	3	21	47	31	31	3	9	43	60	72	13	6	37	44	54	0	66	61	64	46	16	13	23	51	14	36	61	
47	56	63	16	36	22	22	68	7	26	46	71	32	29	58	40	3	51	62	53	38	71	59	27	23	30	59	43	53	0	77	76	38	44	8	70	59	27	57	58	
31	12	17	53	50	26	68	52	81	59	34	54	49	59	24	41	47	38	66	19	59	47	47	64	59	53	31	53	57	73	0	68	52	32	46	79	44	68	52	50	
49	2	61	37	39	39	34	3	13	47	19	56	21	4	41	38	32	39	19	39	44	51	22	4	1	28	12	55	30	34	57	0	59	17	16	51	60	4	29	56	
1	52	70	65	60	79	54	22	81	60	3	25	44	8	60	31	66	5	43	43	12	81	77	48	74	71	74	52	66	73	66	73	0	51	65	55	82	8	44	17	
41	46	71	24	70	31	45	76	68	31	1	75	40	37	60	48	14	59	54	72	26	79	85	35	64	20	29	37	24	49	72	73	46	0	13	60	42	50	65	48	
37	48	43	34	66	79	9	42	58	36	39	48	50	6	55	58	24	41	46	54	48	24	68	45	47	50	58	30	47	57	6	44	28	53	0	42	10	19	55	37	
58	3	55	44	19	73	72	41	51	54	26	61	40	28	79	68	57	67	49	43	69	50	60	42	39	63	50	31	60	70	66	36	66	42	35	0	23	41	8	57	
10	13	8	43	41	50	45	14	24	27	20	13	32	15	52	49	33	27	11	50	45	38	33	15	12	39	23	44	12	22	45	9	59	18	27	42	0	15	40	24	
57	17	40	58	25	64	26	43	46	29	51	85	9	44	50	47	70	48	8	8	73	60	62	13	41	36	52	60	39	65	66	38	53	55	56	76	47	0	68	46	
66	7	65	48	62	59	69	7	65	49	29	83	44	49	77	72	30	59	51	15	54	37	82	56	34	45	12	43	52	43	36	58	70	27	41	54	70	16	0	28	
43	27	58	26	42	33	47	28	38	10	3	22	36	29	62	19	16	36	2	49	28	64	47	29	26	22	29	2	26	51	74	23	48	1	15	62	44	18	54	0	
M2
0	35	41	31	16	40	18	8	33	27	41	49	10	42	52	25	28	9	36	19	34	29	8	47	36	27	45	24	30	51	48	22	43	22	7	32	3	12	22	47	
32	0	1	39	38	13	40	33	73	23	38	22	32	33	33	36	49	22	29	41	44	26	30	2	21	49	27	29	23	38	7	32	40	44	18	51	25	52	44	47	
62	66	0	53	51	38	53	38	79	48	5	47	45	58	46	24	43	38	34	19	49	32	43	49	46	42	3	22	28	49	64	10	25	28	42	66	38	73	39	33	
54	44	43	0	33	16	12	36	27	26	10	25	27	36	31	42	22	26	18	30	47	46	25	14	24	44	30	27	26	41	42	35	57	27	24	18	20	56	39	50	
6	40	43	33	0	35	20	22	24	29	34	2	12	13	55	27	29	11	31	21	36	27	10	46	43	28	14	26	25	11	35	36	41	11	9	31	5	26	23	23	
33	23	22	35	20	0	22	15	68	5	38	4	14	15	15	22	31	9	11	23	26	26	12	25	3	31	9	11	5	20	21	14	40	26	11	33	7	35	26	29	
34	19	40	21	15	39	0	39	75	26	40	41	8	41	41	43	27	17	35	9	44	28	7	46	47	8	44	23	29	38	61	58	42	15	46	31	44	2	52	46	
9	52	50	48	33	45	35	0	50	44	43	54	27	59	61	42	30	26	41	36	51	31	25	30	48	44	52	33	35	46	60	39	36	39	24	25	20	9	39	56	
33	42	7	35	20	23	22	6	0	31	41	4	14	6	20	18	31	13	2	23	34	33	12	34	31	9	16	19	13	39	8	42	47	26	11	14	7	35	26	42	
51	42	28	19	31	16	19	29	70	0	44	25	35	18	25	4	34	29	25	12	40	32	23	7	9	33	5	13	19	40	42	35	43	31	7	47	28	56	13	11	
73	39	30	22	30	53	32	20	69	41	0	62	67	56	73	58	42	53	49	33	31	43	22	53	61	50	59	37	43	64	79	72	57	55	61	46	60	43	67	60	
27	36	39	29	14	31	16	25	68	25	37	0	8	9	51	23	25	7	27	17	32	27	6	42	39	25	10	22	21	43	31	50	41	20	5	27	1	29	20	45	
56	51	50	66	18	66	9	59	72	76	27	61	0	40	47	53	42	55	18	17	4	54	62	34	31	30	28	59	62	60	39	85	65	64	46	86	64	2	55	23	
44	39	33	9	36	11	38	20	40	21	23	20	30	0	17	23	37	25	16	38	31	42	28	21	19	36	25	16	10	36	37	30	46	34	27	47	23	51	42	39	
51	55	40	66	52	27	54	27	66	37	47	36	4	47	0	54	44	39	23	55	38	35	44	34	35	43	34	23	17	21	22	46	49	41	43	36	39	28	15	38	
49	38	26	12	36	25	40	25	66	35	58	22	16	33	45	0	30	1	21	41	36	51	30	36	33	29	32	9	15	16	51	44	23	27	29	9	25	21	44	32	
42	47	46	46	27	19	33	39	55	20	29	28	1	36	39	17	0	33	32	34	16	44	23	16	27	16	33	35	29	44	45	38	16	50	17	47	31	55	38	25	
47	42	34	24	2	31	11	31	64	20	34	40	14	35	24	29	7	0	29	12	3	22	1	40	25	29	38	17	23	41	51	50	36	26	11	25	7	50	26	5	
32	51	39	26	14	38	16	38	60	25	34	13	23	24	3	38	26	22	0	17	38	27	6	45	46	6	2	22	28	36	44	57	41	10	20	30	16	44	35	18	
33	27	36	55	29	35	30	16	36	45	61	44	18	55	40	62	40	35	14	0	35	62	41	46	43	31	25	19	25	7	60	54	23	33	46	10	42	32	19	42	
6	48	33	41	26	20	28	20	8	12	14	29	24	40	19	29	37	6	16	29	0	2	18	26	28	16	14	16	10	43	31	36	14	34	21	42	17	26	26	36	
24	40	25	38	37	12	39	12	65	22	6	21	31	32	32	39	29	24	8	40	23	0	29	18	20	28	19	8	2	35	38	31	8	26	28	40	24	44	43	31	
44	53	26	16	1	25	3	25	66	12	26	34	39	27	45	29	13	25	21	4	36	14	0	32	33	21	30	9	15	36	51	44	28	27	32	17	32	51	38	32	
28	31	42	44	29	29	31	29	69	31	23	38	23	47	49	3	41	22	25	32	40	11	21	0	37	40	12	25	19	23	46	48	18	35	5	45	16	48	35	29	
31	22	8	24	32	30	11	17	63	40	24	39	47	46	5	57	47	42	26	58	41	12	47	36	0	34	37	26	20	53	45	49	26	44	4	58	42	51	13	49	
4	47	44	42	5	31	29	20	45	38	25	11	21	22	51	36	38	3	27	30	14	13	19	37	39	0	23	27	21	8	31	34	27	33	18	40	14	17	33	50	
58	45	5	31	37	20	39	40	43	30	46	29	4	40	40	46	14	30	36	13	27	50	29	50	28	48	0	36	30	45	45	39	8	43	28	26	24	60	43	54	
36	40	13	47	32	12	34	12	53	22	45	21	26	32	32	39	17	12	8	35	23	43	24	23	20	16	19	0	2	23	38	31	26	14	23	40	19	47	38	19	
32	36	21	48	33	8	35	8	61	18	41	17	27	28	28	35	25	20	4	36	19	39	25	19	16	24	15	4	0	31	34	27	34	22	24	36	20	43	39	27	
44	44	8	62	45	27	49	22	68	37	60	36	21	47	37	19	5	1	23	50	38	53	39	12	35	18	34	11	17	0	42	10	41	29	29	24	34	57	53	10	
43	47	46	59	44	19	2	39	54	29	1	28	38	39	39	46	45	33	35	22	7	46	36	49	27	17	30	35	29	44	0	38	60	25	35	57	31	50	11	53	
37	41	26	53	3	13	40	13	66	21	46	22	5	33	3	38	30	25	9	41	24	44	30	24	21	29	20	9	3	36	39	0	39	6	29	41	25	48	44	32	
47	11	36	1	25	9	27	29	64	19	7	18	28	28	29	36	37	23	8	28	40	38	17	39	17	45	23	25	19	17	35	28	0	12	25	41	21	42	6	43	
36	44	18	46	37	17	25	17	58	27	18	26	31	37	27	44	22	17	13	40	28	6	29	28	11	20	23	1	7	28	43	36	20	0	26	45	24	28	35	24	
59	21	50	63	12	23	40	41	77	33	39	32	42	7	26	50	59	7	22	51	45	29	40	53	31	55	37	39	33	48	6	10	43	54	0	61	35	26	49	57	
27	47	28	32	42	19	46	27	68	29	57	28	38	39	39	46	32	27	23	47	38	50	36	13	27	15	23	11	17	38	24	38	41	29	16	0	31	31	47	34	
37	32	35	25	10	34	12	21	75	21	35	43	4	36	54	19	22	3	30	13	28	23	2	41	42	21	39	18	24	45	42	46	37	16	1	26	0	57	16	41	
42	9	32	53	38	19	40	19	68	29	24	22	32	17	39	41	20	31	15	41	30	12	30	30	27	35	26	15	9	42	13	18	26	33	29	47	25	0	44	15	
3	46	39	28	27	26	29	19	44	36	20	35	21	46	46	36	39	10	22	30	37	8	19	29	34	38	33	22	16	49	52	33	22	33	18	43	14	23	0	3	
46	50	35	62	31	22	33	22	75	32	19	31	41	42	42	49	39	34	16	50	33	53	39	33	30	38	29	18	12	2	17	41	48	36	32	50	34	57	53	0	
M3
0	64	54	54	49	46	15	49	50	58	44	56	67	71	1	67	84	26	47	41	56	47	67	47	78	57	57	59	20	69	45	77	41	19	56	78	65	19	54	48	
25	0	53	46	14	62	17	1	51	15	7	19	38	69	40	40	1	25	44	37	18	31	8	47	88	22	21	48	40	43	12	28	30	44	34	30	61	38	54	74	
2	32	0	19	42	33	52	72	36	40	46	47	41	67	55	45	81	65	41	47	6	43	50	48	13	41	24	57	6	43	51	32	39	53	41	5	12	72	11	22	
46	73	30	0	58	22	40	39	4	74	64	73	25	60	73	43	73	51	48	36	47	57	25	76	25	35	38	38	34	9	25	45	25	29	25	79	7	85	64	6	
10	46	58	60	0	50	39	47	29	70	29	41	3	5	23	11	31	46	64	50	29	33	20	44	71	44	33	80	26	59	24	40	39	42	36	59	8	49	66	45	
52	51	3	14	31	0	46	52	37	59	47	59	60	72	56	16	85	77	61	57	26	44	73	49	63	8	61	42	7	62	13	69	58	62	37	55	62	58	61	41	
33	47	27	56	28	37	0	39	27	53	46	58	63	42	35	12	36	28	4	3	30	40	11	42	37	37	24	29	36	60	25	22	33	16	7	35	18	4	22	46	
36	12	13	29	69	56	38	0	18	84	68	68	29	20	45	77	10	8	54	67	44	54	22	56	25	14	35	85	29	31	13	42	44	58	29	65	51	15	68	10	
18	51	17	28	45	9	50	23	0	73	40	52	37	72	70	16	39	15	50	51	40	29	72	22	74	22	70	23	21	16	27	50	37	32	51	34	68	42	68	50	
21	67	14	37	29	72	34	49	12	0	41	52	61	65	1	36	19	29	5	39	31	33	16	8	74	38	25	59	1	36	30	36	38	13	37	36	23	27	23	42	
11	91	63	32	13	55	3	54	71	81	0	5	42	55	67	56	39	72	48	47	56	17	55	76	74	8	68	73	67	29	69	26	49	60	20	38	47	24	66	73	
43	71	52	12	14	75	72	69	47	14	67	0	33	31	39	36	57	36	38	72	3	42	10	46	7	44	23	44	30	66	24	30	32	30	64	69	14	7	56	54	
26	20	40	47	22	62	18	41	31	34	8	20	0	70	59	23	54	21	63	62	36	23	47	62	15	23	35	72	49	44	61	41	64	71	35	40	55	33	13	57	
71	19	27	60	28	57	62	55	27	40	53	54	58	0	35	19	1	28	4	38	14	10	61	52	8	37	24	65	49	17	21	6	72	16	22	19	22	61	21	39	
65	22	58	69	4	50	57	4	58	42	47	21	85	85	0	71	39	35	67	31	53	63	43	68	64	62	12	14	62	83	1	41	65	62	69	58	41	78	73	70	
29	12	24	26	6	16	21	13	58	45	11	23	30	65	67	0	46	56	36	21	47	35	69	16	57	26	46	63	28	25	34	44	30	30	30	56	52	19	54	11	
48	41	25	36	32	17	40	56	31	57	30	42	79	54	39	38	0	28	8	42	24	21	2	38	68	30	15	64	29	28	16	22	24	20	19	22	26	48	21	63	
32	63	50	24	34	70	24	53	50	69	14	26	11	64	22	44	51	0	27	17	53	38	54	75	45	29	47	51	74	46	61	31	70	29	41	1	45	45	45	25	
63	57	14	71	15	61	49	58	14	40	56	57	73	55	22	22	64	15	0	25	17	27	61	39	63	24	11	68	65	58	38	75	61	3	73	22	9	64	9	54	
42	84	47	63	11	78	6	5	33	21	24	36	29	65	46	59	64	62	50	0	71	48	58	53	83	33	13	32	46	39	13	57	42	58	44	69	65	51	11	87	
53	40	24	37	25	65	52	32	10	27	48	7	55	35	32	27	44	25	1	35	0	13	13	23	68	34	21	17	52	55	27	33	35	13	55	32	19	32	19	36	
31	31	16	82	53	77	37	64	36	66	46	49	54	77	55	74	21	27	46	29	23	0	1	48	54	43	14	64	6	56	15	21	23	32	42	14	64	75	47	35	
78	74	61	86	45	78	72	56	59	75	62	41	83	81	69	69	63	19	38	72	15	25	0	72	84	70	6	56	62	62	7	13	15	29	47	69	56	75	39	64	
25	40	7	46	27	27	17	24	48	70	7	19	56	64	49	9	53	37	62	50	31	31	20	0	53	14	33	73	39	36	32	10	42	12	34	5	22	1	4	43	
57	63	38	49	40	30	62	21	34	63	62	59	81	77	41	28	6	40	16	25	42	31	85	64	0	43	36	7	42	22	48	1	10	28	42	47	34	32	14	62	
23	51	38	14	43	30	38	1	28	53	50	2	61	30	52	16	84	36	75	1	61	12	74	16	71	0	15	64	42	22	45	76	69	69	69	71	11	13	43	50	
33	19	24	55	8	36	47	5	46	63	40	43	37	36	68	49	70	55	37	70	2	30	29	29	84	17	0	53	48	43	43	49	51	49	1	53	55	46	10	59	
61	80	71	70	45	65	37	12	19	55	58	55	50	46	22	67	92	73	49	3	14	61	61	44	26	67	47	0	46	52	47	2	70	36	30	80	23	41	45	31	
24	78	10	54	35	46	21	65	5	35	15	27	64	46	24	43	61	45	46	65	11	12	58	17	62	12	66	62	0	51	45	48	26	30	11	60	46	44	64	77	
57	30	43	68	48	58	35	17	38	24	48	60	40	74	49	19	67	60	53	31	42	45	34	6	54	45	47	3	8	0	14	6	56	61	40	61	51	3	34	21	
11	65	37	62	63	43	49	70	68	39	60	9	69	101	64	34	52	72	68	43	74	2	77	7	39	48	2	75	55	50	0	67	87	69	78	20	35	58	56	59	
50	80	1	48	32	74	49	54	45	9	45	10	49	12	34	69	31	62	38	53	54	58	49	41	61	60	58	25	34	69	63	0	38	37	39	14	56	60	56	70	
55	83	46	57	57	38	47	12	61	31	37	49	51	38	52	59	19	51	42	76	17	36	64	63	40	26	33	68	50	18	56	53	0	54	3	73	60	63	10	32	
43	71	12	37	39	18	69	18	38	64	61	6	22	4	46	36	88	5	15	49	31	30	61	50	14	31	9	43	30	8	36	70	65	0	22	24	33	54	33	3	
26	60	12	23	28	4	18	61	31	57	8	20	57	4	39	25	54	32	8	42	5	2	51	56	72	17	28	44	16	44	22	41	64	20	0	39	26	29	26	50	
47	90	40	8	55	94	60	74	37	2	67	68	87	32	27	62	45	22	31	65	57	8	42	34	88	40	21	85	27	48	2	62	64	39	59	0	49	49	23	68	
44	3	20	52	30	76	57	51	29	55	51	63	5	3	36	37	58	30	6	23	24	31	71	53	73	39	26	58	11	57	28	84	10	11	42	19	0	79	11	62	
39	35	49	60	31	83	13	55	44	15	21	33	19	46	40	66	29	68	44	46	50	45	55	47	69	36	64	18	14	5	50	44	40	52	48	66	62	0	27	46	
60	15	35	57	32	47	52	44	30	18	42	54	28	57	9	8	61	36	12	21	35	45	13	47	31	2	26	55	43	56	27	33	27	24	22	5	30	13	0	36	
24	78	35	57	43	38	52	75	51	77	42	54	3	38	59	59	88	29	28	62	39	36	42	76	89	22	21	78	50	5	55	62	62	40	3	59	25	63	46	0	
