40  2  1
2
	0	25	1	9
	0	69	1	16
	0	32	1	6
	0	1	1	97
	0	83	1	21
	0	83	1	49
	0	80	1	65
	0	79	1	95
	0	4	1	54
	0	79	1	32
	0	47	1	76
	0	43	1	21
	0	19	1	47
	0	70	1	14
	0	11	1	54
	0	92	1	72
	0	23	1	94
	0	95	1	53
	0	77	1	83
	0	22	1	1
	0	84	1	83
	0	25	1	55
	0	28	1	60
	0	46	1	41
	0	85	1	96
	0	59	1	40
	0	2	1	95
	0	5	1	40
	0	89	1	64
	0	93	1	100
	0	5	1	69
	0	55	1	3
	0	46	1	78
	0	75	1	67
	0	55	1	51
	0	35	1	36
	0	26	1	52
	0	40	1	88
	0	55	1	65
	0	20	1	3
SSD
M0
0	40	27	13	5	25	7	26	40	21	30	36	29	31	29	15	13	25	39	20	21	39	5	10	23	5	35	29	23	19	36	36	39	18	41	39	18	6	33	14	
25	0	21	13	17	25	8	27	9	8	1	15	18	17	14	13	13	13	17	20	28	14	26	26	22	16	30	9	31	20	5	16	20	18	26	16	13	19	1	8	
47	25	0	35	9	4	3	12	30	32	11	1	21	30	20	23	34	3	22	25	35	22	21	15	30	34	15	27	10	35	33	20	2	27	4	19	39	24	22	18	
11	35	15	0	3	11	18	25	31	31	16	22	19	17	15	1	3	17	35	6	44	32	18	22	25	29	34	31	29	26	23	26	29	4	27	35	18	22	40	10	
10	7	15	9	0	21	14	9	14	21	2	20	24	6	11	10	13	27	9	16	6	11	11	31	35	30	27	36	16	17	2	1	2	14	23	21	10	1	7	20	
25	17	34	19	21	0	12	18	29	13	7	35	3	12	25	21	19	8	26	23	21	26	7	25	17	11	27	4	19	21	17	11	23	14	28	23	1	24	38	12	
19	30	31	25	26	27	0	25	19	40	20	11	37	4	24	8	28	2	30	18	14	35	6	39	38	24	29	34	32	12	26	38	24	25	35	26	22	29	38	1	
6	13	24	34	20	14	24	0	28	27	22	16	30	26	12	34	30	5	17	10	6	25	17	31	5	29	10	22	19	27	30	11	38	23	24	24	14	13	6	7	
14	7	8	2	6	14	18	19	0	17	19	2	14	4	6	3	6	20	13	9	29	12	18	17	28	15	25	18	31	18	3	23	32	7	18	3	11	6	26	4	
21	28	31	29	31	32	35	32	23	0	40	2	11	24	32	30	17	11	2	33	44	19	3	32	32	26	27	19	21	16	30	26	37	14	17	25	3	20	36	13	
21	4	19	9	13	21	22	19	13	34	0	19	8	7	10	9	13	27	9	16	37	1	22	24	8	18	24	24	23	16	1	2	39	14	22	12	9	23	6	20	
21	17	10	9	13	4	7	16	15	25	26	0	8	6	3	11	13	5	15	12	34	11	8	32	6	22	22	34	5	18	3	11	21	14	15	22	11	25	3	20	
18	6	18	6	5	18	10	16	26	22	18	29	0	19	10	6	2	18	12	3	35	20	22	29	30	4	5	17	25	9	28	14	14	11	13	19	25	8	24	8	
30	10	17	18	11	6	37	14	30	39	17	20	21	0	30	6	17	31	32	25	3	40	1	10	25	15	25	12	43	29	32	3	32	10	6	32	16	35	9	21	
23	16	1	11	13	23	1	2	5	21	21	11	19	13	0	11	7	29	15	18	20	16	1	20	33	24	8	20	19	4	7	27	23	16	1	12	15	15	14	11	
24	4	31	37	26	5	31	34	36	26	29	42	14	23	21	0	35	9	23	21	2	24	9	6	1	35	16	28	28	1	29	35	40	10	33	30	22	38	9	18	
32	30	30	20	20	21	13	25	24	32	25	30	14	29	21	7	0	19	24	23	42	16	4	26	7	3	33	5	3	6	12	12	3	15	33	12	20	28	35	31	
33	21	19	21	9	10	19	20	23	14	2	8	15	31	7	20	11	0	25	28	18	22	19	37	7	37	26	33	12	22	13	25	10	2	15	30	8	25	8	29	
24	24	9	12	16	24	24	23	13	13	21	19	21	21	23	14	16	30	0	19	2	25	31	25	12	11	33	19	42	22	20	26	22	17	35	20	19	23	2	5	
22	17	1	25	8	27	24	3	28	37	33	31	6	33	12	27	20	33	33	0	43	34	11	10	28	12	29	15	18	4	30	22	27	25	12	30	24	4	21	5	
15	3	19	3	7	15	1	22	24	17	12	10	20	21	19	1	7	21	20	10	0	1	17	26	24	18	36	11	22	14	13	12	23	8	29	31	21	4	3	14	
18	2	27	16	20	28	17	21	33	14	25	16	1	22	17	18	7	24	19	16	12	0	21	32	31	15	12	24	22	15	35	12	33	21	29	26	35	15	34	15	
23	26	17	11	12	23	19	20	15	19	15	21	10	3	7	5	15	17	9	18	13	12	0	19	27	21	2	14	22	4	3	4	21	16	19	16	11	24	26	5	
34	27	28	22	11	13	12	33	16	37	31	22	29	24	26	11	26	40	30	15	1	3	38	0	13	3	40	38	3	17	23	15	29	21	38	23	31	24	30	24	
29	25	11	17	4	29	18	19	14	35	15	20	14	10	6	14	1	35	21	16	37	18	12	24	0	27	25	20	27	6	9	2	27	22	18	9	17	24	31	22	
17	14	15	5	9	17	14	10	3	24	1	9	21	11	10	7	9	23	20	12	36	19	22	3	17	0	29	17	31	16	10	24	35	10	22	7	18	10	32	11	
37	30	13	25	8	26	15	16	19	15	11	25	18	27	3	25	21	29	5	32	34	13	15	31	23	17	0	10	18	18	21	17	30	20	15	12	22	20	28	1	
22	29	26	10	14	11	29	15	31	22	19	30	4	28	26	12	10	14	17	17	32	29	29	16	8	2	23	0	36	12	23	2	15	5	36	15	12	18	38	21	
13	30	16	10	14	11	26	22	30	25	26	29	11	24	14	12	14	21	11	7	19	35	4	23	15	9	20	2	0	19	30	9	22	12	2	22	18	8	9	1	
12	2	21	17	17	18	21	9	23	10	17	24	11	25	9	19	17	21	14	11	31	20	21	2	15	9	7	2	16	0	11	9	7	12	21	17	8	11	34	10	
15	18	13	3	7	15	16	17	7	28	20	13	23	15	4	3	7	21	7	10	31	4	16	26	29	23	20	29	23	10	0	30	33	8	16	14	3	17	18	14	
17	15	6	18	16	30	20	9	24	40	16	30	1	2	8	14	7	25	26	23	21	20	20	7	32	3	25	22	33	23	26	0	33	23	20	31	34	13	33	17	
18	27	22	6	3	18	21	30	27	38	16	29	18	20	22	7	10	8	22	7	28	19	15	21	32	36	29	29	34	18	15	8	0	11	5	1	1	10	38	17	
14	25	18	2	6	8	7	21	34	34	17	25	22	5	18	4	1	8	7	7	11	35	21	13	28	21	36	29	27	2	26	4	13	0	30	36	4	25	22	13	
6	7	18	19	13	9	6	21	24	20	16	30	2	32	8	6	23	34	10	6	39	12	18	28	7	5	3	15	16	23	26	9	31	24	0	17	27	11	10	6	
35	18	14	23	4	30	16	18	17	30	7	23	17	25	5	24	23	35	20	30	36	4	17	18	11	32	13	25	33	20	23	3	20	28	17	0	31	17	30	16	
4	34	19	7	2	18	19	3	23	14	21	15	11	25	7	9	11	21	24	14	38	31	2	3	13	9	26	2	37	19	22	5	22	12	15	22	0	23	19	16	
34	37	32	22	20	34	11	34	26	8	23	19	41	3	21	22	26	27	26	18	11	23	33	34	40	26	21	33	11	11	14	1	35	27	21	23	22	0	10	24	
24	11	1	12	16	24	20	21	24	38	6	30	13	15	8	6	16	30	28	3	8	25	20	6	29	4	27	16	29	23	16	19	35	17	5	28	16	29	0	23	
31	37	23	22	5	6	25	4	26	25	21	24	23	8	13	22	26	39	15	29	31	23	25	18	17	27	8	20	28	28	14	27	40	24	25	5	1	24	17	0	
M1
0	19	22	4	25	27	22	20	13	18	3	5	27	23	13	16	26	9	9	7	27	27	5	19	10	39	10	17	3	5	22	21	9	9	32	15	27	25	8	14	
39	0	23	17	35	6	22	16	30	42	6	11	37	29	15	15	22	19	34	32	37	22	27	22	28	32	9	27	18	20	13	15	13	13	22	34	30	21	36	10	
11	32	0	9	33	24	19	17	33	22	19	23	24	26	1	16	8	20	19	4	16	24	3	16	16	12	7	14	23	18	29	18	4	6	7	12	24	2	8	11	
9	29	15	0	42	22	17	8	23	20	2	21	13	4	2	7	14	11	9	2	19	15	10	14	14	2	5	12	18	7	20	16	2	4	19	10	22	13	6	2	
7	3	3	18	0	19	20	7	18	31	14	21	33	26	6	6	13	10	25	13	25	14	1	25	22	21	14	6	1	11	19	27	6	8	13	21	14	11	5	1	
18	28	1	16	4	0	26	24	5	27	26	21	31	33	3	5	11	27	6	11	2	31	10	1	17	19	14	11	25	10	36	20	11	4	14	8	30	9	15	18	
16	44	7	16	39	29	0	19	1	27	24	28	12	29	14	18	11	25	13	9	29	29	16	21	6	19	12	19	28	14	8	23	17	11	20	11	6	15	13	16	
18	11	36	18	13	21	25	0	3	32	30	19	39	1	23	4	22	23	16	32	32	34	19	44	37	24	25	5	11	32	22	20	13	27	20	21	35	17	17	23	
3	3	12	16	14	25	3	9	0	30	15	17	36	35	7	19	17	8	2	16	34	27	8	28	22	20	19	26	8	17	32	26	6	18	25	24	34	2	1	14	
3	29	29	16	5	31	10	30	18	0	12	7	7	7	4	28	28	21	18	19	1	22	17	7	7	14	22	29	15	17	3	25	21	2	20	17	5	14	20	24	
8	36	21	8	22	7	3	14	27	19	0	20	8	23	4	13	20	17	16	1	6	10	18	13	2	35	1	11	20	5	26	15	15	3	34	9	21	19	5	8	
26	16	30	19	6	30	7	14	26	37	34	0	38	7	25	31	14	16	2	19	39	12	28	31	4	29	10	17	28	20	27	24	31	21	6	25	33	26	23	26	
5	31	16	18	24	35	30	3	12	9	17	3	0	4	16	16	12	7	19	21	11	24	18	33	24	15	24	28	5	13	11	35	6	1	29	20	4	22	1	11	
24	41	21	20	24	28	27	12	5	17	23	4	24	0	8	10	7	17	1	17	20	21	10	29	25	25	10	24	14	18	7	31	25	19	23	25	37	19	2	8	
16	27	29	5	5	9	24	22	38	7	18	28	20	31	0	8	1	10	10	9	29	21	27	21	21	33	12	19	27	1	34	23	32	11	7	17	15	11	13	16	
1	2	2	14	35	24	7	12	8	11	13	15	32	27	2	0	16	15	19	12	24	19	1	11	12	20	15	22	13	12	24	26	12	13	15	20	30	10	11	6	
26	32	13	23	10	26	25	26	2	22	25	1	12	29	20	10	0	3	24	23	3	26	22	3	7	31	26	13	17	30	38	37	7	6	26	20	30	21	10	20	
10	8	10	23	33	28	35	26	32	3	22	24	36	23	17	23	24	0	28	20	9	30	19	23	6	12	3	27	11	12	34	22	20	1	23	7	9	18	8	24	
20	28	31	2	31	11	3	11	16	24	32	24	5	40	17	20	30	27	0	36	7	31	34	37	21	18	4	9	9	28	9	19	21	28	25	6	34	29	18	18	
6	34	19	6	40	19	14	12	28	17	14	18	19	21	5	11	18	15	14	0	19	19	20	11	11	35	2	9	18	13	24	13	24	1	32	7	19	17	3	6	
26	24	30	39	6	6	9	1	32	10	10	24	37	13	5	24	9	10	18	33	0	13	20	15	15	48	32	3	25	4	9	28	10	28	31	19	34	25	2	19	
17	44	24	10	29	29	8	14	22	28	25	21	27	3	16	22	5	3	13	10	6	0	27	16	22	8	3	4	6	20	24	24	34	6	3	18	30	25	14	17	
19	34	2	17	14	30	27	25	2	28	19	24	27	6	9	13	16	21	21	12	24	6	0	4	24	20	15	6	10	26	9	24	7	14	9	10	21	10	16	19	
17	20	17	20	22	13	23	10	16	31	7	12	23	35	9	9	15	13	18	13	30	17	25	0	25	20	16	21	6	11	22	7	27	15	12	21	22	15	17	4	
25	11	18	13	14	27	4	14	1	36	10	28	38	11	13	13	20	14	26	18	23	9	1	30	0	31	21	10	36	18	17	23	21	20	6	26	23	19	9	8	
2	15	16	10	8	37	13	17	4	29	14	16	38	34	19	27	23	20	20	18	19	6	13	15	1	0	11	24	14	12	24	32	20	6	13	26	21	24	1	25	
18	13	2	17	27	11	26	5	20	29	14	10	22	33	9	23	9	4	4	11	24	19	11	23	9	20	0	10	29	21	12	5	12	13	2	19	9	10	15	18	
29	44	12	1	31	15	9	31	18	23	37	15	31	42	9	25	20	6	14	22	4	9	16	34	6	30	22	0	6	2	15	10	22	19	2	12	20	5	24	29	
32	20	31	32	7	20	15	5	18	38	40	15	7	7	9	25	28	27	22	25	40	33	7	37	6	35	15	6	0	23	22	39	34	7	18	33	39	31	23	20	
5	27	22	13	36	33	19	16	27	16	17	19	14	37	15	11	26	23	23	21	29	27	19	33	24	36	15	31	17	0	25	32	17	23	20	10	35	18	10	14	
29	13	24	18	1	35	9	6	23	47	35	14	19	42	21	21	27	25	18	34	29	9	13	22	14	16	5	18	20	21	0	44	12	30	20	25	29	6	10	16	
39	38	47	39	29	3	30	18	12	41	43	2	19	30	5	39	12	15	20	32	20	11	34	34	27	19	33	40	31	23	27	0	28	6	29	16	12	25	28	39	
32	2	28	11	4	24	40	32	38	31	21	18	44	40	31	25	38	17	8	34	7	26	2	40	18	4	27	12	26	30	30	26	0	21	7	6	5	5	29	26	
12	40	32	25	26	23	14	14	31	7	24	21	4	25	33	37	28	12	30	28	35	9	26	27	12	47	14	38	7	4	6	25	10	0	3	36	40	2	29	32	
13	21	16	13	38	26	17	3	28	24	21	25	26	25	12	18	24	22	21	6	12	11	16	10	7	34	2	16	10	20	23	20	2	8	0	14	26	14	10	13	
46	23	47	31	26	31	6	26	21	11	35	23	10	26	24	23	16	7	41	43	33	15	19	17	2	16	44	1	5	25	46	25	8	18	4	0	28	19	33	43	
9	34	13	22	10	43	38	18	22	33	6	23	28	15	20	15	24	21	27	23	23	6	20	14	13	31	14	3	21	23	21	37	21	25	26	7	0	21	26	29	
18	27	1	16	10	12	26	6	35	29	20	13	31	28	8	21	15	14	26	11	5	7	10	23	23	10	14	21	30	25	27	25	11	13	14	19	22	0	6	18	
16	28	30	17	11	30	25	11	22	28	25	29	30	22	16	22	9	9	15	10	30	30	30	22	22	40	13	2	5	24	23	24	15	12	36	18	30	19	0	17	
26	41	10	25	45	30	16	3	38	37	30	18	39	41	2	2	9	6	30	19	24	10	19	30	31	28	10	14	38	7	15	32	20	19	23	27	37	8	23	0	
