40  4  1
4
	0	6	1	9	2	9	3	4
	0	93	1	50	2	23	3	52
	0	37	1	48	2	67	3	11
	0	91	1	33	2	17	3	19
	0	27	1	47	2	4	3	41
	0	89	1	89	2	50	3	9
	0	57	1	96	2	77	3	56
	0	33	1	68	2	93	3	80
	0	30	1	33	2	51	3	47
	0	5	1	34	2	47	3	20
	0	85	1	87	2	9	3	79
	0	73	1	13	2	68	3	66
	0	30	1	81	2	45	3	52
	0	70	1	91	2	71	3	45
	0	17	1	83	2	35	3	58
	0	7	1	70	2	23	3	11
	0	42	1	13	2	93	3	50
	0	16	1	88	2	7	3	91
	0	80	1	20	2	2	3	22
	0	21	1	84	2	78	3	41
	0	50	1	94	2	34	3	86
	0	49	1	26	2	89	3	3
	0	9	1	54	2	45	3	58
	0	59	1	94	2	9	3	72
	0	78	1	79	2	56	3	55
	0	18	1	17	2	15	3	64
	0	7	1	1	2	10	3	94
	0	93	1	72	2	69	3	99
	0	55	1	57	2	16	3	96
	0	85	1	31	2	73	3	82
	0	20	1	85	2	69	3	99
	0	89	1	72	2	8	3	95
	0	85	1	94	2	56	3	80
	0	89	1	40	2	53	3	90
	0	5	1	76	2	41	3	75
	0	79	1	69	2	87	3	98
	0	18	1	79	2	28	3	13
	0	21	1	58	2	69	3	34
	0	96	1	39	2	12	3	50
	0	29	1	4	2	1	3	13
SSD
M0
0	8	25	3	10	34	34	37	28	37	27	24	30	2	15	39	34	11	6	3	22	29	35	26	31	20	34	13	3	21	26	43	31	16	16	5	21	26	7	2	
26	0	16	13	17	11	11	31	12	13	14	20	21	13	15	25	7	11	6	9	4	29	15	17	32	23	2	11	16	34	9	37	16	31	7	17	16	17	13	24	
17	20	0	12	28	33	32	28	14	1	9	15	8	11	13	10	23	17	16	3	19	26	6	15	20	12	21	21	2	28	18	17	6	5	5	12	10	13	26	10	
20	33	4	0	25	33	34	30	22	25	26	29	11	18	20	36	19	8	8	3	26	12	9	3	1	32	14	15	21	31	39	25	36	25	12	1	21	14	5	12	
28	41	27	4	0	24	19	22	30	22	31	4	3	6	20	4	12	9	10	32	20	27	17	14	14	14	37	10	31	13	12	20	32	2	36	3	31	22	13	30	
30	1	11	16	26	0	15	8	14	26	2	8	2	8	5	35	20	9	28	30	16	27	26	12	1	24	34	19	11	15	18	42	26	39	2	16	11	12	16	7	
7	4	6	16	23	27	0	32	18	18	20	30	4	15	28	18	29	24	19	16	13	27	25	10	28	28	8	17	16	4	10	39	5	9	29	13	6	17	20	1	
5	19	4	14	21	31	7	0	19	23	21	24	23	13	15	12	25	22	17	14	21	37	25	7	22	19	12	21	14	6	20	1	31	27	7	16	16	17	18	13	
25	38	25	10	19	1	34	32	0	19	23	3	30	2	9	1	12	13	13	20	17	31	14	9	11	11	11	12	30	19	9	21	29	3	34	13	28	19	17	19	
23	24	11	28	31	29	35	22	8	0	27	38	8	31	35	30	36	14	31	32	31	25	23	12	40	36	15	24	32	33	26	45	9	39	40	20	4	7	32	23	
14	8	14	7	26	15	17	28	16	45	0	15	20	22	21	27	25	10	13	23	39	23	3	35	10	32	40	21	15	25	26	28	30	4	36	7	4	44	27	14	
21	25	27	10	2	31	3	26	17	16	3	0	29	15	12	3	1	15	23	30	19	22	16	32	13	13	16	14	30	22	8	24	17	25	25	21	11	10	21	9	
14	28	18	23	30	25	13	19	20	21	22	30	0	8	34	18	43	30	15	23	14	11	21	33	13	28	10	19	23	20	26	21	24	25	29	25	2	33	12	6	
33	1	15	18	12	36	22	34	23	14	29	4	27	0	19	9	10	21	30	5	8	39	22	16	19	13	34	20	20	23	9	17	28	31	11	36	18	21	27	14	
15	27	15	14	19	18	34	29	1	34	29	4	21	8	0	27	10	2	14	8	30	9	4	36	21	37	42	21	16	26	25	29	16	20	27	26	10	9	28	23	
17	30	17	2	11	31	30	26	19	11	20	5	23	25	9	0	28	5	16	26	9	23	6	28	3	3	26	4	26	28	1	27	21	15	32	26	20	11	11	25	
8	6	28	13	24	15	21	29	11	12	13	24	18	16	29	31	0	25	15	17	20	41	30	25	21	22	1	10	17	18	24	11	26	30	21	19	21	8	2	16	
19	32	19	18	1	10	40	33	13	30	17	21	25	17	19	12	23	0	18	28	25	2	8	21	22	22	45	20	20	24	20	33	22	14	11	22	9	21	11	21	
25	1	17	29	22	12	25	12	14	1	33	16	14	27	27	20	15	17	0	29	7	31	29	18	17	9	21	21	34	31	28	15	15	24	34	26	10	13	5	29	
37	34	41	21	28	10	10	14	26	27	3	5	6	31	28	17	27	11	4	0	27	29	30	40	27	27	16	25	24	26	25	21	36	33	38	36	36	22	33	22	
13	26	13	12	12	12	9	27	15	21	29	26	19	11	13	38	23	18	12	22	0	2	2	15	15	39	38	32	10	24	13	27	29	18	5	18	14	15	26	21	
3	3	7	12	8	38	31	42	32	24	34	13	13	7	21	39	28	20	11	12	31	0	38	30	36	29	22	19	3	9	26	10	6	5	25	1	30	16	16	11	
2	15	2	1	18	33	23	16	4	40	22	30	8	10	9	35	13	7	1	11	30	11	0	23	38	28	37	21	11	13	34	16	36	7	24	13	23	34	15	10	
34	35	20	17	19	22	40	31	15	29	25	26	27	17	5	30	29	24	26	23	9	3	26	0	16	38	18	27	20	31	38	16	33	42	11	37	20	21	35	28	
2	3	20	11	18	16	39	35	2	9	18	23	22	10	19	11	19	15	14	11	16	33	18	21	0	12	29	21	11	26	19	39	20	24	11	5	18	16	5	10	
17	30	4	15	16	23	9	28	14	42	29	14	8	25	24	33	28	18	16	26	11	26	6	33	12	0	31	35	26	28	26	21	38	20	23	5	10	10	30	19	
22	33	20	31	32	12	16	31	3	4	5	16	12	24	26	26	36	23	12	17	32	34	32	17	36	14	0	2	12	42	34	48	18	36	18	24	13	16	10	30	
7	8	10	16	23	33	33	37	2	33	26	28	29	15	12	25	29	24	19	2	35	6	33	16	35	29	38	0	13	34	13	36	40	29	29	18	34	17	20	15	
24	35	28	29	18	37	21	18	28	23	28	34	35	32	34	46	17	40	11	8	36	17	24	40	37	39	18	27	0	19	23	20	3	13	42	2	5	35	35	7	
12	17	12	11	28	14	9	14	12	14	16	33	4	9	12	38	23	17	11	21	18	19	1	27	23	38	34	28	12	0	31	21	28	17	17	23	1	21	25	20	
26	18	9	25	17	13	22	5	15	16	17	28	24	34	17	23	26	8	24	9	39	14	15	28	33	26	5	14	24	37	0	39	30	6	30	36	25	21	22	34	
17	2	18	1	14	11	36	36	24	25	7	16	28	4	28	37	28	27	21	17	20	30	11	30	23	26	16	16	26	33	22	0	32	19	20	28	29	23	4	25	
9	6	23	12	21	23	13	3	14	15	16	11	5	17	22	32	8	4	14	14	28	22	21	11	9	24	4	13	18	31	5	23	0	14	14	20	2	24	21	1	
28	30	15	6	19	32	24	4	18	24	25	27	13	12	14	39	24	25	32	31	1	23	31	16	18	34	13	22	15	33	44	35	27	0	6	38	15	16	30	23	
23	19	4	9	31	27	33	19	7	19	42	16	11	1	3	28	13	14	29	26	9	25	23	5	20	33	39	39	4	22	33	43	19	39	0	27	4	5	36	12	
13	26	13	3	2	17	2	27	15	13	9	14	19	21	18	2	24	14	7	22	3	22	2	18	12	12	24	13	22	22	10	22	9	18	35	0	8	20	2	21	
1	15	5	6	17	34	31	8	14	27	27	31	18	9	19	45	23	17	11	10	29	3	1	33	38	27	39	20	10	11	33	26	10	17	23	7	0	32	14	9	
12	25	12	11	20	1	32	24	10	20	29	14	14	20	18	2	14	14	4	21	3	21	1	17	12	12	28	13	12	5	10	17	17	17	34	1	12	0	20	20	
12	4	12	11	25	3	4	26	14	42	26	10	18	10	19	30	11	17	7	2	2	21	1	20	9	6	36	18	12	16	38	24	30	7	34	23	33	9	0	20	
23	4	25	32	22	28	10	30	20	9	22	26	22	30	5	35	32	24	29	21	16	29	23	7	39	17	10	19	27	25	40	24	17	17	35	11	9	21	27	0	
M1
0	40	24	23	13	2	25	36	1	26	30	6	25	39	1	3	26	34	34	17	18	23	37	28	40	23	30	25	28	33	25	28	18	19	26	25	32	25	9	17	
19	0	20	18	40	30	20	39	17	22	8	1	26	36	29	4	21	3	38	21	18	18	11	23	13	19	13	19	24	28	21	23	19	19	18	6	27	21	21	13	
35	30	0	13	28	22	26	30	37	25	5	7	5	22	31	2	18	12	31	13	26	3	17	34	1	27	5	30	9	11	20	10	11	27	10	14	29	14	12	21	
31	8	17	0	16	37	4	17	26	4	29	13	31	30	26	26	3	25	29	26	13	14	13	12	19	24	18	1	29	30	33	32	24	11	9	10	18	29	16	25	
42	12	30	39	0	43	36	23	11	45	1	33	22	47	29	15	46	40	19	38	27	12	19	16	9	46	33	24	5	16	15	48	39	43	14	5	24	42	34	40	
34	42	24	1	22	0	25	24	44	26	24	6	30	34	8	6	26	30	3	30	22	23	15	35	30	23	30	25	28	33	25	2	9	5	26	19	32	25	5	17	
27	25	2	5	35	12	0	1	10	41	9	22	48	15	37	24	16	25	36	34	30	18	17	28	8	15	40	18	30	20	3	22	2	32	35	22	32	45	34	37	
36	10	5	2	15	5	32	0	9	29	38	40	17	5	43	42	24	18	26	5	7	25	19	9	36	19	32	36	17	16	28	14	38	33	29	28	5	25	30	20	
36	17	11	30	38	35	14	9	0	1	36	35	15	32	38	26	23	3	25	34	14	9	32	3	23	15	26	13	10	11	17	25	30	27	18	17	5	17	34	9	
36	16	20	4	3	14	5	33	11	0	33	38	26	25	12	23	22	9	16	14	18	6	17	26	29	19	9	5	24	20	21	48	15	26	5	21	16	13	17	13	
18	35	19	9	5	29	24	27	10	21	0	28	17	11	27	30	14	8	24	9	17	7	13	7	29	18	1	32	23	19	3	28	4	32	6	1	16	12	9	12	
15	26	31	4	26	26	6	31	25	31	13	0	13	31	25	15	7	15	32	11	31	4	23	32	23	28	11	10	29	14	11	9	17	27	16	34	13	22	15	26	
40	3	20	33	6	16	30	32	45	15	32	32	0	10	37	13	22	31	31	38	32	5	18	5	20	8	36	35	38	6	35	38	11	35	10	33	17	30	8	27	
35	37	17	8	16	32	25	8	32	4	33	29	24	0	10	36	16	13	22	14	26	38	12	22	1	27	6	5	16	24	21	1	12	2	2	11	22	17	14	36	
14	37	17	8	29	25	20	25	24	24	1	1	27	35	0	26	16	24	4	25	26	18	29	7	10	16	17	12	36	11	6	23	23	1	11	33	5	13	20	25	
26	31	3	20	22	35	21	18	29	6	35	22	8	11	36	0	10	17	29	20	14	18	24	27	26	15	12	30	20	18	11	21	6	15	17	3	6	17	18	9	
20	8	11	20	6	31	9	39	30	26	29	3	29	44	30	10	0	20	36	16	29	20	6	12	3	8	13	7	13	14	20	16	8	38	18	30	3	24	21	42	
4	33	9	35	26	15	38	27	14	28	3	19	38	26	9	16	34	0	39	30	17	11	49	7	23	32	43	13	26	38	38	35	20	23	28	7	34	4	7	30	
39	19	8	9	26	27	13	1	40	10	31	28	14	11	30	4	12	14	0	26	2	13	27	19	7	7	18	2	12	34	5	21	6	39	10	9	18	9	26	1	
35	46	27	21	13	35	17	23	33	29	11	7	30	17	15	8	27	21	19	0	25	14	26	38	33	26	14	30	31	9	16	29	20	7	19	9	22	25	15	20	
23	25	38	6	5	15	37	31	24	27	22	18	28	5	22	7	28	34	36	6	0	11	12	16	36	11	27	7	23	4	26	36	1	27	18	19	7	21	19	38	
28	9	17	14	17	36	22	1	38	19	1	14	23	33	32	26	29	26	2	27	5	0	31	28	27	16	19	4	13	1	18	36	9	5	5	18	7	4	27	10	
7	25	15	29	29	18	13	35	17	8	13	12	14	32	17	19	17	5	27	33	15	22	0	13	5	9	26	20	15	5	17	21	23	31	14	18	15	18	12	10	
32	33	29	17	24	21	31	35	15	29	30	17	17	46	30	9	22	12	16	17	34	23	21	0	25	35	9	11	40	8	24	32	14	28	14	13	25	20	2	29	
26	28	18	31	48	17	23	15	18	20	11	16	24	34	35	34	36	14	25	7	16	23	30	29	0	17	23	39	22	29	19	38	5	28	20	16	28	19	7	11	
39	23	10	23	27	16	23	26	20	35	7	12	29	35	22	35	32	40	11	17	16	29	12	15	37	0	36	24	27	11	33	15	37	15	36	23	37	17	23	32	
40	33	36	7	31	44	29	25	44	19	26	28	42	43	25	29	12	6	46	7	34	38	11	28	27	32	0	32	35	17	14	40	5	32	4	35	23	10	7	29	
10	41	24	11	17	21	21	24	8	11	28	2	26	16	11	22	22	6	7	26	16	19	12	23	24	18	26	0	15	29	24	10	32	35	26	5	23	25	28	17	
5	4	13	26	5	8	18	4	12	15	28	20	19	26	15	15	36	26	21	31	11	18	13	24	24	12	23	13	0	13	14	41	29	11	9	9	23	10	23	6	
28	9	11	25	17	26	25	4	38	22	3	28	17	10	18	40	43	10	30	1	18	11	20	30	9	4	30	4	20	0	21	36	33	36	22	21	11	11	24	13	
16	27	10	20	25	1	15	1	26	12	29	3	16	26	25	28	6	23	11	11	8	15	17	21	6	9	20	17	14	30	0	9	26	41	12	11	20	11	28	3	
24	10	21	15	20	16	23	23	18	32	32	17	36	33	6	24	1	24	2	1	9	33	20	26	17	22	25	21	24	23	27	0	22	12	22	9	17	31	7	23	
29	37	11	18	6	24	4	29	38	13	27	1	17	6	26	1	21	1	9	14	9	2	30	22	24	9	21	24	15	28	10	17	0	33	13	10	7	12	29	4	
12	16	12	28	21	19	30	18	16	30	6	11	23	38	9	7	31	30	27	9	39	28	35	9	32	28	23	3	20	38	19	2	29	0	6	21	37	4	30	36	
49	38	1	27	6	2	23	8	43	7	21	41	38	10	34	20	25	45	15	2	30	19	44	34	11	30	42	33	22	31	8	26	41	14	0	19	34	33	13	25	
40	14	13	25	27	6	18	28	32	14	16	26	19	29	12	21	29	5	31	10	11	18	21	24	32	12	18	40	17	5	14	17	24	36	15	0	23	14	26	6	
44	13	17	7	23	30	13	17	9	20	19	16	24	30	25	31	16	24	18	36	16	4	3	29	32	17	28	10	22	7	19	29	34	35	11	19	0	19	21	11	
18	17	3	35	28	5	23	24	8	16	29	18	27	3	26	30	9	34	47	1	37	30	9	34	25	30	34	5	31	12	15	30	11	20	32	40	25	0	24	32	
49	34	29	18	38	8	34	6	30	30	28	30	27	41	8	21	23	17	26	18	27	34	20	18	38	4	10	43	22	19	9	35	16	32	15	25	30	16	0	22	
34	40	3	21	40	22	8	35	39	5	26	31	9	19	25	43	26	16	21	21	1	8	22	14	30	2	13	31	7	30	4	33	19	34	5	4	13	4	21	0	
M2
0	9	11	26	3	12	20	23	18	13	3	7	32	21	24	21	17	20	10	31	19	11	21	9	38	11	17	29	21	12	13	23	6	29	6	20	15	21	12	1	
3	0	6	21	15	24	4	15	3	14	15	19	36	5	12	12	21	2	14	26	24	10	27	21	22	21	1	26	28	24	10	2	2	23	17	21	15	27	11	13	
11	27	0	21	21	19	23	37	19	24	23	6	23	19	29	17	25	32	21	24	35	10	25	24	34	8	28	30	34	30	33	34	14	26	16	29	35	16	9	21	
29	27	32	0	24	27	29	7	22	30	30	23	45	31	2	8	27	18	29	4	9	26	15	30	27	32	27	35	26	25	6	42	2	25	40	43	33	14	33	22	
13	2	12	35	0	15	19	17	11	12	2	8	25	20	17	17	10	14	3	31	31	19	20	2	34	4	10	26	37	5	13	16	2	22	12	15	14	14	5	18	
19	11	13	21	5	0	27	7	9	13	11	2	30	29	26	23	16	3	12	40	21	8	29	11	23	13	19	30	21	14	22	25	8	24	12	2	23	23	14	3	
22	27	23	24	21	18	0	24	14	8	13	23	26	26	21	20	13	17	6	19	36	11	26	9	21	13	13	31	3	30	24	2	16	13	23	20	23	24	10	19	
30	35	22	5	32	36	32	0	7	30	24	29	20	10	18	15	11	19	24	2	30	23	20	13	30	25	7	11	12	17	28	23	3	11	2	23	36	27	31	31	
27	24	14	9	18	3	17	2	0	10	24	30	16	4	23	1	32	29	25	5	29	14	19	18	24	26	28	12	32	18	30	38	21	20	34	9	36	31	3	16	
20	19	8	28	16	25	15	31	15	0	18	4	29	4	21	12	30	16	23	42	15	15	2	16	25	22	30	5	7	10	26	27	9	18	6	21	4	28	1	14	
2	20	1	37	14	23	27	25	26	1	0	14	25	9	27	30	27	31	21	33	21	22	9	20	34	6	16	33	32	23	2	19	17	26	1	8	3	13	23	12	
20	13	19	22	7	20	7	28	18	23	13	0	7	5	11	18	21	25	14	25	27	19	31	13	19	15	21	26	1	16	24	10	13	11	23	11	25	22	16	9	
2	20	11	21	14	9	22	34	11	14	4	18	0	6	35	22	12	31	21	6	8	18	1	20	40	19	28	40	32	23	15	26	16	7	14	13	16	26	23	12	
24	21	5	4	15	14	26	8	10	26	16	19	11	0	20	18	9	13	2	11	30	21	29	21	15	9	9	3	24	24	12	15	1	29	25	17	28	1	13	13	
3	21	7	23	15	24	25	16	11	17	7	13	8	6	0	19	8	32	22	14	31	16	24	21	8	11	1	6	2	7	4	22	11	3	17	24	19	23	18	13	
3	9	1	15	9	24	24	14	21	9	15	19	28	28	15	0	23	27	16	22	31	23	20	15	17	13	4	24	8	18	25	28	15	10	18	26	12	27	10	13	
20	15	23	3	14	2	12	5	19	9	16	4	33	8	22	28	0	1	13	24	29	6	13	20	21	5	19	5	21	23	1	1	15	2	26	24	23	4	7	13	
12	13	15	33	7	16	17	22	13	20	13	19	27	31	23	25	12	0	5	33	23	1	31	13	13	12	12	36	19	16	15	18	10	14	23	20	15	25	16	5	
23	29	22	33	23	10	22	20	6	22	12	15	20	29	16	29	5	9	0	26	39	17	30	29	29	5	5	29	35	32	23	11	25	25	21	13	24	34	20	21	
1	3	14	36	13	18	24	20	5	14	4	17	28	17	20	31	13	17	6	0	13	21	22	5	33	13	13	37	21	22	15	13	16	32	14	18	7	26	21	11	
25	17	9	33	17	27	30	29	22	23	23	14	15	11	18	19	26	18	24	18	0	26	9	15	38	25	31	26	38	21	25	36	23	22	24	28	9	35	26	30	
18	8	17	40	2	20	6	23	16	17	7	7	26	17	2	23	15	16	8	27	37	0	25	8	36	10	15	32	34	11	15	21	8	13	17	21	19	15	11	24	
27	1	26	3	15	27	4	19	17	21	21	4	16	24	19	26	9	13	15	24	3	6	0	4	26	22	13	1	12	12	26	22	11	2	29	17	33	18	3	16	
27	33	26	24	27	14	20	6	10	8	16	19	24	13	6	26	9	13	2	30	35	16	34	0	33	9	9	33	35	21	26	15	29	29	24	4	28	16	24	25	
16	13	15	6	28	37	40	11	4	15	5	28	39	23	24	31	30	30	35	18	9	5	13	34	0	20	21	39	16	24	16	33	16	16	15	22	9	2	30	26	
33	16	21	44	16	27	26	14	5	8	22	7	14	10	12	9	22	26	15	25	21	12	30	22	35	0	16	13	38	25	15	15	22	5	32	22	34	23	14	18	
19	21	18	18	15	34	17	5	8	18	8	12	30	14	1	23	21	33	22	37	38	20	23	15	20	23	0	15	20	24	19	15	21	20	6	25	20	30	24	25	
23	11	15	2	18	22	17	16	20	18	21	5	16	23	14	26	19	23	12	23	26	15	10	1	12	15	19	0	9	27	14	6	20	28	31	14	33	26	11	16	
3	16	23	5	15	10	15	29	1	19	15	19	14	19	2	1	16	14	17	22	31	13	17	21	2	18	22	15	0	13	15	4	3	28	18	27	14	5	13	13	
12	1	10	25	24	29	17	3	21	23	21	24	34	27	21	21	24	26	17	27	40	15	12	6	22	24	13	28	4	0	32	6	20	30	5	19	33	25	15	22	
37	20	22	35	23	32	5	30	34	33	26	20	28	43	2	27	21	20	30	30	39	28	18	29	40	31	37	28	22	1	0	39	22	4	36	12	29	33	32	21	
18	22	17	28	16	17	3	25	13	17	7	22	27	25	21	34	12	16	5	16	27	1	17	16	12	12	10	22	33	22	18	0	6	16	17	15	19	17	1	14	
3	16	14	36	10	12	1	6	10	14	4	19	25	22	4	28	3	14	3	21	15	20	14	16	19	10	10	32	28	19	10	11	0	28	14	18	16	26	11	8	
20	17	10	3	15	24	25	22	21	25	21	6	2	26	22	10	9	1	13	12	11	9	9	9	21	9	20	34	15	7	23	16	2	0	10	22	23	33	24	13	
8	13	26	23	18	22	33	10	19	24	16	24	32	13	17	19	30	18	23	9	25	6	34	24	19	15	6	31	2	22	3	22	21	32	0	33	28	17	27	18	
8	20	26	14	14	29	15	16	6	13	20	24	7	34	21	2	28	32	21	6	24	24	20	20	24	22	10	31	6	23	30	26	20	27	23	0	18	27	10	18	
14	23	15	32	17	12	36	16	32	15	5	28	36	15	32	13	5	35	24	24	17	2	23	23	42	20	30	2	33	26	16	33	23	34	15	22	0	27	22	24	
16	9	12	2	22	3	13	18	23	9	5	3	3	23	10	26	22	8	15	23	28	11	9	26	22	13	20	32	23	27	8	2	16	26	15	17	17	0	11	20	
20	9	11	28	3	12	2	18	2	16	9	15	16	25	8	21	17	20	10	31	14	2	4	3	38	11	17	9	20	9	15	23	6	5	19	8	21	21	0	1	
18	7	9	27	1	10	24	21	16	14	7	13	30	25	22	19	15	18	8	36	17	15	25	7	36	9	15	31	19	10	18	21	4	27	17	20	19	19	10	0	
M3
0	2	15	8	11	35	42	39	36	35	23	12	21	33	25	31	32	20	37	33	23	29	21	14	8	31	6	17	13	27	46	2	13	45	24	10	36	21	30	36	
18	0	18	16	16	2	10	22	24	15	17	19	7	17	8	2	24	11	14	26	22	22	22	25	24	19	15	10	18	15	15	24	23	4	23	21	22	33	22	11	
21	18	0	9	31	24	34	25	29	47	16	31	18	7	9	5	6	6	31	27	26	31	14	25	33	5	1	14	11	19	21	13	38	32	45	33	39	20	4	15	
21	11	6	0	3	24	26	12	33	36	33	19	4	19	26	22	22	23	11	18	27	40	3	19	7	22	18	19	28	31	38	27	14	34	45	14	36	8	21	9	
17	20	29	26	0	30	28	33	37	45	31	20	4	7	42	13	35	19	20	33	29	29	19	7	21	34	26	38	27	17	29	18	15	29	41	26	22	41	39	36	
20	2	25	8	5	0	26	12	28	22	6	12	31	19	13	4	21	39	3	33	27	31	18	14	28	27	17	27	20	4	20	26	12	1	12	29	11	22	11	35	
34	35	15	13	2	24	0	9	39	31	31	11	21	33	13	18	32	32	14	24	25	20	25	37	34	31	27	15	6	23	5	17	40	13	36	35	40	17	26	20	
11	3	30	18	13	13	10	0	35	42	3	27	36	41	33	26	37	11	25	22	16	44	4	2	4	27	21	1	28	16	42	3	28	23	23	24	33	7	27	11	
33	21	28	27	24	10	40	2	0	41	25	31	15	32	32	17	17	20	22	19	8	27	19	33	27	40	22	2	1	23	29	17	4	5	8	1	30	35	30	36	
38	21	10	8	11	10	17	31	1	0	22	29	29	21	17	23	18	27	16	2	21	4	9	25	29	23	12	26	6	23	27	32	19	20	2	4	19	10	25	13	
12	7	17	19	7	43	24	11	41	42	0	28	37	32	29	33	33	16	31	19	38	25	17	21	24	33	22	17	14	43	28	12	23	27	39	19	17	36	16	34	
36	7	9	29	21	32	26	8	31	43	36	0	26	22	26	20	21	26	39	7	14	13	18	34	44	22	21	2	31	26	36	17	29	42	41	25	34	20	1	22	
19	25	13	22	16	25	20	40	22	1	25	8	0	31	20	21	1	30	29	11	24	7	12	28	12	13	21	27	27	27	34	19	3	3	1	25	28	20	14	16	
2	8	21	10	15	41	16	24	3	41	11	9	27	0	31	25	33	9	13	2	29	35	27	20	14	37	12	23	15	17	26	8	19	17	20	16	2	21	19	25	
23	17	8	16	11	27	13	12	26	46	30	13	3	23	0	9	5	10	28	6	19	2	7	23	9	21	18	16	12	23	25	13	22	5	27	10	23	18	21	11	
5	11	17	3	20	8	19	9	13	39	16	19	26	4	21	0	11	29	18	20	12	38	9	23	17	12	2	26	5	3	5	11	22	18	29	19	28	27	22	31	
16	22	34	9	8	24	36	34	28	29	22	24	11	29	14	14	0	10	11	3	26	32	31	34	12	33	15	35	30	28	22	22	33	31	1	7	21	33	27	17	
2	8	21	14	17	6	33	6	21	37	21	18	27	34	18	19	28	0	18	24	29	20	25	20	14	21	12	13	19	19	19	8	9	16	14	12	26	27	26	13	
16	22	13	28	16	19	9	30	28	38	28	18	9	23	20	23	22	25	0	11	16	7	12	4	3	26	24	2	33	2	32	22	27	14	35	26	8	2	27	10	
8	3	4	20	11	12	15	14	14	1	27	6	11	22	3	20	21	21	20	0	19	2	7	23	20	2	1	29	2	25	2	14	22	22	9	22	23	18	19	11	
10	16	2	22	25	37	40	35	5	44	29	24	20	19	22	18	19	4	16	4	0	27	27	28	19	18	14	15	4	31	34	9	27	21	13	24	25	33	12	27	
31	31	3	21	6	31	10	30	24	41	25	22	22	21	10	19	20	20	23	1	14	0	2	18	32	16	15	28	25	28	24	27	17	28	25	36	18	13	18	6	
19	11	21	2	10	4	19	13	21	13	19	25	5	32	10	17	6	23	16	35	5	37	0	20	23	5	16	8	33	17	1	25	7	14	25	17	21	29	24	15	
14	20	15	17	18	27	22	27	4	37	32	2	34	29	22	14	24	8	21	13	5	9	14	0	20	28	24	17	6	28	4	20	29	21	21	28	30	25	26	16	
27	22	34	27	25	11	17	12	16	16	19	15	3	13	33	24	14	29	21	18	5	35	13	26	0	47	22	33	5	24	11	22	11	21	9	2	2	21	21	35	
20	16	13	32	35	37	39	28	30	35	40	9	17	22	33	18	30	30	19	12	33	32	5	38	32	0	25	36	34	32	3	12	31	23	30	24	35	28	12	33	
29	28	7	24	19	26	8	24	4	7	22	1	16	17	19	23	24	19	21	9	3	10	12	1	31	13	0	7	1	26	7	22	27	15	29	5	2	21	21	4	
11	17	30	23	23	29	23	40	34	39	28	26	36	33	34	22	36	25	5	21	38	33	36	29	23	26	21	0	8	1	38	13	28	24	26	4	35	19	6	10	
9	4	14	21	17	42	21	3	1	15	25	25	28	26	21	30	1	9	18	12	1	8	11	5	21	8	8	30	0	1	15	15	13	8	36	2	11	9	3	17	
22	4	7	20	10	11	14	4	22	7	21	21	26	20	14	6	24	24	8	5	3	1	6	22	4	20	8	11	6	0	14	9	21	21	29	29	22	17	22	10	
2	8	7	14	3	33	9	34	6	3	5	18	26	9	14	23	10	17	2	4	18	1	6	9	14	20	12	23	3	26	0	8	3	32	22	16	22	17	22	10	
19	25	5	16	28	22	4	23	27	44	25	26	34	18	18	3	21	22	24	10	23	39	23	34	31	21	5	12	19	17	19	0	27	7	14	17	5	24	20	10	
43	39	11	9	31	40	12	31	8	34	38	28	15	29	29	27	28	28	33	27	46	29	2	21	11	4	15	7	1	41	26	21	0	18	48	41	23	36	19	37	
16	14	5	20	17	3	23	24	12	12	9	21	7	23	1	16	22	18	15	4	31	27	16	24	11	11	1	15	27	16	2	4	24	0	24	11	8	15	20	5	
30	9	24	15	33	26	22	9	32	41	10	4	38	32	37	29	29	27	9	28	5	24	4	35	34	2	36	33	14	23	41	10	43	16	0	7	17	33	29	29	
7	13	12	3	20	6	29	19	30	11	21	23	26	23	25	19	8	5	6	6	33	35	25	25	8	28	7	24	7	4	24	13	24	16	10	0	14	21	26	31	
31	20	27	12	30	34	2	9	17	26	7	39	35	2	34	15	18	19	6	25	20	21	26	32	31	38	7	30	18	26	11	25	37	9	17	5	0	6	6	30	
14	20	33	20	29	27	8	10	35	33	17	11	19	18	43	31	36	27	24	36	38	39	39	21	26	4	13	10	24	40	6	20	31	27	22	23	5	0	21	26	
28	28	37	29	13	17	18	1	27	37	6	19	35	19	11	30	25	18	4	7	15	33	34	1	10	19	17	28	14	25	12	3	25	22	33	13	4	4	0	3	
12	18	31	24	26	12	42	17	11	24	27	3	20	29	25	25	42	2	16	43	25	41	37	30	24	3	1	18	29	9	33	18	29	22	31	25	32	37	26	0	
