40  2  1
2
	0	32	1	33
	0	89	1	6
	0	41	1	73
	0	8	1	76
	0	22	1	59
	0	63	1	81
	0	98	1	89
	0	26	1	48
	0	53	1	57
	0	56	1	93
	0	50	1	92
	0	87	1	33
	0	39	1	80
	0	46	1	23
	0	11	1	76
	0	83	1	97
	0	16	1	15
	0	43	1	82
	0	77	1	85
	0	9	1	93
	0	45	1	26
	0	97	1	69
	0	79	1	57
	0	84	1	82
	0	60	1	52
	0	91	1	24
	0	61	1	23
	0	62	1	75
	0	34	1	63
	0	10	1	91
	0	89	1	70
	0	16	1	70
	0	79	1	66
	0	1	1	85
	0	99	1	51
	0	12	1	96
	0	85	1	81
	0	100	1	69
	0	65	1	56
	0	56	1	73
SSD
M0
0	52	52	55	29	9	36	26	60	31	38	22	69	37	52	55	42	36	43	39	39	5	7	57	37	30	8	56	17	18	44	22	30	40	45	51	47	29	48	10	
77	0	27	15	24	31	60	7	14	27	26	34	30	42	47	2	62	31	28	39	24	62	36	26	32	38	59	16	71	13	45	71	12	46	35	62	4	24	40	44	
30	34	0	22	4	27	46	67	2	48	42	54	59	43	31	49	43	51	47	44	1	7	54	33	22	1	60	45	37	44	34	19	38	37	42	21	27	30	47	38	
58	52	62	0	52	32	64	63	21	55	52	62	59	36	42	34	39	51	17	55	1	39	59	3	29	26	62	15	71	41	57	52	53	41	23	39	70	52	17	23	
36	11	39	35	0	1	64	41	9	22	16	54	37	49	56	37	17	46	50	35	13	35	45	9	10	1	70	40	58	33	8	29	40	47	52	57	1	4	26	36	
27	43	45	40	10	0	51	39	37	31	48	38	10	12	24	24	47	25	42	22	17	11	32	41	36	33	57	13	33	17	39	16	29	34	39	35	33	28	47	28	
4	28	25	63	15	34	0	45	46	20	51	1	55	13	37	41	21	24	36	32	46	3	30	1	24	31	44	43	44	6	38	31	18	26	18	61	35	17	4	46	
48	45	44	16	52	56	32	0	45	34	3	26	30	38	37	56	56	59	4	50	25	52	13	27	16	31	81	4	43	41	52	45	29	13	2	60	39	50	41	37	
31	7	46	58	12	35	76	48	0	9	46	22	56	46	35	38	51	19	47	27	47	16	37	35	20	26	31	39	31	1	13	59	13	39	15	62	30	12	31	70	
21	5	3	24	33	28	44	26	27	0	55	56	41	34	17	22	2	31	40	20	19	19	10	35	30	21	50	26	57	43	10	9	25	27	6	23	54	11	49	27	
59	51	52	9	18	41	20	64	29	21	0	25	18	25	41	44	40	25	34	24	18	51	34	20	26	32	47	32	28	7	39	63	19	30	15	56	36	18	34	25	
45	51	54	66	20	43	63	29	51	23	54	0	20	54	43	6	44	27	55	35	55	25	27	48	28	34	67	34	76	9	35	67	21	47	22	38	38	20	15	77	
46	42	6	12	44	52	46	8	41	47	37	12	0	30	50	54	47	51	29	9	21	48	19	8	49	3	45	35	35	33	48	16	35	21	26	51	11	44	29	24	
60	36	65	20	22	3	38	65	49	32	52	38	61	0	59	37	41	64	37	59	27	26	62	9	54	32	44	40	64	69	52	59	64	66	10	23	37	31	45	51	
62	42	10	33	9	31	30	49	40	26	47	36	36	23	0	50	43	33	22	2	27	46	12	40	34	32	38	24	37	15	4	46	25	7	10	54	32	26	45	36	
23	5	32	33	35	42	41	8	25	30	37	1	40	23	46	0	4	16	22	2	5	4	12	6	19	12	37	3	18	39	41	50	12	11	16	44	48	8	22	46	
3	37	21	33	15	22	49	8	9	10	37	57	41	16	46	4	0	13	22	2	34	40	12	44	12	38	38	9	44	42	41	53	7	14	19	24	36	41	32	45	
29	57	10	45	28	21	41	57	53	41	66	4	47	43	54	41	33	0	70	51	38	57	61	36	17	51	36	35	41	27	58	40	39	18	23	65	51	38	47	59	
48	61	75	62	45	68	51	60	64	60	67	32	47	43	54	59	39	64	0	57	24	47	32	17	65	68	85	35	39	46	69	55	8	18	23	64	46	24	38	27	
65	63	21	22	42	39	72	45	51	45	65	52	30	12	35	46	46	44	11	0	23	42	1	33	50	50	27	20	33	31	30	42	30	3	8	50	40	37	47	53	
36	16	39	1	27	41	28	49	30	51	6	36	13	26	40	33	25	5	26	43	0	28	13	12	38	24	16	16	44	37	55	6	25	24	29	3	28	48	26	25	
34	34	52	5	24	45	66	39	34	24	31	50	38	40	51	35	15	37	30	33	14	0	18	16	42	39	69	28	45	43	40	31	38	15	20	48	37	6	30	19	
27	48	45	54	39	7	60	32	33	34	61	55	65	28	24	10	8	32	10	26	58	64	0	64	36	62	62	33	68	50	19	74	28	38	18	35	60	2	56	54	
33	10	5	36	18	41	35	11	39	21	23	28	48	52	41	18	52	25	41	33	45	41	43	0	26	32	17	41	51	7	21	49	12	27	32	10	36	18	23	67	
45	39	66	11	39	51	17	8	40	42	37	28	60	55	49	53	46	46	36	54	20	4	47	22	0	33	56	11	62	28	60	15	34	32	36	26	57	25	36	34	
58	3	3	4	48	44	15	59	33	14	36	53	47	29	35	46	51	38	29	48	13	51	35	15	41	0	65	27	17	46	50	57	45	18	23	37	55	55	29	35	
12	30	66	26	14	36	63	44	42	58	28	60	45	41	52	40	36	13	51	54	35	22	13	37	4	24	0	33	46	44	30	29	32	16	21	63	37	14	19	45	
40	48	17	65	34	57	4	24	5	37	34	5	62	61	52	47	32	41	54	49	56	65	43	5	2	36	59	0	66	23	55	18	21	36	24	42	52	20	53	37	
7	52	42	50	19	42	45	8	50	22	37	29	44	40	21	25	31	26	21	34	19	44	37	47	27	33	47	32	0	8	30	28	20	15	20	44	15	19	10	17	
59	34	35	47	1	24	65	64	32	4	35	11	45	35	24	27	40	8	36	16	36	58	26	29	9	15	49	28	58	0	22	48	2	28	33	51	19	1	20	59	
43	15	7	47	26	8	27	48	31	24	51	35	40	37	8	44	24	36	36	16	46	55	26	16	37	21	41	43	43	18	0	41	30	26	29	2	17	29	48	19	
14	14	35	46	38	25	19	39	40	41	64	51	31	27	18	35	15	44	51	31	22	41	22	42	43	2	25	19	32	30	33	0	3	2	7	19	39	39	60	3	
29	36	3	3	29	36	48	57	32	35	60	56	51	11	9	45	33	27	28	12	12	50	7	14	40	2	48	26	28	35	24	46	0	24	29	23	52	7	9	34	
61	59	56	43	38	61	68	41	67	41	69	48	28	24	35	42	42	45	58	38	19	38	48	39	46	52	74	16	29	27	50	38	26	0	4	46	36	36	57	57	
39	39	47	45	51	35	44	49	57	66	27	25	2	52	43	60	40	12	38	50	47	5	47	35	68	25	23	44	15	55	50	9	28	27	0	28	52	22	59	28	
57	1	30	60	12	35	13	55	17	56	37	21	26	42	33	60	51	29	24	46	47	69	56	43	40	31	52	55	29	50	42	27	46	38	43	0	35	38	60	46	
37	44	16	31	18	41	51	42	43	32	55	21	52	50	50	38	18	36	56	36	18	51	6	42	14	34	57	43	32	18	48	16	30	34	39	51	0	29	48	35	
34	32	55	52	43	66	75	50	9	46	29	53	37	33	34	51	51	50	59	39	28	47	37	33	51	4	74	25	38	32	5	47	35	8	13	55	45	0	55	62	
65	40	43	19	7	30	86	34	38	50	45	50	39	22	69	61	46	65	16	64	28	64	6	3	39	30	50	42	32	60	34	58	69	68	3	66	30	33	0	27	
43	24	38	1	35	41	4	21	22	20	5	26	39	39	17	8	48	19	11	18	10	48	28	12	38	35	36	13	49	43	32	50	53	30	32	11	33	4	26	0	
M1
0	55	21	51	26	72	38	69	65	62	28	62	17	50	24	68	36	1	44	61	83	55	7	53	71	13	62	48	21	39	58	25	73	16	30	12	64	29	84	53	
40	0	76	38	46	65	52	18	67	39	37	44	58	9	42	45	13	16	22	38	57	49	26	65	87	27	76	29	59	70	67	17	38	39	4	5	28	35	93	5	
57	50	0	58	66	76	17	21	31	79	10	60	25	29	57	74	56	69	24	68	24	11	61	21	68	21	29	67	63	61	66	3	70	68	60	54	22	5	3	54	
49	4	46	0	56	59	38	28	48	49	47	25	44	19	49	55	23	26	32	48	67	33	36	15	68	13	62	39	15	64	34	27	48	45	14	15	38	41	6	15	
57	55	59	44	0	53	56	40	74	27	25	52	24	53	13	47	1	48	46	26	22	48	38	83	49	31	30	17	21	4	57	64	53	27	52	11	45	23	16	23	
74	64	59	60	80	0	37	39	28	27	42	69	8	43	60	57	18	1	19	43	36	52	47	29	86	48	40	34	49	44	64	28	51	1	25	27	26	40	51	62	
68	40	62	12	43	66	0	26	59	45	8	68	55	6	13	51	59	62	68	60	70	19	11	62	96	73	33	18	3	72	59	8	73	45	50	51	40	30	59	51	
38	22	80	29	74	60	1	0	5	34	6	59	40	37	50	54	8	44	19	33	76	55	54	20	24	38	76	24	12	55	64	42	8	34	32	33	56	18	71	18	
6	45	52	51	65	59	24	69	0	54	43	9	56	60	63	24	64	26	11	3	14	88	40	59	80	47	45	57	6	6	52	32	46	55	13	24	49	64	56	25	
63	31	15	44	80	63	6	51	27	0	48	13	39	46	50	74	50	19	42	5	68	13	63	35	90	59	76	63	19	52	79	11	50	8	41	29	53	54	91	42	
39	34	32	52	5	52	31	26	32	11	0	2	7	49	60	50	53	36	62	48	41	26	6	54	56	57	31	52	5	52	61	18	11	7	43	28	15	16	80	45	
55	9	80	52	60	17	63	33	50	52	52	0	72	23	33	28	28	1	37	13	24	51	37	79	75	42	87	17	63	25	76	32	4	49	8	20	7	50	69	20	
86	59	63	35	62	29	21	65	26	56	36	80	0	74	63	76	30	77	67	55	60	77	44	2	32	60	34	46	72	65	75	24	79	56	7	70	61	27	17	59	
39	40	90	6	14	55	33	39	35	43	83	87	26	0	86	77	59	58	43	84	74	87	68	33	94	73	73	55	27	75	35	63	44	49	50	22	26	47	72	30	
41	61	14	41	49	46	44	64	13	29	27	54	61	12	0	49	3	46	34	28	71	50	81	49	64	19	68	19	26	5	59	43	21	9	68	38	61	25	64	55	
70	66	93	9	42	42	30	67	66	63	31	78	45	8	24	0	37	36	54	57	33	79	22	64	33	59	98	53	58	1	23	21	75	63	76	53	57	50	32	61	
41	43	65	53	69	37	40	67	74	11	9	36	74	52	27	31	0	62	46	10	88	32	75	87	59	15	53	1	80	86	41	48	40	11	50	54	66	7	67	53	
16	43	43	36	12	76	24	40	9	9	38	75	51	24	12	21	25	0	23	50	80	72	56	52	71	55	59	41	70	23	41	23	80	14	34	25	73	47	34	41	
52	20	11	31	28	43	18	14	17	61	39	3	49	35	39	37	39	25	0	28	58	62	52	76	52	16	10	47	74	1	61	27	40	23	5	31	43	44	85	6	
3	56	26	73	62	27	63	68	61	13	64	14	53	44	47	65	70	37	27	0	65	1	21	29	19	38	85	55	13	72	77	26	16	48	12	48	16	65	77	67	
43	7	42	16	59	78	13	31	58	52	50	57	71	22	43	58	26	29	35	18	0	56	11	78	40	7	56	17	13	55	52	30	35	34	17	4	41	24	67	18	
28	49	48	49	28	22	58	12	4	53	15	56	63	20	53	69	27	62	14	52	43	0	62	76	84	57	24	43	28	67	34	37	54	53	10	56	25	49	66	38	
38	52	43	32	40	11	39	65	61	15	35	81	52	3	50	69	44	46	45	63	19	31	0	32	80	14	63	60	49	45	38	42	42	70	5	4	42	21	88	6	
71	45	59	54	61	18	47	17	70	77	53	6	2	47	66	9	64	32	23	37	61	84	73	0	89	35	55	40	16	9	63	68	43	28	47	39	22	63	26	34	
8	53	37	44	67	53	56	25	7	77	15	11	48	67	65	6	72	22	73	57	38	16	48	60	0	54	98	15	61	59	64	44	23	46	16	53	26	2	6	60	
12	31	48	14	30	63	1	48	69	37	35	43	54	13	12	31	11	46	7	36	61	25	52	58	74	0	25	27	63	83	21	38	40	37	41	25	27	4	91	16	
48	2	6	46	54	50	60	26	74	28	35	52	16	17	6	22	21	24	30	40	65	57	34	43	52	35	0	37	41	78	75	25	29	47	12	13	36	36	79	2	
27	47	52	56	70	6	53	26	45	12	13	80	15	48	45	56	29	20	42	53	14	6	33	11	80	47	23	0	53	69	49	42	13	11	57	41	52	17	86	48	
39	42	23	29	14	25	38	1	4	16	37	2	56	50	46	62	48	28	2	48	13	62	50	15	71	13	17	6	0	6	58	40	37	33	38	43	42	7	17	22	
33	30	40	67	77	86	54	34	7	45	15	50	62	45	3	51	49	35	50	67	74	78	29	89	58	29	23	40	70	0	7	53	55	11	40	41	48	57	65	20	
53	10	11	2	35	62	13	34	1	36	34	53	45	10	30	19	10	17	38	17	40	57	42	17	55	40	78	12	60	64	0	9	7	18	20	21	44	32	53	16	
58	16	18	13	68	14	28	40	80	15	33	61	80	31	52	56	10	20	44	15	1	48	38	84	67	34	56	13	40	82	9	0	60	36	26	27	50	32	77	27	
27	42	46	38	20	67	51	2	55	41	39	31	6	9	46	61	15	19	63	40	36	62	24	65	47	32	17	31	48	83	67	26	0	41	47	53	47	37	56	42	
73	37	83	1	60	15	41	24	48	43	40	59	72	23	22	63	17	46	38	27	41	64	56	79	91	47	54	33	19	39	8	60	40	0	47	48	71	39	78	20	
37	35	21	44	4	45	41	50	70	70	28	42	51	50	54	57	47	19	9	23	2	67	10	48	32	18	67	45	41	15	17	58	63	19	0	32	69	19	63	17	
4	34	38	47	57	40	2	58	10	53	65	13	44	49	19	43	53	38	6	5	8	43	13	32	60	41	9	51	28	44	72	57	50	53	44	0	53	35	40	34	
37	44	36	71	5	59	58	68	23	15	31	58	52	59	49	48	7	33	64	32	49	33	65	39	81	33	75	23	57	65	63	38	22	3	5	21	0	29	55	33	
60	65	10	62	37	22	29	70	74	12	70	70	20	35	60	16	57	36	55	2	49	73	78	31	15	24	45	38	15	74	69	49	50	18	30	73	48	0	21	27	
56	29	90	51	38	46	58	53	69	48	72	38	71	22	74	43	48	51	13	42	82	46	58	78	37	50	61	22	13	2	63	52	62	17	39	15	63	41	0	4	
20	50	54	69	29	87	56	74	67	76	65	37	64	57	43	43	65	54	66	12	87	75	60	74	65	40	25	17	44	73	38	16	29	25	60	39	77	66	15	0	
