40  6  1
6
	0	48	1	40	2	36	3	11	4	15	5	47
	0	30	1	7	2	23	3	4	4	70	5	48
	0	4	1	14	2	70	3	44	4	61	5	35
	0	22	1	32	2	81	3	71	4	46	5	20
	0	79	1	97	2	24	3	99	4	42	5	23
	0	95	1	18	2	97	3	9	4	44	5	65
	0	1	1	93	2	12	3	4	4	49	5	89
	0	3	1	78	2	39	3	71	4	80	5	51
	0	25	1	52	2	62	3	75	4	83	5	15
	0	74	1	79	2	34	3	65	4	98	5	43
	0	19	1	5	2	49	3	89	4	16	5	56
	0	53	1	90	2	37	3	65	4	10	5	13
	0	67	1	85	2	73	3	15	4	100	5	22
	0	63	1	68	2	9	3	61	4	22	5	93
	0	52	1	41	2	47	3	13	4	84	5	28
	0	80	1	62	2	54	3	6	4	43	5	14
	0	82	1	96	2	24	3	15	4	54	5	55
	0	76	1	21	2	96	3	34	4	82	5	100
	0	83	1	80	2	83	3	36	4	18	5	22
	0	82	1	28	2	86	3	75	4	75	5	7
	0	53	1	49	2	68	3	84	4	83	5	46
	0	74	1	14	2	77	3	80	4	8	5	44
	0	66	1	71	2	28	3	65	4	16	5	69
	0	76	1	2	2	16	3	26	4	20	5	1
	0	63	1	32	2	19	3	100	4	65	5	56
	0	40	1	2	2	24	3	80	4	6	5	67
	0	76	1	11	2	57	3	9	4	93	5	3
	0	55	1	60	2	69	3	33	4	58	5	36
	0	63	1	9	2	45	3	15	4	61	5	2
	0	75	1	8	2	65	3	28	4	4	5	4
	0	52	1	36	2	92	3	88	4	37	5	61
	0	82	1	94	2	36	3	52	4	31	5	20
	0	28	1	95	2	10	3	21	4	43	5	76
	0	27	1	76	2	32	3	66	4	28	5	61
	0	10	1	14	2	72	3	7	4	51	5	86
	0	3	1	10	2	93	3	82	4	51	5	7
	0	91	1	21	2	32	3	74	4	98	5	82
	0	52	1	72	2	89	3	26	4	11	5	63
	0	49	1	48	2	65	3	76	4	76	5	37
	0	5	1	87	2	91	3	34	4	52	5	47
SSD
M0
0	30	21	37	25	17	29	8	39	41	22	28	43	29	49	35	25	48	6	47	43	24	12	35	58	3	10	4	38	39	70	35	41	25	39	17	33	34	7	27	
35	0	3	19	14	27	17	38	20	2	10	16	54	8	24	23	20	30	17	35	28	5	20	3	34	49	8	9	19	11	41	16	23	29	27	5	21	16	13	8	
63	35	0	12	42	20	49	31	37	61	38	39	63	6	24	43	13	23	31	53	21	26	52	13	45	42	56	4	47	36	45	16	16	51	20	40	20	9	6	36	
50	38	49	0	29	50	36	46	16	55	25	28	50	41	39	30	10	14	15	48	46	34	39	31	32	44	49	50	34	35	63	31	50	36	7	49	65	10	58	23	
5	21	13	4	0	37	4	48	39	53	28	34	70	9	9	3	30	16	35	22	38	30	5	20	40	1	27	21	19	3	34	33	33	48	15	23	17	26	23	31	
33	34	31	2	39	0	12	27	34	2	34	17	68	8	37	46	34	5	37	18	48	25	15	47	12	18	35	10	27	51	65	47	17	31	23	36	13	29	41	39	
45	39	18	34	32	32	0	49	34	59	28	31	65	4	46	33	35	38	48	17	35	37	2	34	35	64	22	26	14	38	52	34	38	47	10	52	42	31	28	26	
33	19	36	52	14	51	18	0	42	46	11	17	56	23	55	24	14	56	18	36	32	13	21	28	47	16	22	10	33	49	71	31	56	25	28	6	22	49	46	37	
21	30	24	40	19	38	5	17	0	46	7	16	9	10	46	39	34	44	38	7	28	24	8	14	14	36	8	9	20	25	58	21	9	34	16	26	42	37	34	13	
26	59	43	3	9	22	24	50	41	0	36	53	13	16	13	30	35	39	5	23	44	27	27	28	32	61	18	14	39	43	50	56	63	61	32	59	47	12	16	48	
6	4	35	51	13	42	17	39	19	36	0	16	46	13	25	23	13	56	17	34	2	12	20	4	53	57	40	9	18	19	59	1	34	28	28	5	21	25	45	7	
56	22	41	46	34	64	31	52	40	45	31	0	32	36	52	4	8	54	38	49	52	3	8	36	61	30	43	29	39	28	14	31	42	49	36	26	42	31	42	28	
34	7	32	48	46	46	13	39	48	39	26	32	0	18	43	13	44	52	33	31	47	28	16	39	37	8	36	25	28	44	42	36	52	9	24	21	37	45	42	40	
32	53	32	42	46	46	13	51	48	73	40	45	79	0	60	27	49	22	47	31	45	42	16	48	31	15	36	39	28	19	10	48	52	61	24	35	16	45	42	40	
7	53	53	28	4	72	66	63	64	74	30	10	65	62	0	67	60	64	54	83	51	61	67	34	37	54	19	3	64	9	31	29	73	55	57	54	70	1	37	56	
65	8	8	24	51	32	19	43	49	39	47	50	51	18	36	0	10	35	13	37	1	23	22	25	40	54	42	16	34	17	57	28	28	36	29	43	12	21	18	45	
29	27	28	44	17	42	9	43	23	29	4	39	55	14	48	24	0	22	37	25	25	22	12	19	45	62	32	13	11	23	62	19	48	31	20	28	44	41	38	11	
16	8	41	57	16	56	23	60	22	40	14	42	56	11	58	4	37	0	22	37	35	21	18	18	30	10	40	23	21	22	76	18	52	31	21	38	21	45	29	10	
52	41	2	18	20	13	14	37	26	47	27	7	41	12	30	39	19	29	0	32	27	25	17	4	50	48	37	10	25	26	18	22	22	35	25	22	26	10	12	14	
31	29	60	64	38	63	42	35	44	9	6	41	71	38	50	48	38	36	10	0	27	37	37	29	43	9	13	13	43	44	84	26	29	53	53	30	36	39	70	32	
60	40	37	42	48	50	42	38	73	12	35	41	75	47	44	48	53	45	39	44	0	37	29	52	28	56	1	34	57	72	38	55	7	42	53	30	46	50	47	61	
45	53	15	31	2	39	23	50	28	43	30	55	62	4	43	29	32	42	13	37	23	0	26	24	59	61	25	23	27	28	64	24	29	17	34	54	39	28	25	16	
25	33	20	30	34	34	1	51	36	61	30	33	67	6	13	35	4	40	50	19	37	39	0	36	37	39	24	19	16	40	54	8	40	47	12	54	44	33	30	28	
45	31	10	26	17	20	24	9	23	25	23	29	57	20	38	36	25	2	30	38	35	22	27	0	10	14	34	18	7	23	28	19	11	32	34	18	34	16	20	11	
41	37	22	34	18	41	32	44	2	25	16	28	36	28	3	30	32	35	33	34	5	34	35	31	0	57	35	9	34	35	1	31	1	16	7	33	27	35	32	23	
25	50	22	38	47	14	33	40	3	35	35	40	37	32	50	24	39	49	17	28	42	43	10	3	42	0	36	30	44	5	68	42	14	7	37	36	46	35	32	41	
37	35	5	5	36	29	19	40	25	58	12	18	38	15	15	25	22	32	19	33	30	14	22	22	53	51	0	11	28	45	54	11	25	35	28	7	23	18	15	38	
48	4	37	12	15	46	22	45	21	36	23	50	55	27	58	48	44	48	49	36	44	5	25	17	56	64	42	0	20	21	20	6	51	30	33	39	55	44	47	9	
7	42	3	19	43	27	47	36	44	65	39	42	66	13	31	24	20	13	38	10	28	18	50	20	38	49	51	11	0	33	32	23	23	26	21	35	15	16	13	37	
44	39	33	49	21	49	28	35	3	34	19	29	37	33	27	6	33	36	46	35	40	26	7	23	33	12	36	37	26	0	62	23	16	36	8	42	55	30	43	15	
40	38	40	42	3	36	22	22	53	24	15	21	60	27	59	28	33	61	22	40	28	6	25	2	33	17	41	14	37	17	0	3	48	11	33	10	26	6	50	41	
47	35	41	6	15	47	22	43	21	42	22	25	23	27	66	6	29	10	37	17	42	20	25	17	29	62	45	29	20	21	18	0	44	30	4	25	31	38	5	9	
30	8	41	7	13	18	55	35	45	30	48	54	77	23	9	43	39	10	4	9	66	22	34	23	11	54	37	32	57	49	75	54	0	7	36	43	59	23	21	46	
44	34	41	57	25	37	22	42	31	52	19	24	64	24	63	16	28	31	26	40	40	21	23	3	28	61	3	18	30	31	59	27	47	0	3	14	30	54	12	19	
33	21	32	44	12	33	19	29	18	39	8	11	52	24	52	13	15	18	28	33	29	17	22	14	15	48	32	36	17	18	46	14	42	27	0	32	48	45	42	6	
27	25	27	43	34	42	9	59	40	49	2	8	47	14	46	15	20	48	9	27	23	4	12	19	45	73	32	1	24	40	62	22	47	49	20	0	13	40	37	28	
31	29	31	47	3	11	13	63	31	53	6	12	51	18	5	2	24	52	13	31	18	8	16	23	49	77	15	3	28	38	29	21	51	47	24	1	0	44	41	26	
14	29	31	31	16	46	13	45	44	53	6	12	44	10	36	19	24	27	10	31	23	8	16	12	49	1	19	5	28	44	66	26	51	48	24	1	17	0	41	32	
38	31	38	54	22	53	20	19	28	49	13	3	58	25	57	26	31	40	20	38	34	15	23	24	55	38	14	12	27	28	70	24	44	28	30	8	14	8	0	16	
34	32	27	43	1	41	8	49	7	28	9	40	41	13	53	42	41	47	45	22	30	6	11	3	44	67	31	32	6	7	61	3	37	16	19	33	41	40	37	0	
M1
0	41	46	13	32	15	13	11	28	26	20	15	40	26	37	44	18	28	6	21	41	16	33	9	33	6	59	8	17	32	10	18	28	6	1	17	15	28	11	16	
57	0	15	17	30	3	2	33	32	60	50	28	49	50	51	45	12	53	29	47	37	32	43	46	30	32	52	60	14	29	36	53	40	53	45	42	22	41	42	10	
28	13	0	37	12	23	22	19	40	32	24	38	49	21	43	16	12	30	43	39	8	46	15	39	28	43	26	50	34	6	14	44	41	36	65	19	15	12	51	14	
42	1	11	0	37	11	10	33	26	45	31	25	51	32	49	27	20	18	37	32	33	27	27	19	32	30	19	34	22	31	27	28	42	48	53	27	30	33	40	18	
7	49	45	16	0	39	26	47	48	36	54	35	56	13	42	21	33	29	53	41	44	45	62	38	35	42	44	24	36	5	16	43	16	35	48	18	14	44	4	24	
48	41	14	29	31	0	29	12	57	41	41	31	42	42	42	44	21	44	60	44	32	32	43	25	44	29	31	60	40	34	33	34	51	53	24	33	1	31	37	34	
37	49	43	16	30	11	0	7	40	42	24	38	51	48	35	72	35	35	43	44	57	27	19	48	27	58	60	47	63	54	18	5	54	48	23	24	30	32	62	38	
43	37	10	39	21	25	39	0	23	46	11	19	17	45	44	40	22	13	25	31	32	23	39	35	9	16	33	39	5	23	20	37	31	44	29	28	32	19	5	19	
25	39	23	6	25	34	6	18	0	28	20	8	29	23	44	36	20	21	37	23	34	25	32	2	21	13	10	46	17	31	10	11	35	46	40	10	16	20	19	11	
15	28	1	49	19	19	37	25	37	0	21	21	12	32	16	28	24	13	40	21	23	3	30	45	32	20	41	15	26	21	7	41	38	19	7	34	26	27	30	22	
40	28	41	23	40	9	23	35	11	43	0	9	64	46	46	63	6	36	14	18	50	42	49	19	50	30	48	52	34	52	27	28	31	63	51	25	28	3	33	25	
42	6	22	6	3	16	15	23	39	45	45	0	27	22	49	44	25	38	42	22	16	45	19	41	22	31	9	7	27	14	23	39	37	27	58	27	23	43	41	23	
36	5	27	29	33	15	14	45	18	39	31	3	0	50	53	57	24	32	41	44	19	30	18	49	42	44	52	57	26	16	12	54	51	3	57	21	25	39	46	22	
33	12	34	20	39	17	20	32	35	32	19	19	25	0	46	58	30	15	38	36	9	1	46	16	2	27	43	9	31	38	1	25	40	22	45	24	36	27	26	25	
19	36	49	20	1	17	20	28	19	28	3	17	22	27	0	12	14	35	22	23	52	17	46	16	42	27	51	30	31	12	24	25	15	8	2	24	21	11	37	17	
43	39	49	6	20	19	27	26	7	10	20	18	10	21	37	0	18	22	24	22	47	16	19	42	20	21	54	56	4	22	25	42	14	23	1	35	18	5	31	16	
75	53	42	44	41	45	56	43	47	5	31	45	5	18	46	56	0	48	50	29	43	48	62	52	42	51	29	71	67	50	43	27	57	8	56	60	28	39	28	23	
42	51	24	26	36	31	47	25	15	38	43	25	57	24	10	54	31	0	51	24	21	49	22	43	24	23	11	63	31	32	25	41	22	46	50	27	41	50	33	7	
40	28	24	15	50	19	13	25	21	18	5	8	40	6	37	54	16	46	0	22	31	16	7	29	4	33	11	39	44	32	3	38	10	25	1	35	38	13	42	16	
25	50	23	19	25	56	59	51	5	28	44	49	64	50	17	17	42	14	63	0	4	40	5	59	19	58	46	46	55	37	51	24	51	61	25	10	36	49	13	29	
6	41	44	13	25	22	14	46	24	7	8	22	55	47	14	52	10	12	27	8	0	44	41	32	55	41	44	46	43	61	40	24	44	52	47	10	13	16	46	29	
45	37	34	32	45	2	32	32	20	17	4	4	10	55	55	64	15	41	23	27	52	0	58	28	15	39	51	54	43	23	36	37	29	7	44	30	21	12	29	29	
38	57	32	34	38	10	47	11	40	26	24	36	10	21	47	40	35	34	43	32	43	50	0	43	10	19	19	36	32	10	23	40	28	40	35	23	19	32	29	42	
21	35	40	2	21	30	2	14	31	24	16	4	43	52	40	58	27	17	33	24	45	21	28	0	29	9	48	42	13	31	6	7	31	42	36	6	32	24	19	7	
27	43	45	38	19	24	38	41	26	19	10	24	30	46	42	53	21	23	29	33	45	43	42	34	0	36	44	48	41	5	19	43	8	35	37	12	14	18	6	31	
51	65	64	32	40	54	29	3	28	51	44	34	32	50	58	47	24	47	63	13	41	40	25	28	59	0	78	60	43	52	2	19	20	61	25	36	61	52	8	37	
38	29	2	4	28	39	25	3	35	41	25	6	45	2	47	32	28	34	44	2	13	44	31	21	2	11	0	54	36	10	3	19	17	40	38	23	19	28	21	30	
54	39	12	42	19	25	39	2	38	21	27	27	33	47	31	42	34	39	31	16	14	9	35	38	38	8	52	0	53	32	5	29	30	30	35	45	41	30	18	40	
37	55	49	43	7	25	40	14	9	40	27	5	26	50	37	57	35	33	11	24	34	9	36	39	7	9	44	43	0	9	13	30	17	30	36	22	18	35	19	41	
20	59	32	29	20	44	29	34	46	23	41	31	43	33	29	40	20	16	48	28	32	32	49	25	22	29	31	36	28	0	33	30	27	22	56	5	1	31	37	24	
40	62	67	34	40	48	50	54	49	43	34	8	35	20	59	78	7	36	51	33	3	49	66	58	42	49	68	40	31	49	0	41	57	70	76	25	36	42	59	44	
19	61	34	38	19	2	13	32	42	60	52	38	50	1	62	64	41	53	44	57	52	42	13	34	40	42	49	57	24	36	41	0	50	63	44	42	21	16	18	43	
50	50	28	30	41	29	31	29	47	44	31	31	37	28	51	58	42	46	15	28	39	13	57	27	14	37	15	9	42	36	29	36	0	34	40	35	11	32	26	27	
11	53	36	20	16	33	28	40	51	28	35	11	9	65	66	66	46	43	54	50	58	17	54	24	32	35	57	4	39	54	32	33	41	0	40	32	52	1	45	33	
28	28	49	33	45	17	33	45	21	12	5	19	25	11	22	52	3	41	24	7	39	1	40	29	30	40	56	61	39	17	37	36	17	22	0	30	26	13	43	1	
5	50	45	17	5	49	44	47	37	8	56	29	58	36	24	58	53	1	51	13	43	45	44	40	44	44	33	26	53	53	47	29	35	51	46	0	16	46	52	9	
26	37	10	7	9	26	7	12	35	20	19	9	21	26	20	40	19	22	38	22	10	10	33	3	34	7	50	38	18	30	11	12	29	31	34	11	0	9	15	12	
18	37	47	4	21	39	32	10	23	45	32	19	39	5	47	54	31	18	17	20	41	23	32	28	21	5	50	37	5	23	7	26	4	44	32	27	32	0	15	37	
20	50	42	32	20	10	45	40	22	23	17	31	45	46	39	72	26	16	31	28	54	21	11	41	7	38	48	4	56	30	42	44	39	42	52	5	29	25	0	24	
15	43	56	38	29	24	28	9	26	21	10	24	15	33	44	74	21	25	29	29	4	23	37	34	5	45	57	45	49	39	42	31	39	34	8	14	40	18	43	0	
M2
0	9	38	28	63	38	1	40	45	25	37	25	16	17	35	52	26	5	67	39	36	28	46	53	27	34	64	63	4	47	15	45	14	36	28	19	56	56	42	42	
34	0	16	55	31	6	39	12	56	1	45	1	43	46	44	63	38	70	68	42	43	48	14	47	38	18	40	50	49	50	16	13	52	51	4	45	48	37	46	10	
58	65	0	42	41	49	60	30	39	73	48	49	56	55	36	64	75	79	66	64	40	7	78	42	63	38	17	37	1	50	13	8	62	67	29	67	65	46	4	49	
33	31	50	0	40	60	22	56	39	46	31	46	20	36	60	21	63	68	57	60	57	6	62	33	36	1	64	1	37	9	35	67	35	55	27	88	25	13	56	38	
58	32	5	64	0	23	40	24	29	43	39	31	47	1	32	73	19	28	58	49	47	49	43	34	24	2	10	60	49	34	28	36	52	2	28	35	32	49	26	46	
15	45	30	28	63	0	1	32	7	25	37	7	14	9	41	48	4	44	36	39	30	28	47	23	23	46	35	59	16	31	15	48	14	28	28	61	7	56	34	60	
7	40	25	15	54	39	0	61	48	12	24	12	3	38	45	63	40	46	54	26	23	15	40	45	14	34	51	50	3	45	2	54	1	57	15	54	53	43	34	49	
35	34	14	38	65	59	37	0	21	46	43	58	15	53	56	16	6	46	37	42	26	5	44	33	25	19	21	53	48	33	51	63	43	72	36	79	2	27	10	63	
12	12	27	39	56	20	12	47	0	14	20	36	27	52	47	31	14	1	55	28	25	17	42	41	16	34	54	29	27	41	26	48	3	52	17	5	44	19	36	45	
33	29	38	34	43	42	48	34	37	0	35	19	26	11	34	28	3	35	47	28	26	49	19	23	3	26	44	15	14	30	38	8	35	30	49	16	33	2	11	29	
15	20	40	4	15	49	52	41	46	33	0	44	38	18	26	64	28	28	66	53	38	42	30	55	15	38	49	51	40	20	3	56	28	14	42	47	58	46	22	15	
20	53	33	28	67	48	1	37	47	25	7	0	16	19	6	61	53	59	42	4	6	15	53	58	27	42	2	44	16	57	2	5	14	38	28	17	18	16	44	16	
37	43	14	59	32	51	54	36	24	1	56	50	0	20	52	29	37	33	69	55	16	63	54	45	38	13	4	50	9	45	18	43	63	39	13	51	43	37	16	22	
48	40	49	64	54	22	37	14	19	35	29	21	37	0	23	63	39	46	69	54	44	39	40	52	14	37	54	50	39	36	18	63	50	10	44	43	55	47	16	73	
22	49	38	5	16	31	59	41	57	37	73	47	46	35	0	70	27	21	75	52	11	41	49	54	23	42	50	59	48	54	3	14	27	42	14	34	57	28	43	75	
48	64	66	56	63	18	29	56	72	4	27	53	44	44	57	0	34	70	22	66	59	56	57	61	38	61	79	34	1	50	14	46	42	56	7	54	64	34	40	52	
30	23	40	34	73	52	49	26	51	34	48	32	56	23	30	60	0	16	27	12	4	37	59	3	33	56	52	42	58	3	50	59	23	42	32	50	6	56	20	56	
38	10	35	27	61	39	19	45	58	22	42	19	34	64	3	68	50	0	1	36	33	9	23	53	24	24	18	42	27	56	33	12	11	75	25	52	50	24	21	43	
61	43	56	12	72	40	42	3	37	53	47	4	9	9	41	58	48	46	0	45	47	7	49	49	32	52	12	3	43	54	36	34	46	28	60	58	44	57	34	57	
22	16	40	34	22	24	35	24	14	34	42	32	49	23	7	38	62	11	27	0	45	33	25	3	33	48	56	44	9	21	49	42	23	25	32	58	42	56	27	49	
31	57	66	54	71	39	53	31	36	15	46	38	54	8	40	45	29	47	17	24	0	56	57	56	31	54	71	64	45	47	35	57	50	27	53	39	23	51	32	78	
39	67	76	25	68	68	39	66	83	62	25	9	2	65	25	45	86	31	12	7	23	0	39	63	60	58	48	8	46	69	48	38	52	21	55	54	30	7	64	62	
20	30	34	28	44	1	1	35	38	21	37	25	1	36	13	53	37	36	28	34	1	6	0	51	4	19	12	40	16	50	15	62	10	24	6	7	42	8	24	58	
39	10	21	15	54	35	50	7	32	15	42	13	37	4	11	62	43	46	8	19	26	18	40	0	14	37	52	25	39	18	31	46	4	23	13	56	23	37	21	43	
15	7	46	63	21	36	36	42	15	2	51	31	4	25	12	30	39	13	60	21	36	41	7	36	0	4	22	17	6	32	46	39	43	44	30	42	34	38	1	40	
45	6	25	39	51	35	34	31	14	30	43	30	29	28	35	60	62	43	32	43	48	40	37	8	11	0	39	46	36	8	42	42	26	47	2	72	6	23	31	20	
56	31	42	36	25	13	37	28	43	16	63	29	37	25	13	34	53	67	29	39	37	39	8	5	35	33	0	46	52	39	21	58	25	23	34	17	44	38	42	13	
65	58	39	69	82	63	75	24	9	54	83	67	38	58	65	79	11	32	48	22	39	23	46	38	64	62	28	0	52	5	21	90	51	45	65	63	41	58	55	91	
12	54	46	55	17	61	49	65	62	36	2	55	61	42	11	55	47	53	48	74	56	34	32	42	59	24	51	19	0	4	23	14	62	43	50	67	19	30	62	61	
34	25	52	2	46	54	15	60	46	39	24	24	3	43	51	79	67	23	7	15	39	42	62	40	41	8	26	77	30	0	29	61	28	29	34	62	38	45	22	52	
37	24	27	10	2	41	48	7	15	14	53	48	1	27	7	62	19	48	17	28	20	17	42	38	16	6	36	52	41	24	0	56	3	28	17	61	36	45	12	50	
35	31	50	43	76	52	16	26	39	40	43	5	31	53	48	20	68	35	25	24	6	26	45	33	36	1	44	71	31	33	30	0	29	72	27	54	31	24	12	45	
25	29	14	49	43	28	49	58	37	1	70	53	26	46	34	52	29	35	43	15	12	4	29	56	3	26	41	39	28	54	37	43	0	65	4	51	56	32	23	38	
57	14	47	30	65	38	38	13	43	9	68	38	38	30	37	64	34	55	34	45	38	43	9	10	40	5	49	51	53	35	1	50	30	0	2	1	35	40	11	47	
37	7	26	45	25	3	55	38	13	13	31	31	38	50	46	59	31	47	55	27	24	16	41	48	15	38	53	31	40	44	46	3	2	49	0	1	5	44	26	8	
47	20	59	55	53	49	28	55	17	23	18	19	43	36	58	85	60	63	28	60	27	55	33	33	54	61	58	66	2	48	42	56	41	55	1	0	9	45	53	53	
74	60	25	40	38	56	58	59	21	24	10	60	58	36	58	63	52	84	63	34	36	63	29	49	59	64	69	56	72	7	62	29	67	55	2	64	0	60	12	57	
53	13	50	9	34	14	67	36	4	37	33	37	21	26	40	10	65	25	37	48	31	29	50	13	25	9	4	33	35	22	52	29	33	45	35	17	39	0	34	18	
26	25	6	20	73	3	7	23	58	31	28	31	22	43	24	41	30	24	49	44	24	8	57	25	33	20	44	66	22	29	21	28	20	27	34	10	50	56	0	48	
58	19	58	39	64	48	54	9	58	43	14	16	47	68	55	15	54	56	58	6	59	36	41	51	24	46	36	60	25	13	42	27	60	9	43	42	50	69	13	0	
M3
0	28	7	21	9	40	1	40	20	32	26	19	27	42	12	11	22	26	28	8	6	41	26	26	20	25	33	20	1	24	19	7	33	28	24	24	38	35	26	21	
51	0	26	4	1	31	52	49	22	40	34	26	39	14	56	51	47	31	33	11	21	25	20	43	53	47	48	41	34	5	66	42	29	36	13	37	32	3	46	24	
56	37	0	21	42	33	47	19	30	3	34	31	6	53	39	64	35	65	33	48	38	53	58	45	48	60	39	46	55	46	2	22	23	36	13	38	23	5	34	19	
40	18	29	0	23	33	41	43	19	54	16	43	49	36	15	55	49	24	31	29	37	45	42	27	55	31	5	16	36	27	40	47	38	22	35	39	41	5	61	41	
28	34	8	17	0	35	40	40	19	24	28	27	3	49	36	43	32	65	21	42	36	52	37	38	44	64	63	43	38	9	54	35	20	32	9	33	28	27	26	30	
31	39	37	40	41	0	31	51	5	30	48	34	57	19	23	43	14	61	25	42	2	11	30	3	49	63	59	53	43	38	53	22	63	56	33	49	36	37	29	33	
49	41	2	33	11	51	0	65	15	27	39	19	22	59	50	46	17	68	45	52	17	36	21	42	17	66	28	39	48	19	48	2	28	48	25	39	44	30	39	39	
50	40	26	38	28	37	20	0	39	20	25	30	46	55	24	31	3	34	40	40	25	5	29	28	38	5	34	38	42	27	16	7	15	30	36	28	37	24	13	6	
46	23	49	31	28	52	49	24	0	49	28	21	66	41	51	13	32	54	53	22	31	46	42	39	6	22	66	49	26	32	40	29	26	53	40	36	59	30	51	23	
66	28	19	25	28	57	13	37	31	0	8	36	39	17	30	35	34	29	43	43	34	16	38	40	24	49	45	20	5	30	36	19	45	32	28	28	4	35	28	41	
53	33	8	18	4	43	40	39	27	37	0	28	36	44	28	33	42	35	30	14	42	53	7	38	7	32	59	39	3	28	34	27	16	30	10	12	29	28	28	19	
46	34	45	42	39	59	54	40	35	17	2	0	65	52	43	7	37	38	28	16	25	40	1	43	10	65	21	32	58	43	65	23	59	16	51	20	57	40	59	17	
46	16	32	11	21	17	26	46	16	6	24	21	0	34	18	43	14	50	23	31	28	37	40	29	47	63	45	25	34	25	53	32	2	26	3	43	22	21	13	44	
63	44	25	6	34	46	19	56	3	50	21	14	45	0	28	66	40	61	44	46	35	22	11	42	25	44	51	27	39	10	44	25	51	66	48	42	23	18	32	33	
50	3	33	4	8	15	38	15	29	28	28	25	33	18	0	47	38	38	3	18	26	32	27	1	58	54	49	48	41	12	23	21	36	30	7	44	13	10	36	13	
48	52	32	39	56	55	41	27	52	41	9	2	62	70	51	0	24	43	45	3	12	27	23	49	20	59	47	33	50	48	52	10	64	58	58	17	58	27	46	4	
49	43	8	20	17	19	2	47	21	2	26	12	28	40	51	14	0	63	47	23	23	39	27	10	20	34	30	41	36	9	24	8	34	54	31	25	19	36	7	23	
21	10	39	7	15	39	33	39	36	19	48	17	53	28	11	43	53	0	27	25	35	39	34	25	52	55	53	9	33	17	47	39	10	31	27	12	37	13	36	11	
45	23	34	25	28	35	46	54	24	44	14	35	43	41	32	67	58	27	0	27	42	50	47	32	67	37	10	21	57	32	4	4	50	40	17	47	21	30	50	51	
7	36	25	39	27	30	19	36	5	27	23	37	14	50	30	29	10	3	46	0	24	50	43	35	38	43	23	2	19	9	37	25	31	38	32	41	44	9	32	39	
43	59	45	17	8	25	46	5	39	36	21	27	31	8	43	55	48	64	8	22	0	45	1	9	51	64	54	39	32	3	48	38	42	32	9	35	28	27	36	50	
31	29	22	28	13	53	36	45	30	36	27	46	38	43	36	48	19	53	30	40	48	0	53	38	54	12	16	27	43	19	52	42	33	8	36	40	53	31	41	57	
25	15	26	16	20	40	37	38	16	35	13	26	34	33	24	30	50	50	28	26	34	30	0	18	56	29	2	13	37	24	10	37	41	28	8	40	27	22	41	8	
25	48	17	12	26	37	11	53	30	1	25	5	30	27	32	20	32	62	11	29	32	47	36	0	31	61	43	51	31	19	51	17	37	27	4	43	23	22	37	24	
21	7	36	15	12	28	31	59	33	49	45	37	50	25	44	39	45	42	34	22	32	36	31	24	0	1	50	27	19	16	51	37	7	14	24	42	8	14	4	35	
34	56	41	7	54	38	46	57	41	32	26	23	31	17	51	56	60	71	25	23	49	30	68	43	62	0	65	29	46	65	12	10	38	23	5	9	4	23	38	46	
26	4	15	12	9	29	27	41	5	40	2	29	35	22	13	48	48	39	29	15	23	31	28	13	48	55	0	2	38	13	49	33	37	44	21	29	39	11	54	32	
51	45	35	16	50	41	63	56	46	35	6	26	34	47	41	46	55	27	28	49	27	44	8	33	33	35	32	0	16	35	50	37	41	31	8	39	17	26	20	49	
51	26	16	5	31	38	41	25	52	35	29	23	34	26	10	15	24	17	23	24	24	48	26	20	4	73	48	46	0	10	46	9	36	12	8	8	27	26	10	25	
42	39	32	21	2	21	54	41	35	31	43	36	50	13	23	28	40	33	39	8	31	41	42	33	20	52	51	8	1	0	40	25	52	28	24	4	41	10	26	38	
58	36	38	44	41	18	32	33	32	26	26	42	47	46	50	44	15	35	52	51	10	18	18	30	48	43	60	71	66	39	0	38	50	70	53	55	49	43	18	53	
10	26	7	24	16	29	1	39	20	21	16	24	6	30	33	32	22	21	36	26	22	41	26	41	22	43	33	34	13	24	18	0	23	39	16	36	23	1	34	20	
51	23	9	31	11	11	3	51	6	29	33	26	29	34	36	41	24	27	6	13	22	31	28	23	24	70	22	2	11	26	46	9	0	38	25	34	44	30	5	46	
5	29	23	36	25	47	17	47	7	42	16	13	43	47	19	27	38	5	35	24	4	17	42	15	36	19	16	27	17	16	35	23	33	0	38	40	17	27	42	32	
36	44	54	1	49	26	48	45	40	20	14	11	19	33	39	45	48	67	13	54	37	36	65	38	54	58	56	40	35	53	53	22	26	16	0	33	12	11	26	34	
37	26	15	22	24	51	9	57	14	36	24	32	35	38	35	34	19	41	51	37	30	48	34	35	30	12	13	24	49	32	58	15	38	61	38	0	50	33	41	26	
34	36	30	42	39	41	24	66	43	24	21	34	50	54	51	36	7	58	43	45	28	61	49	32	42	55	52	39	26	31	23	30	16	53	49	47	0	43	29	45	
42	32	29	40	27	2	23	31	16	35	30	43	49	30	34	35	18	67	36	39	13	22	41	14	44	31	19	30	52	41	57	29	20	24	44	32	47	0	40	44	
51	66	33	34	14	20	27	72	13	27	47	37	45	34	52	39	10	26	46	47	31	40	46	9	45	10	55	47	39	11	49	4	59	49	26	22	44	43	0	7	
10	33	28	27	30	58	22	31	34	31	31	40	48	43	33	32	40	16	27	29	27	32	5	42	31	21	20	14	12	37	14	28	34	39	35	35	54	31	37	0	
M4
0	29	15	70	23	5	39	52	55	10	46	48	45	67	22	37	55	42	30	31	37	12	56	49	28	43	1	45	42	30	1	39	40	30	11	65	73	44	53	42	
12	0	42	13	1	29	37	50	49	37	53	26	21	33	49	17	2	44	28	53	39	34	35	45	41	43	9	51	43	57	7	43	57	57	38	55	23	25	49	26	
11	44	0	47	43	31	13	30	55	36	37	2	28	34	40	28	34	3	17	22	14	3	35	61	19	29	15	26	19	56	12	1	12	34	29	7	7	35	25	27	
20	34	23	0	23	33	28	44	58	25	9	27	34	58	54	30	44	35	27	10	26	5	31	38	4	32	36	46	35	19	5	44	33	49	28	47	7	13	42	24	
52	48	44	32	0	52	22	55	45	20	56	43	40	2	10	48	24	28	40	42	32	23	28	44	39	37	53	30	53	25	32	36	29	54	14	44	47	55	45	68	
26	41	49	49	20	0	15	30	6	51	26	11	40	25	28	38	7	23	1	16	24	20	7	4	36	26	24	66	28	33	23	11	42	53	33	25	35	31	5	17	
49	50	29	36	40	66	0	67	22	68	32	49	76	6	1	43	47	33	45	60	45	64	54	62	75	35	40	47	66	64	57	63	26	70	36	30	51	62	20	57	
33	18	41	38	40	25	30	0	72	58	1	19	20	44	49	28	34	38	22	47	32	34	3	26	41	22	32	52	5	29	41	21	43	45	20	13	6	41	20	26	
16	40	46	33	43	36	46	52	0	41	17	35	14	22	32	37	37	45	50	50	38	43	39	35	59	25	32	57	52	49	32	52	27	19	18	28	65	75	28	42	
60	60	54	13	3	72	33	52	2	0	41	59	58	25	52	48	57	63	59	64	51	45	46	50	61	45	5	63	67	45	48	13	66	83	49	3	7	65	54	33	
16	9	46	44	43	36	13	19	55	41	0	2	31	34	42	11	34	28	17	36	15	17	6	35	32	25	15	35	19	16	24	19	33	54	3	26	34	44	23	9	
25	45	48	52	31	45	1	34	43	50	29	0	42	22	30	30	22	27	5	24	3	5	24	55	21	39	3	53	7	50	12	7	21	49	17	40	52	35	13	15	
43	40	48	58	32	26	4	30	48	47	43	21	0	28	40	8	1	10	18	34	10	36	55	22	44	25	34	28	38	3	33	8	41	41	10	19	42	6	26	46	
58	24	20	8	37	54	14	41	50	43	50	66	64	0	48	65	62	16	33	64	41	52	44	34	58	53	35	19	43	70	29	58	51	66	31	20	23	34	58	62	
29	4	56	13	63	24	12	33	59	49	29	24	42	14	0	48	42	26	4	42	31	23	26	54	39	45	17	55	41	52	32	29	41	25	17	39	21	34	29	45	
39	37	45	50	3	23	42	43	48	58	25	43	10	20	19	0	34	35	14	46	29	27	27	60	2	22	50	23	36	53	36	33	43	65	27	43	39	3	38	14	
50	40	17	21	54	22	1	40	42	70	50	39	41	56	14	39	0	30	25	57	31	41	44	28	53	36	52	63	56	26	50	4	57	56	7	49	65	44	49	9	
19	1	45	5	49	34	2	37	30	37	43	25	22	57	44	32	37	0	22	28	14	9	36	26	25	31	35	34	19	7	18	10	36	39	19	47	14	19	30	25	
7	32	37	30	45	27	36	11	37	32	7	25	21	57	9	26	43	4	0	20	9	1	29	32	17	31	23	50	31	39	10	31	29	34	26	17	48	12	7	32	
72	41	2	66	33	57	43	46	82	13	40	58	43	56	57	31	38	36	52	0	9	6	51	56	22	26	51	53	36	42	9	46	31	34	58	34	32	38	60	19	
30	35	43	9	9	39	34	34	60	16	29	23	36	2	32	32	31	27	5	35	0	24	1	2	40	20	36	4	33	27	33	19	41	57	48	20	29	35	18	15	
58	51	40	60	61	44	55	32	69	74	26	44	29	76	65	17	55	22	38	11	50	0	37	69	8	43	38	45	22	50	1	55	20	36	44	57	60	24	46	51	
41	18	26	68	21	34	17	40	57	39	12	6	19	38	41	15	15	19	21	28	16	21	0	29	34	3	19	60	23	10	28	2	24	48	31	4	12	22	1	31	
53	25	30	81	28	41	27	14	85	46	21	36	33	60	55	22	22	44	33	35	23	51	27	0	18	10	38	68	11	18	32	45	31	56	40	1	50	63	41	46	
31	50	39	54	53	44	31	26	35	56	31	38	45	70	33	11	47	28	6	5	14	25	16	56	0	35	47	62	55	42	34	9	53	58	12	36	2	36	31	27	
55	9	17	81	12	25	42	53	75	30	65	51	48	55	64	6	6	57	40	19	7	37	76	34	51	0	22	60	49	33	46	35	15	65	67	32	34	52	56	55	
17	46	19	47	49	32	11	9	55	42	51	16	56	21	24	43	18	44	26	50	29	31	50	71	47	31	0	19	4	55	33	17	47	17	36	56	48	12	20	41	
39	37	53	60	39	59	20	29	35	64	47	9	13	41	9	46	35	44	24	38	22	21	43	31	37	44	22	0	26	69	30	12	28	19	36	23	32	53	32	34	
44	48	22	10	67	51	9	53	13	68	23	41	36	15	54	38	8	43	27	32	31	13	45	19	4	49	46	30	0	24	4	58	41	46	5	40	17	45	47	40	
36	60	65	59	46	23	5	26	66	40	36	14	11	46	33	27	26	22	11	27	3	29	48	15	45	45	27	46	31	0	36	31	34	34	41	36	58	41	19	39	
50	33	2	33	39	42	37	54	36	44	22	26	46	54	38	33	33	47	25	46	34	34	44	50	50	21	5	7	43	31	0	43	14	69	41	51	45	55	38	47	
56	16	10	69	19	32	41	60	24	37	58	50	47	39	8	4	13	26	33	26	14	28	40	41	18	1	29	28	35	32	37	0	22	49	74	39	41	50	17	49	
18	19	27	44	22	8	3	41	19	24	44	23	26	14	48	15	16	7	26	29	17	38	38	12	6	4	32	46	40	11	2	24	0	49	44	2	44	56	2	48	
64	18	26	65	21	34	41	62	48	39	64	50	47	40	66	12	15	58	39	28	16	46	71	40	42	3	22	10	27	32	55	38	24	0	73	25	43	58	45	2	
26	34	42	40	28	46	41	30	46	21	26	30	40	11	16	18	39	23	1	39	23	20	8	29	36	27	42	10	47	34	29	26	48	53	0	28	36	31	25	17	
47	8	53	60	57	34	16	37	67	25	47	25	4	57	34	38	4	33	22	33	9	14	22	26	30	41	38	57	42	7	23	36	14	32	52	0	50	39	5	7	
40	2	45	57	51	6	42	1	56	36	40	58	54	27	38	5	6	37	15	52	42	33	57	54	49	64	25	56	37	53	42	61	61	67	59	50	0	45	40	28	
28	23	31	51	26	9	50	32	34	44	28	39	38	69	30	20	20	21	3	33	15	22	50	48	27	8	36	29	22	47	31	49	29	51	13	38	25	0	28	53	
42	35	58	29	18	36	30	45	49	31	10	19	57	22	50	37	47	48	30	53	32	34	32	51	14	35	22	10	36	42	25	36	2	6	29	47	42	16	0	20	
24	20	8	16	1	33	1	39	20	40	67	45	42	23	30	17	17	53	42	30	18	48	53	45	62	5	4	52	37	27	35	46	26	21	45	8	27	63	24	0	
M5
0	25	20	10	32	32	10	32	27	9	50	34	10	10	14	26	33	31	44	3	33	26	33	6	16	29	18	9	30	23	46	25	20	12	32	17	9	9	21	27	
21	0	25	32	18	22	25	28	14	6	47	24	7	12	21	16	33	25	34	1	19	26	34	3	29	26	8	6	20	13	36	21	18	10	22	3	6	1	7	20	
46	35	0	52	36	42	36	48	37	41	67	44	36	61	32	29	58	41	54	13	26	43	54	38	28	59	28	27	40	33	56	35	32	22	8	27	41	16	27	37	
39	40	17	0	23	31	32	5	6	30	42	19	21	20	37	35	34	34	43	45	23	36	29	42	28	54	32	39	15	22	60	10	44	39	32	32	9	18	23	29	
40	11	41	35	0	38	29	24	37	59	56	40	34	47	3	45	58	34	50	46	44	43	39	56	33	62	61	16	36	29	72	54	35	39	58	37	59	29	17	36	
4	20	25	32	28	0	29	28	17	29	47	24	7	45	11	16	40	35	34	34	6	37	5	26	24	40	8	15	20	13	36	31	16	12	22	13	29	28	8	20	
33	27	14	29	35	29	0	35	24	26	37	31	8	46	33	11	51	42	36	41	31	9	41	40	34	41	15	22	27	20	43	38	35	28	29	20	9	35	35	27	
18	27	19	26	22	16	30	0	15	16	25	18	5	29	30	24	46	37	28	30	22	7	3	13	12	15	16	16	14	7	31	38	36	29	30	21	16	22	22	14	
29	20	28	35	27	25	16	31	0	9	46	27	6	44	16	19	16	16	37	37	27	36	37	35	7	39	11	18	23	16	39	27	27	24	11	12	29	31	13	23	
34	38	30	46	10	36	34	2	7	0	46	23	23	27	36	34	38	5	22	50	27	40	23	19	29	29	26	22	19	27	48	31	46	39	33	31	22	41	27	32	
48	36	51	58	54	48	43	8	47	24	0	50	25	40	42	62	30	20	35	62	54	17	60	21	15	13	59	24	46	39	61	54	44	66	54	63	24	14	23	17	
37	25	17	26	17	39	26	26	22	13	31	0	1	14	26	24	31	31	43	21	17	4	23	10	29	33	35	13	9	40	43	7	14	7	48	26	13	31	17	23	
20	2	29	36	32	26	3	32	21	19	18	28	0	16	3	20	48	34	38	38	28	39	32	16	39	11	12	19	24	17	40	35	32	19	26	17	9	32	32	24	
41	35	40	41	16	34	25	43	25	42	62	39	33	0	42	31	37	35	49	49	39	30	49	48	47	46	23	30	35	28	51	13	43	36	37	28	19	32	39	14	
9	14	50	52	11	39	28	58	55	32	25	20	15	47	0	57	37	3	46	51	22	12	8	29	32	45	49	32	42	54	47	24	4	40	27	6	32	48	41	50	
42	17	15	12	12	54	2	21	18	18	31	6	10	23	13	0	49	24	47	40	12	23	18	15	40	16	44	18	4	49	61	26	30	26	43	21	18	34	12	36	
49	13	38	1	43	9	29	2	27	48	47	31	7	14	32	39	0	50	63	62	44	48	41	45	49	40	41	12	36	43	69	27	19	48	22	28	25	21	29	50	
13	28	17	5	14	16	34	3	15	36	33	10	12	6	20	18	46	0	28	17	2	27	20	33	7	45	16	23	6	7	44	30	10	26	21	21	13	7	14	14	
20	32	15	22	18	12	33	12	11	25	37	14	8	41	33	32	25	39	0	26	18	31	24	37	33	26	37	40	10	3	4	34	31	34	37	27	39	18	18	10	
26	15	25	32	22	22	29	28	17	21	47	24	16	51	25	16	38	21	34	0	23	31	34	18	33	41	8	15	20	13	36	15	22	2	22	7	21	28	11	17	
45	12	3	42	19	31	8	37	36	30	15	39	13	51	22	51	8	26	3	33	0	28	42	27	30	43	43	30	35	28	29	22	19	36	26	4	30	43	39	35	
22	8	21	28	24	18	25	24	13	27	43	20	7	43	21	10	40	30	30	3	20	0	17	28	31	2	4	11	16	9	32	25	15	12	18	9	31	24	21	16	
28	11	23	22	18	20	11	8	8	29	45	22	12	49	21	40	3	25	32	27	8	25	0	26	29	42	34	29	18	11	28	8	10	18	11	3	29	26	26	18	
26	27	38	61	35	51	28	44	41	2	43	31	3	41	28	40	43	49	52	63	35	22	41	0	63	22	37	2	27	42	61	51	56	44	51	42	2	48	35	20	
10	41	27	48	7	21	5	38	37	1	62	40	34	67	33	43	51	43	4	40	1	57	50	39	0	52	55	36	36	29	30	36	57	32	63	51	3	44	16	36	
36	27	35	30	37	13	36	21	5	23	56	34	16	54	36	21	7	1	44	44	34	43	44	20	27	0	18	23	30	23	17	35	38	2	31	23	23	38	23	30	
15	9	14	21	17	11	18	17	6	20	36	13	7	40	20	5	33	24	23	23	13	26	23	25	24	35	0	4	9	2	25	20	17	10	11	2	28	17	17	9	
20	16	53	45	52	49	39	62	27	27	71	49	36	69	55	32	9	41	67	32	53	28	18	52	49	10	47	0	45	46	75	17	34	41	27	37	14	41	34	53	
42	23	9	41	6	48	29	15	12	28	25	2	4	29	29	39	43	37	41	36	6	19	12	25	34	37	38	28	0	43	55	22	27	22	37	15	28	37	6	38	
13	25	8	15	11	5	26	20	4	28	30	7	1	34	26	25	35	35	17	19	11	24	17	30	26	34	30	33	3	0	43	27	32	27	30	20	32	11	11	3	
21	18	23	30	26	20	32	35	19	19	5	22	7	22	28	40	50	50	12	34	26	39	29	16	9	39	41	19	18	11	0	30	47	42	4	35	6	26	26	18	
19	17	16	8	24	12	2	33	34	9	34	27	18	48	27	55	4	4	68	32	25	6	57	15	35	38	47	18	43	50	67	0	24	41	31	9	18	4	44	36	
44	14	42	44	33	39	35	1	4	28	64	41	25	62	35	34	35	35	23	26	42	29	21	51	26	8	26	33	37	30	49	46	0	35	30	31	6	45	32	37	
42	18	40	3	44	36	48	28	29	13	12	40	35	37	5	35	57	36	43	53	20	29	41	55	51	65	27	34	36	30	55	33	37	0	41	32	32	41	44	37	
19	15	29	36	22	2	28	32	13	26	21	17	16	24	25	20	38	29	12	38	23	31	10	23	27	46	12	7	24	17	8	25	22	25	0	7	26	20	32	24	
43	1	42	39	8	26	15	48	45	19	42	35	2	40	11	44	24	15	58	38	9	17	45	16	19	32	36	19	31	41	64	11	8	43	15	0	19	35	28	37	
30	24	54	64	19	55	44	24	53	18	28	47	19	12	37	38	59	17	66	73	50	38	57	15	6	14	53	18	43	58	59	67	69	53	59	58	0	64	51	13	
25	3	24	31	18	21	20	27	16	4	45	23	5	43	21	15	34	25	33	33	19	24	33	1	29	7	7	4	19	12	35	21	18	20	21	3	4	0	27	19	
4	30	21	56	38	25	25	47	6	5	46	34	6	44	31	40	27	37	40	27	38	25	42	2	28	25	32	5	30	37	60	48	48	36	32	33	5	51	0	23	
18	20	25	16	28	22	29	28	17	9	47	24	18	51	31	16	33	35	34	34	24	37	34	23	3	1	8	10	20	13	36	31	28	21	22	13	26	28	28	0	
