40  2  1
2
	0	39	1	83
	0	55	1	2
	0	89	1	54
	0	44	1	97
	0	53	1	36
	0	89	1	2
	0	10	1	58
	0	71	1	56
	0	51	1	10
	0	72	1	31
	0	65	1	87
	0	17	1	51
	0	1	1	32
	0	60	1	51
	0	92	1	54
	0	71	1	26
	0	31	1	54
	0	77	1	49
	0	50	1	9
	0	61	1	97
	0	34	1	88
	0	25	1	83
	0	69	1	85
	0	76	1	83
	0	11	1	13
	0	75	1	39
	0	27	1	95
	0	79	1	34
	0	38	1	23
	0	43	1	96
	0	66	1	94
	0	88	1	75
	0	72	1	40
	0	35	1	92
	0	31	1	93
	0	53	1	55
	0	82	1	81
	0	94	1	99
	0	48	1	24
	0	100	1	93
SSD
M0
0	15	68	5	6	23	51	55	9	45	55	1	3	65	15	12	25	25	23	33	58	18	56	16	56	11	24	35	12	7	24	17	33	47	39	24	61	46	12	27	
58	0	67	13	61	20	81	29	44	30	81	27	41	28	35	3	12	14	39	20	57	7	51	37	47	13	58	46	38	37	50	23	8	29	81	62	50	24	31	35	
61	13	0	16	12	31	46	56	62	75	70	62	56	63	68	61	68	41	52	16	37	71	51	46	25	64	69	29	35	60	17	13	64	27	52	20	78	12	9	57	
43	12	38	0	4	14	65	26	41	35	78	32	57	27	11	28	23	53	15	72	15	23	7	25	52	58	76	59	58	59	55	69	4	67	90	67	62	58	60	51	
16	47	90	21	0	11	8	48	33	17	41	48	50	45	17	61	5	35	49	19	75	37	49	52	43	24	54	41	13	41	47	26	51	38	35	54	46	14	3	19	
10	35	4	54	55	0	53	47	50	37	43	25	44	50	5	43	64	64	42	64	55	10	10	26	69	26	73	31	61	9	12	58	30	56	62	65	3	39	61	12	
59	29	94	57	40	61	0	67	21	68	23	65	69	33	51	79	30	17	31	1	57	55	52	46	25	64	36	66	38	45	33	8	33	48	17	40	28	28	50	1	
56	19	42	52	53	60	55	0	20	60	31	52	14	50	14	25	10	36	57	56	26	25	30	46	52	22	19	46	33	18	55	28	16	3	61	35	55	7	51	53	
57	76	62	44	15	69	55	9	0	39	54	51	57	47	47	42	14	50	41	26	49	34	64	4	13	47	19	50	40	45	34	39	69	72	51	10	59	22	38	62	
64	20	31	60	56	61	37	39	50	0	59	41	54	58	25	27	18	64	14	24	73	20	64	52	55	36	8	11	16	25	64	55	40	72	38	70	63	66	69	44	
49	48	18	32	76	41	45	25	51	36	0	16	68	75	37	22	71	49	50	11	52	48	64	38	80	60	80	50	83	1	39	56	30	48	54	35	79	46	53	42	
18	15	50	45	43	46	73	52	54	27	50	0	48	53	4	1	44	26	17	74	55	15	53	5	86	56	65	17	67	47	6	25	15	29	85	69	58	78	69	9	
67	24	67	63	45	55	47	51	5	45	73	44	0	61	11	10	21	21	46	58	54	14	58	31	63	7	46	53	71	3	42	13	54	50	46	20	57	54	36	42	
21	47	1	18	33	19	50	24	41	59	45	15	35	0	36	33	44	55	33	20	57	1	14	37	46	43	60	40	2	6	38	28	8	49	59	56	2	35	48	27	
47	62	63	69	54	54	46	23	14	40	59	33	37	25	0	11	27	10	33	57	36	3	47	55	60	8	63	42	16	2	48	51	43	22	55	45	46	46	28	31	
38	43	24	67	55	30	10	6	24	9	43	55	18	41	30	0	25	37	36	2	3	33	72	49	40	20	56	10	27	22	9	28	53	30	13	37	48	48	55	20	
15	31	61	11	26	24	49	38	1	66	74	29	35	9	38	43	0	22	33	34	41	1	45	32	11	43	22	5	31	5	51	49	24	52	39	26	14	30	36	29	
76	55	10	47	38	63	51	4	52	30	83	42	79	14	29	38	43	0	26	26	73	74	39	28	59	87	85	10	40	42	65	69	29	2	34	74	76	45	84	41	
76	39	42	71	60	9	62	33	20	60	64	44	14	10	26	11	36	36	0	22	69	29	28	46	66	17	40	8	22	18	57	28	69	20	61	29	64	32	51	57	
9	22	42	53	54	64	34	61	6	6	67	20	45	63	41	24	52	34	54	0	58	41	78	42	65	36	8	31	50	43	5	52	7	66	61	66	7	72	9	20	
47	50	37	70	18	13	43	77	53	62	52	18	47	4	39	36	51	40	31	26	0	46	65	14	3	9	58	28	9	40	31	45	50	62	41	18	23	39	28	44	
40	34	35	47	55	60	49	12	15	40	72	5	9	55	12	20	31	29	7	39	64	0	19	27	47	17	56	14	57	13	28	23	15	50	56	30	18	64	46	3	
74	33	74	62	54	59	56	48	14	7	13	53	8	20	20	19	30	30	55	31	61	23	0	40	42	16	55	41	1	12	51	22	63	46	32	29	51	50	22	51	
65	9	45	61	47	72	66	43	27	10	58	52	21	59	33	7	19	43	55	77	25	36	80	0	59	29	41	55	15	25	49	3	20	35	68	42	59	76	58	57	
33	58	80	77	4	65	65	66	39	74	59	59	33	31	45	44	55	26	17	12	66	48	51	10	0	41	66	56	16	26	34	31	80	48	27	4	62	71	14	65	
71	3	12	43	30	63	3	22	16	56	36	55	10	46	22	21	32	30	44	14	65	25	65	42	27	0	42	21	51	14	40	21	38	34	30	31	41	41	47	14	
41	35	73	68	63	49	13	75	31	39	46	6	25	37	21	24	47	40	27	24	60	38	75	28	48	1	0	40	15	19	29	31	38	52	40	46	51	51	40	24	
29	22	73	69	28	49	48	49	59	69	59	41	60	32	56	20	27	54	55	59	2	46	39	50	39	18	8	0	45	9	55	20	44	55	62	54	28	60	6	59	
50	31	39	23	21	58	35	62	16	55	5	54	10	47	22	21	19	32	34	29	35	25	42	27	6	18	21	2	0	6	51	13	40	53	44	21	12	57	31	46	
52	18	79	51	42	9	1	49	7	60	27	58	42	31	43	40	27	28	42	12	8	57	20	49	36	50	45	25	39	0	3	17	11	4	10	51	39	8	15	12	
43	1	75	21	25	28	43	66	21	52	9	8	15	34	24	26	37	1	42	54	40	30	23	30	77	23	36	42	53	19	0	29	32	54	16	36	55	49	27	26	
48	41	84	24	19	53	3	29	22	16	20	43	16	46	6	12	38	30	32	14	52	31	64	25	4	24	10	56	26	1	3	0	46	48	30	1	41	30	29	14	
52	62	71	60	23	65	75	25	58	80	2	47	52	10	15	45	50	45	36	15	18	41	16	29	8	25	51	61	35	31	43	50	0	9	29	3	61	70	7	51	
41	18	80	16	62	26	48	10	38	73	46	29	42	20	27	1	6	3	20	52	41	38	67	51	47	50	59	17	3	42	52	54	23	0	39	62	51	43	61	51	
11	49	68	38	56	71	79	19	31	20	63	17	53	46	38	35	51	43	51	80	56	49	34	8	65	61	39	51	33	57	40	34	49	10	0	15	37	55	62	10	
59	54	80	30	61	56	49	58	39	75	67	42	61	47	4	22	33	64	15	60	9	65	65	57	46	37	9	39	51	5	1	56	47	52	29	0	5	14	6	8	
47	23	71	82	64	39	19	17	24	34	52	21	18	10	27	29	40	31	55	30	55	33	39	43	54	26	19	20	45	22	44	32	48	59	18	39	0	8	51	30	
18	70	22	30	63	63	35	8	33	5	68	42	60	48	63	51	8	45	9	4	80	40	3	64	50	33	31	26	45	44	18	53	15	22	25	63	27	0	24	23	
5	59	67	49	50	35	53	4	27	61	13	45	47	6	48	56	16	63	1	51	42	39	21	53	45	55	68	52	56	31	68	2	43	55	14	42	55	15	0	55	
76	46	49	1	12	21	7	17	38	39	34	77	54	27	56	36	47	34	48	18	44	68	26	50	42	62	53	76	55	58	15	25	49	65	34	9	45	20	67	0	
M1
0	64	48	46	35	43	56	59	45	83	73	44	82	71	68	29	71	46	58	65	12	61	33	61	47	6	71	28	55	19	58	7	26	38	17	44	28	57	4	40	
32	0	46	15	39	50	47	77	36	63	14	58	60	87	46	67	37	27	75	58	28	30	96	68	64	60	43	61	42	1	20	60	65	58	11	6	65	84	78	37	
47	23	0	34	64	31	24	24	41	50	39	51	35	51	48	48	5	49	7	42	24	55	66	29	18	49	68	75	61	26	45	33	56	38	7	30	29	67	37	29	
41	12	31	0	45	57	47	63	36	56	28	45	57	44	4	40	1	41	59	16	42	9	34	33	11	59	57	3	28	15	34	43	40	58	25	16	5	58	5	29	
39	35	24	30	0	27	20	20	56	46	51	50	30	26	76	35	55	28	3	49	20	53	24	52	73	56	70	65	57	38	49	29	65	1	24	26	25	9	18	40	
50	80	56	68	58	0	38	25	27	48	59	21	64	39	74	15	26	19	51	20	67	46	55	54	59	58	67	45	28	28	57	32	56	20	43	6	13	61	26	30	
6	64	65	52	54	12	0	39	41	20	39	9	78	53	85	24	40	25	61	34	73	31	52	21	73	59	19	54	42	42	71	7	7	34	6	20	27	75	40	44	
48	14	49	28	5	23	44	0	51	29	30	46	38	8	62	19	51	43	44	45	44	46	57	58	29	9	51	45	12	17	36	36	65	42	27	22	10	50	48	8	
59	52	26	56	53	29	1	46	0	43	22	12	45	41	40	35	57	44	29	51	46	38	50	59	29	57	78	50	43	55	20	20	19	12	6	37	44	50	42	61	
48	14	57	31	3	66	13	59	44	0	11	66	69	31	46	55	52	43	42	7	44	46	27	7	45	8	13	15	57	17	24	52	20	20	27	13	48	48	36	25	
18	40	27	33	28	30	23	23	22	20	0	44	34	62	7	29	58	48	6	18	23	61	71	50	61	59	64	59	34	36	52	32	51	37	27	29	16	66	50	29	
46	12	45	29	53	48	20	25	9	47	28	0	64	4	59	53	51	41	48	23	40	44	60	76	48	74	57	62	29	15	34	39	38	31	25	20	57	69	61	24	
55	64	1	52	58	32	5	17	61	24	55	32	0	51	72	20	26	12	31	19	48	49	43	59	69	36	68	50	62	10	44	4	7	54	27	40	47	36	14	48	
9	35	29	35	3	32	25	25	54	31	37	52	36	0	33	49	59	50	8	54	25	25	43	40	11	61	54	22	15	38	54	34	6	39	9	14	21	48	30	63	
61	36	41	14	25	24	64	5	53	37	52	2	87	1	0	35	52	45	60	40	27	67	47	61	63	69	54	43	54	39	9	58	58	46	49	32	22	45	52	22	
9	48	15	54	17	51	27	20	62	28	22	37	55	38	51	0	74	69	27	51	26	6	56	13	46	17	72	4	46	51	69	53	41	28	25	50	34	62	27	57	
51	45	32	38	10	4	5	28	33	1	43	27	15	45	65	16	0	25	11	3	27	23	33	39	48	37	43	46	30	12	30	37	27	26	32	12	18	21	4	36	
26	56	60	54	30	48	55	70	77	11	29	67	57	66	11	27	4	0	69	49	79	59	69	42	69	50	37	49	38	59	64	73	56	62	69	55	63	75	47	28	
31	25	12	18	66	15	8	8	44	34	41	38	19	56	73	32	43	33	0	37	8	57	72	68	72	44	58	62	45	28	37	17	53	22	12	14	13	51	43	47	
72	64	13	61	63	65	60	24	64	99	59	59	97	68	57	54	72	43	73	0	72	31	48	59	45	32	2	60	70	37	76	25	69	80	39	14	31	22	19	61	
75	69	43	57	65	56	41	33	30	56	56	33	40	69	80	62	1	52	66	39	0	56	4	22	45	29	50	47	14	50	47	60	12	14	33	6	52	20	34	69	
16	7	55	6	38	17	30	44	19	36	15	6	69	58	14	34	45	36	48	39	37	0	15	73	58	37	12	64	43	10	17	35	48	17	20	5	32	59	45	46	
48	60	35	36	56	28	21	51	10	58	42	32	2	23	60	13	19	40	49	50	65	24	0	16	49	12	79	43	58	8	40	27	39	32	26	36	43	70	34	45	
23	70	44	30	3	47	19	34	8	61	40	28	40	21	19	30	54	41	42	25	28	8	63	0	47	53	88	60	61	73	29	38	37	30	24	24	62	28	57	79	
17	11	7	28	50	63	27	63	30	61	13	46	73	20	39	41	35	40	46	55	41	25	35	47	0	60	56	61	55	14	33	60	59	52	24	19	68	48	6	39	
8	43	61	2	39	56	38	26	27	40	56	49	41	74	23	45	61	31	40	67	57	48	74	68	45	0	53	47	14	46	13	57	56	9	43	51	32	83	64	1	
13	56	1	42	42	28	43	55	57	36	45	48	30	36	62	45	56	6	62	9	79	75	8	52	54	7	0	12	54	58	59	16	49	50	13	21	43	28	56	47	
38	10	28	27	8	50	45	64	34	75	26	49	48	41	58	32	36	39	47	13	40	29	48	68	8	69	47	0	8	13	32	57	3	27	23	18	51	35	26	49	
38	32	28	49	52	19	37	46	48	69	34	42	17	41	60	25	47	40	30	37	47	19	56	64	8	68	16	10	0	13	32	26	47	41	43	27	20	69	27	51	
72	50	56	37	39	43	41	70	30	5	33	52	67	65	34	38	12	64	67	39	67	70	63	14	69	25	32	51	73	0	56	29	56	42	13	27	20	84	64	52	
29	58	10	51	46	34	74	61	63	69	62	47	80	12	5	44	62	55	63	56	7	74	38	55	36	27	1	67	44	40	0	15	65	1	16	24	49	14	9	7	
43	9	33	26	44	59	31	51	20	68	24	42	26	46	57	36	48	8	59	49	34	11	58	73	13	34	37	2	44	12	31	0	39	42	22	17	23	71	32	48	
51	17	35	5	53	38	31	31	55	57	31	6	42	61	65	34	22	46	14	58	26	36	5	71	46	67	49	11	15	9	39	26	0	45	30	25	10	74	45	27	
38	18	30	18	20	28	24	22	13	33	18	35	31	16	61	45	8	47	9	41	26	18	1	71	33	62	23	12	54	21	7	18	42	0	29	26	31	65	52	56	
20	62	58	2	64	4	23	24	33	51	3	27	47	22	10	21	19	25	57	26	28	18	52	14	38	64	16	36	7	34	62	38	62	10	0	12	19	61	32	30	
33	27	23	29	41	68	43	52	46	74	29	3	75	36	49	22	51	56	62	5	31	10	51	61	3	10	72	38	63	30	49	53	53	21	40	0	49	64	22	12	
70	54	6	11	52	65	9	62	65	81	6	5	72	50	78	51	36	34	67	30	63	4	47	73	43	23	30	10	52	47	68	38	42	71	47	19	0	17	60	45	
49	43	39	60	43	44	44	1	33	74	45	55	68	52	4	20	67	65	40	48	57	52	30	59	19	26	61	1	28	46	43	63	38	49	21	48	15	0	38	42	
46	55	51	18	20	54	47	47	74	65	57	16	58	59	76	11	49	72	30	57	41	43	5	50	31	30	43	34	27	19	36	52	38	57	51	16	52	29	0	40	
55	32	40	49	28	37	34	12	23	21	2	30	43	11	21	29	53	24	41	59	33	45	5	44	34	8	42	21	3	35	53	3	39	11	39	1	16	64	13	0	
