40  4  1
4
	0	58	1	54	2	42	3	80
	0	70	1	22	2	24	3	45
	0	88	1	48	2	92	3	14
	0	33	1	22	2	28	3	78
	0	76	1	94	2	41	3	14
	0	42	1	9	2	7	3	56
	0	41	1	68	2	89	3	57
	0	100	1	30	2	22	3	87
	0	18	1	65	2	86	3	63
	0	43	1	16	2	6	3	20
	0	69	1	42	2	46	3	49
	0	86	1	29	2	91	3	79
	0	24	1	16	2	36	3	80
	0	2	1	57	2	15	3	92
	0	45	1	16	2	50	3	35
	0	38	1	77	2	6	3	34
	0	37	1	99	2	63	3	75
	0	53	1	68	2	58	3	73
	0	74	1	11	2	63	3	17
	0	95	1	79	2	76	3	24
	0	69	1	14	2	69	3	16
	0	4	1	57	2	9	3	6
	0	65	1	64	2	32	3	50
	0	51	1	30	2	66	3	9
	0	67	1	47	2	7	3	18
	0	5	1	44	2	6	3	67
	0	99	1	74	2	18	3	34
	0	31	1	61	2	19	3	31
	0	90	1	22	2	97	3	39
	0	19	1	8	2	75	3	60
	0	99	1	47	2	8	3	8
	0	51	1	84	2	71	3	6
	0	67	1	37	2	47	3	73
	0	88	1	26	2	45	3	13
	0	97	1	37	2	34	3	44
	0	96	1	30	2	75	3	20
	0	74	1	14	2	71	3	43
	0	3	1	23	2	68	3	69
	0	5	1	92	2	95	3	41
	0	82	1	100	2	14	3	21
SSD
M0
0	1	18	3	24	36	5	16	16	40	32	18	8	14	2	12	7	9	20	18	10	13	15	7	10	17	7	29	3	11	2	4	25	22	19	3	12	8	3	13	
39	0	10	18	27	23	41	31	29	16	10	16	18	26	6	36	4	31	27	9	5	34	33	35	33	39	38	13	28	31	25	18	5	40	20	15	15	29	41	27	
1	1	0	18	25	4	13	7	2	8	18	2	37	1	15	2	21	27	21	21	17	23	8	1	8	22	3	14	12	1	1	29	15	37	25	18	11	29	10	14	
33	37	17	0	16	17	16	24	31	24	4	12	38	18	26	28	34	33	23	12	13	13	10	26	25	19	36	1	20	19	26	6	32	14	25	15	26	46	24	35	
14	15	12	8	0	24	19	1	18	19	31	22	15	18	9	26	6	18	19	19	12	12	1	13	12	17	2	23	18	18	15	21	32	32	18	13	17	7	5	9	
9	26	29	2	26	0	7	18	4	4	30	2	18	21	14	29	39	22	21	16	29	15	25	25	25	20	12	12	16	21	18	18	35	23	21	13	15	10	22	23	
18	33	10	14	13	34	0	10	26	45	26	1	10	9	6	21	13	14	2	25	8	7	16	10	8	12	23	31	13	13	10	1	5	35	13	8	13	2	14	8	
5	7	27	18	33	22	19	0	21	3	35	5	37	1	15	3	12	34	17	21	15	27	5	5	8	19	13	10	12	6	22	10	15	13	14	16	11	29	8	4	
18	4	29	22	5	34	22	2	0	26	26	16	18	12	12	11	28	7	10	17	14	15	3	15	16	2	2	22	12	21	6	32	26	17	8	4	9	10	9	7	
36	29	24	32	1	23	28	29	29	0	20	14	14	23	30	13	23	33	38	23	20	25	4	32	30	8	28	29	2	3	15	23	25	16	14	18	13	26	34	17	
19	34	1	15	20	36	16	12	29	23	0	27	12	23	8	23	32	16	16	29	23	9	19	24	22	14	25	21	15	15	12	2	18	4	15	24	21	4	16	33	
22	22	20	13	7	5	2	4	26	4	25	0	10	2	16	25	13	4	15	22	20	6	9	5	9	18	17	18	13	7	23	12	2	24	3	10	12	21	13	5	
30	23	21	14	24	34	14	21	1	11	23	27	0	23	27	9	24	23	23	18	9	7	18	32	29	19	21	23	3	13	15	34	3	15	13	23	17	23	28	22	
19	42	38	15	42	41	24	4	39	42	41	2	34	0	12	33	31	38	18	18	35	24	5	7	5	36	37	21	9	30	19	46	12	38	37	21	8	26	35	23	
4	28	7	12	29	14	31	8	12	9	3	30	30	26	0	11	28	9	12	17	14	5	16	14	33	2	23	10	7	11	9	8	21	25	8	34	9	24	28	29	
7	28	7	1	14	37	4	22	6	26	33	23	42	19	22	0	30	19	30	20	36	32	24	18	17	24	26	35	30	10	29	38	33	25	30	21	29	34	30	13	
4	41	36	20	25	2	28	28	19	46	11	30	23	34	34	2	0	23	6	12	10	39	33	1	13	20	1	41	3	21	22	19	2	33	7	14	22	43	6	11	
7	17	18	23	26	33	1	16	14	39	10	2	4	10	19	8	41	0	10	17	8	16	3	9	6	15	16	33	21	22	22	21	6	19	21	9	20	15	1	20	
7	16	40	33	21	36	39	19	7	13	21	1	10	33	14	13	2	31	0	9	9	26	17	21	15	4	25	16	6	30	11	26	12	16	10	29	9	27	30	32	
23	38	26	19	23	12	7	3	32	30	27	25	15	31	3	26	13	19	19	0	5	12	22	19	25	17	28	31	18	18	15	30	4	25	18	8	9	7	19	28	
11	35	22	18	29	26	21	16	13	48	28	10	29	10	18	16	30	33	28	30	0	25	12	10	9	16	17	2	14	13	6	35	19	20	22	10	20	21	2	10	
20	35	10	3	35	23	31	23	21	40	15	21	31	17	19	15	22	18	12	23	20	0	7	26	24	8	22	28	22	2	15	30	26	24	14	40	15	39	34	20	
26	8	20	4	7	17	36	16	4	12	27	14	23	10	24	26	32	29	25	30	7	9	0	4	5	21	20	11	7	12	28	38	24	4	14	3	20	32	17	29	
2	34	19	2	3	26	23	23	14	11	22	19	14	26	19	7	18	27	16	29	6	5	16	0	8	15	4	29	26	3	22	4	22	7	2	9	22	15	1	17	
15	15	3	15	19	27	15	11	14	46	27	5	11	11	7	22	25	15	15	1	13	8	10	14	0	13	8	34	14	14	11	32	22	36	14	14	20	3	6	32	
29	38	31	40	22	27	43	30	31	33	27	28	23	24	35	4	21	47	43	10	7	36	18	29	28	0	16	16	9	29	2	49	38	18	1	29	2	39	21	41	
28	40	15	24	10	44	9	20	37	46	9	23	20	36	16	23	35	24	24	29	16	17	22	32	22	14	0	22	23	15	17	38	38	37	20	2	16	12	24	1	
16	15	29	17	23	31	29	21	1	24	3	35	35	31	31	20	6	12	5	26	14	27	2	15	14	11	11	0	6	8	18	34	29	34	4	1	18	29	7	3	
7	12	14	12	39	46	32	12	28	31	45	10	3	6	20	31	29	24	15	14	17	32	13	15	13	29	14	29	0	38	27	33	16	27	27	25	7	34	37	31	
27	42	2	10	18	26	30	12	28	47	22	10	17	6	20	22	1	25	19	7	8	3	13	15	13	15	29	7	17	0	12	9	20	31	18	28	16	18	30	27	
29	12	30	5	20	32	21	11	21	14	33	7	4	16	17	20	37	25	25	26	23	18	5	6	5	11	22	5	2	17	0	29	23	2	17	28	18	13	25	38	
8	4	2	10	6	30	18	5	3	32	22	6	14	2	10	22	17	18	18	2	9	3	4	11	9	15	17	25	13	9	14	0	15	31	17	25	12	6	18	27	
14	18	15	27	17	45	27	23	25	30	38	43	14	39	18	20	39	9	3	9	32	20	25	35	33	25	19	4	26	19	23	37	0	13	26	12	32	15	27	36	
13	31	22	18	22	35	10	14	9	13	7	34	14	30	10	25	27	15	18	6	11	11	21	12	11	16	19	37	5	17	14	26	26	0	17	12	23	6	4	21	
10	13	21	10	18	2	14	10	14	15	26	30	1	26	6	21	13	14	6	14	8	7	17	9	8	12	16	33	13	13	10	32	1	24	0	9	19	2	1	31	
6	43	22	35	12	38	23	35	35	6	2	41	26	37	33	22	8	41	39	38	33	28	33	31	32	23	37	4	10	12	30	17	32	31	29	0	27	29	26	37	
33	10	30	22	26	9	34	13	16	38	2	25	30	25	37	7	3	37	32	35	9	16	22	7	31	23	14	31	9	9	30	37	14	35	13	13	0	44	24	40	
13	28	16	9	13	29	9	5	22	40	21	25	5	21	1	16	28	9	9	22	16	2	12	17	15	7	18	28	8	8	5	36	32	30	8	17	14	0	9	26	
4	30	44	44	22	41	17	17	8	47	25	27	28	38	36	18	35	33	21	24	2	37	29	3	2	9	10	30	23	41	16	37	34	32	15	3	16	32	0	27	
29	12	8	28	21	5	28	4	6	35	32	17	24	22	20	26	37	28	28	32	27	21	27	8	8	17	26	1	6	27	1	37	11	23	23	24	24	16	20	0	
M1
0	23	37	6	35	20	19	40	17	36	2	9	11	32	8	16	31	4	23	31	27	39	37	38	4	35	26	29	18	11	3	21	8	28	35	22	21	21	5	22	
32	0	4	4	33	36	25	21	40	17	39	9	28	28	31	7	1	37	15	25	38	29	38	13	21	17	22	44	33	33	27	42	28	32	27	24	35	6	41	36	
30	2	0	28	33	19	30	30	7	31	15	21	2	17	14	6	25	40	28	36	24	24	21	35	36	38	6	1	13	30	29	27	31	18	7	28	11	17	15	8	
13	1	25	0	7	37	14	42	17	34	47	17	32	4	25	24	11	11	30	41	12	37	12	27	29	40	13	28	29	47	11	16	2	31	33	23	25	29	35	47	
31	11	19	24	0	28	3	33	35	20	23	29	29	22	37	18	13	21	16	9	3	13	1	6	2	16	44	18	14	34	23	29	12	35	22	16	10	7	32	5	
2	30	17	20	13	0	29	20	31	32	34	20	25	19	25	12	31	19	21	27	29	43	46	34	28	33	22	17	29	7	1	17	16	32	10	18	14	17	28	12	
17	20	26	21	11	6	0	33	25	35	7	4	5	34	35	27	22	7	36	4	3	5	47	10	7	24	32	19	31	17	16	27	12	32	3	21	29	4	15	14	
26	7	33	17	28	46	25	0	2	15	22	38	44	37	44	35	30	37	44	39	47	44	23	38	17	34	4	10	25	25	25	26	26	46	28	13	30	26	6	27	
26	15	22	15	37	15	8	44	0	20	18	29	1	30	29	28	18	18	16	26	35	32	19	32	35	29	12	24	25	29	25	3	38	14	28	40	26	39	27	22	
36	19	30	43	47	43	37	37	7	0	13	13	33	6	13	45	18	38	39	36	37	15	17	27	35	42	15	34	16	32	23	9	30	33	27	17	29	5	8	3	
15	24	23	1	1	32	28	38	9	28	0	7	22	27	26	13	23	11	21	23	25	22	35	12	12	20	18	16	2	3	12	13	12	33	33	14	16	13	19	14	
32	17	37	28	39	49	18	2	32	39	43	0	32	3	38	6	40	49	41	6	35	19	47	21	17	4	36	36	45	41	11	5	16	9	39	22	34	24	38	13	
17	30	24	20	28	6	28	32	12	28	20	14	0	13	33	26	46	34	18	21	24	20	43	32	18	20	20	11	15	22	16	9	31	28	25	29	9	24	10	5	
2	20	12	21	8	9	1	18	22	23	43	32	7	0	34	30	13	26	18	20	46	25	5	40	40	11	20	14	10	24	5	32	33	38	28	21	32	34	8	24	
29	30	19	25	37	26	30	28	8	34	30	22	4	33	0	16	19	21	23	9	13	26	26	28	33	36	4	5	34	12	9	22	1	37	35	1	11	22	5	23	
24	23	27	17	36	16	7	10	25	2	8	13	14	24	29	0	16	23	1	25	26	33	5	10	8	14	33	15	7	30	13	20	38	32	11	9	28	14	10	21	
7	24	6	1	16	2	24	30	17	27	35	10	27	20	20	23	0	20	22	16	30	39	35	27	29	15	23	22	27	8	12	18	1	7	21	19	5	17	29	19	
13	4	4	17	15	2	23	31	42	35	32	4	31	21	36	23	27	0	18	30	4	40	39	19	6	20	33	20	33	18	12	17	23	36	21	25	25	27	39	23	
15	31	15	27	24	24	38	23	30	10	15	32	2	18	39	13	31	43	0	13	42	38	16	43	36	2	38	21	33	31	1	27	27	25	1	25	27	18	28	23	
20	2	28	19	6	9	20	5	17	33	22	15	33	30	41	10	25	23	20	0	5	41	28	20	7	33	25	21	5	25	19	15	10	38	6	15	32	30	16	29	
14	3	9	7	10	11	5	16	34	18	40	34	31	33	39	32	10	4	40	31	0	22	40	1	8	22	41	2	15	26	6	13	6	26	30	37	34	31	42	21	
6	4	29	21	36	36	16	13	39	25	37	35	24	25	15	33	18	31	11	35	39	0	27	19	34	24	33	36	6	38	23	36	12	39	16	22	21	11	11	35	
22	8	25	7	26	11	21	17	30	20	9	17	14	33	31	32	15	16	17	13	2	5	0	5	12	30	19	18	9	4	21	14	13	34	22	15	17	14	13	15	
36	41	3	40	29	25	38	22	10	35	25	3	25	20	42	14	2	13	43	38	24	36	40	0	46	1	29	20	39	39	16	22	42	15	44	18	26	12	21	31	
35	33	25	43	6	29	36	43	26	25	1	39	22	27	2	33	11	14	9	22	22	37	36	32	0	22	22	23	31	30	21	40	19	21	21	11	20	32	23	10	
32	37	32	20	41	41	7	39	6	27	9	16	19	35	36	7	14	20	6	5	20	6	27	17	42	0	15	17	18	30	18	35	35	24	18	34	16	35	31	33	
1	15	8	5	34	14	1	17	25	10	32	14	24	25	33	28	35	20	21	28	17	8	39	14	29	8	0	15	29	8	9	18	12	30	33	14	21	2	29	9	
14	13	24	17	21	18	3	27	7	10	29	21	32	29	21	31	25	4	19	41	1	36	8	16	23	32	5	0	30	21	21	26	21	17	13	11	2	22	29	20	
7	2	1	19	32	23	20	25	16	41	12	33	19	26	14	28	23	40	37	36	33	25	46	8	33	23	8	35	0	34	7	17	9	35	34	18	26	7	12	7	
15	15	18	5	28	21	24	29	22	17	19	5	11	31	39	29	19	4	22	12	14	28	39	19	13	35	7	20	14	0	29	2	1	22	34	3	5	2	13	3	
16	4	30	27	3	5	40	9	20	3	32	21	28	21	21	23	27	32	15	6	25	34	19	5	13	17	14	4	16	20	0	28	15	27	24	28	28	24	27	10	
35	25	35	2	31	42	8	15	39	16	15	41	22	14	43	33	4	1	9	33	28	32	8	14	7	22	37	19	36	47	15	0	26	45	5	37	31	27	25	35	
31	31	34	18	8	30	25	18	26	3	20	21	27	25	28	17	35	20	24	6	27	11	36	35	15	6	23	7	30	8	33	18	0	26	28	4	21	18	27	9	
31	31	22	21	10	37	26	17	24	4	33	10	24	26	17	35	35	20	11	28	30	14	24	9	28	24	23	36	17	8	23	18	17	0	8	4	15	18	25	4	
35	29	3	6	26	25	23	46	19	27	5	24	31	11	17	22	28	24	41	28	30	47	12	5	33	36	2	8	34	12	35	14	21	20	0	23	25	18	11	17	
15	4	4	16	26	4	35	30	7	4	30	10	13	12	29	22	27	15	12	7	17	35	12	5	2	25	18	30	16	3	2	13	6	14	12	0	16	13	18	14	
29	37	29	35	38	38	5	11	37	24	19	5	16	29	27	15	28	18	3	25	37	48	20	18	33	16	34	35	17	33	15	10	41	32	15	39	0	6	27	37	
8	21	2	17	33	33	15	24	34	29	24	7	23	39	14	34	31	10	11	8	9	27	25	24	20	22	16	15	4	4	23	14	13	5	23	15	17	0	25	13	
28	30	33	33	10	35	5	38	29	22	45	7	36	15	35	23	8	48	23	21	38	5	47	45	46	21	35	28	35	42	35	32	24	10	35	20	21	41	0	8	
42	15	16	32	48	34	25	13	22	39	5	25	24	6	4	20	10	38	23	27	33	8	40	24	1	36	24	25	13	32	5	11	9	21	35	21	6	25	25	0	
M2
0	12	22	22	30	11	6	25	17	14	10	28	16	10	19	8	20	12	17	25	21	11	18	23	11	2	22	1	6	16	18	28	2	22	25	26	23	8	25	35	
2	0	23	20	26	17	14	27	26	2	11	25	3	5	18	17	7	3	25	23	9	20	26	29	27	11	10	23	28	17	2	16	15	28	14	7	13	18	2	23	
4	32	0	15	27	29	32	21	35	26	28	30	34	12	6	36	28	32	25	10	33	13	2	3	11	24	25	13	32	9	37	3	31	32	10	28	15	24	1	26	
28	26	11	0	22	13	13	27	5	30	32	29	10	32	19	38	10	2	21	28	31	30	21	14	29	21	5	14	33	35	21	31	25	13	16	25	25	28	29	22	
25	24	4	20	0	14	21	28	12	17	26	18	16	18	10	3	16	20	14	13	24	1	22	3	21	18	16	2	14	3	13	22	13	11	20	14	2	21	8	30	
17	8	32	8	27	0	46	7	21	26	24	33	7	16	29	29	31	23	1	30	22	16	3	14	36	25	32	22	16	18	34	25	5	4	8	23	5	26	34	29	
15	23	16	1	1	17	0	16	29	17	19	18	29	3	13	20	2	24	16	16	24	15	11	14	2	15	25	32	30	16	2	23	12	28	29	30	12	17	16	37	
2	18	3	18	37	3	23	0	26	36	20	39	14	24	26	24	17	13	6	40	32	22	13	21	42	31	40	16	26	28	34	35	15	10	18	2	6	36	15	39	
18	19	16	4	6	28	23	3	0	12	4	25	19	23	14	27	23	10	11	14	19	8	11	4	28	15	15	5	25	27	35	20	24	24	24	18	22	22	34	37	
12	1	27	26	26	20	27	19	18	0	3	17	19	5	22	9	20	24	26	28	1	14	21	21	21	5	2	15	20	9	19	8	20	31	6	9	28	12	20	32	
25	14	27	12	24	7	22	21	31	7	0	16	21	11	18	22	33	4	5	21	14	23	17	12	7	18	15	6	12	16	26	21	11	18	19	22	2	25	21	43	
15	15	16	30	36	28	9	33	26	16	18	0	22	20	25	17	26	6	30	23	23	17	24	31	19	8	24	13	22	22	27	29	7	39	1	31	7	14	26	32	
19	8	34	15	11	14	29	26	9	1	5	16	0	12	23	16	1	17	22	32	8	21	11	15	18	12	9	22	3	16	26	15	20	21	13	16	26	16	27	5	
5	12	20	19	6	25	16	17	16	15	20	22	29	0	29	15	20	24	6	14	12	5	18	29	25	15	10	24	26	18	10	26	23	28	27	20	19	22	25	34	
19	8	2	9	33	4	24	17	19	1	10	7	6	12	0	16	20	25	12	17	3	21	14	15	3	12	8	20	6	16	26	15	16	15	1	8	16	19	16	12	
23	20	25	20	22	5	12	19	3	28	27	23	19	9	33	0	9	15	13	24	34	25	15	9	29	16	14	32	5	16	4	33	5	16	11	35	15	23	29	41	
27	1	17	23	17	8	30	4	11	26	26	25	22	29	14	32	0	27	16	41	33	8	18	29	28	25	34	17	31	33	18	10	19	19	1	4	4	1	27	29	
13	17	26	17	28	2	21	16	25	26	7	4	16	21	25	32	23	0	10	30	12	8	1	1	16	22	1	12	25	11	37	27	14	13	5	11	7	29	30	28	
25	16	38	31	38	16	28	25	19	9	1	8	25	20	19	10	24	31	0	4	10	22	26	25	36	20	17	17	20	22	20	23	7	8	21	24	28	9	35	4	
13	14	8	22	24	7	14	1	4	8	17	25	21	5	22	23	23	27	15	0	15	8	17	23	11	19	16	6	30	23	27	22	19	18	20	23	19	24	25	5	
18	20	3	24	25	16	13	6	19	28	30	40	30	4	24	19	2	35	17	3	0	24	9	8	13	22	18	38	30	5	1	30	14	13	28	4	12	29	26	43	
15	16	17	22	36	26	33	25	24	9	18	8	22	16	22	15	6	10	4	25	16	0	12	23	11	8	17	30	16	22	25	12	16	14	21	6	5	15	25	20	
7	8	25	33	16	19	16	26	25	1	6	24	12	12	2	16	27	9	25	13	5	20	0	16	28	12	9	22	27	16	4	15	17	15	13	16	15	19	7	39	
10	9	18	7	22	20	13	32	31	7	15	5	18	18	21	22	17	8	13	27	7	2	20	0	20	4	15	28	27	18	24	21	22	25	4	15	16	11	4	25	
13	14	32	4	34	11	25	7	27	8	10	31	20	19	4	18	24	15	7	7	15	15	21	5	0	6	16	29	29	7	21	22	13	19	20	22	17	13	7	37	
1	4	29	21	22	25	26	24	30	6	5	20	8	17	11	21	12	22	16	17	13	3	10	22	10	0	14	27	28	8	14	20	27	26	18	18	17	1	24	27	
25	14	7	15	34	1	10	15	6	7	16	30	15	18	30	22	11	25	9	13	14	19	2	1	34	18	0	28	10	22	21	8	13	12	16	22	13	25	33	12	
8	20	2	19	32	5	18	19	20	25	28	20	2	18	6	30	21	33	13	25	17	23	15	23	11	24	33	0	13	25	32	17	8	16	15	10	17	11	10	34	
24	4	5	23	31	14	21	28	12	8	17	31	13	14	32	3	18	10	17	33	15	14	8	5	31	19	4	29	0	15	11	7	14	25	20	4	1	26	30	34	
9	12	1	20	24	15	22	4	13	14	13	28	4	3	19	4	8	25	6	25	20	11	18	10	18	2	22	10	15	0	14	10	5	23	13	23	16	9	32	22	
23	22	13	22	24	7	4	21	19	32	29	39	21	3	28	10	25	31	15	31	30	23	16	25	17	30	28	30	21	17	0	21	5	18	22	26	3	37	17	43	
4	10	23	3	29	6	9	20	20	12	8	3	11	23	21	11	16	29	14	17	7	14	16	26	20	5	20	2	22	5	21	0	11	17	21	27	2	12	31	4	
3	19	24	19	38	4	19	17	23	26	4	25	5	18	4	14	23	26	12	23	33	8	9	25	19	25	26	25	25	13	7	8	0	15	19	13	16	15	1	12	
27	32	2	27	34	32	29	7	41	29	3	28	10	13	26	35	7	15	24	20	36	11	32	16	31	22	35	29	36	35	30	14	36	0	3	10	8	19	32	8	
19	21	14	21	37	6	32	4	22	39	21	43	20	16	30	14	29	13	7	31	20	29	16	3	41	30	34	11	25	27	24	25	6	17	0	27	18	4	1	12	
22	6	32	37	20	32	32	27	30	6	4	15	25	17	26	21	32	33	30	20	13	26	33	15	26	17	14	13	32	21	20	2	20	32	18	0	5	24	3	8	
23	30	16	31	24	25	4	35	27	24	11	17	19	3	19	31	38	39	24	32	9	23	35	27	25	33	26	36	25	5	23	7	36	36	36	17	0	1	12	29	
12	9	26	18	25	3	11	17	25	2	11	2	17	7	26	17	25	32	11	29	9	22	13	20	15	13	1	20	26	17	27	16	15	13	14	11	15	0	12	31	
6	11	22	30	21	15	3	27	18	6	15	22	20	17	18	21	7	24	18	7	6	5	12	8	22	6	14	16	1	20	16	20	27	26	7	20	8	13	0	34	
11	14	29	25	29	23	20	7	35	16	13	21	11	8	4	26	19	23	8	27	20	4	20	16	20	4	24	23	26	18	8	25	21	17	17	17	18	5	33	0	
M3
0	32	6	30	18	22	22	24	6	18	20	22	28	14	39	16	23	34	20	17	20	6	11	6	8	36	14	11	22	34	18	31	30	42	13	16	18	21	30	10	
14	0	37	32	6	23	25	21	15	17	19	21	35	13	4	4	4	13	5	25	29	5	12	17	15	34	28	9	20	21	6	23	31	20	4	30	17	31	21	20	
22	15	0	10	9	2	17	35	9	26	31	6	32	11	38	23	10	33	27	12	15	17	31	1	12	16	31	17	32	39	13	16	39	34	34	10	29	9	10	33	
11	27	41	0	10	26	33	24	5	2	39	33	30	33	1	35	34	10	25	13	12	25	24	29	33	21	32	25	33	33	41	29	24	28	38	31	37	35	30	39	
12	3	20	33	0	28	24	12	31	3	16	21	28	13	28	11	19	21	18	8	24	5	8	10	9	25	8	11	19	19	22	32	25	35	24	32	17	11	31	34	
12	18	30	15	11	0	1	37	12	28	15	19	32	29	25	25	24	34	5	25	13	23	29	24	12	19	33	5	28	16	3	18	15	11	7	30	21	26	31	46	
23	3	27	15	31	29	0	24	12	11	3	29	15	6	28	12	5	2	36	6	9	22	33	27	12	27	20	16	19	39	3	16	19	32	20	6	2	24	39	11	
27	14	4	28	1	8	4	0	27	18	31	22	18	28	7	12	27	23	17	23	5	20	15	19	8	27	23	17	28	31	29	27	25	13	38	28	32	17	28	19	
31	31	27	12	30	15	35	7	0	21	2	32	10	1	6	27	33	15	43	27	27	35	21	19	30	22	4	42	30	19	22	22	24	8	43	14	45	26	12	2	
16	33	19	18	16	30	11	6	31	0	21	23	8	12	5	18	27	15	21	8	24	7	15	10	17	2	30	38	37	11	22	30	2	35	19	9	19	36	8	24	
7	35	17	24	20	31	26	26	7	20	0	24	17	8	39	13	1	20	13	27	25	8	12	19	18	22	22	2	34	30	17	6	34	28	27	32	20	14	5	12	
22	26	38	26	21	3	35	17	2	25	1	0	26	10	9	7	12	6	20	9	23	13	19	20	23	13	25	20	5	15	32	15	5	34	32	28	9	1	26	1	
30	1	28	38	20	21	25	32	40	14	33	37	0	29	18	15	16	5	31	3	21	21	25	21	21	36	6	3	23	6	33	8	1	30	16	14	1	16	8	35	
28	12	1	5	16	17	26	16	24	27	20	21	27	0	24	23	8	8	39	27	23	32	6	16	27	18	38	32	34	13	28	30	33	4	6	8	34	24	5	43	
4	22	35	31	5	26	32	9	31	1	17	10	29	11	0	14	32	28	17	8	35	3	1	26	13	23	19	30	33	23	26	13	22	35	22	30	10	21	12	32	
35	20	13	35	19	29	12	24	2	33	37	1	38	37	35	0	5	35	12	18	12	29	6	28	36	6	3	17	3	22	40	17	18	38	37	37	27	25	33	29	
19	14	5	18	23	7	27	12	5	37	45	25	2	3	2	15	0	11	36	29	34	36	5	20	31	32	29	25	35	11	24	35	7	18	34	17	19	28	19	7	
32	26	26	4	35	20	25	13	32	30	37	38	32	23	15	25	9	0	29	37	15	23	19	34	24	21	8	7	41	25	24	37	31	7	9	27	4	43	8	43	
26	37	31	18	20	1	20	31	30	17	8	33	23	11	28	8	20	19	0	3	21	17	18	14	7	13	38	42	13	13	26	1	37	23	32	8	22	9	24	24	
11	14	35	36	20	19	8	5	15	20	8	24	9	4	37	5	2	23	22	0	32	8	41	25	18	21	11	41	12	28	23	38	30	23	27	25	4	34	34	8	
7	23	34	15	6	24	35	19	29	13	15	17	21	9	7	12	30	23	15	27	0	1	23	19	11	33	16	31	31	29	24	6	35	28	20	16	13	14	16	20	
3	21	31	22	6	17	35	12	22	6	8	10	24	2	31	5	23	30	8	28	30	0	28	22	4	26	26	31	24	22	17	24	28	32	13	28	6	23	28	32	
16	2	25	35	18	27	21	7	27	34	36	38	37	30	17	25	23	23	17	17	20	22	0	6	17	30	40	34	24	10	18	18	44	21	39	37	34	4	41	46	
16	34	11	20	19	27	7	25	12	19	21	23	22	15	28	18	8	28	17	2	5	7	27	0	2	30	31	19	22	29	3	25	39	38	24	35	19	33	28	34	
10	37	24	21	26	21	13	14	12	21	28	16	2	22	31	12	1	8	28	26	8	14	22	18	0	41	31	46	2	9	3	5	31	27	18	31	26	13	38	17	
11	20	27	16	3	17	24	20	14	14	16	10	32	4	16	3	26	33	16	25	28	2	25	14	12	0	25	16	32	12	5	15	31	30	21	10	9	9	36	40	
26	36	28	27	19	28	18	35	1	24	12	19	8	25	6	28	2	26	31	15	22	17	18	8	19	27	0	36	21	32	20	25	14	29	11	3	7	17	39	47	
31	3	15	4	8	21	21	26	37	25	13	32	16	30	33	26	38	9	6	26	35	22	9	21	27	17	30	0	36	11	33	19	32	41	20	25	21	27	39	12	
15	23	3	27	18	19	31	24	3	18	18	19	22	14	38	17	21	15	20	29	15	6	33	18	2	9	38	6	0	29	23	23	38	16	15	9	18	26	27	37	
17	9	15	31	20	27	18	18	22	7	22	24	19	4	31	19	19	28	13	13	16	8	38	2	13	28	32	30	33	0	14	31	2	46	17	30	10	37	35	8	
12	29	36	29	30	20	11	33	1	37	24	35	21	33	38	31	13	27	38	27	15	25	24	16	1	45	23	44	21	28	0	24	39	46	13	32	23	32	30	36	
24	39	24	36	35	35	23	24	26	10	19	35	16	19	28	1	24	35	17	15	21	23	11	7	18	30	38	35	22	26	19	0	32	16	25	20	35	2	27	47	
11	25	17	41	21	33	11	11	37	26	29	28	23	23	24	17	33	8	29	12	37	15	27	23	25	36	28	35	35	36	32	10	0	32	22	30	4	15	21	18	
28	10	6	17	28	16	23	27	29	10	31	26	12	23	22	6	30	10	22	23	6	21	5	14	25	1	38	21	22	5	25	26	32	0	40	30	33	26	7	42	
30	14	47	41	42	9	41	40	46	21	11	28	32	7	14	26	13	24	6	11	32	30	41	27	30	36	23	25	35	36	39	24	3	46	0	31	32	18	28	21	
18	21	25	36	29	24	2	24	18	7	10	17	24	27	22	9	28	3	16	23	7	24	19	15	9	4	39	17	13	24	9	2	9	6	11	0	36	10	16	42	
7	34	8	16	19	24	19	6	24	9	21	2	12	1	34	18	8	40	21	14	15	7	16	3	14	14	35	16	34	15	15	20	5	17	14	32	0	28	32	45	
4	5	10	30	14	5	19	4	24	14	16	18	30	10	28	13	20	3	15	6	17	2	34	3	11	5	34	8	31	11	15	17	1	32	4	34	14	0	8	38	
3	22	24	10	25	7	34	27	25	10	34	24	24	33	27	22	19	28	33	24	8	25	16	18	8	19	16	29	16	16	23	24	9	5	44	22	15	26	0	2	
26	34	26	35	32	5	22	4	10	28	36	9	25	16	33	6	10	43	32	5	10	22	28	6	17	42	3	33	7	44	18	32	1	42	33	37	27	25	26	0	
