40  6  1
6
	0	51	1	24	2	49	3	44	4	34	5	88
	0	40	1	55	2	18	3	72	4	97	5	25
	0	26	1	68	2	58	3	24	4	45	5	3
	0	46	1	84	2	30	3	52	4	29	5	90
	0	77	1	38	2	15	3	96	4	56	5	15
	0	51	1	34	2	8	3	57	4	78	5	1
	0	25	1	6	2	44	3	41	4	86	5	43
	0	75	1	45	2	11	3	94	4	80	5	38
	0	51	1	78	2	4	3	43	4	30	5	66
	0	90	1	21	2	10	3	98	4	91	5	37
	0	44	1	88	2	51	3	99	4	34	5	6
	0	46	1	68	2	9	3	19	4	54	5	40
	0	96	1	37	2	97	3	46	4	47	5	80
	0	59	1	23	2	35	3	81	4	5	5	38
	0	51	1	77	2	21	3	98	4	48	5	62
	0	65	1	48	2	22	3	92	4	7	5	52
	0	22	1	79	2	82	3	16	4	36	5	13
	0	91	1	81	2	90	3	89	4	30	5	14
	0	47	1	34	2	25	3	64	4	19	5	63
	0	96	1	56	2	8	3	6	4	1	5	52
	0	36	1	86	2	2	3	4	4	45	5	43
	0	85	1	57	2	75	3	22	4	6	5	96
	0	40	1	87	2	42	3	47	4	63	5	24
	0	90	1	61	2	57	3	29	4	27	5	51
	0	34	1	16	2	25	3	57	4	2	5	83
	0	78	1	66	2	75	3	15	4	16	5	5
	0	3	1	20	2	71	3	77	4	3	5	21
	0	38	1	32	2	34	3	57	4	67	5	71
	0	73	1	58	2	38	3	25	4	58	5	2
	0	38	1	73	2	19	3	71	4	29	5	82
	0	12	1	56	2	73	3	75	4	24	5	83
	0	65	1	77	2	16	3	67	4	69	5	78
	0	22	1	2	2	90	3	27	4	17	5	51
	0	95	1	39	2	31	3	94	4	78	5	71
	0	62	1	53	2	46	3	24	4	20	5	98
	0	46	1	45	2	5	3	84	4	76	5	65
	0	100	1	13	2	51	3	73	4	39	5	92
	0	7	1	29	2	58	3	29	4	70	5	60
	0	71	1	10	2	27	3	87	4	10	5	24
	0	62	1	91	2	16	3	48	4	65	5	95
SSD
M0
0	50	4	6	39	26	30	37	51	20	16	22	53	48	39	29	22	18	5	41	53	59	38	16	4	32	30	48	3	48	13	24	29	73	26	34	32	8	18	12	
85	0	69	62	73	75	64	25	4	54	23	71	24	35	28	56	51	29	85	82	57	51	14	44	63	66	79	72	54	69	61	17	63	47	31	41	44	42	83	69	
17	73	0	41	12	50	18	7	21	58	53	38	43	37	9	15	57	48	73	60	60	55	27	66	44	10	49	44	31	18	2	16	25	68	15	53	44	63	19	8	
50	44	21	0	23	56	21	48	68	25	66	10	35	70	29	34	37	21	54	20	37	35	24	31	53	33	9	63	31	30	49	63	27	52	37	13	35	23	57	39	
2	13	11	40	0	32	17	3	34	21	62	20	45	46	10	30	3	17	58	16	41	40	34	13	49	41	5	29	14	38	31	36	35	39	12	9	32	14	30	8	
41	53	28	66	57	0	23	3	46	13	54	37	9	55	40	45	15	11	11	41	64	42	27	9	54	57	43	1	45	47	43	20	22	55	30	3	14	1	26	47	
19	76	68	47	31	21	0	75	80	53	79	80	3	82	69	56	55	51	64	80	56	76	33	49	66	83	80	73	71	17	76	58	62	61	70	29	78	41	11	6	
51	65	24	70	50	37	12	0	39	20	57	53	32	21	33	45	8	29	57	33	57	55	53	46	68	55	36	17	37	6	36	12	26	58	49	4	7	38	48	25	
60	54	70	62	66	69	52	9	0	58	7	16	35	57	24	1	44	10	83	31	57	16	14	56	8	57	64	56	39	63	49	30	25	67	42	53	66	48	60	22	
18	41	37	47	32	56	52	70	69	0	83	63	7	20	11	74	50	46	19	66	29	29	22	34	70	67	78	52	17	81	59	38	20	67	30	68	28	36	67	2	
25	55	30	60	52	36	5	53	39	15	0	38	25	59	41	40	16	13	56	43	66	9	57	11	31	21	38	5	9	26	33	47	24	18	32	20	40	3	41	9	
58	28	33	50	4	7	14	41	35	18	59	0	42	24	14	27	30	14	21	13	29	22	7	24	46	7	2	56	26	35	43	15	37	43	30	6	29	16	11	32	
80	44	46	51	1	53	44	10	65	47	35	28	0	71	32	32	39	16	19	42	5	47	3	34	31	55	32	56	56	27	36	37	53	66	13	36	52	35	58	30	
42	61	29	50	4	22	48	57	7	28	65	66	61	0	59	28	40	36	18	31	18	31	2	7	15	53	54	20	55	66	43	52	37	69	4	35	63	26	55	19	
34	75	47	61	51	54	61	54	7	60	58	1	60	53	0	47	58	61	68	29	62	55	22	35	60	37	49	14	3	29	18	32	41	8	31	9	32	63	5	14	
17	70	4	70	36	51	34	37	51	14	25	48	50	67	39	0	32	28	71	13	68	17	51	26	66	10	22	13	35	20	32	46	39	1	45	26	49	18	49	24	
62	65	37	40	20	7	18	15	9	14	57	42	46	21	3	31	0	18	69	12	40	30	31	28	48	25	6	4	30	39	6	20	29	49	19	10	32	20	54	13	
44	3	32	78	15	48	13	40	39	17	58	11	15	72	36	26	29	0	68	12	27	55	30	23	45	59	1	55	25	34	54	60	36	7	7	5	28	15	49	6	
42	49	34	74	40	14	38	18	30	8	73	71	66	26	19	29	12	38	0	37	6	48	55	48	35	59	26	20	50	22	40	54	61	67	53	30	53	40	59	44	
74	21	52	57	19	13	47	52	60	37	45	52	38	2	64	45	39	35	73	0	2	44	9	17	58	8	62	59	56	68	16	30	39	63	12	14	49	25	3	5	
68	40	55	51	3	16	36	63	61	31	56	63	64	73	37	44	52	36	71	1	0	6	52	46	68	45	24	21	48	57	55	17	59	25	52	3	11	38	17	2	
17	65	41	61	15	47	36	35	50	26	73	24	53	35	53	49	28	24	67	38	23	0	13	22	62	46	28	54	45	35	56	62	29	69	30	32	51	14	12	58	
63	43	60	8	42	30	51	35	22	8	73	64	19	58	25	71	47	21	75	40	3	34	0	12	9	12	46	55	13	69	55	10	46	64	58	42	50	33	29	28	
70	76	44	91	28	61	26	11	15	30	21	73	54	85	21	39	42	23	48	23	60	4	43	0	36	1	14	58	15	42	70	36	47	57	42	18	32	28	62	44	
20	12	30	74	54	39	28	11	51	18	30	50	27	15	10	45	20	4	59	32	15	57	40	14	0	61	48	44	15	26	42	56	3	50	35	52	24	6	38	13	
20	20	20	62	5	29	13	44	13	21	48	50	41	48	37	20	33	17	72	16	3	45	14	26	49	0	5	40	29	8	15	29	38	48	28	9	32	19	47	35	
53	59	28	74	11	44	9	36	56	13	54	61	37	68	32	22	25	9	64	8	43	52	26	19	41	55	0	51	21	30	53	67	32	40	25	1	24	11	45	27	
54	36	68	27	54	21	52	22	7	8	15	49	16	16	37	6	12	12	40	46	74	3	49	56	47	21	40	0	6	8	40	54	61	32	53	44	39	54	59	10	
26	22	72	66	64	5	58	23	46	44	28	14	35	36	38	45	51	41	67	20	40	38	47	49	8	60	62	1	0	42	50	64	11	58	35	32	66	46	4	49	
81	21	50	47	10	35	37	43	37	11	82	57	65	49	14	1	6	37	64	31	68	58	46	10	44	40	25	31	49	0	21	32	44	33	34	29	48	39	55	41	
52	67	28	61	25	36	58	24	32	44	73	24	35	23	51	17	43	34	70	72	46	41	13	60	30	7	71	48	28	71	0	2	11	58	1	58	52	52	69	22	
45	15	29	45	50	36	48	62	32	20	63	47	32	10	45	54	40	36	3	47	14	6	60	34	64	33	36	10	21	20	35	0	47	44	48	23	32	26	67	49	
69	34	46	68	54	52	25	48	59	11	41	37	2	52	18	46	28	29	72	39	75	70	40	27	59	36	52	36	57	59	17	31	0	25	30	56	45	19	61	51	
50	59	20	67	38	34	30	26	36	28	66	62	25	40	30	49	5	8	69	35	48	15	47	20	23	52	24	31	44	45	33	47	3	0	45	28	22	16	64	14	
7	80	62	64	69	73	53	68	42	62	39	68	79	67	26	45	44	58	55	71	55	72	57	68	51	8	67	62	61	26	32	9	55	29	0	71	60	60	6	59	
19	86	57	36	48	16	26	54	62	51	7	14	25	53	15	5	54	50	22	57	46	5	3	48	43	8	46	49	56	68	18	32	41	63	31	0	13	40	62	52	
57	13	14	30	45	12	34	31	34	24	59	49	33	2	28	55	3	6	65	37	55	55	49	20	36	12	31	29	42	58	31	33	9	15	41	35	0	12	59	28	
59	45	20	61	49	26	15	44	38	5	52	61	38	50	32	57	7	3	46	33	69	54	47	1	77	54	35	33	59	57	35	49	14	61	22	39	30	0	41	39	
85	54	68	1	9	57	41	75	64	60	60	4	51	73	37	30	69	64	10	11	50	60	57	37	62	57	52	19	36	54	66	65	27	51	23	33	31	66	0	15	
60	41	55	62	5	7	36	37	46	40	67	76	20	55	40	10	15	36	37	35	55	8	32	34	6	55	24	31	48	49	43	18	43	67	52	28	51	38	13	0	
M1
0	26	20	57	30	14	21	18	9	36	44	9	17	25	6	19	30	50	12	36	54	28	6	7	20	39	42	39	35	35	71	33	5	42	32	20	37	9	39	7	
23	0	31	3	15	14	19	38	34	61	36	50	32	50	16	25	60	12	22	20	14	61	44	44	40	21	40	37	1	40	66	31	46	42	30	30	22	14	1	46	
33	43	0	39	16	15	20	36	11	3	35	41	33	44	27	26	65	9	23	21	10	9	63	33	41	2	32	38	8	30	54	32	37	63	31	31	23	29	2	50	
51	26	35	0	45	43	32	26	13	33	36	26	45	3	39	54	61	29	8	35	49	45	49	53	37	30	28	44	28	8	84	7	22	18	43	11	47	14	33	61	
2	40	46	53	0	40	47	44	35	28	16	35	43	18	6	45	56	1	38	50	51	54	32	33	46	65	41	40	29	48	15	59	31	47	6	46	61	26	49	33	
28	41	31	55	15	0	19	47	28	41	27	38	32	53	26	25	52	12	22	18	37	57	58	48	39	18	40	35	11	39	57	31	34	61	30	30	21	5	1	48	
55	30	6	30	22	49	0	42	9	62	66	38	7	32	1	23	48	58	46	62	43	36	42	23	28	24	15	65	19	28	66	6	34	50	5	5	10	39	48	37	
34	29	40	22	31	30	69	0	29	11	52	29	18	20	2	18	44	46	22	52	49	48	52	36	40	8	40	17	53	2	62	48	25	26	21	60	58	61	54	39	
41	39	18	1	1	58	63	5	0	6	48	21	66	47	4	34	68	40	50	64	2	48	11	36	1	20	35	55	14	32	54	50	43	23	37	61	19	46	45	46	
34	45	31	35	17	42	46	12	44	0	71	40	59	40	43	53	41	52	62	60	17	29	41	9	44	30	8	61	21	6	30	58	63	57	57	45	62	57	41	65	
64	34	35	63	29	10	52	51	42	42	0	32	20	3	59	58	64	29	55	35	27	40	61	24	32	28	59	10	5	11	28	18	38	32	32	53	14	43	34	41	
68	28	2	55	41	49	54	10	36	20	64	0	12	10	56	50	40	36	57	42	4	46	38	50	17	22	49	60	40	8	5	33	32	39	26	50	8	37	36	13	
44	39	30	6	33	60	65	50	41	35	61	41	0	13	63	12	41	23	29	38	31	48	64	65	1	20	27	26	24	3	73	36	37	23	37	61	19	46	60	10	
64	49	9	51	54	52	37	27	52	16	68	6	43	0	44	66	55	3	75	9	54	66	58	46	64	33	45	33	58	7	67	18	49	6	48	48	47	53	54	37	
26	47	5	47	31	49	55	30	30	57	65	29	4	46	0	27	18	64	36	57	69	49	23	57	41	42	41	67	7	21	2	16	26	63	17	34	28	57	60	12	
9	59	44	16	6	47	32	51	14	31	3	42	45	58	39	0	63	45	24	69	1	61	11	40	53	50	53	55	57	58	59	44	38	67	43	43	48	42	72	36	
41	25	24	22	23	22	27	28	33	12	33	33	40	33	34	33	0	20	30	19	29	22	52	42	23	19	1	45	22	23	63	39	29	45	23	38	5	34	9	19	
32	20	18	42	23	22	6	3	5	59	44	50	10	44	13	33	33	0	30	28	55	12	54	35	40	36	27	45	24	40	19	18	46	45	17	9	22	26	9	39	
19	25	35	48	36	49	57	42	33	40	37	33	12	49	28	39	28	48	0	54	42	52	47	50	6	7	51	2	29	23	53	14	29	9	23	45	5	5	63	24	
44	27	27	54	26	3	42	31	35	39	59	35	42	36	49	24	21	42	11	0	32	25	54	69	25	15	4	39	46	25	54	54	31	47	25	49	7	10	31	4	
57	45	10	68	17	46	71	58	30	57	23	29	54	45	61	21	11	10	8	29	0	60	18	51	48	49	69	31	71	2	14	56	45	23	61	6	47	35	75	7	
58	14	27	49	18	52	48	38	3	5	33	66	6	56	46	43	13	27	51	58	43	0	58	35	32	20	34	67	47	32	42	22	71	6	24	7	47	53	62	53	
45	25	33	57	5	24	57	9	25	1	11	42	70	21	49	72	57	37	60	26	39	11	0	7	47	22	24	40	36	25	50	62	53	50	47	55	29	55	57	45	
50	35	29	71	31	30	35	7	18	30	52	15	48	22	42	41	54	28	38	36	22	21	41	0	29	48	27	38	10	44	30	47	14	26	46	22	36	8	17	53	
35	22	13	26	41	49	51	39	30	18	49	30	53	30	58	17	55	56	33	57	20	49	49	48	0	3	47	38	7	20	69	47	26	6	20	44	2	29	56	29	
63	54	32	53	42	28	51	7	61	35	59	39	47	72	54	39	30	6	42	32	56	1	15	65	41	0	64	58	48	29	50	63	58	40	31	59	34	63	33	13	
20	52	3	30	27	14	18	7	33	50	48	12	31	12	25	37	13	24	34	32	8	1	50	47	16	11	0	33	24	10	73	30	45	29	29	29	34	47	13	51	
38	12	16	31	54	15	43	44	38	50	3	4	3	49	50	49	45	14	40	20	43	38	30	26	16	35	17	0	39	43	19	55	58	38	29	11	34	54	50	48	
22	16	53	46	14	7	43	37	52	60	67	46	47	21	49	16	1	15	1	3	64	23	52	20	28	42	52	37	0	15	67	27	48	44	47	54	29	40	42	53	
56	22	55	44	45	66	49	42	45	9	55	49	62	53	31	4	24	1	17	57	46	53	11	39	57	23	32	44	51	0	4	32	80	60	60	37	56	14	65	13	
27	47	26	71	61	65	37	34	44	54	11	55	49	71	6	66	6	58	3	54	79	23	28	49	43	41	58	39	62	45	0	30	51	46	5	48	27	33	85	49	
58	22	16	44	26	24	53	14	5	32	40	5	61	21	60	34	33	46	56	22	7	24	28	47	16	25	56	46	8	31	8	0	1	16	26	28	34	16	35	40	
63	19	13	55	23	21	50	11	2	29	37	2	58	18	57	31	38	43	53	29	49	21	25	44	13	32	53	67	36	28	75	46	0	35	33	61	31	58	32	37	
19	22	21	6	37	7	9	6	24	54	58	30	22	45	16	34	10	14	38	54	56	49	13	9	20	16	30	37	34	6	49	21	26	0	20	20	2	8	42	22	
45	50	41	54	5	41	46	7	46	13	40	38	12	55	21	45	48	11	49	47	32	16	69	43	12	31	23	41	31	19	24	10	42	17	0	22	30	35	28	57	
17	49	50	36	36	3	56	52	10	70	16	43	23	53	47	60	39	49	10	55	30	62	47	43	41	21	55	15	46	57	66	49	39	53	67	0	49	5	38	48	
56	7	22	47	36	34	63	24	15	39	43	15	38	31	65	34	51	56	54	42	41	34	34	57	5	1	60	46	28	5	68	59	11	27	5	29	0	16	45	14	
13	45	16	64	2	28	58	48	39	45	36	37	36	19	20	56	54	28	49	51	49	42	43	44	49	50	21	1	57	49	52	41	42	48	46	15	67	0	54	35	
44	31	20	44	4	3	8	48	23	63	25	39	21	46	15	14	62	1	11	9	57	50	56	37	29	25	29	26	5	29	55	20	35	51	19	19	11	24	0	38	
13	1	35	30	59	51	58	46	45	21	75	5	22	3	43	39	67	29	49	35	9	33	5	9	14	33	50	59	24	2	72	44	41	29	25	14	32	46	54	0	
M2
0	22	39	36	5	31	29	18	20	26	38	36	50	42	35	2	9	40	47	30	41	44	27	24	36	38	42	6	37	40	42	51	2	32	40	45	34	28	17	23	
39	0	20	7	10	11	38	33	29	10	22	22	14	45	46	28	1	34	43	22	48	28	32	35	41	26	26	30	14	38	47	40	27	21	33	33	35	19	40	28	
53	56	0	39	48	36	45	45	54	22	34	35	1	29	20	29	15	46	11	34	48	40	44	4	41	38	28	65	38	37	59	41	39	51	45	36	24	22	8	10	
2	50	16	0	44	7	24	50	25	39	23	25	31	45	20	36	40	47	29	18	13	7	8	28	49	35	24	41	5	19	46	23	6	15	17	33	6	29	38	38	
48	56	19	16	0	27	24	15	39	6	18	19	37	22	30	24	46	20	27	18	44	24	7	10	16	22	22	23	22	20	43	37	23	12	29	29	14	8	52	3	
52	61	1	44	55	0	19	49	10	44	53	30	16	45	27	21	25	32	24	46	43	14	39	26	55	34	55	31	11	51	65	34	58	53	48	33	58	14	23	58	
21	49	35	52	21	26	0	51	44	40	12	44	50	19	7	32	32	56	52	17	36	15	35	42	39	11	36	52	45	51	24	22	42	30	28	32	50	13	48	24	
34	70	47	47	32	38	1	0	13	38	50	33	60	40	6	24	31	35	49	29	48	43	10	29	63	38	35	26	8	55	54	51	55	53	11	44	55	35	47	50	
38	53	43	30	55	38	5	35	0	30	41	16	48	47	29	7	54	18	47	42	31	26	25	12	57	43	46	17	42	38	51	34	44	39	46	35	55	18	62	52	
39	40	3	7	42	11	22	13	29	0	2	3	35	25	27	8	32	14	39	2	28	8	34	43	35	6	6	41	10	35	27	21	7	26	13	13	15	13	42	38	
62	36	41	38	7	40	41	37	32	28	0	27	19	33	24	31	6	42	49	40	50	45	29	6	33	44	44	15	2	29	34	45	7	34	45	40	12	30	21	14	
43	28	18	16	30	26	21	28	33	5	17	0	36	22	15	3	35	17	48	17	32	9	31	47	32	21	21	36	25	23	42	9	22	14	21	10	30	5	37	35	
20	22	41	47	40	32	28	54	25	37	27	45	0	46	12	1	26	47	5	33	17	1	38	32	11	9	41	19	32	35	43	19	34	44	36	48	26	47	47	42	
38	21	20	28	21	39	23	11	33	42	54	46	51	0	28	41	39	44	63	42	47	57	32	46	15	58	14	48	30	40	47	57	2	42	33	25	40	29	60	13	
31	69	26	63	61	17	38	32	29	55	65	49	41	13	0	4	4	41	49	67	58	39	7	32	60	24	8	24	28	46	27	57	41	26	54	58	77	39	20	61	
42	48	18	61	35	9	20	52	27	51	43	47	33	44	42	0	42	49	41	49	54	31	56	43	54	14	55	28	13	20	66	33	15	58	47	32	62	31	40	43	
47	25	17	26	45	8	30	18	26	29	15	42	7	10	35	37	0	41	37	41	39	30	39	42	60	42	45	29	23	24	22	24	46	49	20	49	27	30	39	39	
54	46	22	31	18	40	42	42	55	19	31	32	10	41	31	30	29	0	24	31	31	37	19	43	23	24	35	34	24	53	55	41	36	27	42	42	32	7	10	36	
17	32	15	25	26	6	9	31	24	8	20	21	30	30	32	26	33	17	0	3	29	16	8	16	31	24	24	36	2	5	29	5	25	30	14	18	33	28	33	28	
49	46	10	41	40	1	12	47	19	33	28	19	25	19	21	30	22	41	29	0	18	23	48	33	29	43	14	31	20	46	42	19	50	42	3	7	47	19	32	32	
29	35	27	34	29	45	9	35	40	26	8	39	55	42	36	44	54	50	14	38	0	31	47	13	53	42	42	26	33	29	31	8	43	33	49	49	27	49	36	23	
32	17	30	37	32	32	12	38	43	29	11	31	17	18	39	43	31	31	6	23	1	0	39	16	28	45	22	29	23	26	34	11	46	36	21	6	30	45	39	26	
18	20	43	45	36	41	18	25	49	36	16	49	36	59	42	39	27	46	36	32	31	18	0	15	39	33	52	50	44	19	10	40	53	25	43	47	60	10	3	42	
52	16	44	41	30	35	25	13	37	44	31	40	41	19	30	48	35	15	30	32	21	47	16	0	36	60	54	49	32	52	26	31	56	2	30	15	50	53	16	28	
49	53	39	19	5	32	16	35	7	26	38	16	56	36	30	1	5	29	47	34	42	34	12	9	0	36	42	28	36	40	7	34	38	32	25	35	34	15	27	23	
42	44	40	10	6	43	12	26	3	27	25	23	31	31	25	12	28	25	31	36	15	33	5	19	31	0	14	16	30	41	48	24	19	33	34	19	35	25	22	24	
36	9	32	34	23	23	9	43	41	20	32	33	41	41	22	31	28	44	51	14	40	38	45	48	51	2	0	13	40	58	35	2	37	27	25	29	45	41	30	37	
13	38	23	30	32	14	12	38	32	19	11	5	38	31	29	17	27	11	8	31	1	23	41	16	12	35	35	0	33	32	34	11	36	28	35	24	30	19	39	12	
39	26	20	27	11	31	11	33	49	10	22	23	34	32	27	24	35	34	34	22	41	28	12	25	24	4	26	6	0	40	47	37	27	38	5	33	11	33	1	13	
15	41	7	52	41	30	41	61	48	38	4	27	50	23	30	39	55	49	54	47	47	26	43	58	52	51	35	12	9	0	45	20	21	38	38	30	36	41	48	4	
44	26	32	32	1	33	2	31	33	19	4	32	53	7	46	12	31	36	2	30	37	37	23	26	1	35	35	3	29	32	0	32	36	28	41	42	30	10	47	19	
18	11	15	19	5	23	34	25	41	2	14	15	31	37	39	20	30	26	35	14	40	20	27	30	36	18	18	43	22	40	17	0	19	9	25	25	27	25	12	23	
46	61	29	54	55	20	35	29	38	37	49	43	13	36	46	49	44	46	4	32	46	42	37	45	46	51	49	59	30	34	58	34	0	27	39	24	7	42	10	49	
32	24	11	37	26	2	12	38	20	22	11	35	26	27	4	28	29	1	17	34	1	24	31	16	3	38	33	29	21	32	34	11	39	0	38	23	30	24	21	8	
24	48	11	41	15	2	16	45	7	33	45	27	4	52	37	18	35	29	32	45	42	24	36	23	46	44	49	28	21	49	12	44	15	42	0	43	44	24	33	33	
48	37	24	45	47	21	6	35	39	34	27	20	21	7	41	32	20	46	33	12	17	27	54	32	17	40	34	45	12	34	30	27	44	43	10	0	46	34	30	20	
49	17	19	28	43	17	16	45	7	22	32	27	8	25	27	18	25	29	49	30	35	37	36	8	35	38	18	28	7	49	42	45	39	9	28	13	0	29	19	38	
46	38	27	14	1	18	18	31	11	22	34	31	42	38	42	22	51	14	43	28	46	40	9	10	32	38	38	32	37	36	17	16	11	28	39	38	30	0	40	19	
44	27	13	17	31	37	40	51	55	28	40	41	6	41	29	46	7	16	6	34	51	46	39	38	51	44	44	67	33	36	27	10	45	35	44	29	53	51	0	49	
45	52	15	46	22	10	21	49	28	43	34	29	30	3	45	39	35	29	42	27	32	32	23	44	32	52	49	42	27	11	45	37	33	25	25	10	51	32	41	0	
M3
0	64	40	6	62	30	48	26	11	32	34	48	50	25	39	29	38	1	3	41	25	8	44	50	43	7	64	31	37	5	26	53	57	40	54	58	20	48	51	38	
8	0	26	14	32	39	52	46	22	48	43	46	62	4	13	48	18	42	14	48	34	47	35	56	50	43	47	46	35	55	39	44	37	57	17	45	38	36	48	43	
49	11	0	26	32	22	52	18	3	32	61	48	24	52	53	34	34	35	6	10	53	22	32	62	34	48	35	1	25	23	16	14	34	33	23	51	11	31	65	66	
19	9	49	0	23	19	43	62	29	73	43	14	22	59	12	15	41	17	10	60	34	49	36	49	37	43	62	46	16	57	39	14	30	34	68	48	47	50	34	32	
15	36	1	32	0	7	51	43	28	19	60	58	49	68	28	24	50	51	31	35	65	22	2	28	16	64	49	26	24	5	1	8	59	50	48	31	35	29	9	60	
48	21	26	27	13	0	1	21	45	12	9	3	47	21	6	24	3	35	44	33	11	38	32	51	27	2	38	23	32	50	9	32	20	35	46	37	23	34	39	24	
69	5	44	54	70	37	0	33	52	51	41	48	15	51	49	25	34	3	62	59	32	71	53	23	66	14	14	13	33	53	33	60	53	20	72	6	2	27	70	45	
40	48	29	15	46	10	37	0	46	6	23	24	28	27	33	37	9	38	28	17	14	29	48	24	41	15	44	26	45	34	19	41	28	40	14	42	29	13	60	27	
45	56	23	13	8	13	31	40	0	50	17	2	47	36	56	43	18	2	41	35	8	37	18	33	50	21	70	12	51	29	12	26	37	54	48	36	38	75	38	21	
42	24	17	63	19	36	50	32	44	0	40	13	56	47	48	16	40	26	1	42	31	48	1	55	3	13	46	37	43	8	32	15	19	31	16	44	45	45	10	44	
25	45	50	5	46	12	47	8	4	33	0	28	25	53	36	23	35	40	10	11	35	5	41	27	20	47	54	47	20	20	37	42	50	34	24	35	31	43	31	19	
38	49	16	50	3	6	24	29	32	40	10	0	34	26	41	32	8	25	38	27	1	16	43	43	40	10	63	13	40	44	6	10	27	43	40	15	28	65	17	14	
32	31	57	32	42	14	65	24	7	29	51	52	0	2	14	31	31	30	11	7	42	19	38	1	30	24	40	48	54	24	33	39	50	8	20	28	49	52	62	33	
33	56	45	77	32	35	49	13	54	58	6	10	63	0	17	43	37	49	52	56	30	42	17	47	35	39	13	42	22	68	35	39	56	48	69	44	37	28	26	43	
64	47	12	6	46	7	65	30	26	4	70	67	15	59	0	61	41	63	42	46	68	58	37	14	31	50	68	37	54	31	52	3	60	63	38	58	47	67	44	45	
8	40	5	55	61	3	46	47	29	21	56	46	53	55	28	0	38	42	35	39	47	51	22	56	63	43	47	30	54	3	45	4	15	25	17	39	40	11	69	60	
53	46	11	40	28	26	34	44	26	16	41	12	28	2	40	38	0	52	25	14	32	26	47	32	16	25	57	21	55	31	37	41	3	23	27	46	4	41	48	22	
57	34	35	30	52	18	58	68	32	35	28	36	1	26	61	62	8	0	14	38	56	47	36	43	40	49	37	45	76	55	45	10	27	47	31	32	8	65	49	25	
41	39	12	53	10	14	32	41	37	14	18	40	48	30	36	40	12	32	0	36	9	25	37	29	44	22	67	21	5	14	14	22	4	31	48	31	32	43	62	22	
33	28	45	20	29	6	60	49	49	16	46	46	8	36	37	18	18	32	5	0	37	6	41	46	50	33	37	49	51	11	20	34	37	17	7	35	36	39	49	50	
33	44	11	45	41	1	19	28	38	45	5	61	35	25	44	31	47	20	34	23	0	35	38	38	39	9	58	8	39	40	1	24	48	42	36	60	34	66	71	9	
32	57	53	67	65	9	50	21	21	59	31	66	75	67	9	38	58	50	16	65	38	0	14	36	68	20	55	44	23	19	39	66	32	43	40	62	38	66	21	51	
35	50	51	15	4	41	59	43	10	78	45	42	58	54	8	5	46	55	50	61	36	12	0	41	78	24	72	38	38	53	31	64	54	1	74	1	66	33	3	15	
50	63	40	2	56	30	48	26	8	70	27	53	64	38	42	29	66	49	55	51	25	35	67	0	24	7	28	31	37	1	26	47	59	28	39	35	54	42	43	3	
38	49	43	63	6	33	3	7	7	43	37	8	59	24	35	47	35	5	24	54	28	43	46	45	0	31	42	40	29	71	33	37	39	55	12	40	15	68	9	41	
40	49	18	44	48	8	26	4	45	49	12	68	42	32	20	7	54	27	33	30	3	42	45	45	42	0	50	9	15	47	4	31	55	18	43	36	41	58	47	16	
60	52	17	56	22	28	46	51	44	8	32	3	44	48	43	11	30	47	37	30	23	31	17	63	62	32	0	2	62	19	28	32	49	48	35	22	46	11	39	36	
36	22	56	15	27	25	52	74	58	4	44	64	72	54	58	55	36	48	65	66	83	62	3	84	15	74	51	0	26	83	45	51	55	18	58	23	34	47	46	23	
52	9	48	42	56	33	2	49	7	43	11	52	35	44	57	17	45	2	14	21	54	32	7	66	20	38	37	56	0	38	47	61	64	1	34	31	6	18	57	67	
57	8	14	44	18	30	8	11	19	2	44	38	21	10	44	42	42	52	29	18	46	30	1	68	72	57	21	39	63	0	41	52	61	41	31	35	49	60	36	59	
39	50	17	33	47	7	25	34	19	51	11	42	25	31	12	37	48	26	40	29	2	41	11	23	45	15	56	14	45	30	0	30	39	48	26	25	20	39	30	8	
39	11	2	32	36	18	48	27	29	28	1	27	20	36	38	30	30	35	10	6	43	18	4	52	57	39	15	22	21	23	3	0	49	29	13	31	37	51	54	5	
70	50	67	39	54	47	4	18	58	22	47	32	42	34	46	9	55	48	50	62	52	16	52	33	71	58	59	58	26	57	43	61	0	52	72	38	47	20	31	27	
47	46	27	32	25	17	35	42	24	38	21	34	26	24	50	45	6	28	47	36	12	48	38	41	21	23	73	24	53	53	17	40	25	0	49	68	16	59	47	25	
2	54	21	46	51	11	29	21	27	7	15	69	39	35	37	24	49	1	36	25	6	25	10	15	44	2	6	18	21	42	11	3	58	35	0	4	5	37	60	19	
32	28	27	33	41	24	65	67	54	34	51	64	26	54	55	36	36	50	23	12	42	24	27	40	9	51	55	52	65	29	3	52	55	31	25	0	54	30	67	55	
49	46	11	18	32	28	46	8	38	67	32	10	23	52	40	27	37	43	41	45	23	45	42	52	26	5	26	29	35	8	21	39	54	38	58	44	0	66	46	17	
38	55	22	52	37	12	27	19	47	43	16	39	20	15	10	42	11	31	37	26	7	24	49	49	43	20	10	19	50	43	12	23	30	8	39	67	6	0	67	20	
39	52	17	58	7	39	52	59	44	34	54	29	46	18	58	56	2	27	35	32	49	44	21	43	34	43	67	39	66	49	54	13	21	41	37	6	22	59	0	40	
14	32	36	34	59	26	13	53	47	57	30	53	58	12	51	37	64	43	17	44	21	51	48	44	61	34	45	33	16	51	26	7	8	42	53	60	47	55	66	0	
M4
0	22	21	56	28	29	65	32	12	25	22	36	51	64	25	56	23	18	73	19	13	23	6	64	50	29	48	32	31	44	41	34	23	1	55	39	33	27	1	5	
4	0	11	44	25	30	31	10	46	26	29	31	7	20	8	27	23	9	29	20	12	1	32	4	55	59	1	10	22	16	19	44	24	22	36	10	29	42	19	5	
36	41	0	31	34	35	5	40	42	31	26	44	15	53	21	28	18	22	30	25	42	31	43	21	22	33	14	40	45	29	42	46	29	37	43	29	51	8	32	54	
57	37	37	0	8	42	39	33	27	2	37	52	55	28	24	24	46	38	37	57	35	24	39	50	18	44	49	33	15	25	38	43	17	33	49	40	47	32	41	55	
34	32	14	55	0	33	49	38	26	20	36	34	10	27	11	34	44	12	36	23	36	29	32	69	54	69	4	11	46	19	46	47	27	4	39	5	45	45	22	68	
27	23	26	44	33	0	39	4	46	30	39	41	37	41	19	24	28	39	50	24	23	30	19	49	35	28	31	39	28	30	44	39	28	37	35	46	47	46	6	22	
18	49	32	25	39	39	0	2	12	49	53	63	37	58	43	43	41	8	26	48	30	19	40	65	37	66	44	15	40	23	22	10	17	52	24	35	47	60	53	29	
29	63	24	56	13	66	55	0	66	77	75	5	60	87	33	66	86	50	66	71	3	73	20	25	60	71	54	19	59	37	64	10	27	46	50	49	70	76	64	43	
52	30	39	20	26	35	32	28	0	45	31	36	56	22	17	17	53	32	31	41	34	31	32	23	11	30	50	39	14	18	9	54	16	26	47	47	34	63	53	49	
37	53	41	32	34	49	50	3	23	0	73	26	21	71	42	42	53	51	46	39	32	43	51	22	36	5	48	45	27	21	56	57	43	25	23	45	32	8	54	26	
46	36	37	33	3	8	40	44	25	24	0	30	10	55	23	41	56	24	61	35	47	36	34	8	35	22	16	45	42	31	6	57	11	42	41	31	14	57	34	37	
36	21	22	11	17	26	23	31	15	31	29	0	53	38	8	8	37	25	47	25	33	22	23	23	2	31	47	30	21	9	22	4	18	17	38	38	31	47	57	42	
41	48	32	27	15	40	21	45	21	36	22	58	0	36	36	6	28	41	45	30	39	36	26	53	34	12	61	10	34	39	21	2	34	32	45	6	28	52	23	33	
38	27	12	23	36	32	17	47	50	38	4	25	29	0	27	2	36	5	4	32	7	38	22	40	30	59	23	24	34	35	19	56	30	16	56	36	25	54	41	36	
19	40	38	34	21	49	44	29	45	46	45	43	26	46	0	31	42	52	47	42	36	25	38	10	25	54	47	34	41	32	10	3	41	40	24	41	35	57	36	11	
50	35	40	14	36	40	8	50	41	45	32	53	57	23	27	0	63	33	32	51	35	41	13	53	21	50	51	15	58	26	38	49	37	36	57	56	16	73	42	27	
59	28	10	23	25	46	17	24	33	41	41	62	1	32	8	2	0	31	28	49	42	42	22	42	22	15	54	24	37	29	42	45	8	35	40	54	25	45	51	36	
21	29	8	38	1	1	32	58	37	11	29	26	54	20	27	17	28	0	29	43	32	49	22	56	45	57	48	34	24	50	44	56	47	41	46	61	40	44	25	51	
15	7	37	42	35	9	37	40	61	39	8	56	26	68	8	38	13	60	0	35	44	33	3	50	55	64	52	11	34	62	3	59	39	50	45	22	28	53	34	39	
10	18	1	38	8	9	51	14	42	5	60	49	36	51	5	42	27	26	58	0	16	5	26	51	36	56	30	14	22	30	23	23	3	44	35	21	33	21	45	49	
45	32	41	8	28	34	7	42	33	39	58	59	57	49	19	19	55	3	56	65	0	33	21	25	13	42	51	28	52	20	33	32	29	28	35	49	29	28	58	24	
38	25	7	37	27	37	46	3	64	33	67	38	25	58	26	52	16	27	67	27	5	0	50	40	52	52	19	3	15	34	12	51	31	66	54	10	22	35	37	45	
4	43	19	30	4	24	41	3	20	20	45	54	50	56	30	26	39	52	48	37	14	43	0	56	24	3	44	43	25	31	35	61	40	7	34	11	49	59	39	9	
40	11	31	39	3	39	42	30	31	35	57	40	16	49	11	27	43	18	30	29	32	21	12	0	30	48	10	30	7	25	39	26	15	45	41	25	49	44	28	19	
61	17	31	7	13	22	19	27	18	38	43	48	49	34	4	4	40	37	43	50	29	18	19	30	0	27	43	26	39	5	18	41	14	13	34	34	27	54	53	38	
29	37	20	11	23	28	29	33	2	10	63	53	45	54	22	34	32	45	40	18	11	24	45	49	28	0	39	24	6	35	41	42	22	4	17	24	44	40	33	5	
27	35	18	55	21	26	58	31	42	22	45	27	3	36	4	43	37	5	45	16	33	22	28	62	52	62	0	31	39	12	39	40	20	46	32	12	38	38	15	63	
16	24	7	21	14	4	4	20	24	11	38	4	8	29	9	18	33	10	38	5	22	11	32	41	12	31	2	0	27	17	29	29	9	27	23	7	39	17	20	39	
45	52	51	52	12	61	16	31	24	57	43	9	47	34	48	41	50	44	43	51	46	52	26	50	43	38	41	61	0	49	22	66	42	55	71	56	4	47	33	59	
55	39	1	27	53	30	43	50	67	50	30	14	31	21	18	28	54	31	27	44	30	50	31	49	56	49	49	22	60	0	40	7	48	42	57	55	51	27	48	62	
19	6	10	15	8	18	10	15	51	12	55	41	37	46	14	16	28	35	48	8	17	6	33	52	44	64	31	15	27	39	0	32	12	30	44	22	1	30	20	50	
30	41	4	25	24	14	19	37	48	28	29	33	9	26	10	4	43	11	35	22	3	28	24	25	32	61	3	26	38	16	45	0	26	47	25	18	27	44	21	29	
42	35	20	25	31	22	37	40	22	37	61	61	67	52	22	22	48	6	38	31	47	36	6	48	16	36	61	44	54	23	36	53	0	24	15	43	45	53	26	56	
30	44	31	34	29	42	35	15	45	47	59	7	17	50	31	20	23	20	57	41	55	44	36	47	25	34	69	42	32	1	14	30	41	0	40	58	39	57	23	54	
37	10	46	53	39	31	10	5	24	49	30	63	39	58	30	53	35	8	3	50	36	55	25	72	47	32	33	33	45	21	25	49	14	52	0	8	31	51	32	53	
21	29	12	28	19	20	36	2	19	16	48	46	47	62	16	51	38	27	21	10	2	16	32	55	45	1	41	25	23	41	34	7	14	7	6	0	44	32	50	22	
23	11	34	52	39	36	10	47	47	23	35	1	53	26	35	33	32	8	8	32	8	38	27	59	57	76	54	38	38	53	13	47	36	45	29	49	0	48	14	37	
3	41	41	31	37	38	30	1	29	56	5	55	49	45	28	15	23	55	54	52	14	28	35	47	22	51	53	19	49	29	20	60	38	37	57	3	32	0	38	16	
19	27	10	47	17	18	60	23	51	14	53	25	40	60	14	50	12	35	67	8	25	14	3	60	45	52	39	23	20	39	32	23	12	21	44	30	42	30	0	58	
32	34	47	24	30	38	36	41	35	55	37	36	27	30	7	21	38	39	10	55	42	35	32	47	15	44	58	34	56	22	32	58	16	11	21	38	13	71	37	0	
M5
0	47	52	33	43	68	11	52	59	1	40	41	58	18	51	40	73	19	34	35	49	61	47	55	70	53	11	37	59	43	30	37	36	66	50	41	8	22	22	61	
19	0	60	50	27	53	43	10	61	56	48	15	29	17	3	17	37	41	21	64	59	1	13	9	15	50	30	55	4	62	10	27	32	11	38	61	45	17	30	28	
13	25	0	8	30	36	2	13	32	26	48	40	32	22	13	17	18	69	21	50	53	51	15	12	18	1	33	54	7	13	13	12	58	14	6	15	31	2	66	31	
38	50	22	0	26	56	22	22	31	34	10	28	44	6	31	24	43	31	18	43	14	25	36	32	38	26	4	45	27	36	23	4	7	10	31	40	1	27	42	35	
21	45	50	48	0	22	53	36	25	28	56	52	55	1	24	33	35	55	7	39	19	17	6	35	35	38	26	70	30	58	36	38	15	37	34	32	24	8	52	31	
36	51	27	38	32	0	30	27	9	5	33	34	46	36	10	44	27	34	28	58	53	15	29	26	32	15	47	47	21	43	21	15	62	28	36	45	51	32	29	40	
31	43	15	26	19	38	0	15	5	43	3	14	37	11	24	17	36	24	38	9	13	48	31	1	26	18	19	31	24	29	16	9	25	31	24	33	19	20	57	10	
23	42	14	25	24	7	1	0	17	13	8	26	33	23	14	22	35	29	9	47	36	23	16	13	4	2	24	32	8	26	14	5	49	15	23	13	16	19	37	30	
30	40	21	24	38	17	16	21	0	11	40	52	40	30	18	22	18	48	3	57	55	33	1	20	9	9	2	22	15	34	21	4	27	22	30	1	55	26	40	8	
30	9	14	25	18	53	19	14	49	0	2	20	36	34	13	2	35	23	38	41	11	23	9	29	35	18	18	41	24	28	5	17	43	31	12	17	28	19	46	27	
22	34	6	17	10	45	11	6	41	35	0	12	28	26	15	8	27	15	30	33	22	39	22	21	27	10	10	33	16	20	7	21	35	23	15	24	39	11	48	19	
42	41	26	37	30	65	31	26	6	4	14	0	21	46	35	28	47	10	11	34	4	35	2	39	31	30	30	25	34	21	27	4	25	41	35	28	51	31	61	6	
10	20	47	27	32	60	32	15	47	38	53	24	0	24	7	40	42	74	22	50	27	5	18	14	20	35	35	56	9	63	15	32	60	16	43	65	69	26	45	20	
24	43	15	26	19	12	20	15	22	1	40	37	34	0	15	35	20	47	26	23	49	28	18	14	20	19	35	39	9	22	15	28	16	16	11	33	49	20	25	23	
22	41	13	24	30	48	16	13	15	18	51	42	6	6	0	7	34	20	2	2	64	15	15	12	18	1	13	38	7	29	13	12	31	14	22	31	47	18	51	31	
17	49	79	77	14	51	64	53	20	32	67	46	72	30	53	0	64	71	36	39	48	35	35	43	58	67	55	44	47	68	28	21	44	50	20	21	17	37	76	45	
40	72	44	55	48	26	49	31	13	32	32	35	50	40	31	46	0	53	29	26	32	42	34	13	36	42	48	23	25	58	31	8	73	32	33	62	54	47	56	4	
41	32	30	16	34	58	35	30	51	45	18	8	51	27	32	32	51	0	17	10	44	58	34	31	37	20	34	4	26	44	31	31	20	33	37	15	62	35	72	43	
36	21	46	48	44	64	43	27	47	4	43	61	46	36	23	43	25	64	0	49	52	47	29	26	11	50	47	37	21	27	7	2	56	28	26	21	69	43	76	9	
19	45	58	47	57	42	46	42	29	7	46	28	66	45	47	12	3	67	43	0	48	11	50	27	40	58	25	39	41	12	17	24	50	48	31	16	22	63	43	5	
36	19	20	14	1	38	25	28	41	44	16	34	10	17	17	22	41	37	23	54	0	33	22	30	18	24	32	55	25	26	29	35	3	32	26	38	40	24	14	2	
20	30	17	28	19	43	20	11	36	30	24	42	30	20	11	36	37	45	25	54	24	0	14	10	16	5	31	55	5	33	11	16	49	12	26	35	51	22	69	29	
45	15	43	54	49	72	46	37	32	38	33	51	56	27	10	47	62	52	51	72	36	41	0	36	5	31	49	48	31	59	37	18	37	38	44	46	48	48	61	3	
30	8	21	32	38	56	24	21	40	11	41	31	33	16	21	41	37	9	15	26	6	34	23	0	26	9	41	9	15	37	21	20	43	21	30	38	15	26	13	26	
25	42	16	25	29	49	1	16	35	29	39	34	31	24	16	36	10	41	24	46	45	33	3	15	0	4	36	46	10	32	16	14	59	9	25	34	14	21	6	15	
16	35	7	18	24	42	10	7	26	20	45	50	26	16	7	27	28	66	15	44	58	56	9	6	12	0	27	52	1	23	7	6	52	8	16	25	41	12	65	25	
42	57	29	1	33	68	34	29	52	25	17	35	51	42	33	31	50	25	41	49	45	31	23	32	38	21	0	39	27	11	30	32	4	34	38	47	54	29	17	29	
23	42	14	8	18	40	19	6	36	43	2	20	33	21	14	16	10	23	5	41	30	44	17	13	19	18	7	0	8	11	2	29	32	15	23	32	47	19	17	27	
13	46	54	44	21	49	37	4	57	52	42	60	23	13	4	29	31	63	29	58	55	53	7	3	9	44	24	49	0	56	4	21	49	5	32	55	58	20	62	22	
35	14	21	32	25	12	26	21	22	18	9	27	43	7	23	23	1	30	34	40	37	1	28	25	31	14	25	37	20	0	18	22	50	27	30	39	20	9	30	18	
7	51	23	11	40	53	7	10	40	33	40	58	42	28	2	43	14	58	7	33	48	65	25	22	28	11	13	50	17	39	0	22	17	24	24	41	48	28	51	9	
9	56	57	5	61	53	24	45	39	13	45	63	79	70	61	22	53	52	13	7	59	59	35	60	26	49	7	29	55	2	2	0	32	62	6	55	64	51	45	57	
34	19	61	34	42	33	58	25	43	15	51	16	44	34	17	11	49	26	43	38	60	44	18	16	30	49	20	14	19	52	25	42	0	26	53	55	22	35	9	24	
39	22	30	41	35	2	33	7	12	8	23	37	42	26	13	22	16	30	31	54	43	18	32	29	35	18	39	48	24	46	24	18	64	0	21	48	54	35	17	33	
24	57	48	11	32	60	48	15	50	15	53	33	29	20	15	32	42	57	40	69	63	62	18	14	20	36	34	30	9	64	15	32	15	12	0	26	69	1	72	33	
23	48	30	30	28	43	35	46	18	49	49	33	39	44	28	32	4	40	39	43	14	17	9	30	38	34	65	40	40	10	21	2	3	22	39	0	42	35	5	21	
31	25	15	26	42	16	20	25	6	22	27	45	44	3	25	35	36	48	38	64	55	14	28	24	30	19	37	64	19	8	25	30	57	26	24	33	0	20	30	43	
54	71	58	7	18	51	45	6	30	52	52	70	70	13	2	66	29	73	40	22	50	1	37	55	48	46	47	65	52	39	4	49	48	59	62	21	57	0	76	24	
36	33	32	1	38	49	37	48	50	48	43	4	12	18	48	52	27	11	10	16	42	16	46	46	53	36	50	29	42	38	48	47	45	49	41	40	13	21	0	44	
15	25	50	34	26	48	5	3	34	43	43	39	18	4	8	27	57	17	48	41	60	51	2	49	31	43	59	35	49	2	55	43	51	56	53	46	17	49	36	0	
