40  4  1
4
	0	47	1	45	2	45	3	21
	0	85	1	91	2	39	3	59
	0	95	1	21	2	66	3	41
	0	25	1	97	2	10	3	11
	0	22	1	73	2	9	3	9
	0	62	1	74	2	71	3	57
	0	15	1	20	2	78	3	22
	0	5	1	82	2	48	3	23
	0	97	1	92	2	95	3	66
	0	10	1	60	2	6	3	19
	0	36	1	73	2	16	3	63
	0	31	1	67	2	77	3	73
	0	84	1	3	2	20	3	32
	0	1	1	88	2	70	3	63
	0	49	1	27	2	78	3	47
	0	45	1	86	2	51	3	55
	0	96	1	9	2	13	3	8
	0	17	1	22	2	21	3	54
	0	80	1	2	2	29	3	15
	0	80	1	19	2	61	3	54
	0	14	1	62	2	34	3	50
	0	10	1	95	2	65	3	98
	0	59	1	38	2	29	3	62
	0	29	1	40	2	55	3	45
	0	58	1	100	2	94	3	63
	0	76	1	56	2	74	3	37
	0	87	1	36	2	43	3	27
	0	7	1	55	2	60	3	83
	0	53	1	97	2	70	3	94
	0	23	1	8	2	5	3	39
	0	8	1	3	2	67	3	87
	0	31	1	53	2	94	3	100
	0	3	1	4	2	29	3	26
	0	38	1	57	2	21	3	95
	0	73	1	95	2	41	3	54
	0	77	1	42	2	93	3	94
	0	52	1	93	2	42	3	70
	0	58	1	53	2	7	3	12
	0	15	1	62	2	73	3	65
	0	58	1	98	2	22	3	28
SSD
M0
0	40	1	7	62	34	32	47	6	14	26	65	59	40	11	63	24	73	46	48	33	20	34	37	49	47	51	32	40	39	17	15	27	35	13	5	29	59	9	36	
37	0	43	14	63	10	63	47	43	38	47	5	30	29	39	15	27	19	36	52	40	37	45	1	41	52	40	40	3	34	48	17	38	54	41	47	41	61	72	34	
29	52	0	17	76	49	51	19	60	26	38	70	24	75	63	68	31	64	63	2	43	81	72	31	5	59	68	44	52	43	68	35	39	55	62	40	69	62	73	67	
20	45	32	0	64	24	44	15	18	19	15	43	56	33	21	32	40	53	21	16	1	47	49	27	45	43	26	9	12	7	51	31	32	46	31	33	50	52	52	41	
31	61	7	70	0	36	16	40	57	35	9	56	36	43	48	30	61	12	4	35	34	45	41	2	33	35	22	50	50	5	49	2	48	44	38	49	48	28	41	43	
17	48	54	13	73	0	47	40	36	22	33	77	46	53	32	46	17	88	4	54	38	33	47	47	50	55	63	40	13	45	18	34	35	36	31	36	35	58	38	37	
20	30	44	51	52	5	0	53	26	4	5	57	24	12	22	54	30	61	19	70	55	42	28	33	2	4	60	22	19	29	31	33	17	33	7	18	46	12	51	42	
5	50	50	59	52	79	84	0	58	65	44	51	95	56	44	60	63	85	63	69	24	72	69	7	68	85	46	82	59	79	69	11	65	56	54	46	45	38	61	48	
38	34	40	9	54	31	11	45	0	19	18	72	10	38	48	66	23	66	45	50	35	24	7	33	28	22	60	27	35	41	52	25	9	21	33	33	63	38	43	59	
19	16	31	37	48	34	15	41	54	0	2	45	54	42	48	50	17	81	40	67	63	45	52	27	28	23	62	8	16	51	46	19	3	19	37	4	57	42	37	40	
22	32	3	52	13	39	19	12	35	6	0	61	58	27	29	13	31	47	34	70	33	7	21	16	15	38	55	23	31	40	46	28	19	35	41	20	46	46	53	49	
15	8	22	33	60	30	27	53	35	2	14	0	66	21	31	32	25	61	28	58	11	1	15	18	22	35	36	4	12	7	40	31	15	31	38	11	5	48	49	36	
49	90	55	44	26	3	64	39	8	69	57	59	0	60	41	46	69	60	11	32	40	78	71	50	7	64	65	66	1	53	79	50	65	81	60	74	1	76	89	69	
7	33	39	41	39	35	59	46	13	59	17	44	60	0	9	66	22	53	6	57	42	33	15	25	11	28	47	49	6	48	18	24	8	24	54	59	42	79	42	37	
31	41	31	73	2	33	13	21	54	32	33	9	31	40	0	54	28	30	28	9	50	39	3	26	30	32	46	44	47	29	59	26	45	61	35	46	21	21	65	67	
30	20	43	17	55	34	36	40	34	48	6	67	36	22	32	0	2	12	7	30	34	49	38	36	34	21	59	50	20	49	41	28	12	20	55	62	43	29	13	60	
61	1	70	79	81	63	57	80	72	32	32	74	59	58	48	63	0	59	65	6	70	61	74	27	64	12	66	50	23	61	46	22	45	10	61	46	19	65	79	45	
21	61	29	44	68	73	74	11	51	49	35	47	7	37	19	62	37	0	44	16	5	25	12	23	19	23	30	21	25	64	56	27	36	31	35	62	61	54	66	53	
18	34	30	36	32	17	33	48	7	8	19	52	46	39	18	49	35	42	0	64	28	19	33	36	36	41	53	7	15	50	4	20	21	22	41	22	36	60	28	23	
29	34	40	46	54	69	66	23	3	51	18	49	85	39	27	67	23	65	11	0	7	30	44	33	34	13	32	46	22	78	52	25	9	25	37	61	7	45	43	66	
8	52	21	25	57	54	55	32	32	30	36	28	73	18	6	82	25	72	25	64	0	52	34	38	30	47	11	44	21	57	37	43	27	43	16	44	44	75	47	49	
17	44	11	35	50	46	49	57	24	24	20	51	71	10	20	33	14	64	17	66	44	0	4	7	22	39	46	6	14	49	29	35	19	35	40	38	29	37	53	32	
2	37	50	14	71	33	71	54	30	58	31	82	33	51	30	71	26	90	35	15	40	31	0	48	48	46	65	47	51	46	16	32	26	34	62	11	41	49	48	35	
58	55	14	76	54	65	54	74	64	29	41	45	73	50	60	24	50	49	57	82	71	77	33	0	58	56	10	47	55	81	69	52	36	52	45	43	52	31	70	12	
39	65	47	62	22	45	60	29	45	53	11	56	25	31	37	57	54	1	8	34	23	43	9	41	0	22	21	39	38	49	50	1	40	46	53	9	74	69	74	4	
39	7	52	17	28	24	4	57	45	23	24	61	43	31	3	50	24	62	38	58	43	61	4	52	21	0	35	29	14	25	50	52	36	36	4	37	22	31	54	61	
38	49	43	60	30	47	27	62	56	46	35	62	54	42	20	3	29	34	49	15	56	22	36	39	44	32	0	38	46	57	44	42	26	42	48	60	34	54	4	56	
4	43	16	22	56	71	62	55	39	49	7	38	85	44	33	35	33	87	44	54	48	50	60	43	44	33	52	0	1	36	62	35	19	35	27	56	74	84	53	25	
36	41	56	56	73	44	40	42	54	15	27	56	31	40	41	51	42	61	47	92	22	42	56	52	2	48	47	33	0	76	27	43	28	44	52	29	34	67	47	46	
40	55	38	52	54	38	34	48	46	29	36	28	55	32	35	2	41	31	31	28	28	17	31	34	44	46	50	33	39	0	21	37	41	16	55	27	20	25	60	40	
34	45	28	27	47	9	62	36	41	41	7	58	34	27	6	50	31	79	21	64	16	7	21	24	24	40	41	23	31	59	0	8	20	10	46	55	24	54	54	11	
62	75	46	80	56	37	62	55	65	49	7	78	70	65	29	56	31	83	72	84	69	50	64	42	58	81	34	51	42	62	84	0	62	14	84	16	89	82	94	14	
45	22	28	37	42	57	54	35	77	48	6	77	73	69	54	55	11	75	36	74	63	49	46	21	22	17	60	54	62	69	40	13	0	13	76	49	61	78	31	54	
14	27	26	32	53	45	26	48	49	1	13	26	55	53	43	45	24	31	49	64	53	56	59	34	35	30	62	3	11	46	53	26	10	0	37	15	56	53	44	35	
12	42	24	30	57	53	44	42	31	45	15	43	62	17	21	43	31	57	24	62	1	51	1	41	29	21	26	1	9	44	36	21	17	33	0	59	51	68	21	33	
31	49	38	62	23	59	59	35	30	43	38	10	53	23	33	43	41	57	30	69	52	17	2	34	28	52	67	33	30	18	42	47	32	48	58	0	15	17	66	59	
15	37	9	42	47	43	47	23	21	31	21	52	66	7	8	23	26	61	14	15	12	41	23	33	19	21	27	13	14	32	26	6	12	28	34	24	0	66	46	40	
18	44	44	17	15	46	36	16	24	45	28	12	19	10	20	46	33	49	17	58	43	44	26	28	22	39	58	47	17	42	29	32	19	35	58	54	31	0	14	48	
43	30	61	60	75	28	8	51	49	27	28	43	35	35	39	40	10	49	31	71	49	40	51	56	25	27	55	45	42	52	25	41	40	43	30	41	15	35	0	37	
24	30	36	34	62	28	8	55	49	4	16	34	30	35	30	55	31	66	42	74	10	59	51	36	17	27	35	13	21	52	54	13	17	30	15	18	59	30	51	0	
M1
0	56	32	54	33	1	48	73	33	55	41	13	59	67	29	58	21	56	29	33	26	24	82	28	65	69	41	73	4	36	80	32	33	65	5	20	60	70	51	55	
31	0	18	57	19	29	34	54	28	21	30	26	13	59	38	44	7	9	15	45	39	17	23	32	33	24	46	63	59	22	64	11	19	46	46	1	26	7	75	10	
72	52	0	18	3	84	28	33	39	49	67	45	61	53	65	63	52	15	55	75	88	62	74	43	43	16	65	57	99	62	89	58	52	80	79	73	74	81	68	2	
39	2	45	0	19	8	34	62	47	53	63	39	45	12	38	44	40	52	15	59	56	50	20	60	65	3	24	28	50	22	66	18	19	12	33	43	58	78	17	43	
21	31	39	24	0	67	57	47	87	11	28	33	3	43	45	16	43	44	65	3	74	14	52	51	23	14	40	14	70	66	57	9	69	49	36	38	16	5	1	20	
41	35	26	13	50	0	24	56	78	32	43	39	34	49	67	27	20	47	48	49	14	30	43	45	28	45	48	53	17	12	63	51	21	8	67	41	47	85	65	33	
40	47	33	72	24	55	0	67	34	30	48	48	22	5	43	49	29	9	20	64	61	33	26	23	13	33	51	9	64	27	71	23	24	32	55	25	35	45	34	43	
55	1	28	51	49	73	13	0	20	33	2	36	51	38	55	34	17	5	45	30	20	27	59	33	33	55	43	6	89	52	76	30	49	65	66	45	57	78	67	10	
73	63	55	64	53	10	41	84	0	74	21	76	79	64	45	19	57	46	49	61	6	67	6	15	2	65	80	21	7	49	85	14	53	58	69	65	65	42	85	70	
65	48	42	69	13	71	67	71	102	0	45	63	78	61	25	42	44	36	48	82	11	19	101	64	61	65	79	69	70	55	76	51	52	76	5	31	44	19	48	62	
1	1	56	18	20	47	35	29	60	38	0	30	57	45	47	47	45	55	31	5	44	47	18	70	37	51	56	64	50	23	66	34	29	51	51	11	32	61	8	44	
41	44	53	69	15	31	27	30	42	52	45	0	44	52	40	16	42	29	17	49	49	52	51	3	57	52	48	42	20	18	9	20	21	24	63	5	30	55	27	39	
15	52	62	65	63	61	54	71	89	5	25	27	0	48	79	76	56	38	59	86	76	8	46	45	17	8	34	60	64	60	51	41	63	90	30	61	10	79	69	81	
35	30	32	23	7	63	37	58	86	42	19	55	43	0	20	2	42	8	41	2	63	40	6	30	34	48	23	64	42	25	46	31	15	31	48	37	29	64	64	46	
26	29	17	56	6	19	21	49	70	38	29	25	32	46	0	30	6	39	2	41	43	16	55	31	39	13	33	17	18	9	26	5	6	35	1	30	45	80	44	30	
4	34	64	39	3	22	37	77	73	70	57	50	62	44	78	0	53	45	77	37	64	43	7	73	21	73	61	66	15	25	74	80	34	83	54	55	63	55	49	46	
29	46	2	41	23	47	29	56	55	25	14	10	49	54	38	48	0	38	19	29	60	1	72	16	45	39	50	58	63	26	70	22	23	60	40	47	56	94	79	25	
42	45	2	41	26	71	51	56	62	12	38	34	24	69	28	26	15	0	43	38	51	25	62	6	6	28	36	61	73	50	78	44	47	84	56	50	37	56	91	25	
22	25	34	63	2	33	17	45	71	36	46	42	28	42	21	27	23	35	0	42	39	33	51	48	48	39	29	46	42	5	49	1	2	39	44	26	41	76	58	26	
25	9	32	2	37	55	35	69	65	55	6	40	77	21	23	67	21	60	49	0	54	23	81	46	13	27	50	64	58	51	42	52	53	27	49	16	8	66	60	36	
40	39	50	32	29	49	23	51	77	36	56	58	28	48	21	68	39	32	50	36	0	39	60	27	48	39	47	41	15	11	62	53	20	4	11	68	9	81	31	32	
48	26	60	39	25	52	7	61	61	57	72	53	49	32	47	17	49	36	24	62	64	0	27	24	40	51	55	36	5	25	16	27	28	44	70	26	37	72	34	46	
54	19	70	26	64	94	68	40	46	56	42	78	48	63	65	73	59	65	60	23	19	59	0	62	55	59	85	22	66	56	54	63	64	65	70	28	21	20	41	77	
30	34	13	26	34	43	17	57	28	33	25	21	25	42	20	59	2	46	30	6	6	12	16	0	20	36	30	46	42	5	35	33	14	42	48	10	33	40	53	26	
26	29	23	12	6	37	21	49	75	16	35	24	21	46	25	31	12	39	2	46	43	22	55	37	0	13	33	21	6	9	53	5	6	43	20	30	17	80	51	18	
32	49	42	43	48	41	15	7	58	39	47	30	31	33	15	60	31	44	44	22	39	41	61	56	48	0	13	22	60	3	54	15	12	67	43	57	44	80	16	24	
47	34	20	59	33	65	47	63	58	43	32	28	66	72	29	21	9	56	37	47	65	19	75	19	48	2	0	73	29	44	37	40	41	66	57	47	10	45	55	14	
15	30	25	64	46	26	44	38	78	48	23	33	56	69	61	33	14	61	42	52	77	9	87	31	35	60	22	0	64	32	75	23	28	83	63	70	68	100	79	48	
53	25	82	88	55	84	36	69	39	82	92	17	78	61	38	86	71	60	67	67	79	23	82	33	69	78	66	65	0	57	91	70	60	28	46	16	91	66	76	50	
21	38	31	50	48	30	4	44	58	37	43	39	29	29	67	49	20	33	44	29	51	30	50	45	37	40	28	33	56	0	43	47	1	56	58	49	42	69	45	13	
29	32	41	64	9	40	15	52	69	40	53	49	32	40	28	22	30	39	5	43	46	40	58	5	48	40	36	44	13	6	0	8	9	36	51	7	18	57	15	27	
68	12	78	65	34	77	51	47	45	7	37	86	76	42	57	78	67	80	61	44	26	77	97	61	76	71	40	80	18	39	53	0	48	36	29	63	22	86	51	56	
16	33	45	63	48	44	18	39	72	32	52	36	24	43	73	63	34	29	51	42	46	35	64	51	44	35	23	47	51	6	43	52	0	70	57	53	37	72	56	27	
48	65	56	33	46	50	31	71	66	49	54	65	41	45	13	70	46	60	42	56	30	52	77	28	11	52	55	2	14	19	66	45	28	0	41	70	54	20	72	36	
37	20	38	62	47	3	19	42	37	33	36	46	25	44	52	60	27	48	43	41	61	18	4	43	45	36	14	48	31	44	35	46	47	11	0	14	38	62	51	61	
60	69	26	50	8	88	62	11	86	24	62	43	48	87	52	50	39	2	67	62	31	49	77	21	30	52	60	62	74	50	65	68	40	3	39	0	61	8	82	49	
24	51	44	44	27	70	73	30	9	54	48	64	66	29	65	68	57	20	69	23	73	5	70	48	48	23	56	37	73	70	61	71	73	68	6	23	0	4	79	67	
36	39	42	18	16	40	22	46	36	47	32	56	39	47	35	29	37	18	12	50	16	14	65	12	46	47	43	22	20	13	4	15	16	43	55	14	25	0	22	34	
61	77	34	6	6	70	61	43	27	9	21	37	74	78	24	70	23	57	51	55	55	33	65	9	66	64	71	61	66	54	50	54	55	2	10	13	7	63	0	57	
52	19	17	48	41	54	59	31	51	42	52	64	34	28	69	39	67	53	93	27	62	27	83	72	54	45	54	35	19	47	88	71	56	69	55	52	47	39	5	0	
M2
0	43	41	46	13	38	11	26	30	44	62	72	17	58	7	57	45	55	6	27	43	63	7	23	41	51	65	51	39	57	54	68	64	80	66	49	24	42	13	58	
33	0	53	82	34	41	12	47	65	26	59	51	66	59	16	56	47	50	78	49	37	54	49	46	46	45	27	53	26	39	2	47	6	61	38	5	3	58	71	50	
28	64	0	24	45	44	58	32	36	37	68	27	70	27	78	51	51	70	27	60	45	34	35	79	27	56	50	53	1	50	30	14	57	73	6	40	56	17	29	72	
10	44	27	0	11	23	24	9	23	3	34	36	36	2	55	28	17	36	61	26	11	28	1	45	35	22	16	30	34	16	17	66	23	39	48	27	22	4	11	45	
15	24	63	52	0	19	53	4	29	39	71	50	23	53	67	59	79	33	60	28	46	79	62	61	48	57	46	44	17	52	63	46	59	75	53	63	2	60	63	36	
19	42	46	64	48	0	44	40	48	40	19	70	60	36	54	46	21	19	5	42	50	53	54	49	61	38	69	31	65	32	42	66	39	54	52	48	36	29	39	70	
12	40	32	53	7	25	0	20	44	5	13	8	24	38	48	43	51	21	49	28	16	69	28	65	9	24	37	32	7	18	18	62	25	41	56	19	18	56	43	35	
44	5	19	56	45	57	1	0	18	37	68	35	34	53	24	7	79	10	8	57	48	27	27	9	59	46	71	48	39	50	46	21	50	32	1	49	47	51	42	79	
56	45	74	54	41	23	9	42	0	67	92	55	57	39	64	37	81	4	32	47	47	65	11	92	45	40	15	55	44	77	25	2	84	37	40	40	47	46	60	86	
1	35	21	60	2	14	48	15	33	0	54	27	34	27	53	33	49	27	52	17	5	58	17	54	36	13	44	21	28	7	18	57	14	30	45	67	13	45	54	36	
12	46	32	71	13	25	59	26	44	5	0	38	45	38	19	14	22	38	35	28	15	69	28	50	47	24	48	16	31	18	29	51	25	41	56	71	17	55	35	39	
41	53	61	39	34	54	31	47	23	34	22	0	57	24	57	52	60	67	70	57	45	28	29	33	63	53	7	24	60	47	17	78	54	70	48	27	45	4	60	59	
14	48	34	9	15	27	43	28	13	7	53	40	0	21	66	20	36	19	47	30	18	47	20	64	5	14	35	34	41	20	31	46	27	43	55	46	2	23	20	49	
37	46	58	21	13	3	55	26	51	34	30	42	45	0	45	38	13	30	58	50	42	22	14	19	48	53	40	9	18	47	40	38	10	37	50	58	24	35	42	54	
33	52	17	31	34	10	21	3	33	26	45	36	11	26	0	51	46	23	38	13	37	13	29	50	32	9	22	53	60	3	14	52	10	62	41	37	8	14	12	26	
51	33	24	32	38	39	62	39	28	44	65	45	66	16	29	0	59	1	29	44	44	37	8	78	42	3	30	52	1	51	45	48	41	80	37	55	49	32	13	83	
17	59	51	55	33	45	55	6	39	25	4	58	26	40	39	12	0	46	55	31	35	44	21	15	51	44	67	36	51	38	33	71	45	61	55	43	37	20	23	36	
48	44	66	64	63	60	46	17	64	55	67	30	44	67	39	72	90	0	7	56	66	82	67	74	69	15	61	62	53	68	61	26	75	91	15	44	66	58	35	72	
12	8	41	57	27	39	10	40	41	19	31	52	59	42	29	58	69	52	0	42	30	46	42	79	61	38	48	46	31	32	35	82	39	55	66	14	38	22	5	61	
30	64	50	61	31	43	67	44	47	23	35	54	63	41	61	12	50	8	36	0	6	28	46	77	28	11	73	50	14	36	47	50	43	20	6	56	6	46	63	23	
20	55	52	41	33	45	75	29	25	25	27	14	48	26	26	35	10	37	65	48	0	30	31	38	22	44	53	52	32	38	19	31	45	61	50	29	35	6	23	58	
9	41	55	43	8	30	26	21	39	28	7	53	27	29	42	28	44	50	41	26	38	0	51	72	52	47	63	39	34	41	3	54	43	1	29	44	10	57	7	46	
16	29	34	14	1	2	48	14	25	27	58	51	33	26	67	25	41	20	48	7	7	27	0	69	5	46	40	15	4	40	19	56	47	63	30	29	12	6	35	46	
56	60	50	39	54	2	55	15	15	52	43	73	60	51	78	51	26	73	23	46	60	55	46	0	18	13	23	9	31	36	47	73	43	75	22	66	49	52	57	52	
39	23	3	49	40	46	74	40	9	32	11	58	60	34	46	41	21	21	49	35	42	11	39	49	0	51	31	43	58	45	10	1	52	64	57	37	10	14	55	57	
39	61	11	47	41	24	58	54	31	42	21	31	73	32	56	51	59	68	66	27	52	36	37	64	7	0	54	27	67	17	25	9	24	64	55	35	30	12	64	67	
3	41	33	12	33	26	46	31	45	25	56	7	58	24	29	22	39	58	54	29	33	50	23	34	17	17	0	52	34	19	5	54	26	32	57	49	32	26	33	67	
46	54	4	41	47	12	46	40	45	39	52	13	12	35	84	52	48	51	39	15	45	7	18	23	34	11	42	0	51	5	16	53	12	73	43	61	18	53	52	56	
37	43	27	21	42	54	45	20	23	34	15	23	67	33	50	22	48	67	6	57	14	57	24	27	58	53	47	13	0	47	48	79	54	59	60	49	48	35	40	70	
36	44	9	64	37	2	36	40	68	29	42	56	69	25	74	52	38	46	44	5	35	77	21	42	24	1	32	56	54	0	6	52	2	65	33	66	8	56	42	46	
21	50	40	31	22	34	40	35	9	14	46	9	2	21	70	42	29	41	58	6	25	25	26	57	27	33	36	30	6	27	0	47	34	18	45	4	24	1	22	34	
12	15	32	7	13	25	11	8	35	5	20	38	45	19	55	44	34	38	44	17	8	32	12	6	46	24	33	32	39	18	29	0	25	4	32	39	24	16	28	47	
47	53	62	56	53	6	28	53	39	45	24	51	70	52	59	21	41	15	43	26	54	63	63	11	61	26	1	49	65	58	1	54	0	38	11	48	10	39	57	15	
12	56	58	21	42	54	55	40	17	34	65	67	65	33	64	42	48	67	19	4	19	7	32	76	52	53	47	31	61	47	32	58	54	0	7	58	53	35	42	51	
34	31	10	14	17	32	48	30	47	27	48	60	41	11	67	52	37	59	12	35	35	52	25	65	54	31	40	6	13	25	5	10	32	63	0	51	28	28	35	62	
35	29	43	56	60	36	53	4	15	52	73	10	85	19	41	59	68	62	60	39	24	1	55	61	58	35	1	13	78	29	40	43	36	54	28	0	42	64	12	76	
51	46	19	56	27	55	27	26	40	48	27	6	51	41	62	57	46	22	50	30	2	45	46	74	58	58	50	12	53	52	34	2	47	84	58	19	0	21	26	72	
30	42	50	28	31	43	62	44	12	23	72	38	63	13	82	62	55	56	63	46	34	17	18	68	52	42	40	50	51	36	6	79	43	59	37	16	35	0	49	48	
37	41	55	18	13	41	43	26	30	31	36	64	45	30	52	34	19	17	4	50	39	47	29	47	63	50	44	40	7	44	36	54	51	67	53	39	24	23	0	6	
31	51	49	37	32	42	22	27	2	24	34	47	64	15	24	63	64	57	72	45	35	26	27	35	53	41	49	12	52	35	15	26	42	60	46	11	43	2	20	0	
M3
0	49	49	13	50	25	19	25	37	32	43	44	39	45	44	5	9	31	21	9	42	34	45	33	4	19	34	51	35	53	52	35	26	25	36	59	35	21	8	19	
55	0	6	60	60	35	51	56	56	24	23	78	51	92	7	66	51	57	63	62	62	39	58	45	77	87	3	53	53	81	41	23	32	17	38	51	58	58	83	68	
34	31	0	31	64	36	48	19	63	6	53	53	13	46	58	19	39	50	49	15	60	42	11	27	41	65	31	30	22	53	32	42	3	43	50	53	65	35	63	33	
67	55	45	0	69	33	25	26	43	44	72	20	31	21	33	37	15	49	27	66	18	10	57	65	67	64	15	52	11	36	65	41	2	1	49	60	41	34	24	38	
67	65	2	64	0	47	23	11	55	49	82	56	56	49	43	62	49	51	37	53	25	11	54	69	27	43	15	50	65	12	52	52	46	76	41	15	67	40	41	53	
53	28	13	44	50	0	53	65	5	3	81	66	26	62	35	44	70	59	46	44	51	45	37	24	50	89	26	74	66	65	10	43	27	23	27	74	16	12	79	31	
45	44	8	36	36	22	0	20	32	33	57	24	34	34	45	61	4	25	16	46	38	56	12	54	32	79	29	46	58	56	51	7	49	48	54	23	30	39	60	33	
48	86	39	30	50	71	66	0	21	65	62	61	72	62	71	48	56	51	58	19	29	51	24	55	73	36	56	16	46	71	44	82	43	42	19	11	81	75	65	19	
85	57	75	19	78	46	55	39	0	32	52	39	61	20	25	48	45	22	57	73	48	40	71	53	3	44	41	78	41	66	58	5	13	3	56	73	38	41	54	47	
50	6	25	45	53	50	65	58	48	0	69	71	60	77	38	34	64	37	24	28	54	23	45	2	34	79	29	54	67	60	7	21	17	57	30	69	75	15	70	34	
66	73	23	45	12	60	44	32	72	48	0	50	10	70	45	45	70	28	48	54	46	32	52	19	48	43	28	71	22	33	2	3	37	4	37	36	88	22	62	16	
63	70	28	21	17	24	9	37	54	45	66	0	35	53	42	7	35	56	47	51	49	37	43	56	53	49	19	6	43	8	48	29	16	33	34	41	36	19	31	38	
31	37	59	3	57	47	39	7	33	58	54	8	0	35	47	32	29	63	9	28	28	24	39	34	56	66	18	39	25	50	67	34	16	15	49	41	55	48	38	26	
82	26	75	48	66	53	52	58	54	32	75	68	66	0	63	55	42	43	30	39	5	69	14	53	85	41	48	60	8	81	58	32	20	46	60	85	68	52	35	35	
63	55	53	55	57	42	34	2	2	36	63	24	54	84	0	32	24	49	36	44	21	35	49	56	57	61	33	41	2	78	50	59	34	67	34	25	50	19	29	38	
50	36	36	33	32	38	6	44	32	24	4	52	31	62	35	0	28	52	8	44	51	3	38	2	50	47	26	38	55	53	6	35	5	45	27	51	54	12	49	25	
69	32	32	57	49	10	2	8	20	21	49	48	22	52	33	49	0	49	4	50	26	49	34	42	44	67	17	34	67	54	47	27	42	59	42	42	18	27	48	21	
62	39	46	9	56	10	16	18	34	14	63	35	36	5	41	50	6	0	18	50	36	30	45	32	19	77	31	48	31	56	40	41	22	21	20	31	32	18	44	35	
76	13	44	44	33	43	35	41	9	54	30	61	21	49	58	31	25	66	0	51	59	40	15	54	60	85	50	15	66	36	43	53	36	40	75	52	51	60	79	2	
56	34	41	5	69	48	11	42	38	9	18	27	41	37	49	27	31	6	43	0	15	3	45	8	36	36	31	67	27	52	26	20	18	17	7	35	8	43	8	54	
73	7	22	30	19	35	45	39	57	11	70	61	65	62	8	11	35	49	47	58	0	39	64	25	55	55	30	75	8	30	37	33	2	42	20	43	61	34	65	38	
73	5	54	48	43	36	28	34	9	20	54	74	48	78	4	55	18	19	30	67	52	0	60	41	4	63	21	27	31	38	46	19	20	60	53	67	44	52	21	47	
63	22	63	31	56	29	33	57	32	45	51	35	44	63	23	40	41	59	8	51	49	52	0	56	57	96	33	29	53	8	50	62	34	15	34	66	67	19	54	25	
3	38	57	37	60	11	43	26	24	13	67	38	30	69	61	29	33	55	45	33	35	29	69	0	28	43	58	14	52	13	39	14	49	49	39	40	28	45	32	29	
88	10	29	69	82	11	62	68	33	66	21	77	53	101	56	55	52	70	64	10	31	67	45	72	0	36	58	22	89	103	75	38	59	74	59	71	57	44	72	52	
79	35	54	30	53	73	29	26	66	10	35	61	49	37	67	23	55	66	53	57	19	51	63	31	63	0	56	30	52	51	36	27	43	5	59	37	51	44	64	37	
25	61	14	56	30	5	31	37	49	50	78	59	21	62	30	51	21	64	33	55	55	50	63	27	50	65	0	23	23	51	30	52	51	42	36	54	47	49	54	50	
1	45	47	35	36	46	25	44	41	44	62	5	53	57	30	11	28	53	17	31	7	28	47	55	26	41	53	0	57	57	70	3	40	21	58	60	36	43	30	34	
67	45	37	50	62	10	7	49	58	62	75	53	15	61	9	73	33	54	45	10	67	35	41	19	61	100	35	62	0	77	77	36	59	62	50	52	1	68	69	44	
35	37	34	68	57	38	30	36	28	20	54	74	34	70	60	55	20	76	9	65	2	62	39	41	14	75	45	39	37	0	46	24	54	46	69	19	46	54	58	26	
3	60	39	37	46	31	9	42	35	55	67	37	56	65	67	25	26	30	32	25	47	58	43	57	27	43	21	62	32	67	0	38	50	8	22	54	52	45	32	43	
55	14	60	54	49	51	43	49	57	37	69	2	63	4	31	43	33	73	45	43	40	69	41	48	49	23	25	75	69	8	42	0	26	33	26	39	59	11	84	30	
50	57	43	2	41	7	38	39	56	32	68	33	44	34	29	9	28	21	40	38	31	23	36	43	44	36	2	52	24	49	37	13	0	14	21	60	54	6	37	10	
65	24	46	25	35	37	29	42	51	60	35	43	3	57	21	39	41	51	44	42	35	46	63	44	71	13	32	5	47	56	11	5	4	0	51	59	67	36	60	40	
24	64	36	4	25	40	39	41	57	39	75	14	46	28	36	45	29	63	41	3	33	25	43	50	40	20	27	67	26	6	12	56	17	16	0	40	17	13	39	32	
64	51	22	7	71	51	43	44	47	62	68	38	49	27	51	53	33	65	23	51	36	5	32	61	60	80	33	29	25	10	51	57	18	19	36	0	59	50	27	40	
82	44	41	8	30	39	28	45	10	49	26	39	50	40	18	48	34	63	46	80	37	29	61	34	22	78	34	35	30	51	43	55	16	20	27	13	0	48	43	19	
32	39	37	31	26	34	38	46	60	14	79	61	50	62	11	20	50	50	53	20	27	46	18	25	26	65	2	52	52	47	19	36	3	43	3	50	74	0	61	7	
66	5	41	65	30	48	58	50	32	48	53	84	44	27	45	48	48	39	8	31	3	50	38	59	45	25	16	22	21	51	53	57	37	13	37	1	74	22	0	25	
46	46	14	14	3	58	35	23	42	40	57	45	54	27	55	1	40	63	18	65	37	23	32	50	39	55	27	48	36	24	13	64	27	26	53	22	66	52	49	0	
