40  4  1
4
	0	7	1	46	2	77	3	78
	0	72	1	13	2	3	3	20
	0	24	1	43	2	79	3	71
	0	4	1	14	2	3	3	88
	0	90	1	81	2	82	3	16
	0	16	1	2	2	40	3	98
	0	18	1	99	2	4	3	86
	0	94	1	44	2	60	3	80
	0	66	1	13	2	96	3	5
	0	89	1	42	2	64	3	17
	0	52	1	57	2	53	3	97
	0	61	1	88	2	31	3	68
	0	92	1	80	2	7	3	44
	0	63	1	55	2	27	3	5
	0	66	1	100	2	94	3	47
	0	47	1	64	2	90	3	54
	0	28	1	18	2	16	3	94
	0	14	1	90	2	5	3	38
	0	32	1	82	2	67	3	37
	0	81	1	38	2	50	3	34
	0	2	1	12	2	55	3	71
	0	92	1	66	2	28	3	30
	0	25	1	78	2	100	3	21
	0	51	1	67	2	81	3	91
	0	80	1	37	2	7	3	37
	0	90	1	12	2	88	3	31
	0	95	1	23	2	33	3	96
	0	72	1	42	2	32	3	91
	0	37	1	100	2	21	3	1
	0	14	1	20	2	65	3	21
	0	32	1	59	2	31	3	100
	0	54	1	36	2	44	3	74
	0	20	1	86	2	36	3	2
	0	45	1	77	2	45	3	99
	0	35	1	75	2	10	3	3
	0	74	1	42	2	72	3	48
	0	22	1	2	2	94	3	15
	0	20	1	19	2	33	3	81
	0	82	1	56	2	45	3	3
	0	40	1	20	2	6	3	85
SSD
M0
0	46	20	52	33	50	45	52	39	41	20	2	17	47	41	46	13	64	19	48	42	46	56	51	43	28	68	43	70	22	31	17	10	44	33	46	50	9	48	49	
17	0	44	32	57	20	41	12	2	49	44	26	41	2	50	28	37	71	43	57	48	52	49	42	47	34	31	57	37	46	42	30	34	26	57	52	42	24	51	40	
45	12	0	38	83	42	20	17	10	47	54	10	15	24	45	2	5	69	46	29	34	38	12	46	38	32	28	45	54	43	42	63	43	36	54	24	36	47	13	46	
23	18	43	0	41	47	37	46	45	13	45	32	9	44	26	69	10	44	13	60	12	16	58	6	67	58	48	47	64	52	20	42	40	14	59	16	46	39	24	4	
25	38	52	35	0	14	15	5	54	24	4	34	40	37	4	38	37	52	20	46	35	37	31	37	46	47	54	19	61	5	36	21	37	9	13	39	10	34	31	32	
30	19	57	39	34	0	45	34	38	44	35	23	28	33	14	8	33	39	19	21	31	35	64	38	42	43	24	35	48	41	6	35	47	50	41	35	6	8	17	47	
13	54	36	32	50	34	0	19	59	24	40	22	7	55	33	41	33	31	37	60	48	39	4	17	13	48	35	47	40	5	51	28	30	5	48	52	42	29	25	32	
41	34	57	45	76	74	54	0	5	1	65	43	58	27	18	74	1	21	62	53	30	24	49	55	27	76	42	3	56	57	38	26	39	32	27	34	54	47	35	52	
22	8	49	23	38	11	25	61	0	21	10	26	36	28	38	13	37	63	35	14	39	43	47	33	12	57	51	44	39	2	33	25	27	41	51	43	33	32	28	29	
51	21	43	31	34	16	20	5	36	0	45	55	44	22	45	31	23	7	26	39	43	38	3	14	22	57	28	41	42	43	38	19	60	43	24	9	38	38	49	22	
29	36	21	32	53	34	32	42	41	28	0	38	18	36	45	29	30	14	47	12	21	4	4	10	34	23	31	12	5	9	29	32	11	40	31	25	34	28	25	36	
16	54	40	43	33	51	36	33	14	17	12	0	40	60	49	9	36	53	17	53	39	43	39	20	44	51	5	51	37	13	20	7	33	52	56	38	50	32	10	12	
24	28	38	28	57	11	35	10	31	26	46	33	0	46	41	26	18	2	45	34	13	17	22	23	40	51	23	58	37	53	21	22	41	32	19	17	33	35	9	33	
41	54	18	51	63	56	14	36	8	40	52	23	19	0	10	44	24	8	67	40	53	57	26	49	31	3	29	63	26	21	26	44	58	37	22	24	48	37	19	23	
11	17	23	17	51	29	39	54	25	15	38	20	30	37	0	11	3	42	34	66	2	6	51	27	52	46	52	39	70	40	10	35	28	21	7	2	29	27	14	25	
24	18	7	34	45	46	27	42	41	23	10	33	46	37	40	0	3	20	50	45	32	21	43	10	51	51	41	38	55	4	40	27	32	34	10	35	14	38	30	31	
12	5	32	16	51	45	39	53	34	14	39	14	29	6	46	58	0	38	33	48	1	5	20	26	50	47	34	12	62	41	9	30	10	3	21	5	25	18	13	24	
38	35	22	46	41	40	19	14	56	44	30	44	44	36	44	48	2	0	63	18	31	35	41	54	30	63	7	42	21	42	39	55	39	33	3	14	26	29	28	17	
37	16	55	41	52	2	33	1	2	39	39	35	12	28	32	26	28	40	0	39	26	30	55	51	40	25	22	2	19	36	7	30	24	45	36	9	1	25	35	49	
40	35	9	13	54	56	17	50	31	30	62	38	26	39	43	35	5	61	30	0	29	33	39	23	48	24	61	45	47	40	37	46	43	31	52	33	35	39	5	4	
9	13	29	13	49	64	36	62	31	11	36	18	26	61	43	55	27	39	30	64	0	2	58	23	53	44	48	52	70	38	6	33	26	17	49	2	63	25	10	21	
40	48	25	48	61	57	43	41	59	21	67	49	61	59	18	51	54	74	48	78	33	0	59	56	4	33	40	12	47	20	41	27	57	24	20	29	34	56	23	37	
28	25	50	3	48	5	44	44	40	18	17	33	16	26	25	29	17	51	20	34	19	10	0	9	5	29	41	54	17	51	23	45	45	21	51	23	16	10	31	11	
26	24	32	24	56	34	34	29	50	32	45	4	17	31	49	34	17	1	41	3	31	35	21	0	45	42	22	8	27	13	39	35	20	35	18	3	6	30	39	32	
1	42	28	32	41	23	53	25	47	40	28	10	16	55	5	10	21	65	27	56	27	31	4	38	0	7	36	20	46	30	35	25	18	21	35	31	45	17	39	24	
49	9	34	52	15	49	47	41	62	13	6	47	58	31	1	38	40	52	69	69	38	42	62	54	66	0	61	24	33	48	19	42	48	57	48	42	13	37	46	2	
25	14	38	28	57	56	35	25	30	45	46	16	16	44	52	16	13	2	31	34	38	42	32	38	46	60	0	32	37	54	19	15	25	35	19	30	42	41	44	13	
19	23	32	19	43	52	16	53	17	21	46	28	32	9	23	58	33	49	36	74	8	12	38	29	47	54	49	0	47	17	16	4	36	27	4	12	45	35	20	15	
15	32	29	32	19	46	27	40	12	23	42	17	39	9	32	55	28	12	41	34	17	21	32	40	24	50	33	34	0	4	25	10	32	10	29	21	52	27	29	31	
6	38	33	16	46	28	9	46	52	5	33	15	29	60	22	52	26	58	32	61	32	36	31	22	40	41	46	28	66	0	33	9	23	25	46	36	50	22	12	13	
13	17	33	8	53	55	17	24	35	15	40	22	21	42	38	59	8	1	25	29	2	6	26	18	15	41	22	22	36	40	0	37	30	21	18	6	41	29	14	16	
38	33	45	11	56	40	52	53	47	28	17	47	15	41	41	50	25	59	20	26	27	31	10	21	40	64	46	54	42	64	35	0	42	17	2	31	51	24	39	19	
58	22	30	45	22	37	62	44	10	54	50	54	8	43	45	53	18	59	16	18	47	51	30	55	50	72	49	50	67	66	26	56	0	30	4	18	49	20	40	22	
36	36	59	47	65	24	5	42	44	45	61	45	18	37	54	48	3	42	59	11	32	15	27	40	36	38	49	43	46	28	40	14	41	0	41	7	46	48	44	33	
41	44	8	42	33	40	50	49	35	38	68	25	31	4	6	34	32	75	36	43	58	61	44	40	70	39	10	44	86	27	51	36	5	55	0	16	62	45	45	26	
20	24	40	24	20	19	40	35	36	22	39	29	37	11	49	23	23	7	37	8	9	13	50	34	43	55	28	63	42	49	17	44	37	28	18	0	41	9	21	9	
14	18	32	18	54	14	36	6	27	16	32	12	28	5	44	38	5	44	35	51	3	7	50	28	33	15	53	45	75	13	11	7	31	22	13	7	0	2	15	26	
36	39	47	40	34	21	22	38	10	33	10	45	38	40	35	29	54	65	56	41	54	22	41	22	14	47	58	72	58	31	32	54	36	45	60	58	29	0	54	41	
9	38	2	49	49	9	46	37	36	57	4	18	33	50	39	28	29	51	4	38	49	41	25	28	30	44	46	7	31	38	18	30	26	4	25	4	24	25	0	57	
49	16	40	38	10	63	52	38	36	24	52	58	34	69	65	62	44	44	42	27	45	49	56	12	49	67	19	53	54	29	11	52	6	46	30	44	69	46	4	0	
M1
0	29	23	58	77	46	3	45	44	30	44	20	59	71	73	22	59	60	44	58	54	57	44	46	12	61	45	41	49	51	65	62	2	35	41	54	79	44	25	64	
55	0	20	33	36	28	58	3	19	23	3	37	35	46	44	30	34	45	49	52	36	39	36	4	32	19	3	40	7	33	25	58	37	48	36	12	63	35	25	26	
52	41	0	36	64	13	26	41	40	14	50	40	63	21	51	51	20	46	39	31	21	24	21	52	29	33	35	25	44	18	34	43	22	56	56	16	58	51	30	29	
46	1	34	0	37	13	33	17	18	37	17	27	49	38	1	27	19	34	48	28	21	24	21	2	38	33	17	25	21	18	34	33	22	29	50	3	57	4	30	40	
47	54	45	61	0	40	33	12	47	6	61	32	35	38	33	52	23	15	72	43	21	27	35	68	38	57	25	52	37	45	38	43	40	57	52	22	14	29	17	61	
37	26	59	38	52	0	41	34	31	37	42	25	48	23	47	47	11	31	40	31	6	9	6	43	23	22	20	10	32	3	19	28	7	47	64	43	46	43	15	37	
55	27	40	46	39	36	0	35	32	50	13	29	45	28	48	25	17	10	40	32	24	7	36	3	28	23	38	41	45	16	3	46	45	30	30	41	49	6	41	3	
31	30	47	19	54	13	34	0	5	46	20	34	35	32	34	41	26	10	16	27	21	13	18	26	38	37	23	8	32	18	4	21	22	34	34	36	16	21	19	52	
40	16	49	1	36	1	31	27	0	31	32	16	51	14	16	42	14	34	17	34	9	12	9	8	22	25	23	13	28	6	22	31	10	16	65	18	49	3	18	40	
34	46	35	38	47	38	68	51	24	0	13	23	59	34	20	24	39	45	54	32	17	4	46	45	32	43	3	24	33	36	34	39	7	9	38	55	57	40	22	34	
49	38	8	23	25	50	56	48	55	63	0	46	57	35	6	26	25	41	30	18	18	41	43	8	35	59	32	62	39	29	30	40	19	28	78	40	58	27	61	59	
44	21	22	12	44	10	37	37	20	36	31	0	60	35	27	50	19	43	50	7	18	21	18	28	35	13	32	22	41	15	31	40	19	35	55	18	57	30	27	28	
22	4	37	46	14	41	34	20	32	38	20	29	0	59	46	21	8	31	56	28	42	52	36	21	42	29	20	31	24	4	42	3	40	44	53	8	15	30	18	43	
3	23	56	57	28	34	48	21	43	49	39	51	23	0	2	53	47	11	36	47	42	45	38	12	25	47	26	21	33	15	30	64	43	61	49	48	81	49	51	62	
4	37	44	57	12	39	32	53	46	43	32	31	67	24	0	53	52	8	75	43	40	50	34	1	55	58	26	18	36	27	3	9	22	62	5	62	13	28	16	60	
9	18	24	51	65	11	51	8	44	50	34	21	50	36	57	0	19	21	53	36	19	22	19	35	6	35	33	1	38	16	9	20	10	55	36	43	57	51	28	28	
43	48	51	33	47	46	39	5	48	50	58	3	66	49	20	53	0	36	53	2	35	26	41	49	16	16	33	49	43	32	37	36	55	18	58	49	20	14	23	31	
14	54	19	59	57	41	39	38	54	40	43	53	8	59	51	48	47	0	68	57	43	52	49	30	3	26	21	44	29	26	37	65	50	43	33	6	70	70	46	41	
41	30	19	42	56	2	45	38	35	7	24	29	52	27	34	38	15	22	0	7	10	13	10	38	27	26	11	14	1	7	23	32	11	44	26	31	50	47	19	40	
3	34	51	50	29	44	39	50	53	24	18	38	31	36	65	39	46	54	39	0	19	17	41	51	36	50	12	39	43	28	36	29	51	20	58	59	20	35	11	36	
19	45	59	30	35	29	47	22	43	33	61	36	30	5	45	29	42	31	68	22	0	40	37	46	5	42	2	41	24	16	5	10	38	43	48	47	28	43	31	57	
2	30	63	46	55	71	51	34	57	6	15	48	42	5	5	61	27	11	1	19	46	0	25	32	51	24	46	60	8	29	45	5	41	57	30	55	59	25	40	39	
36	1	34	45	37	21	45	17	31	35	17	35	22	22	31	3	34	21	54	12	5	6	0	18	22	6	17	17	21	26	22	27	30	1	48	26	45	47	29	21	
4	42	33	49	50	28	21	53	35	32	15	20	61	36	64	42	41	46	65	33	19	39	23	0	36	47	15	40	17	33	36	41	37	9	21	53	2	17	5	49	
55	35	53	20	43	34	48	28	20	60	50	13	69	42	35	49	17	28	50	37	42	45	14	36	0	12	43	46	44	39	33	53	36	49	6	37	30	36	6	27	
55	53	56	51	19	36	27	23	39	49	46	34	45	21	13	25	29	53	40	21	24	47	44	52	41	0	38	46	44	15	9	46	45	30	30	33	49	55	18	3	
65	37	62	32	48	32	56	52	18	8	41	11	74	27	34	4	35	19	48	50	34	19	40	39	6	17	0	44	27	37	38	56	41	37	34	49	71	34	47	32	
19	12	45	58	61	46	24	28	44	48	28	29	7	41	46	35	8	44	25	28	24	52	54	29	41	42	28	0	11	36	11	43	3	20	40	37	46	40	48	13	
57	26	59	58	41	30	15	42	58	55	17	51	74	55	55	20	43	46	41	50	38	29	38	43	53	54	24	42	0	35	51	8	39	79	39	42	78	72	47	65	
53	37	38	22	43	22	18	47	8	14	53	16	49	35	32	49	35	48	32	12	25	30	30	29	42	12	23	14	9	0	33	47	31	37	54	39	65	24	39	27	
46	21	19	6	20	29	44	37	37	54	3	32	43	39	21	23	32	51	36	35	22	40	37	22	39	11	33	31	41	20	0	44	38	28	28	23	47	15	34	1	
60	7	40	14	35	39	53	23	25	43	23	51	55	38	29	50	47	62	55	56	47	50	47	6	13	39	23	49	6	44	10	0	12	54	25	17	63	28	45	46	
36	46	43	31	43	48	5	26	51	17	20	46	37	45	37	37	53	30	23	45	36	59	21	2	47	12	50	58	13	39	19	28	0	42	40	8	58	41	42	15	
54	49	40	51	54	35	28	65	41	39	50	27	7	26	34	39	48	34	35	13	36	9	30	61	30	33	22	47	32	40	53	27	44	0	36	21	9	24	12	17	
47	11	44	45	60	45	50	27	31	29	8	29	11	41	46	41	8	56	25	6	24	52	53	28	19	42	14	46	27	12	41	32	54	9	0	36	46	40	49	32	
1	6	39	11	51	23	50	22	38	20	22	38	21	21	22	39	17	47	43	21	4	34	31	23	21	38	18	35	26	28	21	26	32	53	20	0	44	29	2	45	
56	38	29	45	46	24	17	54	31	28	53	16	67	42	60	38	37	42	61	29	25	35	19	52	40	43	11	36	21	29	42	47	33	60	36	49	0	13	1	45	
33	36	35	44	14	43	10	27	37	47	33	4	44	19	52	43	54	28	65	36	2	53	11	49	19	56	16	16	38	30	19	24	51	54	62	45	42	0	45	50	
41	17	50	52	1	51	33	33	42	20	33	23	52	27	66	2	64	1	52	7	10	59	8	34	27	46	17	39	9	14	27	8	27	45	16	42	36	4	0	18	
32	41	57	30	48	13	28	35	16	46	23	11	22	18	45	2	26	30	17	35	1	24	21	29	18	37	15	23	22	18	18	23	22	7	7	18	26	32	18	0	
M2
0	25	22	8	39	19	3	52	18	21	29	13	27	45	33	13	13	19	22	9	15	25	14	51	39	25	15	9	14	37	22	14	29	26	5	41	22	2	32	41	
16	0	22	12	14	38	52	56	30	42	13	25	7	50	37	34	24	37	42	51	19	29	54	54	46	36	42	40	18	39	44	52	23	23	52	13	33	53	8	13	
29	10	0	25	27	29	22	59	43	45	26	32	20	18	30	24	6	29	49	11	32	38	13	12	48	18	53	14	31	1	36	26	36	4	52	26	46	47	21	26	
25	34	31	0	39	47	61	41	20	54	32	54	16	59	22	56	33	46	35	56	4	14	69	40	52	39	36	25	3	26	29	40	18	27	51	35	57	38	23	45	
26	10	32	25	0	27	32	43	13	20	26	31	17	40	30	14	4	4	24	41	22	37	26	35	12	20	51	15	31	7	48	22	17	11	20	23	23	22	21	3	
7	36	33	24	25	0	63	10	28	34	21	36	18	6	49	49	35	39	15	11	13	27	50	56	33	39	53	50	30	9	20	43	34	26	58	36	36	57	28	16	
29	38	35	1	43	12	0	45	24	42	36	6	20	38	26	6	37	50	39	37	8	18	7	44	32	18	40	2	7	30	15	7	22	31	26	39	61	39	25	49	
35	44	23	25	42	36	20	0	48	2	58	30	26	48	50	26	30	56	49	36	32	33	27	48	40	13	37	26	11	38	39	31	7	9	50	32	9	19	6	12	
25	50	47	13	35	31	36	41	0	70	48	42	32	12	38	27	8	62	51	65	20	30	47	37	43	50	52	14	19	42	45	13	34	15	47	43	47	54	39	27	
30	29	18	10	19	21	5	42	33	0	45	15	21	43	35	15	38	23	43	44	17	26	16	4	41	27	37	11	4	8	24	16	2	30	35	40	40	41	10	45	
39	43	37	14	52	25	9	58	33	53	0	11	30	43	39	19	47	37	37	11	21	31	12	57	39	30	50	15	20	7	28	20	28	25	20	36	36	37	38	16	
46	47	25	35	30	32	57	42	45	57	13	0	37	1	2	51	38	41	48	40	38	2	53	29	32	29	38	52	34	57	27	42	45	42	51	45	37	2	47	59	
2	11	8	22	28	24	38	60	44	31	27	38	0	44	47	33	10	23	43	51	29	39	48	49	55	45	28	32	28	44	50	49	9	30	38	12	42	39	3	22	
18	27	24	17	18	40	52	14	26	47	43	3	9	0	36	28	26	39	47	67	14	34	61	27	4	23	44	45	23	31	28	14	25	39	30	17	47	36	19	36	
33	27	29	12	21	51	56	53	11	58	29	23	31	22	0	54	44	44	29	44	19	29	43	5	52	39	15	22	18	41	44	22	2	39	12	42	54	29	38	43	
17	26	3	37	33	39	41	46	23	46	42	25	8	36	49	0	23	38	45	47	12	21	52	25	2	32	41	47	8	35	38	12	24	8	28	27	19	39	9	9	
45	43	51	17	59	7	12	53	40	54	52	22	36	53	39	22	0	66	37	53	24	25	23	43	48	34	56	18	23	18	31	23	38	45	42	55	65	55	41	59	
20	1	26	16	18	31	49	60	17	11	17	29	11	41	21	5	28	0	15	39	23	33	58	56	44	40	46	6	22	43	48	52	8	2	48	17	37	13	12	17	
14	69	26	60	53	50	55	60	2	74	25	20	51	48	53	65	27	76	0	49	36	49	14	46	26	39	40	59	34	61	41	36	7	10	9	67	51	20	49	66	
22	31	28	18	3	39	58	62	25	27	32	14	13	35	43	53	30	43	1	0	25	35	1	54	31	60	33	46	24	45	30	41	29	48	57	28	42	47	17	42	
33	35	39	42	52	53	37	71	7	62	21	5	24	37	4	47	41	54	61	10	0	15	23	11	68	41	51	43	33	3	56	48	40	13	44	35	12	38	34	39	
33	42	11	5	47	31	27	49	28	62	40	37	24	56	20	37	8	54	43	14	8	0	38	19	25	47	8	33	11	34	37	35	21	35	51	35	49	46	31	29	
14	23	8	20	40	21	15	53	9	43	3	25	5	46	45	25	22	35	54	47	2	9	0	37	14	37	6	21	15	49	24	24	5	42	40	4	54	51	15	34	
21	26	10	13	19	24	8	37	30	37	22	18	12	50	35	18	29	21	34	49	4	30	19	0	44	30	47	14	19	15	21	19	26	28	17	23	46	34	22	41	
27	36	33	47	53	49	56	55	15	56	43	30	18	62	62	57	35	48	36	62	3	32	50	16	0	48	48	57	49	49	29	3	21	28	19	34	61	30	28	47	
29	19	5	8	31	16	3	26	14	29	25	12	20	19	33	12	17	13	18	44	15	25	14	51	39	0	32	9	14	37	22	14	26	12	1	2	5	18	30	35	
40	24	46	39	41	60	44	56	47	69	33	45	31	15	63	38	39	61	29	55	44	44	55	9	46	19	0	50	22	43	7	25	47	27	34	7	37	51	35	17	
35	44	27	16	56	5	11	40	23	57	32	21	26	51	41	21	12	56	27	46	16	33	22	29	6	33	36	0	22	45	30	16	10	41	10	45	52	27	36	53	
35	36	40	34	53	54	56	17	34	50	52	30	37	49	20	66	31	67	71	43	37	1	51	16	28	61	12	19	0	63	52	16	8	59	54	52	72	52	9	52	
34	15	40	30	16	32	33	52	28	25	31	24	25	42	19	19	9	9	27	43	24	35	44	33	14	54	37	20	36	0	50	24	1	16	29	31	14	10	26	31	
9	43	40	7	10	24	29	50	30	31	23	39	25	9	32	14	1	55	7	49	6	24	40	50	40	34	10	35	13	7	0	20	28	17	28	31	31	42	33	11	
37	80	28	55	63	45	50	42	74	71	24	2	67	34	35	10	22	74	24	28	62	35	3	11	65	1	25	56	61	56	60	0	53	38	80	65	70	35	64	53	
46	55	42	49	10	24	45	46	16	52	35	35	37	5	14	55	17	61	42	6	42	28	56	48	36	46	56	49	55	49	21	26	0	15	25	43	41	42	33	23	
18	54	53	33	50	21	34	46	53	19	34	35	38	5	41	26	15	48	52	48	40	50	17	40	31	13	55	34	39	30	53	41	45	0	57	44	28	47	48	24	
51	64	7	60	44	33	76	57	3	79	14	1	48	33	34	47	54	63	7	45	30	34	33	53	30	61	21	60	20	60	22	40	49	44	0	61	32	7	30	64	
26	7	30	22	24	37	55	54	23	17	23	22	17	13	27	11	34	1	21	15	28	39	12	41	18	45	24	12	28	48	10	9	14	6	44	0	42	19	18	22	
35	44	41	9	48	23	7	35	23	44	44	9	26	5	21	17	43	48	18	10	11	20	18	24	1	21	35	13	15	8	26	11	2	36	27	20	0	38	12	30	
17	26	23	37	4	39	53	49	10	39	42	41	8	59	49	29	25	23	13	5	14	33	56	27	4	59	43	34	11	59	40	14	24	13	30	24	2	0	18	37	
43	31	21	16	48	27	11	60	15	57	7	9	35	41	41	19	37	65	21	37	23	14	1	1	14	33	32	17	22	45	30	22	6	39	4	47	43	21	0	29	
17	26	23	37	30	39	53	72	49	46	41	44	8	31	62	48	25	38	31	32	37	35	63	50	27	17	43	47	43	20	63	37	24	4	53	14	14	54	18	0	
M3
0	15	9	5	53	9	15	9	2	26	42	17	22	41	29	27	22	11	54	56	12	40	13	9	11	7	11	35	40	20	11	22	26	41	4	8	11	15	64	19	
59	0	50	14	60	52	25	26	45	50	14	48	1	56	38	13	37	28	65	37	2	43	49	57	54	14	54	23	34	50	23	48	55	47	52	52	19	62	65	25	
17	15	0	7	35	17	30	40	18	42	27	30	36	9	38	25	13	25	35	62	20	35	16	22	9	41	20	31	26	39	54	16	41	28	17	21	29	28	57	37	
16	9	29	0	27	19	34	20	12	36	40	32	30	36	40	36	13	29	48	1	22	47	22	22	21	32	21	44	38	28	46	12	9	51	33	26	20	38	30	19	
13	21	52	43	0	14	4	16	24	43	21	5	42	38	49	48	25	41	5	62	43	28	34	31	11	35	12	25	19	50	3	24	21	32	26	6	32	37	44	43	
41	3	42	37	37	0	11	30	28	40	9	52	24	60	31	14	17	32	58	60	25	16	6	31	26	23	16	41	7	38	36	21	34	20	42	33	42	52	32	21	
33	50	8	51	31	35	0	25	29	35	57	9	11	55	26	21	30	10	51	24	15	21	1	39	38	43	38	61	55	62	39	29	26	59	50	43	37	1	56	48	
15	7	39	38	50	17	3	0	11	35	32	26	28	9	37	25	12	25	6	26	29	33	12	21	20	4	15	27	37	12	25	11	8	29	17	21	19	28	68	30	
9	17	23	51	61	2	46	30	0	19	46	42	38	34	27	40	23	39	47	52	39	53	25	21	4	51	4	54	44	64	34	15	19	34	16	9	30	27	75	14	
8	9	32	30	38	11	12	12	4	0	10	24	30	3	32	4	5	19	42	61	31	17	20	14	7	24	13	19	8	33	37	4	1	7	11	15	12	22	39	23	
37	5	37	39	32	30	6	15	23	35	0	47	26	55	26	35	38	6	35	36	27	11	1	21	32	13	23	19	2	33	31	16	34	8	37	28	44	47	33	42	
35	41	59	20	39	4	44	39	31	55	36	0	12	35	12	11	26	28	2	19	60	56	43	18	40	71	7	52	57	2	34	24	28	21	34	38	28	34	70	9	
24	31	54	9	17	33	34	34	26	5	32	38	0	25	45	26	27	3	35	74	12	4	34	36	29	46	35	30	30	45	36	26	23	29	33	37	34	20	39	7	
34	1	46	35	65	3	31	36	30	46	35	16	22	0	24	11	20	11	34	55	23	40	12	8	10	35	11	39	39	25	44	30	27	29	3	7	15	14	63	40	
2	18	30	42	27	9	22	21	2	10	28	33	39	30	0	31	14	23	48	37	23	3	32	23	11	42	11	40	26	20	41	13	10	34	23	16	21	34	14	13	
24	9	48	37	18	27	38	28	20	44	5	39	12	22	44	0	21	37	39	50	14	30	28	14	26	6	29	18	46	11	35	1	17	56	19	23	28	29	5	39	
23	14	56	48	39	52	28	1	45	39	26	37	35	59	64	47	0	29	17	69	30	33	39	27	42	40	45	57	24	61	53	6	57	37	59	49	53	5	55	46	
22	40	15	65	57	14	31	26	18	18	40	13	23	38	46	21	9	0	70	46	53	47	48	28	27	25	8	50	38	58	57	18	15	42	39	8	26	44	55	10	
46	32	73	1	63	15	10	44	45	64	46	49	53	57	41	12	18	49	0	62	38	36	30	36	31	66	47	31	67	23	75	26	55	14	31	35	49	42	52	13	
2	8	8	42	60	3	22	18	37	46	30	19	29	2	30	18	16	18	41	0	30	12	12	15	15	42	18	13	46	32	39	8	34	18	10	14	22	21	47	47	
19	5	43	33	14	3	34	20	15	35	39	35	26	42	26	18	16	16	35	46	0	26	1	24	24	38	24	43	41	7	33	15	12	47	19	23	23	25	1	2	
30	9	39	37	18	29	24	19	23	5	32	37	30	25	11	22	27	26	35	50	14	0	32	28	29	14	32	32	30	11	37	26	23	29	23	27	8	29	5	33	
38	28	58	39	40	15	42	3	30	13	40	48	49	33	4	34	35	49	61	48	50	7	0	19	33	22	38	49	38	48	40	17	31	37	41	44	42	45	42	49	
54	41	3	44	46	43	20	69	49	44	45	33	62	35	34	20	54	7	30	59	59	55	52	0	35	17	51	6	46	20	52	17	58	44	43	47	4	44	60	29	
27	41	47	11	24	1	44	40	19	43	59	15	26	35	12	38	39	51	26	42	23	58	30	26	0	33	20	49	57	65	23	27	43	33	21	25	54	20	71	38	
17	35	41	31	15	20	35	21	13	17	39	13	45	30	41	30	14	30	34	44	13	48	28	23	22	0	20	10	39	5	34	7	10	41	34	27	21	39	70	32	
8	8	59	42	30	35	34	16	52	51	19	22	29	27	56	34	40	43	9	62	26	28	44	24	8	42	0	49	31	23	49	45	59	44	35	39	46	41	17	53	
12	18	1	52	9	20	10	29	13	37	46	30	39	52	26	51	41	31	30	70	19	33	5	39	22	24	22	0	44	36	28	33	37	52	34	27	48	10	68	32	
34	2	34	36	29	27	3	37	20	43	1	44	23	59	39	35	48	24	50	59	24	8	14	23	29	15	20	45	0	36	28	13	44	12	34	25	41	44	30	39	
22	30	36	5	19	14	21	43	8	32	13	25	51	42	36	4	29	5	40	18	37	38	20	16	17	61	17	29	47	0	33	1	32	40	11	15	5	22	61	27	
17	7	31	17	51	9	34	38	3	17	32	22	17	1	30	17	26	2	27	54	29	39	18	14	4	41	12	45	30	31	0	21	27	9	9	13	21	20	38	22	
45	11	56	45	64	39	13	27	45	37	40	54	32	57	28	41	40	59	71	36	33	31	3	27	29	41	54	29	58	59	37	0	42	39	22	26	25	33	53	50	
5	23	29	57	40	8	25	9	1	25	29	21	33	28	29	25	2	18	53	58	36	36	31	11	10	41	10	33	27	54	40	1	0	40	22	15	9	27	58	20	
20	40	48	50	18	31	38	16	26	14	41	39	9	34	49	33	36	50	12	6	62	48	27	29	15	35	27	50	39	34	37	35	32	0	24	28	43	35	70	44	
28	20	52	50	63	17	37	30	24	40	35	44	41	51	22	48	15	41	67	49	42	34	6	2	4	49	30	43	33	53	54	24	21	46	0	1	32	8	57	43	
39	7	39	41	34	15	8	42	25	35	6	30	24	9	38	16	34	16	48	8	8	11	19	22	24	20	4	37	4	39	33	18	41	17	17	0	13	11	35	38	
35	30	16	42	40	52	1	54	46	25	29	14	51	44	67	1	47	52	31	42	40	36	42	24	49	41	48	9	27	30	33	25	43	40	52	43	0	63	41	10	
3	17	27	8	26	29	12	42	25	49	15	47	38	63	22	33	27	34	47	47	39	45	18	7	16	48	12	43	45	8	45	30	33	22	9	13	19	0	69	10	
39	1	57	29	10	22	30	42	32	54	35	31	22	64	40	14	33	29	31	42	6	22	24	20	22	34	38	39	45	3	29	25	39	58	15	19	26	21	0	46	
21	29	34	9	2	14	19	34	7	31	39	23	50	46	39	14	32	12	23	60	42	32	29	25	16	53	16	27	37	39	21	26	28	46	20	21	3	31	33	0	
