40  4  1
4
	0	23	1	60	2	27	3	68
	0	33	1	88	2	47	3	3
	0	85	1	12	2	59	3	68
	0	10	1	54	2	86	3	44
	0	88	1	84	2	12	3	51
	0	44	1	22	2	62	3	46
	0	72	1	68	2	67	3	98
	0	65	1	73	2	94	3	11
	0	54	1	58	2	61	3	67
	0	92	1	50	2	82	3	16
	0	32	1	88	2	3	3	40
	0	79	1	9	2	29	3	44
	0	25	1	36	2	58	3	83
	0	94	1	14	2	51	3	12
	0	47	1	72	2	27	3	6
	0	35	1	99	2	60	3	15
	0	4	1	74	2	97	3	30
	0	69	1	80	2	41	3	75
	0	33	1	93	2	74	3	65
	0	8	1	27	2	94	3	88
	0	62	1	76	2	3	3	91
	0	12	1	86	2	73	3	90
	0	10	1	45	2	66	3	40
	0	28	1	68	2	95	3	16
	0	11	1	34	2	54	3	99
	0	58	1	83	2	36	3	77
	0	71	1	81	2	35	3	98
	0	55	1	35	2	4	3	33
	0	66	1	76	2	92	3	28
	0	56	1	77	2	2	3	81
	0	50	1	63	2	43	3	45
	0	43	1	16	2	57	3	46
	0	20	1	5	2	49	3	91
	0	34	1	77	2	49	3	73
	0	90	1	98	2	96	3	20
	0	11	1	24	2	4	3	34
	0	10	1	46	2	62	3	27
	0	70	1	36	2	79	3	37
	0	12	1	89	2	65	3	88
	0	12	1	39	2	26	3	38
SSD
M0
0	62	47	50	1	52	64	42	32	50	75	11	45	58	45	59	57	68	44	59	72	70	37	23	53	69	64	53	55	56	2	1	32	70	43	78	57	64	58	18	
13	0	22	25	37	46	34	30	36	39	27	18	26	18	25	9	4	6	48	24	22	47	6	23	1	28	39	11	59	43	25	14	37	14	58	54	45	23	39	22	
66	79	0	47	53	41	42	47	62	61	23	40	21	59	14	18	13	14	48	33	16	53	37	54	23	5	31	6	57	82	39	48	39	26	24	63	1	48	39	53	
54	77	23	0	3	46	25	38	26	4	58	46	60	50	31	9	4	57	14	24	59	47	46	42	50	28	4	11	71	54	46	39	37	17	23	54	60	20	57	51	
34	30	41	19	0	23	11	28	54	33	7	12	43	27	17	19	22	50	25	1	48	24	38	22	27	46	33	29	5	55	23	16	14	35	45	54	51	38	8	47	
59	40	25	44	57	0	36	21	37	58	60	48	62	10	42	11	6	18	50	26	61	49	48	47	44	30	6	13	2	32	48	15	39	19	71	56	62	71	33	47	
36	18	4	21	34	25	0	59	28	35	8	46	44	29	19	21	26	52	27	3	9	10	56	21	29	45	10	33	57	48	25	18	16	35	44	48	53	41	54	14	
79	41	72	78	58	52	69	0	27	24	56	46	26	14	60	49	53	60	71	69	31	4	69	28	75	19	50	34	64	42	18	36	53	29	21	57	59	15	39	46	
9	40	33	2	15	45	4	48	0	16	42	43	40	47	33	19	14	18	26	23	35	31	26	12	42	38	16	21	48	38	28	33	36	27	35	64	20	32	58	42	
51	11	26	36	6	31	28	36	58	0	26	43	24	44	15	12	7	17	29	18	19	41	49	14	26	31	27	14	11	47	40	33	31	20	64	53	4	51	42	44	
52	65	34	30	36	30	37	41	15	44	0	23	4	46	26	20	15	26	12	27	21	11	33	35	6	38	44	22	32	49	20	34	31	28	6	15	13	13	43	49	
29	69	63	39	8	43	31	73	50	11	55	0	59	38	1	39	44	59	36	21	12	3	49	27	34	61	53	51	57	22	4	35	34	28	37	81	59	27	71	36	
33	71	31	27	7	2	47	33	35	25	5	59	0	53	49	22	17	38	30	37	58	40	44	37	43	39	41	24	48	70	57	5	2	30	43	31	50	50	14	58	
42	17	12	17	30	28	52	4	15	31	31	68	1	0	55	36	31	47	39	51	4	49	49	46	51	48	31	14	20	79	19	31	11	29	25	57	65	47	19	24	
58	57	33	13	26	51	12	25	31	27	12	34	42	2	0	32	27	36	37	47	38	55	1	13	17	49	27	34	49	46	20	14	27	14	46	59	57	21	34	17	
62	62	34	27	40	32	39	3	32	41	37	33	41	6	21	0	41	13	26	29	27	44	2	19	16	48	20	48	34	52	21	15	33	54	27	17	60	29	35	18	
49	69	15	34	47	38	26	30	68	48	50	38	52	42	32	1	0	49	40	16	51	39	38	37	42	20	35	3	63	70	38	31	29	9	62	46	52	64	61	54	
50	66	22	31	44	11	27	53	31	45	51	19	40	43	33	15	40	0	41	17	45	40	52	38	43	64	28	33	11	1	29	32	30	38	60	32	58	53	26	26	
7	45	19	44	31	38	15	58	18	32	46	32	45	3	46	29	24	66	0	44	41	48	40	53	20	48	58	31	77	80	32	31	57	37	5	60	56	47	10	4	
25	69	34	10	23	14	2	48	46	24	26	35	43	18	8	10	15	41	16	0	39	15	45	13	18	39	24	22	49	46	14	7	5	28	43	60	58	40	59	43	
59	66	52	72	75	57	71	60	37	29	71	62	58	61	12	22	69	67	33	86	0	50	59	72	73	55	63	20	76	39	78	72	85	73	71	74	69	75	55	23	
85	73	59	66	68	59	53	71	56	37	48	52	56	23	61	33	70	44	56	79	15	0	70	12	79	46	59	71	48	26	41	20	71	13	22	67	93	76	56	42	
52	50	22	30	43	40	48	14	20	38	32	23	31	16	9	42	37	25	49	57	27	59	0	7	6	38	44	41	43	40	9	3	21	50	46	62	49	17	23	6	
60	46	19	43	28	31	13	55	16	34	47	61	17	7	45	57	56	54	63	39	68	54	31	0	47	74	19	37	8	5	1	44	44	38	25	27	56	48	42	2	
59	48	32	13	26	41	48	31	46	27	15	6	14	42	35	32	27	51	37	47	10	58	16	33	0	21	27	34	69	66	35	29	41	40	46	62	60	16	49	32	
12	71	48	29	25	33	21	62	41	43	33	37	31	37	24	29	34	24	35	11	26	34	47	32	20	0	43	2	68	65	33	26	24	18	44	69	11	17	48	27	
42	69	51	70	64	67	49	66	52	42	65	16	53	38	54	35	32	75	2	52	41	19	48	8	55	56	0	39	44	11	37	25	53	44	36	63	64	69	18	38	
57	77	14	30	42	27	34	36	66	44	32	60	68	31	30	1	44	46	26	24	29	23	38	45	43	39	44	0	29	61	35	39	37	48	4	12	77	33	69	54	
11	34	20	36	35	21	28	47	4	19	2	45	38	23	13	18	13	54	21	18	22	33	55	39	40	37	50	19	0	71	10	33	31	26	35	6	47	27	61	52	
67	44	54	58	41	36	48	67	51	59	30	26	9	1	46	46	41	48	59	40	23	55	53	7	57	65	13	48	14	0	22	39	36	49	3	28	35	2	27	37	
25	74	30	51	49	15	28	62	44	62	27	13	25	13	18	33	28	18	26	35	20	54	54	36	27	23	50	26	3	69	0	49	43	41	41	27	5	39	43	30	
35	81	37	6	19	48	36	53	42	20	60	33	58	48	1	15	20	44	30	26	57	30	49	13	52	44	20	27	49	46	42	0	8	32	15	63	72	23	64	37	
11	73	9	40	35	45	29	39	59	54	55	45	58	33	39	10	5	16	8	23	45	18	47	15	33	17	44	12	51	48	36	35	0	18	46	35	48	56	45	45	
49	26	46	19	32	36	52	61	46	28	39	5	9	45	14	32	27	65	9	42	8	56	48	11	43	45	33	34	47	44	12	39	36	0	47	30	56	29	18	41	
60	86	47	55	35	30	58	25	40	27	33	12	3	16	50	9	28	57	46	48	27	52	44	61	60	48	64	35	12	77	32	33	30	41	0	59	46	71	14	58	
34	54	43	19	20	4	11	57	55	33	9	44	45	24	7	19	24	50	25	1	43	16	43	22	27	48	33	31	6	54	23	16	14	37	24	0	54	10	68	52	
59	68	27	36	42	30	31	54	51	50	12	29	10	52	3	21	42	3	56	62	5	42	39	56	12	44	50	11	76	71	58	40	28	55	50	59	0	37	28	50	
43	81	45	49	19	36	35	55	15	63	37	50	13	39	28	31	26	28	3	31	30	48	31	27	37	50	63	33	38	60	50	43	21	39	41	21	15	0	12	40	
55	60	21	40	53	44	32	36	46	54	35	44	32	44	24	7	2	47	20	22	49	26	18	35	34	26	41	9	55	64	37	31	35	15	26	38	34	45	0	32	
63	32	17	49	40	22	60	73	2	20	57	47	33	59	46	47	42	71	60	62	59	66	58	68	38	66	63	23	63	94	61	63	60	55	58	72	74	65	28	0	
M1
0	63	60	37	42	55	41	60	47	45	37	21	12	2	19	31	20	34	24	46	25	49	39	40	54	32	6	12	13	82	31	73	44	21	5	43	18	21	14	88	
35	0	27	39	49	6	12	60	37	26	33	30	22	25	34	30	43	24	49	18	48	34	45	49	53	55	41	53	73	70	39	34	53	44	51	60	41	44	55	50	
52	64	0	27	17	37	37	51	58	58	96	57	42	62	47	13	75	20	45	45	29	38	63	49	14	65	55	54	45	65	28	8	52	81	34	21	59	66	16	38	
39	25	59	0	49	10	42	31	28	13	78	13	35	39	28	34	57	69	12	1	39	38	31	32	10	55	24	36	77	72	23	39	34	50	27	60	10	45	57	41	
56	42	53	4	0	27	47	84	26	3	23	14	27	34	43	45	34	32	42	39	54	22	20	1	47	41	7	16	54	58	24	3	20	2	29	49	2	50	37	33	
7	54	27	18	38	0	46	72	28	26	69	2	3	28	30	2	44	59	21	27	51	6	20	21	35	46	13	25	66	56	11	7	25	47	33	54	44	41	28	37	
46	71	58	32	52	51	0	38	42	40	83	16	38	12	58	54	13	12	44	41	35	75	30	35	49	42	27	15	71	55	26	22	39	31	48	33	28	7	72	39	
79	42	99	30	65	50	16	0	64	68	49	44	74	25	61	74	17	73	50	63	3	66	62	4	46	55	35	62	93	33	54	51	67	44	9	66	41	44	10	72	
33	77	47	18	10	47	36	10	0	22	21	48	69	29	21	71	30	63	57	73	52	44	66	63	17	59	59	23	92	40	58	67	71	15	68	70	45	40	28	97	
47	58	60	27	63	80	50	70	53	0	15	27	7	53	47	2	4	84	15	52	51	26	45	46	33	59	38	68	81	88	37	79	50	13	92	65	66	59	88	101	
6	39	24	63	53	73	73	59	77	85	0	81	34	68	41	49	75	56	81	34	28	71	99	85	50	6	38	69	35	9	15	44	71	40	70	57	84	78	29	74	
42	69	63	7	27	47	41	61	17	15	58	0	21	17	37	62	35	48	19	16	40	58	9	10	24	35	2	32	55	52	1	43	14	36	56	43	33	30	80	73	
4	15	17	27	46	66	7	47	37	27	78	11	0	37	57	5	5	49	39	36	13	1	29	30	10	16	22	41	56	72	21	37	34	8	50	42	23	50	45	67	
40	52	70	21	26	61	55	44	31	29	72	5	35	0	32	69	4	34	33	30	9	51	23	24	38	16	16	23	69	66	15	57	28	5	25	27	2	5	49	84	
52	8	30	69	59	36	10	49	9	75	9	59	12	74	0	53	53	62	69	55	36	49	70	78	29	6	33	69	15	33	69	50	60	29	76	63	71	81	45	30	
34	53	50	42	40	5	67	64	26	50	79	29	24	50	57	0	54	42	48	46	40	33	47	42	27	16	40	2	57	49	38	34	52	31	5	81	6	58	31	50	
31	54	10	37	39	2	35	4	14	50	18	26	3	12	13	4	0	38	45	51	35	30	44	45	36	9	27	49	67	46	35	30	8	13	20	37	28	13	38	60	
54	65	61	35	61	40	34	35	13	64	28	40	14	21	30	55	38	0	68	48	44	51	49	28	44	28	26	58	95	45	50	11	7	40	37	36	37	17	8	41	
42	18	72	55	74	53	1	41	50	35	57	65	58	59	44	23	55	81	0	61	60	81	83	62	96	77	76	84	75	4	75	24	68	78	50	43	47	2	31	49	
42	67	56	39	55	41	14	56	16	24	54	31	16	15	33	57	30	48	59	0	11	18	49	48	62	31	20	8	95	48	41	12	10	22	38	39	31	17	65	42	
62	75	58	73	75	33	19	57	63	71	19	57	58	60	73	57	12	21	59	20	0	50	31	31	55	78	33	12	72	3	58	59	57	69	50	86	58	52	17	6	
50	63	55	32	10	21	53	76	47	14	59	45	12	55	30	45	51	5	64	70	45	0	63	47	39	15	50	7	66	72	5	50	41	56	53	70	3	38	44	44	
15	15	46	42	39	70	34	53	28	46	64	72	55	62	36	71	69	46	68	71	65	28	0	38	60	55	58	27	1	67	29	66	48	35	27	10	41	78	65	89	
54	65	51	46	75	46	44	57	57	59	74	61	14	51	40	55	55	43	28	86	3	10	79	0	60	59	4	3	32	71	41	66	51	5	68	14	48	54	60	85	
58	26	29	58	58	49	61	3	74	81	73	63	18	44	17	48	59	46	6	43	44	55	15	46	0	70	49	6	59	98	11	49	68	62	71	41	51	18	57	79	
40	66	21	60	50	32	20	43	31	11	10	47	57	28	48	46	46	52	46	72	50	60	55	52	6	0	55	12	17	76	26	41	70	10	2	40	44	47	49	31	
55	9	68	37	50	57	25	47	14	65	13	41	15	22	18	50	2	69	22	65	45	4	50	60	55	11	0	29	96	46	51	28	8	38	54	37	38	38	85	1	
37	79	13	48	42	8	62	71	57	56	98	32	33	13	50	32	31	5	51	57	3	36	50	5	39	43	8	0	70	82	41	33	55	32	30	44	29	32	22	63	
54	13	16	47	45	25	65	26	69	67	50	43	50	24	21	41	42	48	48	68	38	53	61	62	42	54	23	41	0	51	7	36	66	43	18	39	24	29	44	12	
39	23	59	17	27	10	58	40	39	39	77	15	35	6	52	32	24	19	43	40	29	38	33	21	48	36	26	30	79	0	16	39	33	25	38	47	22	25	35	69	
5	65	49	62	58	24	71	73	48	48	22	48	45	44	56	19	62	44	45	73	23	40	66	44	43	67	47	4	71	68	0	37	46	63	48	30	47	63	42	53	
42	69	34	15	63	13	55	74	34	61	72	37	18	42	51	37	51	45	47	21	59	41	55	54	60	49	37	56	91	66	46	0	28	61	10	34	35	52	54	14	
42	53	55	24	49	53	22	64	1	52	39	28	2	9	18	43	27	57	56	53	32	39	37	47	48	16	14	46	83	33	38	24	0	28	48	24	25	25	72	54	
15	49	51	17	12	49	29	23	8	12	46	35	9	16	25	28	34	46	14	60	23	46	44	46	55	23	11	6	53	40	45	31	2	0	47	31	32	32	1	61	
40	78	11	48	40	11	42	46	44	56	87	34	36	37	42	35	55	43	54	59	42	39	52	44	37	18	45	4	68	73	29	29	54	6	0	16	53	11	38	7	
61	72	74	8	68	72	41	19	20	54	58	38	21	28	2	58	35	41	34	63	51	58	56	4	67	21	33	49	89	33	48	43	14	47	54	0	44	44	31	73	
46	56	78	39	17	52	45	45	24	40	62	23	25	32	41	57	2	29	51	48	55	62	41	39	53	39	28	45	67	23	33	47	18	37	71	47	0	6	1	77	
4	31	74	61	67	31	16	3	38	70	76	46	21	27	55	55	45	75	73	56	50	58	45	65	67	53	51	64	77	52	56	57	32	46	66	61	43	0	50	76	
29	40	14	44	43	30	3	73	79	75	46	54	55	48	2	39	65	42	6	42	9	58	24	4	40	78	65	75	70	86	23	34	74	67	60	47	64	34	0	64	
54	81	113	67	67	81	66	21	71	78	69	54	71	56	43	105	61	65	14	79	79	33	72	73	87	84	65	93	85	82	37	106	77	28	85	58	13	14	60	0	
M2
0	72	54	71	105	75	68	17	23	83	28	51	54	49	83	52	5	20	15	67	80	51	39	65	71	81	52	38	4	69	98	45	23	36	90	76	40	58	64	20	
6	0	20	64	62	22	54	50	55	1	61	48	4	53	18	70	2	9	12	53	35	40	47	11	60	56	38	31	37	61	80	10	32	1	45	62	60	22	57	53	
6	68	0	1	71	26	73	50	6	81	59	1	14	2	23	45	12	16	38	56	67	57	13	14	26	81	35	65	37	64	52	28	56	69	75	22	23	74	23	53	
58	86	24	0	96	58	77	65	79	30	66	12	53	61	78	55	83	55	22	15	73	5	50	85	67	50	46	89	52	52	55	83	33	66	83	100	45	97	51	63	
43	44	9	36	0	4	62	64	7	85	70	38	82	56	30	82	3	40	4	42	25	64	32	15	21	69	67	16	43	37	38	5	50	14	23	38	9	18	42	62	
67	27	68	82	56	0	19	30	30	75	61	52	78	50	44	41	21	33	72	66	39	64	56	51	32	49	81	84	1	61	52	25	9	75	49	19	12	16	74	37	
48	56	60	6	90	27	0	69	84	84	34	64	60	89	25	35	27	62	90	65	93	17	36	92	78	75	58	83	2	75	25	34	72	39	103	99	71	49	70	74	
45	14	28	59	21	37	3	0	37	32	2	32	28	60	60	25	36	1	37	49	58	25	8	44	42	70	26	49	66	44	58	35	29	39	31	29	1	51	16	74	
50	37	33	57	45	20	53	49	0	62	7	31	33	21	3	55	57	17	46	23	18	14	18	30	46	61	31	31	58	44	58	34	45	44	28	45	51	18	35	78	
18	18	19	8	41	25	37	1	30	0	67	27	69	47	19	59	50	15	31	17	14	2	31	26	27	40	45	69	44	12	41	33	36	26	24	27	33	1	50	65	
40	78	23	60	79	47	61	74	47	74	0	27	23	76	55	45	47	42	57	44	79	20	8	85	41	71	21	58	67	39	68	32	35	34	75	62	68	78	77	76	
69	45	43	81	64	26	88	63	57	51	34	0	60	20	42	15	79	66	12	58	37	57	24	49	60	72	5	48	11	63	92	55	72	71	47	64	70	68	28	85	
50	63	51	65	87	50	20	12	16	92	67	50	0	70	66	68	82	47	4	49	61	78	54	65	23	11	57	38	3	44	18	45	34	18	71	83	69	58	47	47	
7	53	21	35	64	20	39	51	57	62	22	28	48	0	41	17	39	17	27	19	78	45	28	39	29	83	46	12	38	14	43	19	38	28	59	78	74	32	38	36	
53	65	47	64	65	28	23	19	71	32	21	51	47	82	0	67	61	50	46	52	63	44	32	40	62	31	45	31	55	47	69	4	59	30	60	86	54	47	18	56	
48	59	25	35	4	20	32	53	23	85	13	43	39	39	45	0	19	45	20	47	40	15	24	31	28	85	32	32	49	42	48	21	51	30	10	15	21	22	3	10	
34	12	21	49	50	34	53	74	12	50	75	36	43	21	28	4	0	31	47	33	23	20	40	27	34	66	50	78	7	28	57	34	49	17	33	33	39	76	1	73	
50	11	51	17	67	34	65	19	30	59	45	30	62	34	23	74	60	0	33	40	83	68	56	68	10	48	64	66	70	44	42	54	50	51	83	82	66	27	48	76	
14	21	19	48	29	13	52	48	22	16	50	15	33	35	2	59	44	30	0	32	2	73	19	14	42	24	5	27	45	27	56	33	28	41	12	29	35	1	47	61	
46	77	42	30	21	37	31	90	40	27	30	7	56	56	63	49	26	68	34	0	58	53	6	46	54	80	41	19	46	70	69	26	53	47	24	71	42	39	45	66	
29	16	30	44	24	8	48	48	17	61	50	10	67	30	2	54	39	26	40	28	0	69	14	9	37	60	44	52	50	23	52	30	47	37	7	24	30	53	47	76	
42	42	43	57	78	62	19	49	92	66	47	77	44	67	7	14	5	39	55	5	84	0	35	42	16	33	71	63	39	36	65	26	29	20	37	85	72	76	52	38	
37	24	26	4	5	16	56	56	24	28	58	18	59	38	10	39	20	25	10	36	5	30	0	15	34	32	52	13	40	31	55	20	44	31	9	26	22	33	13	55	
16	36	17	21	44	5	12	39	37	58	70	30	87	50	22	33	48	6	22	15	17	48	34	0	5	63	47	72	15	10	39	50	2	24	27	44	50	6	48	41	
8	41	9	3	64	31	1	52	57	50	63	50	82	68	29	81	17	5	21	7	37	82	54	49	0	52	39	60	39	2	31	22	23	16	47	64	2	22	40	55	
12	37	48	63	45	17	69	56	38	63	56	31	82	51	23	72	44	47	23	22	18	31	35	30	58	0	10	30	2	44	22	37	62	58	28	45	47	50	56	59	
35	43	3	41	56	40	70	69	49	18	11	41	37	62	23	59	61	48	23	18	29	34	22	35	22	44	0	8	35	45	74	15	42	48	39	56	62	28	33	48	
23	71	38	29	83	73	61	67	73	101	50	53	76	72	67	63	55	70	11	71	62	56	12	23	94	77	62	0	23	84	70	3	30	49	65	89	90	16	22	43	
61	55	4	30	39	47	80	36	56	21	89	49	77	51	41	66	54	58	55	41	36	39	53	48	38	58	83	67	0	55	58	18	72	62	46	25	1	33	31	34	
4	37	5	19	89	27	23	48	54	46	59	46	78	64	25	77	36	1	17	3	62	82	69	74	13	67	35	69	35	0	27	56	22	12	43	77	69	57	36	51	
13	2	14	23	48	36	32	1	62	50	68	55	35	35	34	7	31	10	26	12	61	41	38	36	22	7	44	22	42	7	0	29	31	21	52	82	69	38	45	6	
34	11	35	38	29	13	12	53	22	57	55	15	62	35	7	59	44	31	45	33	2	74	19	14	42	17	49	57	40	28	57	0	52	42	12	29	35	58	16	53	
9	85	50	73	56	65	10	51	59	81	64	17	66	18	71	61	41	55	51	14	66	79	24	78	67	12	51	74	40	52	57	53	0	66	70	93	76	53	74	56	
20	34	21	28	42	23	39	26	35	62	60	28	85	3	20	71	49	17	22	3	15	61	32	27	29	6	14	16	30	14	43	9	38	0	25	16	22	36	42	63	
18	57	66	76	69	48	58	9	68	46	56	85	82	6	8	67	36	49	60	20	76	42	67	75	33	66	28	53	49	62	53	26	68	65	0	20	26	3	53	35	
44	68	45	59	45	33	63	65	64	86	94	72	107	27	61	79	60	41	50	43	61	41	66	72	9	69	58	73	33	38	29	2	62	52	49	0	2	48	51	78	
52	59	56	19	78	80	70	76	39	22	30	60	56	27	88	43	14	44	13	76	89	53	36	11	15	74	54	53	71	71	32	60	68	43	26	95	0	8	15	81	
60	85	46	63	83	65	61	34	79	23	59	31	5	58	11	49	77	65	15	67	66	11	42	19	6	12	58	46	14	62	70	42	48	20	76	85	52	0	53	54	
61	52	27	54	6	22	26	70	25	98	41	47	1	35	39	66	21	58	22	13	34	61	20	5	39	70	65	34	45	55	56	23	23	32	41	30	27	36	0	80	
55	47	70	61	70	66	22	64	89	84	64	81	30	3	83	6	76	19	43	21	94	81	44	55	70	76	85	28	55	68	59	35	15	81	76	81	87	42	54	0	
M3
0	73	48	30	23	82	15	55	38	68	19	31	75	42	37	66	9	47	62	2	50	54	67	90	51	49	91	52	78	51	51	39	52	22	43	74	58	1	57	55	
63	0	77	71	75	87	39	78	35	58	35	6	30	81	66	82	77	79	23	74	83	53	34	79	7	70	66	77	59	36	55	62	40	53	5	28	34	29	57	27	
61	10	0	32	32	38	40	49	11	55	48	19	43	72	40	57	3	64	36	24	44	40	21	16	20	57	63	46	72	45	60	75	48	61	18	19	47	24	40	40	
50	47	56	0	91	56	15	40	57	62	72	56	52	48	82	41	52	17	64	18	46	32	5	40	57	48	47	36	19	80	54	60	15	53	55	71	19	15	42	74	
32	78	38	48	0	80	70	76	38	46	50	19	63	58	27	57	52	23	32	62	60	73	70	78	13	46	65	91	64	47	47	32	42	55	24	12	48	35	24	90	
48	71	46	67	70	0	51	63	49	48	10	40	42	46	46	33	20	75	37	4	57	7	20	5	62	46	62	41	17	62	3	52	47	58	39	69	56	48	1	47	
24	46	14	9	21	8	0	28	67	64	64	41	63	7	63	62	39	70	6	15	5	33	58	21	56	33	46	46	40	3	57	10	60	43	54	11	64	64	55	57	
1	7	71	81	58	56	35	0	45	68	45	14	40	56	74	74	40	46	13	58	69	46	20	34	17	65	44	17	69	46	65	70	50	37	15	38	25	39	67	37	
50	57	13	43	22	81	64	54	0	82	37	40	72	33	30	60	44	64	53	70	74	14	25	72	67	30	24	40	39	47	64	72	45	61	65	85	51	22	73	81	
33	61	62	59	73	44	8	51	37	0	55	68	67	31	72	21	35	96	51	7	33	75	62	57	71	31	66	31	2	50	17	33	47	13	65	15	41	53	67	54	
52	27	15	45	55	30	1	40	23	16	0	36	16	50	45	7	31	73	53	1	31	76	42	40	37	63	52	36	34	46	49	26	38	12	16	25	42	39	60	40	
53	80	27	37	68	37	42	70	27	18	38	0	58	49	16	44	68	38	67	41	60	71	11	29	44	23	16	65	36	39	35	12	31	3	23	34	37	42	72	49	
10	84	17	53	97	54	18	95	65	57	25	68	0	80	74	72	73	33	78	19	46	64	39	32	20	64	16	73	75	43	53	91	26	23	74	31	30	75	75	21	
5	27	19	67	78	70	19	9	65	88	65	34	60	0	84	66	60	66	8	75	40	66	40	54	37	14	64	27	49	66	65	27	70	51	35	58	45	59	87	54	
31	64	5	15	78	47	49	50	5	66	56	57	70	39	0	24	65	76	45	74	41	49	55	65	74	13	69	58	35	17	82	43	9	25	67	84	15	56	74	57	
30	25	74	23	87	8	10	18	1	71	59	34	58	48	63	0	26	75	42	58	9	54	49	52	35	45	30	46	26	24	43	4	68	66	33	56	20	17	55	18	
28	34	18	28	60	60	7	16	10	67	19	5	54	49	7	37	0	31	40	15	11	41	28	61	12	26	57	13	48	12	84	56	15	28	42	43	28	66	87	48	
27	49	11	50	26	61	41	31	24	68	61	6	53	10	66	49	57	0	30	52	62	63	61	69	59	20	66	49	71	14	60	49	37	53	57	8	67	66	15	56	
14	38	61	44	86	50	50	59	25	76	25	47	66	70	50	27	13	74	0	11	51	74	19	90	48	69	61	56	68	55	30	18	58	71	35	69	62	21	87	30	
56	12	23	41	74	72	48	44	45	70	50	21	45	81	77	54	59	66	10	0	26	12	49	67	22	64	44	72	67	51	6	73	44	50	20	43	31	44	27	21	
56	68	64	89	37	67	51	78	24	51	88	53	36	57	68	74	88	47	33	6	0	41	39	45	78	62	19	5	62	17	82	93	67	68	58	50	75	67	55	46	
53	76	55	21	4	27	80	75	4	58	60	10	80	55	70	55	59	46	62	6	14	0	33	37	68	48	63	94	26	34	48	17	7	7	77	49	65	80	5	5	
7	31	11	75	98	16	41	32	57	17	66	40	7	11	54	54	17	23	31	40	9	62	0	67	41	37	2	32	35	59	50	50	62	46	39	31	68	63	63	48	
30	65	27	47	49	6	50	58	37	27	56	55	65	59	26	25	46	57	77	50	49	59	25	0	75	45	67	54	45	49	28	44	32	56	26	58	47	27	27	45	
74	24	14	55	34	46	66	78	60	81	62	33	8	57	54	75	69	100	50	3	8	9	53	38	0	37	89	96	86	63	27	89	40	13	32	55	61	56	44	34	
46	34	25	71	70	64	28	39	30	4	72	21	67	29	77	41	55	96	36	27	29	58	41	77	44	0	8	51	22	32	2	27	18	33	42	35	36	5	86	15	
13	18	47	56	96	41	43	37	34	19	56	27	51	16	72	18	59	85	36	42	42	10	53	80	28	42	0	51	37	32	34	14	59	48	26	49	53	27	73	10	
18	30	26	71	55	57	13	73	63	58	68	15	8	52	52	71	56	33	37	27	27	50	1	88	40	30	40	0	63	44	51	71	29	62	38	61	37	51	76	8	
3	39	32	39	90	24	26	21	17	62	25	40	54	1	42	1	5	66	21	50	25	45	52	35	47	1	46	40	0	40	59	20	17	63	35	24	11	33	71	34	
37	20	25	73	98	58	56	55	37	62	15	29	53	35	76	35	39	53	46	56	59	76	57	47	30	35	71	74	6	0	78	22	51	33	28	51	45	40	48	39	
33	23	41	41	23	26	28	21	19	77	60	29	56	61	30	3	44	74	45	13	27	19	20	42	33	27	34	49	44	22	0	22	45	10	30	35	38	35	73	36	
10	31	91	41	75	94	73	70	61	84	61	38	38	60	92	74	55	50	57	52	96	87	47	72	41	42	35	39	85	41	69	0	74	66	31	6	59	55	83	61	
20	52	46	80	106	29	47	37	54	60	73	61	61	16	70	42	58	36	5	51	17	18	18	45	36	42	60	55	77	44	44	55	0	69	60	9	28	35	76	50	
9	4	46	31	53	24	46	40	42	47	42	13	37	38	46	38	42	77	14	58	42	35	41	4	14	28	32	27	9	43	48	55	47	0	12	8	41	27	27	34	
65	63	65	46	51	79	27	64	10	33	10	68	19	56	83	57	67	65	76	51	64	43	42	71	73	49	41	52	34	11	66	42	28	62	0	24	9	4	32	90	
26	48	51	72	97	54	51	30	22	75	30	50	18	20	52	34	15	76	40	16	56	65	61	32	22	46	33	58	47	1	76	53	60	26	56	0	31	24	75	67	
40	27	54	46	83	57	48	44	20	24	65	36	28	23	64	61	75	82	43	47	59	7	50	35	37	13	69	16	42	43	57	62	66	26	35	53	0	59	78	56	
79	94	89	29	39	44	36	92	83	30	65	47	82	77	91	67	81	90	79	51	41	16	38	52	37	74	60	72	48	71	26	79	88	59	86	36	65	0	44	93	
32	51	36	24	15	8	77	73	49	53	64	60	57	52	90	63	74	51	70	58	87	36	73	59	61	42	20	45	71	29	15	57	83	55	59	66	2	21	0	81	
10	50	58	91	73	63	74	39	69	50	62	59	54	58	80	53	64	62	19	20	29	52	7	78	60	5	20	67	59	72	5	62	60	42	58	78	75	79	71	0	
