40  2  1
2
	0	98	1	38
	0	46	1	76
	0	82	1	99
	0	24	1	67
	0	52	1	92
	0	89	1	53
	0	47	1	15
	0	75	1	86
	0	32	1	89
	0	40	1	86
	0	50	1	37
	0	54	1	63
	0	96	1	100
	0	73	1	33
	0	10	1	84
	0	71	1	61
	0	69	1	67
	0	66	1	47
	0	28	1	9
	0	64	1	40
	0	53	1	42
	0	10	1	29
	0	32	1	41
	0	15	1	78
	0	64	1	87
	0	98	1	75
	0	60	1	89
	0	63	1	14
	0	5	1	26
	0	1	1	49
	0	71	1	2
	0	89	1	79
	0	70	1	61
	0	19	1	43
	0	90	1	78
	0	87	1	49
	0	71	1	33
	0	18	1	58
	0	79	1	37
	0	14	1	97
SSD
M0
0	10	27	28	41	34	40	21	50	41	33	23	57	59	3	38	29	48	8	27	41	35	41	16	51	2	23	39	41	21	20	6	36	39	15	30	20	66	5	12	
36	0	79	50	13	12	63	63	79	85	63	36	51	78	70	73	48	28	73	63	43	56	54	63	28	24	69	52	18	73	53	77	83	33	35	21	38	53	16	81	
15	60	0	59	14	40	56	38	75	47	30	22	54	49	51	58	64	22	10	24	44	42	49	53	3	49	63	6	43	18	51	1	45	58	10	52	46	54	50	55	
10	50	45	0	41	47	16	44	84	52	18	37	46	32	53	49	69	10	42	45	65	35	5	41	41	20	28	50	31	39	66	50	56	45	53	17	41	35	4	23	
53	49	57	66	0	17	16	66	31	55	59	60	25	78	80	8	31	37	63	62	19	31	66	62	60	41	4	47	50	56	58	12	54	65	72	67	23	85	53	65	
58	52	21	51	43	0	24	50	25	41	9	30	46	72	65	24	15	43	24	41	61	34	18	17	43	13	76	45	33	35	68	13	28	40	33	59	53	68	29	60	
3	25	52	3	24	29	0	57	22	35	1	50	21	58	43	56	50	30	2	22	43	7	32	48	3	34	37	23	28	46	60	11	27	31	50	43	24	33	18	30	
42	18	11	8	36	39	1	0	12	50	17	9	32	11	64	43	57	37	28	11	31	46	37	2	30	33	46	27	27	5	12	16	22	25	23	42	28	42	3	42	
19	55	36	14	43	16	18	3	0	6	42	8	54	15	68	40	49	9	33	30	31	37	19	32	61	24	38	35	55	30	12	37	17	50	53	35	55	73	1	14	
33	26	6	47	24	27	31	26	6	0	23	37	8	19	22	2	10	9	25	34	36	40	46	35	68	31	23	25	58	33	39	41	43	4	9	38	46	43	39	17	
3	2	10	56	37	27	47	57	58	12	0	17	5	36	48	54	57	38	7	41	28	39	50	50	55	67	17	6	61	56	65	45	52	17	18	49	59	56	61	65	
36	29	23	54	27	9	37	52	57	11	44	0	57	67	57	42	47	5	35	37	38	39	49	34	44	40	40	28	34	32	56	25	54	7	29	41	49	46	21	16	
41	44	12	22	34	40	41	26	78	42	18	10	0	36	60	17	12	34	32	12	32	32	19	31	34	30	26	28	24	6	39	17	33	22	37	37	44	11	31	13	
64	20	41	50	55	56	30	55	53	66	47	27	71	0	25	78	22	35	33	41	37	48	63	68	11	12	45	27	46	35	42	30	58	35	43	52	66	44	53	52	
46	13	14	15	39	21	36	26	64	31	20	12	44	46	0	51	16	43	63	14	28	28	28	44	43	24	10	30	33	8	7	9	23	48	8	17	53	56	40	45	
46	57	50	47	32	11	39	46	76	49	5	5	60	41	48	0	34	27	39	45	73	58	43	13	3	28	52	35	22	47	57	58	4	36	34	42	16	16	29	49	
50	43	11	45	51	5	60	35	45	53	50	16	74	21	20	11	0	51	73	44	58	58	58	49	51	45	30	40	41	38	37	39	53	40	38	17	54	20	48	54	
39	31	16	18	15	43	50	30	49	72	22	14	45	21	57	37	60	0	41	16	36	43	41	15	15	11	34	32	5	10	21	13	35	20	1	54	25	40	12	47	
51	22	27	21	21	2	18	41	67	27	33	25	57	65	13	58	39	26	0	27	23	4	39	29	32	32	33	20	26	21	30	10	17	22	31	14	33	61	26	53	
40	26	29	50	36	31	14	42	16	28	35	27	47	35	26	33	11	39	1	0	22	30	56	25	42	35	31	28	48	23	23	25	45	48	44	16	59	10	16	7	
32	43	24	41	18	45	30	38	67	31	2	22	52	47	22	5	41	42	15	24	0	25	11	20	24	49	26	29	43	18	34	29	40	43	24	4	8	66	47	2	
54	8	61	44	7	46	4	45	53	68	44	39	66	51	74	65	64	38	53	56	26	0	25	57	38	34	63	6	28	55	58	62	54	26	50	26	19	62	12	39	
8	27	34	25	28	10	38	40	64	52	41	39	9	37	17	13	43	45	52	38	55	25	0	33	10	41	37	28	35	35	34	36	50	8	35	9	4	47	42	35	
37	30	54	19	20	31	38	18	62	44	60	3	39	47	47	65	40	20	11	38	62	30	43	0	20	16	57	13	10	48	45	49	5	8	6	42	30	45	17	47	
46	47	32	38	42	7	2	48	40	1	40	2	49	3	24	32	50	42	46	34	54	56	32	76	0	38	12	6	32	28	35	36	10	45	35	30	52	57	26	58	
7	34	52	70	32	47	28	64	48	74	48	10	50	13	62	30	4	30	64	46	21	68	13	57	55	0	50	45	69	58	19	17	4	24	41	54	49	63	53	45	
57	39	13	41	38	41	41	27	18	11	19	11	38	45	16	39	7	42	32	13	30	36	40	31	32	38	0	29	32	7	33	18	34	47	34	43	52	27	39	13	
36	29	50	52	27	30	37	26	6	44	59	34	16	34	57	59	7	47	50	6	57	65	21	40	45	41	14	0	59	47	50	37	33	7	30	41	3	16	39	42	
29	32	56	27	5	33	40	40	88	62	50	47	60	55	60	50	50	5	50	40	69	33	31	43	5	1	59	31	0	50	30	56	61	10	17	44	15	30	2	58	
58	58	5	44	30	33	54	19	71	63	11	3	35	62	68	47	69	34	54	5	25	40	32	54	34	30	44	21	24	0	32	10	26	39	30	71	44	47	31	36	
17	39	54	39	23	40	18	14	33	36	9	41	45	36	53	61	10	12	49	23	75	51	49	23	23	19	59	38	13	49	0	42	22	17	6	7	33	23	20	65	
58	31	20	53	30	48	27	34	70	34	26	18	50	37	28	31	54	10	24	20	40	13	47	23	34	30	29	29	24	14	45	0	41	39	44	49	42	54	31	5	
11	31	23	33	35	26	45	17	2	40	8	30	62	49	8	17	34	43	34	21	46	46	25	24	44	40	28	14	34	26	25	19	0	15	7	35	7	54	33	48	
10	3	27	48	1	4	11	41	71	53	33	25	31	45	31	55	21	44	40	11	47	52	23	14	49	45	30	2	39	21	48	32	32	0	35	15	23	20	34	29	
32	25	18	48	23	26	31	44	24	42	36	28	42	55	48	66	43	14	32	30	50	35	45	36	56	55	52	23	49	24	43	35	51	3	0	19	45	42	56	40	
39	30	14	5	52	37	45	43	43	42	37	29	61	42	7	61	33	18	25	13	45	45	31	23	58	8	27	37	48	25	15	26	40	46	17	0	67	17	21	35	
44	14	50	19	35	20	1	49	14	36	49	3	12	15	56	74	55	23	34	45	16	55	48	47	51	18	38	36	54	55	58	59	12	15	53	49	0	54	1	60	
12	45	16	29	26	63	22	14	61	15	38	42	63	7	77	57	16	35	51	11	74	55	58	50	32	7	18	2	25	48	26	59	70	40	32	8	45	0	32	32	
43	65	47	62	15	65	37	61	75	46	53	45	41	55	42	47	27	32	44	47	66	48	23	28	34	44	29	31	38	41	8	52	3	44	49	27	58	30	0	25	
56	27	8	34	15	35	14	22	51	15	14	6	38	38	46	12	59	37	5	8	28	9	35	4	37	33	10	13	27	2	35	13	24	27	25	45	38	50	31	0	
M1
0	44	72	57	48	36	30	28	8	70	69	5	44	33	28	64	1	42	48	69	61	38	37	55	52	72	11	43	16	49	53	24	60	61	44	54	2	11	51	67	
27	0	7	48	60	38	56	56	49	23	55	33	23	4	71	19	34	51	19	62	37	38	45	22	44	40	51	40	45	9	49	55	8	2	45	54	33	32	31	57	
16	56	0	33	54	37	55	69	44	45	4	59	30	28	75	18	28	50	13	44	31	32	47	47	28	22	29	51	70	56	43	6	57	52	8	25	23	38	22	51	
21	46	52	0	44	5	28	14	11	48	7	46	10	57	37	35	18	40	3	10	21	22	37	21	28	8	32	6	38	4	33	21	11	44	8	60	4	28	15	27	
34	44	4	35	0	54	68	43	65	19	67	61	44	60	37	83	10	17	50	66	50	34	54	34	47	66	76	19	33	35	75	34	62	9	61	61	25	48	12	54	
31	14	49	32	36	0	38	34	77	84	68	69	41	85	36	22	64	63	59	23	75	56	44	24	66	36	53	36	59	14	61	40	27	69	46	63	68	80	71	39	
10	21	27	12	3	18	0	23	42	44	64	53	24	32	18	19	24	10	38	24	28	9	12	31	60	27	10	16	6	43	8	27	50	16	22	34	42	35	50	33	
39	1	69	42	71	16	77	0	55	54	65	37	47	37	75	37	50	66	35	70	53	19	50	2	60	1	3	44	61	55	55	6	61	27	64	74	67	7	33	73	
18	42	63	50	34	39	23	24	0	9	41	60	11	15	8	5	30	23	15	50	33	34	48	2	19	51	10	3	13	51	44	18	57	34	31	55	41	40	27	53	
16	45	57	50	17	8	40	40	50	0	47	58	51	68	73	53	50	32	42	77	40	61	12	60	10	9	8	52	61	38	44	53	11	68	54	71	56	65	6	48	
13	27	17	6	32	14	14	42	3	4	0	56	12	61	37	40	35	29	20	3	38	38	32	54	27	22	39	45	35	45	37	56	40	45	23	63	53	45	32	54	
54	35	41	50	42	25	48	55	54	43	56	0	47	22	15	9	16	38	1	35	19	10	35	35	26	50	34	39	23	23	31	53	51	60	30	3	55	26	13	39	
52	5	56	45	7	5	53	76	15	8	2	18	0	25	60	21	64	19	53	4	37	72	41	6	66	57	48	56	68	30	48	71	24	23	62	75	31	9	65	55	
1	4	37	37	34	25	19	19	12	45	57	44	34	0	52	53	34	44	57	32	1	43	8	41	27	37	14	26	40	3	18	25	39	50	32	45	40	45	69	56	
4	41	53	43	68	32	56	56	20	46	9	1	58	4	0	47	43	22	29	49	38	48	45	2	54	6	48	63	58	37	55	24	75	40	58	47	15	51	41	56	
35	36	42	42	32	66	67	44	60	20	50	59	39	15	20	0	32	2	51	64	9	56	27	20	4	35	42	20	40	51	23	35	43	58	3	22	26	50	63	61	
31	21	30	20	3	33	52	59	41	2	1	13	38	30	58	41	0	33	35	41	53	34	26	3	22	40	60	35	3	50	58	50	14	73	31	8	39	60	47	24	
24	56	42	51	24	67	67	71	42	63	72	13	59	63	20	27	53	0	66	84	52	62	7	66	28	43	73	51	53	70	43	66	6	11	57	46	47	70	78	81	
44	34	40	40	32	15	60	49	55	45	46	38	37	45	60	26	6	28	0	34	9	10	25	25	16	40	24	29	52	80	21	44	71	50	20	48	58	16	3	29	
27	17	23	16	20	56	51	32	58	54	60	62	20	28	16	49	20	57	43	0	31	36	8	27	60	23	4	12	43	16	4	27	54	40	18	31	16	31	32	11	
54	41	50	10	35	49	70	32	22	2	37	55	35	39	70	76	8	42	44	42	0	63	35	51	48	50	65	39	12	56	31	54	39	77	40	22	9	58	47	69	
35	18	21	31	28	21	42	16	66	6	55	45	28	36	51	57	28	42	45	53	17	0	14	35	57	19	67	20	13	66	12	35	57	58	26	39	19	39	27	50	
20	48	54	22	51	19	42	29	45	48	44	34	48	57	33	37	32	8	36	43	4	14	0	20	53	45	63	5	56	22	35	20	56	43	33	62	43	61	48	73	
31	21	22	27	24	63	74	29	62	48	43	47	12	22	31	21	24	37	39	49	26	13	12	0	64	27	14	16	7	9	8	31	42	54	22	3	33	35	51	31	
59	10	5	37	8	72	66	50	45	36	85	36	34	62	27	9	37	1	75	69	79	44	55	59	0	25	86	44	65	46	52	48	54	59	24	79	77	6	30	7	
26	37	42	17	19	34	1	20	54	38	73	42	40	46	34	35	14	26	51	31	44	25	18	47	30	0	17	32	19	30	24	43	63	32	38	50	4	51	45	1	
47	29	50	18	34	14	22	59	65	30	56	48	47	53	23	36	16	38	1	6	19	20	35	35	4	27	0	39	43	50	31	36	81	53	30	58	51	18	13	26	
1	55	61	36	58	41	45	10	32	71	34	43	29	38	17	52	14	51	17	33	35	36	46	1	34	34	44	0	55	71	42	1	55	24	46	60	24	42	29	55	
21	3	48	48	45	30	53	30	46	60	54	46	45	1	37	41	21	4	6	28	24	25	33	13	31	48	37	6	0	29	29	21	18	44	2	56	10	31	18	44	
52	50	24	48	59	47	53	2	23	41	5	40	26	48	75	82	62	51	53	20	12	6	49	60	69	54	3	53	21	0	47	68	40	28	49	35	7	47	62	32	
21	11	17	17	14	61	65	26	52	48	54	63	14	22	37	43	14	51	37	39	45	47	2	21	54	17	64	6	67	57	0	21	48	44	12	25	44	25	49	36	
29	32	60	50	51	43	33	55	52	42	71	62	11	30	43	54	24	33	19	42	37	10	53	42	44	58	15	35	3	58	49	0	43	64	31	26	39	44	31	57	
44	40	46	46	33	62	29	55	65	16	72	13	43	51	37	63	43	54	65	38	45	53	31	1	51	46	54	35	50	76	27	1	0	60	5	7	73	29	57	65	
31	5	41	3	50	52	32	21	41	20	18	67	22	25	47	63	43	7	28	58	46	47	59	31	7	14	47	16	39	41	55	19	60	0	57	9	54	53	40	66	
4	21	49	32	34	35	16	43	15	61	62	10	4	54	5	27	13	14	46	48	59	35	34	53	71	23	41	38	32	74	30	50	1	21	0	15	44	53	58	64	
30	52	58	50	42	17	24	39	23	37	63	34	31	55	1	39	24	46	9	52	9	28	43	30	34	58	42	15	28	20	39	23	72	23	26	0	28	34	1	43	
58	13	51	60	51	7	33	65	72	77	36	13	69	56	66	51	50	58	35	57	53	54	40	44	60	72	44	61	54	14	53	66	44	64	19	36	0	60	47	73	
14	12	47	47	44	57	64	38	21	62	21	51	44	12	42	21	44	31	33	18	46	33	32	40	58	47	59	33	1	48	28	44	45	14	29	55	30	0	40	66	
45	43	42	12	36	5	20	10	77	26	59	65	24	54	53	54	29	45	69	59	20	44	34	41	86	49	45	38	41	72	30	10	49	51	44	57	53	57	0	5	
65	46	55	31	61	60	78	73	78	24	68	73	20	33	78	35	51	53	36	79	49	55	4	65	45	29	56	50	84	39	45	17	61	88	41	56	88	58	48	0	
