40  2  1
2
	0	71	1	34
	0	40	1	15
	0	17	1	5
	0	27	1	2
	0	45	1	20
	0	99	1	51
	0	49	1	8
	0	59	1	23
	0	52	1	41
	0	24	1	10
	0	72	1	88
	0	12	1	12
	0	68	1	61
	0	48	1	55
	0	41	1	41
	0	91	1	89
	0	96	1	10
	0	96	1	71
	0	99	1	44
	0	57	1	39
	0	74	1	26
	0	88	1	6
	0	30	1	99
	0	53	1	43
	0	16	1	54
	0	33	1	33
	0	36	1	35
	0	11	1	8
	0	81	1	99
	0	100	1	7
	0	50	1	64
	0	42	1	9
	0	77	1	39
	0	73	1	38
	0	78	1	99
	0	3	1	38
	0	92	1	88
	0	84	1	66
	0	74	1	18
	0	48	1	54
SSD
M0
0	30	12	17	18	17	38	29	21	32	29	34	31	36	11	31	28	22	7	17	27	21	16	11	9	35	14	15	1	17	30	6	15	26	24	6	33	10	13	36	
18	0	1	5	49	33	15	33	28	29	20	35	20	10	27	34	21	22	32	29	33	8	32	30	15	24	28	17	25	28	32	24	19	28	14	22	1	19	10	35	
23	28	0	5	38	15	41	33	35	28	21	23	29	7	9	34	14	8	32	23	25	13	14	26	12	6	14	13	13	30	15	6	23	36	16	4	31	1	11	31	
34	18	35	0	37	37	30	1	6	32	42	12	5	30	7	37	13	2	10	11	1	26	35	22	39	5	1	19	49	30	25	5	39	45	8	44	28	26	3	3	
3	17	5	19	0	18	41	40	7	6	1	21	18	8	3	23	15	17	11	8	31	26	18	15	22	28	32	2	21	29	17	28	25	28	37	19	9	13	7	45	
10	4	27	3	16	0	26	31	21	29	32	4	11	34	20	10	2	32	19	5	31	31	3	36	30	28	19	41	33	21	17	31	2	14	30	32	43	18	22	33	
3	17	1	21	20	6	0	33	38	35	12	21	15	25	16	23	10	17	6	4	32	2	18	15	17	24	24	2	13	9	4	24	16	2	29	11	5	9	18	5	
25	27	29	11	19	24	40	0	10	18	35	31	28	32	31	33	25	1	23	31	28	29	28	13	32	9	4	12	43	47	10	30	37	38	12	36	21	16	25	41	
12	27	12	33	12	11	22	26	0	40	40	36	18	8	22	3	37	37	37	13	16	40	27	16	25	35	37	24	26	37	13	28	48	24	35	17	12	21	24	34	
16	26	5	27	4	31	41	16	19	0	16	21	10	4	13	14	29	10	11	18	29	11	10	25	33	28	2	22	13	6	10	28	23	48	25	25	18	23	31	40	
21	25	17	18	31	5	33	14	14	3	0	23	18	30	25	27	22	29	38	31	6	26	12	18	4	40	25	14	7	19	26	31	32	38	34	36	32	27	7	11	
28	41	11	33	39	30	46	22	34	13	43	0	28	35	4	38	14	28	8	39	22	24	12	20	28	12	14	29	29	27	1	15	39	26	38	20	32	2	27	43	
18	38	17	24	33	41	17	8	1	49	45	40	0	36	20	8	11	35	29	17	14	24	35	36	43	40	6	23	15	23	38	19	19	29	47	38	19	21	25	9	
6	3	30	36	28	43	8	16	20	42	25	42	37	0	11	30	46	24	34	2	22	33	36	37	2	15	13	41	41	4	24	36	35	30	7	32	44	1	39	19	
24	33	9	20	12	21	5	4	42	49	4	25	11	13	0	21	31	15	13	15	32	33	25	24	6	17	37	18	24	7	11	18	7	35	33	15	30	19	22	37	
28	11	21	23	24	11	41	41	32	1	27	23	20	25	8	0	17	19	29	26	7	14	20	8	24	42	4	4	30	6	19	35	20	30	15	21	12	17	7	10	
6	7	30	29	25	18	17	29	45	9	25	11	13	37	27	30	0	32	17	43	18	27	30	17	2	35	22	35	21	2	24	36	6	36	10	36	1	25	10	38	
22	16	4	7	1	19	17	29	25	26	24	1	17	1	17	21	14	0	21	23	27	19	17	10	21	22	14	1	5	29	14	27	7	27	1	25	3	12	3	13	
4	2	27	31	21	30	2	13	49	25	10	4	21	27	20	8	14	27	0	11	6	32	28	25	15	23	30	12	17	14	17	31	30	24	29	22	26	18	2	18	
29	28	10	28	16	15	17	7	42	38	28	32	21	34	10	14	19	24	26	0	23	13	15	26	13	5	7	13	1	7	15	6	27	11	23	5	31	5	12	24	
45	1	31	8	20	15	25	23	11	12	32	40	17	40	10	27	34	4	29	9	0	46	24	15	41	1	31	21	38	14	12	25	48	31	3	38	25	5	22	36	
24	16	6	4	8	5	35	11	37	35	24	20	17	24	20	22	14	1	19	14	14	0	17	14	6	3	20	1	15	24	15	29	12	2	39	22	19	14	26	10	
13	6	30	32	6	16	20	22	47	22	30	9	29	11	21	13	17	13	29	29	25	13	0	21	20	12	31	13	35	38	6	2	28	32	11	38	31	16	43	11	
28	32	2	24	43	7	35	12	11	23	17	19	6	26	25	38	29	5	28	7	31	32	26	0	28	25	6	17	32	37	26	15	5	22	35	23	35	20	7	18	
2	33	12	18	24	26	13	11	29	41	7	31	19	36	38	12	33	28	44	44	35	26	18	41	0	35	38	31	42	2	6	18	17	18	44	33	32	24	23	21	
18	17	19	21	20	20	37	17	45	22	12	21	18	25	11	23	15	17	27	23	34	12	4	4	13	0	21	2	36	31	7	8	26	28	26	27	20	10	34	2	
33	34	30	41	22	19	35	33	3	49	21	35	38	25	26	37	11	17	45	6	25	28	28	25	29	45	0	22	30	16	8	39	2	47	13	21	10	25	24	30	
16	4	6	8	36	7	28	36	36	23	12	8	5	12	8	10	2	4	14	23	35	36	5	2	9	29	34	0	23	27	4	22	40	15	32	14	7	2	21	38	
45	34	9	8	2	32	5	36	39	30	38	5	30	9	18	34	26	34	2	4	36	15	18	37	29	17	19	30	0	29	15	32	6	6	23	21	41	2	28	25	
25	21	36	46	18	43	29	35	15	7	46	25	12	7	1	38	5	5	39	1	42	42	31	26	40	37	2	41	24	0	9	5	19	40	26	32	34	7	21	47	
22	5	18	8	9	5	33	15	31	7	24	20	17	24	16	21	13	16	9	27	15	42	6	14	4	40	33	1	19	22	0	22	34	27	1	11	18	14	18	10	
16	39	31	43	31	8	6	33	29	3	43	31	12	29	13	2	22	21	26	20	41	26	24	12	28	22	29	28	29	7	17	0	1	8	27	20	9	12	14	46	
12	18	1	6	3	20	36	21	35	14	32	5	33	24	14	13	8	26	22	38	30	16	19	31	17	24	31	18	18	4	18	24	0	38	17	9	27	13	16	14	
31	26	23	28	33	16	42	22	44	32	7	32	14	33	10	35	2	29	6	13	19	10	15	27	13	37	27	14	14	5	6	27	38	0	19	5	12	9	12	45	
15	21	12	14	40	13	14	12	19	19	4	25	3	28	25	27	19	21	31	24	2	25	22	19	26	5	40	6	18	3	21	32	41	15	0	25	24	19	25	8	
23	21	23	25	31	8	34	32	42	40	20	25	22	29	2	27	19	21	25	40	18	47	7	19	5	29	19	6	6	23	21	39	33	31	15	0	24	1	4	38	
12	19	6	23	16	16	3	40	20	27	3	15	19	27	10	25	6	19	16	38	26	36	15	17	13	13	27	4	9	22	19	18	12	30	23	5	0	9	12	12	
21	16	24	6	20	20	15	14	12	11	6	1	9	27	1	24	27	26	21	29	19	15	10	33	20	14	22	35	41	28	14	28	44	24	2	33	10	0	36	7	
20	6	33	35	41	14	4	46	24	38	34	25	2	8	18	25	11	31	41	6	34	20	23	29	21	12	24	16	22	28	7	24	43	12	22	13	6	17	0	22	
39	37	17	39	34	35	38	43	24	6	46	9	39	29	16	37	22	22	9	40	6	10	33	11	30	3	32	36	36	23	2	36	14	35	39	27	29	23	9	0	
M1
0	3	4	20	8	13	7	10	4	9	18	17	9	23	12	10	15	26	19	20	25	8	4	16	9	4	20	22	9	16	21	27	31	27	10	19	11	24	15	18	
10	0	19	14	25	20	18	30	23	2	19	16	5	17	6	25	31	9	25	15	25	22	18	29	21	18	2	24	29	7	18	40	22	9	26	29	22	6	19	22	
20	7	0	30	17	22	3	6	19	18	16	13	22	19	10	1	7	17	10	16	21	26	9	7	4	32	24	13	23	21	30	18	35	29	5	25	31	19	6	43	
7	2	35	0	35	17	28	42	31	17	25	19	16	34	23	41	40	6	23	32	9	15	2	13	5	8	19	39	22	24	2	35	18	11	19	13	27	12	10	30	
1	32	29	33	0	15	26	24	7	21	1	8	39	19	12	16	27	15	24	10	5	27	22	26	18	13	30	24	22	2	10	40	17	35	21	13	15	26	14	31	
23	13	15	14	25	0	20	26	23	2	11	16	27	34	19	5	27	8	6	33	17	29	4	27	21	24	30	24	29	29	18	17	4	27	24	11	22	28	2	23	
23	15	34	19	6	11	0	34	28	7	22	2	20	8	14	18	24	27	30	5	10	28	23	34	21	21	32	25	16	10	23	19	25	32	4	16	20	31	22	34	
14	25	13	35	22	16	8	0	33	23	22	18	36	7	20	5	25	18	12	14	15	40	27	9	22	21	22	31	8	10	16	35	6	17	20	32	22	11	22	30	
25	15	22	16	5	17	11	33	0	4	12	18	16	23	5	28	2	18	15	16	16	2	20	7	23	17	10	26	9	25	14	16	3	29	1	31	15	19	27	34	
11	1	17	2	13	21	8	20	11	0	17	4	20	23	15	15	29	10	13	21	13	19	6	17	9	12	18	12	18	22	6	28	22	15	20	17	10	16	14	20	
4	7	1	3	23	22	9	12	21	16	0	19	5	25	12	7	13	11	16	8	14	9	7	13	10	13	24	19	6	27	7	24	23	16	11	18	2	17	4	35	
25	14	34	37	24	13	10	40	33	25	24	0	30	26	32	25	30	32	27	23	28	14	32	24	7	12	25	30	2	28	24	20	43	36	4	31	6	28	12	39	
20	23	25	19	35	1	23	16	12	25	26	8	0	4	18	31	12	27	30	22	4	17	23	25	26	17	22	13	18	14	23	2	19	16	15	29	26	12	10	33	
15	1	17	14	19	11	25	27	5	18	15	27	21	0	15	4	29	15	18	23	23	5	7	17	21	24	18	5	12	15	18	21	10	2	21	29	19	5	16	37	
15	10	27	6	29	22	24	6	24	6	27	2	7	27	0	1	6	14	13	6	17	18	10	21	13	16	21	28	12	30	10	18	16	19	18	21	20	3	18	36	
9	17	29	18	20	14	6	11	24	6	18	16	11	22	16	0	30	13	26	14	24	13	19	16	25	17	3	28	20	6	22	30	14	31	18	30	26	21	18	18	
16	23	11	31	31	28	19	22	8	24	11	29	22	11	15	17	0	33	11	23	37	9	25	23	16	22	39	29	16	15	17	14	28	21	15	34	26	31	15	44	
13	4	8	30	30	12	16	19	32	21	2	26	14	32	23	14	20	0	22	29	34	9	22	1	17	26	12	26	16	26	22	29	31	6	5	19	25	5	19	41	
15	16	17	23	34	25	25	16	31	11	18	25	29	14	16	18	29	25	0	4	15	38	4	29	26	23	5	5	13	12	22	21	27	28	21	5	17	9	10	37	
1	15	3	18	25	30	11	14	22	26	15	21	30	25	18	9	15	12	18	0	2	34	3	15	12	15	4	14	23	20	22	8	11	24	2	17	32	27	11	31	
9	16	8	12	30	14	16	19	24	31	15	26	30	31	9	14	17	17	11	29	0	22	16	14	17	22	33	26	29	26	16	17	32	23	18	8	7	26	19	3	
30	20	14	21	32	30	22	25	18	9	4	23	10	28	27	20	24	23	7	25	32	0	21	26	23	28	24	24	1	17	7	14	32	30	24	32	11	35	25	29	
3	21	22	22	3	21	28	1	2	10	7	21	31	31	30	25	25	27	33	28	28	34	0	19	29	31	6	32	1	20	26	28	30	35	13	36	30	1	32	19	
3	18	6	17	18	29	14	6	18	11	27	4	33	27	21	12	18	21	21	6	7	29	4	0	15	27	34	24	18	23	20	11	4	27	16	27	22	13	17	36	
4	14	2	30	20	25	6	13	24	18	23	16	23	16	17	8	14	8	5	5	6	33	16	5	0	35	4	19	29	24	2	25	36	18	12	9	31	4	3	17	
5	27	31	23	35	22	30	36	19	28	21	9	30	26	19	33	16	18	19	17	4	32	13	32	28	0	36	19	23	9	27	12	24	1	25	29	27	7	10	30	
1	27	16	28	33	21	24	26	27	16	21	10	28	15	5	8	11	32	4	3	5	23	20	28	15	7	0	4	14	14	21	20	29	27	20	27	28	38	8	30	
2	16	4	25	26	15	12	14	27	21	14	14	16	3	12	10	16	26	19	10	10	28	8	16	13	13	33	0	2	2	9	8	17	15	8	33	20	26	14	31	
16	25	15	23	19	25	23	2	26	14	24	14	30	1	22	21	8	31	29	20	24	24	21	27	24	23	5	6	0	12	11	7	27	23	22	34	20	24	24	7	
6	23	20	24	30	6	17	20	26	12	5	11	30	20	3	17	18	27	15	1	35	28	28	17	23	4	40	27	22	0	28	40	8	26	12	24	19	17	5	22	
11	9	6	20	28	15	14	17	29	8	14	14	14	15	12	12	18	27	21	10	31	32	18	18	15	5	26	24	20	2	0	29	17	29	16	28	20	22	11	31	
16	12	21	8	31	16	27	30	10	22	15	21	26	22	7	27	1	16	19	11	15	20	12	14	15	14	16	37	10	3	12	0	18	7	22	18	29	16	15	32	
27	17	22	34	18	36	17	33	10	22	29	27	23	14	33	21	8	8	21	30	9	27	10	34	8	35	14	40	34	24	35	21	0	37	29	41	5	38	29	26	
15	14	26	33	13	9	11	31	30	21	16	15	22	27	33	32	12	22	9	24	29	6	17	38	34	39	31	34	13	29	19	26	13	0	23	32	12	35	13	33	
17	17	31	19	24	17	12	14	28	23	16	22	37	28	14	16	10	27	26	12	22	21	23	25	22	15	27	28	3	4	23	17	1	32	0	34	6	28	16	23	
14	9	2	5	17	13	10	13	24	24	17	13	23	23	4	8	14	13	17	5	16	22	9	14	5	11	24	12	15	17	4	5	23	3	12	0	20	19	13	1	
25	15	22	16	27	12	22	33	5	4	24	18	30	34	22	1	22	24	27	20	4	14	20	31	14	23	20	26	21	12	20	12	3	28	24	31	0	11	24	19	
10	19	7	31	23	19	9	18	27	24	18	19	31	25	16	13	10	21	22	14	27	29	14	19	2	17	5	22	32	6	19	30	21	24	2	20	16	0	6	16	
18	19	21	20	7	16	26	29	3	8	17	22	7	34	19	27	21	28	9	22	31	37	17	33	27	30	31	30	9	29	20	30	31	25	4	1	28	23	0	38	
5	9	21	5	10	24	27	32	30	21	16	5	10	10	26	9	22	13	19	14	16	6	9	20	12	3	7	36	13	16	9	26	25	18	4	7	7	19	17	0	
