40  4  1
4
	0	16	1	20	2	97	3	1
	0	19	1	60	2	19	3	67
	0	5	1	50	2	39	3	60
	0	9	1	80	2	69	3	57
	0	38	1	9	2	86	3	100
	0	83	1	29	2	28	3	60
	0	52	1	60	2	69	3	70
	0	12	1	78	2	63	3	14
	0	44	1	4	2	69	3	32
	0	37	1	97	2	10	3	72
	0	80	1	22	2	21	3	12
	0	26	1	5	2	93	3	25
	0	38	1	74	2	9	3	56
	0	48	1	69	2	37	3	41
	0	74	1	52	2	34	3	90
	0	88	1	62	2	54	3	1
	0	28	1	93	2	76	3	91
	0	89	1	78	2	10	3	51
	0	54	1	41	2	20	3	63
	0	25	1	100	2	81	3	48
	0	87	1	77	2	76	3	13
	0	8	1	28	2	78	3	26
	0	41	1	95	2	79	3	44
	0	22	1	61	2	67	3	58
	0	31	1	37	2	62	3	44
	0	93	1	35	2	57	3	27
	0	33	1	86	2	22	3	90
	0	89	1	20	2	81	3	5
	0	78	1	14	2	57	3	50
	0	47	1	71	2	48	3	40
	0	66	1	88	2	88	3	99
	0	36	1	33	2	86	3	40
	0	24	1	28	2	69	3	34
	0	51	1	10	2	58	3	76
	0	86	1	27	2	62	3	100
	0	34	1	79	2	62	3	81
	0	9	1	20	2	14	3	25
	0	34	1	71	2	16	3	60
	0	18	1	20	2	95	3	50
	0	89	1	3	2	17	3	7
SSD
M0
0	42	39	16	39	23	31	33	13	18	11	10	13	4	29	7	28	27	33	4	30	10	11	9	7	13	34	29	8	35	28	38	9	1	5	40	33	22	31	3	
27	0	29	9	9	12	33	2	23	10	15	36	24	23	18	12	23	30	35	43	23	23	1	23	15	17	31	24	20	37	38	23	10	19	6	26	13	19	1	10	
44	27	0	19	39	7	38	30	33	16	32	6	35	32	7	15	39	11	9	40	21	28	41	19	36	11	13	34	25	29	5	15	37	29	29	2	5	10	44	5	
37	36	14	0	16	14	39	8	37	29	22	18	28	40	9	34	33	30	28	40	5	13	26	24	8	14	13	6	2	29	24	33	24	1	2	15	24	1	21	24	
13	3	2	25	0	5	29	23	39	11	27	13	25	15	14	22	24	7	16	31	5	4	4	23	13	18	19	8	32	16	9	12	17	24	17	9	12	17	23	12	
27	23	8	31	33	0	4	8	22	19	11	16	35	23	20	28	16	22	22	30	33	5	1	32	28	23	13	9	27	25	18	9	18	31	8	7	18	9	31	1	
18	1	8	17	12	8	0	22	40	17	15	19	28	29	8	13	7	16	15	38	31	29	21	15	28	2	19	32	28	27	18	13	8	4	26	5	3	23	7	5	
21	33	34	11	14	34	19	0	21	36	41	25	32	26	13	24	13	31	21	41	25	20	10	19	24	8	22	26	22	26	25	20	20	21	22	28	14	21	11	25	
27	39	27	33	32	29	31	15	0	2	25	21	1	29	21	17	20	8	25	29	32	2	15	43	25	11	19	20	15	41	37	21	15	40	34	24	25	39	30	28	
6	14	4	28	17	8	2	35	24	0	30	15	35	26	16	24	11	20	18	22	30	32	33	18	28	20	22	4	24	28	7	20	31	23	27	11	14	13	32	14	
31	3	1	25	1	13	24	22	38	22	0	11	15	1	13	11	10	17	15	46	22	34	23	25	20	17	19	9	24	23	11	21	32	9	6	8	11	16	3	11	
43	9	18	25	37	30	9	29	1	35	33	0	36	8	29	4	30	27	31	37	24	10	23	12	4	28	33	8	17	23	17	34	5	31	6	13	24	9	29	15	
45	36	22	25	38	21	9	12	32	39	33	33	0	30	34	32	37	36	5	27	9	25	5	14	36	32	25	25	31	21	32	32	38	15	15	29	22	12	21	1	
26	40	24	6	31	29	43	23	16	40	34	33	34	0	6	32	32	39	38	28	20	28	33	13	23	24	15	21	17	17	8	8	23	16	14	7	22	16	29	31	
19	37	15	21	15	27	13	4	37	19	42	26	25	10	0	28	18	23	24	29	35	27	12	35	27	24	25	26	25	19	5	32	15	31	6	22	22	17	27	25	
37	4	11	32	32	23	32	25	4	16	38	22	27	33	23	0	1	21	25	44	18	44	24	6	14	27	9	9	10	38	6	13	16	13	24	18	21	1	24	1	
22	27	42	39	22	29	48	41	45	23	21	41	46	31	39	40	0	31	33	18	23	30	23	23	17	12	1	1	35	43	9	37	23	30	18	34	30	16	32	41	
10	19	13	21	39	25	6	32	18	9	34	24	11	17	19	17	14	0	27	13	35	36	4	19	6	9	31	22	23	31	5	17	32	27	31	15	7	28	20	18	
1	21	22	22	10	24	24	21	30	34	28	11	3	21	13	24	11	17	0	21	7	27	28	24	23	30	29	16	25	41	12	11	26	18	1	29	17	23	4	20	
21	28	24	1	26	24	6	18	12	31	8	28	8	28	19	2	18	26	19	0	15	23	11	4	18	11	23	5	12	16	34	27	16	11	3	25	19	11	6	10	
4	27	6	30	14	18	33	21	6	27	24	17	7	3	18	26	13	22	20	24	0	30	23	29	11	15	9	26	26	32	16	26	29	21	21	13	16	21	5	13	
30	37	23	29	22	19	35	34	45	17	15	34	34	19	11	20	12	9	15	19	22	0	5	33	15	10	26	11	20	31	27	20	5	34	30	30	15	29	20	18	
5	28	14	11	36	8	23	22	28	21	9	2	19	25	26	28	26	30	28	4	25	14	0	29	28	25	32	26	22	8	24	4	27	21	22	21	24	21	6	24	
18	22	21	17	42	1	30	23	29	42	24	3	35	14	33	33	9	37	16	26	31	25	4	0	33	37	38	32	5	31	13	29	34	27	3	28	24	26	22	31	
42	8	31	9	25	27	38	26	35	19	6	8	1	30	6	19	40	3	43	7	22	20	28	31	0	12	9	17	11	16	35	20	10	13	20	33	10	19	28	11	
34	34	47	37	25	36	15	24	12	34	42	21	19	33	7	4	15	21	25	11	5	19	26	40	34	0	44	38	20	5	17	23	32	33	6	37	38	19	42	9	
38	42	24	39	5	36	40	27	13	33	31	18	28	42	36	44	36	10	24	25	33	34	20	25	44	38	0	31	1	14	32	18	31	42	6	4	34	14	20	13	
1	42	36	13	38	9	15	13	5	4	1	16	22	18	5	24	34	7	18	21	18	16	28	5	10	16	11	0	24	34	33	41	26	18	22	37	35	23	36	15	
13	24	32	25	17	34	32	32	19	27	15	39	29	33	43	21	37	28	23	1	32	39	23	22	21	24	16	8	0	27	2	12	38	30	29	36	11	1	32	11	
45	42	16	19	26	28	42	36	21	37	28	14	35	3	28	12	36	27	6	35	26	16	29	5	3	27	34	29	30	0	18	36	8	29	30	23	26	29	36	10	
22	38	24	8	22	26	9	25	6	23	38	19	26	13	26	4	2	5	38	27	22	30	3	3	1	31	23	23	18	15	0	1	5	7	5	3	22	18	21	32	
44	31	33	23	9	27	26	27	40	30	18	16	8	5	29	15	34	31	35	6	4	14	12	22	6	32	42	22	32	6	21	0	27	33	34	32	33	33	36	25	
28	31	19	28	31	31	25	5	38	32	33	30	42	30	9	6	9	11	23	9	22	10	23	36	13	25	37	29	8	43	12	21	0	35	21	26	27	21	28	29	
17	5	29	24	17	27	34	3	20	20	24	28	3	28	20	8	21	18	20	28	23	1	8	22	24	19	25	19	29	40	29	8	14	0	30	36	24	7	25	27	
7	28	19	31	41	11	34	24	6	25	34	30	16	11	27	30	28	30	21	27	23	13	26	22	16	12	3	13	16	23	10	4	26	9	0	24	29	34	6	26	
35	18	45	22	29	28	30	23	12	22	4	10	40	20	38	38	4	23	15	19	36	37	5	5	12	41	33	7	32	23	40	37	11	26	30	0	28	19	26	12	
37	13	28	5	25	28	25	16	45	13	18	32	32	18	23	1	25	8	42	29	19	27	33	38	22	4	27	20	16	15	16	1	37	15	16	16	0	15	33	2	
27	20	42	19	18	6	22	14	24	34	25	4	23	11	37	34	29	40	27	26	33	40	10	15	6	7	26	4	3	3	40	9	35	8	2	33	40	0	30	31	
10	4	10	24	27	22	32	1	19	30	13	21	5	4	10	30	4	26	24	30	29	29	7	8	6	21	28	33	3	39	20	19	25	27	29	7	20	21	0	20	
42	13	13	26	34	4	20	20	41	29	8	18	34	4	14	21	24	21	11	19	34	4	14	37	2	22	3	9	32	37	23	14	17	35	31	20	23	28	32	0	
M1
0	19	35	31	32	9	28	25	24	26	29	17	35	27	6	27	17	17	27	28	25	23	27	14	9	12	14	1	28	21	26	15	11	8	31	5	35	15	7	8	
26	0	9	36	26	2	30	30	29	20	35	40	24	31	34	14	13	31	34	37	21	33	4	26	10	16	24	37	11	13	4	31	17	28	5	10	13	33	34	43	
21	21	0	17	3	15	8	4	12	13	31	17	19	7	16	25	11	5	40	13	20	26	18	6	24	12	24	8	21	31	7	7	3	26	19	24	19	33	17	8	
33	16	37	0	45	25	15	28	23	2	4	36	42	22	26	16	18	16	1	35	15	16	13	28	27	26	10	3	29	27	29	21	26	9	4	29	4	23	1	27	
9	17	39	28	0	9	22	10	21	8	39	17	7	24	24	13	25	26	41	22	25	44	29	10	12	14	17	20	30	30	5	18	35	37	28	24	7	36	26	33	
10	4	42	37	24	0	37	26	30	31	22	26	35	36	33	32	8	39	3	23	18	27	10	23	17	21	33	27	25	15	29	21	40	23	4	19	40	10	22	17	
5	25	27	23	7	1	0	9	16	21	23	1	11	11	8	11	9	14	14	23	9	16	22	9	19	7	15	12	3	15	10	10	30	20	18	8	6	28	6	3	
20	19	13	16	29	21	3	0	27	23	36	14	32	23	21	16	14	2	8	3	22	17	24	11	24	9	8	25	12	20	23	12	28	29	17	2	27	29	24	5	
25	5	24	3	25	23	8	3	0	22	27	19	18	22	14	12	17	27	29	30	27	21	29	16	14	14	26	4	5	24	28	17	19	22	3	8	16	31	1	10	
18	29	10	27	3	17	26	3	20	0	48	26	19	22	33	25	14	13	3	26	28	37	16	22	5	23	29	28	29	40	17	23	9	24	27	11	19	16	22	19	
20	17	14	32	23	8	4	11	25	22	0	14	16	11	21	24	12	27	34	15	8	12	24	11	16	9	6	16	3	24	23	10	37	20	32	21	28	30	24	5	
28	30	32	43	10	28	6	3	40	27	17	0	26	26	2	5	3	8	33	27	3	34	33	18	31	21	32	6	14	9	4	20	30	31	31	2	26	42	5	34	
33	2	27	20	26	11	29	34	39	36	3	26	0	25	1	18	27	31	21	5	5	24	5	24	28	22	31	19	22	1	35	21	26	34	11	30	35	7	5	18	
29	15	3	28	16	34	12	9	46	24	23	1	13	0	8	2	9	7	23	33	9	22	31	24	9	11	8	12	6	7	10	26	1	4	2	3	21	18	11	37	
35	21	29	35	30	10	26	2	28	35	21	15	34	35	0	25	23	4	31	21	21	20	27	5	14	16	10	2	34	19	5	1	19	13	35	22	37	16	25	23	
29	13	3	11	16	16	4	9	4	12	23	1	12	30	8	0	9	1	37	33	9	2	37	12	1	9	5	12	6	15	10	1	27	23	10	8	24	7	9	18	
27	4	14	15	29	29	20	32	33	6	33	36	38	27	19	23	0	33	23	39	34	23	21	32	10	16	13	7	9	24	6	24	3	5	35	14	29	19	7	37	
31	28	14	28	33	48	29	23	33	44	23	18	18	34	25	28	26	0	37	12	26	42	28	41	16	3	9	29	35	32	12	42	4	46	12	25	30	36	20	39	
32	11	39	15	14	19	27	22	15	22	12	27	30	25	13	14	1	20	0	3	22	26	30	15	15	27	31	15	24	4	26	18	29	41	1	27	1	26	4	29	
11	12	45	10	30	15	7	10	37	23	25	18	3	9	7	28	17	6	20	0	23	19	12	15	1	13	25	20	30	20	23	16	1	1	37	25	7	13	19	9	
32	12	17	13	15	17	26	28	30	28	4	20	24	8	11	5	14	33	22	21	0	31	24	34	36	23	32	31	9	29	29	29	33	26	35	27	6	6	30	31	
18	3	11	9	21	12	14	8	2	26	19	6	20	28	13	13	14	17	35	36	14	0	14	22	20	13	31	10	7	1	15	23	25	18	9	6	22	32	7	16	
6	7	35	15	32	17	20	15	8	29	6	31	22	27	24	24	26	15	26	14	15	19	0	9	26	7	10	16	17	21	26	29	24	7	15	20	24	21	13	22	
7	17	3	33	34	20	9	6	29	9	39	19	3	16	12	17	16	32	25	30	14	24	29	0	28	14	10	25	31	22	12	17	23	6	36	26	8	20	24	10	
19	28	15	7	28	9	24	4	26	6	30	13	24	22	17	23	13	26	12	24	21	22	2	6	0	8	20	24	10	2	18	11	19	17	3	20	25	29	17	4	
16	14	33	12	22	17	17	12	5	12	29	7	6	8	14	10	10	15	27	21	13	9	12	7	20	0	15	13	14	21	3	8	8	8	9	14	8	22	10	1	
37	23	33	22	36	7	12	23	16	37	47	31	23	25	34	24	31	35	39	38	8	20	40	12	34	26	0	11	23	29	32	20	8	25	23	28	36	39	21	22	
27	24	14	45	33	2	31	5	44	23	26	23	33	24	6	10	4	22	32	19	31	31	9	5	22	11	6	0	33	32	7	25	7	13	26	30	39	17	7	34	
9	14	39	33	6	24	7	19	26	5	10	32	22	25	20	27	12	35	22	31	15	21	20	25	27	24	20	22	0	22	20	6	20	3	19	33	22	14	9	29	
35	15	36	28	32	30	19	14	21	31	36	17	24	24	8	13	25	30	39	39	5	38	34	35	34	10	11	28	12	0	17	19	8	20	28	24	10	24	26	29	
23	25	20	7	31	25	28	23	16	30	35	23	38	20	24	22	27	36	21	33	31	41	32	14	12	23	29	3	11	30	0	31	14	28	23	25	8	39	21	26	
4	6	20	13	4	22	9	13	6	4	35	29	20	30	24	16	9	4	35	35	13	31	17	21	24	24	16	10	15	33	18	0	1	32	10	18	20	38	9	20	
26	32	25	15	35	27	31	5	23	29	39	20	38	2	3	16	20	16	25	31	28	29	13	17	20	15	1	25	32	8	10	10	0	38	9	25	12	13	26	11	
26	1	43	42	39	31	24	34	35	12	23	29	48	12	7	27	9	34	9	48	19	8	18	26	14	33	35	9	21	9	25	15	7	0	39	20	17	4	8	41	
26	10	11	36	20	31	13	23	35	5	3	15	24	27	11	1	23	24	17	32	4	33	2	16	27	19	31	26	9	19	24	22	35	26	0	8	36	1	19	15	
36	6	37	30	32	31	27	34	40	20	1	30	33	10	9	30	8	33	37	30	26	25	19	5	39	25	29	26	26	37	39	2	35	18	35	0	31	32	14	21	
25	31	20	29	30	27	26	23	46	35	30	15	34	5	16	23	23	28	16	34	16	35	36	23	24	6	10	26	23	3	5	22	37	20	28	22	0	34	25	17	
31	24	39	25	36	2	28	29	38	11	3	25	31	6	32	31	25	38	21	31	33	26	33	22	16	20	14	19	16	38	10	23	46	33	9	32	44	0	35	16	
12	13	16	23	41	36	4	34	34	40	6	26	43	1	15	28	25	6	8	25	34	24	13	39	34	5	22	32	31	16	20	9	5	30	16	8	44	44	0	33	
12	23	38	47	21	13	17	14	41	15	28	6	24	16	13	16	6	19	43	17	14	15	16	3	16	1	13	17	18	20	15	4	38	33	31	13	37	22	16	0	
M2
0	20	24	26	25	7	25	28	18	18	9	21	10	19	3	21	38	14	16	24	23	22	21	17	36	15	20	24	36	10	27	10	29	6	13	18	4	26	3	6	
8	0	13	5	15	16	31	33	11	21	14	8	1	10	19	40	42	31	7	15	33	37	12	28	26	26	15	16	27	23	18	6	20	23	10	38	27	36	13	37	
2	40	0	27	10	25	12	33	17	20	2	32	34	10	27	9	31	24	8	29	14	19	27	18	44	35	7	16	8	20	10	24	10	22	16	30	9	24	4	18	
30	40	37	0	21	40	34	12	31	29	47	5	38	30	37	49	28	33	25	26	12	42	21	37	39	31	11	5	13	12	28	1	8	30	32	3	36	12	6	14	
28	34	3	19	0	2	5	21	11	20	22	18	24	13	31	28	35	7	12	14	16	29	40	15	5	20	20	1	7	15	21	28	16	13	27	39	19	28	28	10	
20	27	30	19	22	0	8	33	13	31	22	18	39	12	38	8	23	7	4	10	28	40	27	29	8	17	16	31	7	9	14	28	37	25	6	10	19	14	18	1	
21	17	26	5	10	2	0	20	11	18	18	14	16	38	30	19	33	3	27	29	6	18	34	36	17	25	12	3	13	10	21	24	19	20	23	20	15	1	28	31	
43	42	13	24	15	4	2	0	17	6	22	20	31	44	42	8	25	12	36	4	33	25	33	25	11	6	47	36	30	17	1	15	29	8	32	39	24	33	39	31	
26	18	28	32	27	21	13	30	0	3	5	25	14	28	31	47	34	24	16	15	23	14	28	9	15	38	29	29	10	15	19	25	29	16	16	18	15	27	26	20	
36	42	31	23	42	9	19	17	29	0	26	22	17	46	36	36	35	11	25	2	32	9	28	9	45	33	43	32	38	32	25	12	16	3	26	41	22	29	23	35	
25	29	24	13	1	16	12	20	19	18	0	9	36	18	5	21	8	1	33	6	22	26	11	37	21	12	9	25	21	11	2	1	9	14	21	31	13	1	2	4	
18	29	7	13	21	21	7	23	24	21	16	0	38	25	33	40	15	6	30	32	11	34	25	23	12	15	42	18	24	24	20	27	14	7	15	37	13	4	8	14	
39	29	5	16	26	41	32	26	33	43	4	2	0	39	10	30	33	21	35	5	39	27	16	34	28	37	25	6	30	36	8	26	10	22	41	45	17	26	3	29	
29	34	30	24	33	19	5	24	23	22	11	23	22	0	8	38	37	27	40	34	13	4	28	24	32	18	32	37	25	22	1	17	19	35	11	7	39	5	33	34	
24	22	20	31	32	21	39	8	13	10	19	17	6	26	0	17	14	31	3	20	22	29	11	1	32	8	40	21	42	24	1	27	25	23	17	29	20	41	14	31	
32	41	16	38	3	14	17	34	9	23	12	4	24	35	35	0	8	34	28	6	4	17	40	19	15	45	30	14	32	18	3	6	30	20	42	44	10	32	29	37	
17	7	31	31	41	34	34	28	16	39	22	34	27	12	24	42	0	23	10	18	9	18	38	43	27	37	16	17	11	11	32	1	38	25	29	8	35	35	6	5	
24	33	13	2	22	35	1	19	8	16	5	1	34	43	31	33	34	0	29	16	11	23	23	35	38	12	26	14	31	18	28	11	34	14	10	30	2	11	28	30	
27	45	11	40	28	13	21	16	25	9	10	8	15	29	34	37	16	30	0	21	21	21	40	16	37	42	40	26	19	31	11	31	34	13	45	30	14	32	4	35	
24	6	9	12	24	31	25	36	12	12	37	33	26	29	26	21	14	22	24	0	11	31	21	31	23	44	40	41	2	9	11	7	25	7	35	17	34	41	3	48	
23	32	15	11	22	30	34	25	41	29	1	6	1	23	20	4	30	23	21	15	0	4	2	5	7	18	16	12	33	4	18	20	20	25	17	35	1	23	13	10	
46	28	25	39	26	14	9	18	33	10	18	21	34	22	31	23	29	27	13	22	26	0	4	13	10	12	31	33	26	45	29	18	36	13	45	4	39	40	20	2	
1	38	11	14	3	2	13	7	5	28	17	13	9	21	28	38	22	2	29	2	12	22	0	3	38	15	28	11	23	30	3	23	28	26	21	12	7	23	21	13	
7	35	29	18	38	33	17	7	24	27	21	14	21	23	7	45	6	6	28	32	27	3	8	0	2	28	40	30	3	34	32	27	22	28	26	7	18	27	13	28	
32	23	16	3	40	20	4	27	5	25	23	19	21	48	30	47	12	8	9	22	29	41	38	25	0	24	40	30	28	36	18	29	39	32	15	7	20	8	11	4	
19	19	29	20	3	9	7	14	33	16	32	30	19	8	2	43	43	20	30	7	34	34	39	7	19	0	6	34	35	5	35	36	36	4	31	29	26	34	26	8	
27	16	6	16	36	14	15	31	5	29	18	4	5	10	20	20	43	4	41	19	14	9	11	23	24	16	0	20	34	18	16	16	24	28	24	1	16	25	1	33	
40	35	16	27	31	1	4	14	42	31	9	13	2	27	21	37	28	31	33	16	33	6	20	27	16	17	27	0	1	18	19	31	21	15	11	29	24	26	14	30	
15	42	39	27	27	28	29	8	27	31	5	35	44	30	31	10	22	27	18	17	32	7	37	33	5	24	17	33	0	16	28	20	12	13	31	40	26	14	28	30	
15	30	26	35	26	16	31	3	37	2	4	23	12	3	16	12	32	23	18	14	33	21	4	21	2	37	34	23	43	0	25	11	28	15	27	13	28	23	4	29	
23	41	6	4	4	29	27	35	4	26	5	23	12	27	31	30	19	16	23	16	12	12	2	35	27	31	12	11	31	7	0	27	31	11	1	15	11	24	14	29	
29	16	23	17	20	22	11	34	23	31	20	16	36	26	11	9	17	5	32	31	26	37	18	19	1	15	28	5	10	28	35	0	43	9	21	45	17	26	6	34	
25	30	10	32	1	22	17	18	38	3	35	14	30	21	30	42	33	20	33	15	26	22	21	22	13	12	11	32	4	15	37	25	0	5	9	34	29	1	23	18	
27	29	15	26	4	18	15	36	17	24	6	10	1	21	10	40	35	28	14	3	28	37	7	43	38	14	12	16	11	13	1	1	11	0	19	35	27	28	13	31	
7	29	3	38	38	18	3	17	20	8	44	32	34	46	9	8	5	29	16	20	20	20	18	27	20	17	45	37	9	49	10	30	9	18	0	12	17	8	2	20	
27	14	26	31	31	18	14	18	37	37	9	13	12	37	31	39	38	19	18	18	39	40	31	47	15	33	23	27	11	6	9	6	12	19	39	0	31	20	24	19	
8	17	33	27	7	23	21	10	39	19	22	15	28	27	19	23	36	30	23	31	33	7	18	35	29	41	18	6	18	49	43	12	34	21	18	41	0	8	32	16	
8	23	9	18	30	20	17	3	23	1	21	17	28	42	13	27	16	6	19	13	9	20	17	20	11	17	24	30	4	28	20	18	15	14	11	21	18	0	12	37	
19	30	31	19	27	33	14	8	15	22	38	18	43	37	40	15	38	29	33	30	8	18	34	35	18	11	20	33	31	2	10	18	18	35	36	37	31	11	0	4	
36	9	14	20	40	12	19	15	26	34	23	15	22	38	41	45	48	8	12	34	29	31	35	43	13	23	31	32	34	29	10	24	19	32	28	47	20	29	1	0	
M3
0	30	40	43	34	3	18	11	29	23	27	22	24	33	1	26	28	20	11	30	35	28	26	17	27	26	30	17	23	20	25	11	17	31	24	9	20	26	17	11	
38	0	33	39	47	29	24	34	24	39	32	48	10	36	13	28	47	6	10	1	26	33	23	14	36	20	30	49	32	23	28	23	31	25	19	4	16	31	34	14	
31	38	0	31	5	2	39	16	12	30	20	14	30	32	15	7	20	14	15	5	30	29	26	3	26	22	1	30	14	8	5	23	10	34	14	33	4	21	9	26	
25	18	26	0	25	23	20	7	30	25	4	28	2	27	9	1	22	8	8	14	6	7	1	17	26	16	8	31	3	13	3	21	4	23	16	17	21	22	19	24	
26	20	26	31	0	16	20	17	30	13	26	34	45	37	17	22	17	10	20	24	6	29	33	9	16	9	28	31	17	10	15	10	25	23	2	21	21	4	24	1	
1	26	40	10	36	0	20	13	31	1	26	24	4	17	3	14	19	6	13	8	20	7	7	16	13	28	22	19	10	20	27	13	17	9	2	11	22	15	19	13	
35	6	3	39	42	25	0	19	14	37	35	5	5	44	31	23	37	2	29	30	32	6	4	39	1	31	16	33	30	31	28	30	15	17	40	2	19	24	14	33	
25	26	16	19	17	22	24	0	25	4	2	26	28	26	9	1	20	8	6	14	10	15	19	17	9	1	5	10	8	13	17	16	4	24	18	13	22	1	19	7	
28	2	15	2	16	14	12	26	0	12	24	45	43	42	15	11	31	15	33	13	31	34	23	23	28	22	10	44	8	15	20	15	14	17	22	33	24	23	29	6	
5	36	21	45	2	9	17	17	29	0	24	17	3	30	7	32	25	25	17	10	4	25	23	23	22	22	5	14	19	2	28	17	22	10	30	1	26	32	19	17	
42	14	19	24	33	23	17	14	22	14	0	12	23	36	24	29	6	17	12	2	33	24	30	12	10	24	26	21	27	17	22	11	13	12	25	1	28	11	38	8	
18	36	24	41	18	22	6	8	7	9	12	0	21	16	19	23	7	23	15	26	4	9	12	19	15	6	18	3	8	1	31	5	3	17	24	12	16	10	6	17	
36	4	15	26	32	26	5	21	20	17	25	20	0	27	31	29	11	29	23	3	12	22	14	25	6	36	26	11	17	29	7	17	18	3	32	3	11	6	7	20	
16	3	32	24	3	20	17	25	20	27	15	39	38	0	18	37	14	9	12	28	46	9	13	11	37	25	20	21	27	23	19	6	1	31	41	26	37	6	21	26	
36	20	45	23	36	2	27	21	4	22	25	10	6	24	0	12	21	10	26	21	26	21	19	2	23	17	5	32	19	10	15	10	15	18	18	23	14	18	21	1	
23	38	38	23	39	23	31	35	28	28	12	36	46	45	7	0	30	6	35	12	35	23	37	15	34	14	47	41	6	11	41	19	2	35	16	25	38	22	17	32	
36	19	29	33	31	25	35	39	12	1	14	17	21	18	31	32	0	28	34	27	21	33	24	31	15	32	8	22	2	28	19	28	22	8	25	13	6	11	34	19	
44	19	4	22	23	46	36	22	37	28	38	28	7	38	41	34	33	0	34	41	46	28	31	1	43	18	37	22	1	6	15	17	22	15	4	11	41	21	10	36	
7	36	31	36	42	11	26	19	2	21	10	4	24	19	9	34	26	28	0	24	30	26	24	25	32	26	17	15	21	28	33	1	25	15	32	17	28	3	1	19	
8	39	27	30	33	12	9	7	28	25	23	31	13	38	10	17	34	8	13	0	7	23	35	26	1	21	13	26	14	11	34	20	20	24	33	7	28	22	22	20	
11	33	7	28	20	15	1	11	17	16	7	15	36	18	13	26	25	8	1	21	0	40	30	8	13	26	14	29	2	24	37	3	25	4	36	2	29	23	29	23	
24	24	13	22	37	14	40	25	37	7	21	15	37	12	16	8	8	11	16	21	30	0	37	22	6	13	32	36	15	14	19	14	11	7	16	29	13	22	5	5	
37	33	33	12	26	29	39	29	31	22	26	31	38	8	19	13	7	20	28	21	39	27	0	20	4	5	16	16	20	23	28	22	4	14	1	7	28	31	31	14	
19	36	27	30	23	23	23	21	18	9	36	41	22	19	4	23	14	23	15	36	28	6	12	0	7	28	18	3	9	26	31	9	7	17	24	6	37	34	28	17	
16	1	36	31	34	15	27	28	15	31	22	14	13	49	18	23	18	29	6	1	39	34	28	23	0	19	41	34	27	35	4	10	22	17	1	26	37	9	31	28	
25	48	43	24	34	10	11	13	25	30	29	38	32	40	16	28	25	27	2	24	26	12	29	21	15	0	28	24	30	14	27	11	9	3	4	5	46	28	31	34	
21	36	11	19	35	20	7	21	32	31	20	5	19	33	15	7	14	14	16	20	2	31	33	2	13	20	0	33	14	9	23	18	10	19	24	17	11	30	25	17	
36	28	19	40	44	24	34	13	10	1	29	33	17	11	15	16	6	15	7	29	20	6	4	26	31	25	10	0	1	18	23	1	19	9	16	35	29	26	25	9	
32	36	6	36	36	22	20	18	2	35	10	17	36	39	4	33	28	16	22	24	8	39	11	29	15	33	28	35	0	7	39	24	4	7	47	10	14	19	22	30	
37	13	7	31	30	11	33	26	23	14	23	36	30	24	28	29	19	18	20	9	33	19	8	39	11	20	23	8	14	0	36	10	8	6	8	36	42	5	38	22	
26	28	21	38	13	30	1	26	15	14	2	12	30	18	23	15	20	22	8	16	2	38	37	23	24	30	29	32	8	21	0	18	18	7	26	15	27	25	33	22	
31	23	27	28	33	35	21	2	33	20	9	14	34	5	21	13	12	20	16	6	7	4	35	23	25	17	2	26	16	25	33	0	16	16	30	22	38	13	10	23	
26	30	4	33	46	30	42	15	2	8	21	16	38	16	7	30	16	5	17	35	29	28	1	3	2	15	27	30	6	2	40	3	0	5	19	34	35	30	24	36	
3	21	4	10	32	7	11	15	29	5	20	26	7	30	5	30	22	11	7	33	10	25	7	3	20	6	5	14	15	11	16	11	21	0	19	13	22	19	2	2	
3	2	11	37	1	7	1	11	3	27	27	26	28	37	5	26	32	24	15	34	29	32	30	21	31	22	9	21	27	2	12	7	17	13	0	13	24	15	5	15	
31	20	14	29	33	24	10	15	24	6	24	34	16	7	19	11	35	1	32	24	34	8	18	26	31	25	34	39	18	18	7	18	14	22	26	0	29	1	29	9	
25	9	21	39	34	28	15	13	31	1	13	29	16	22	23	28	31	9	15	23	1	10	42	4	27	15	28	37	16	25	28	6	31	5	25	16	0	28	9	33	
14	7	25	14	5	18	1	17	17	27	25	37	24	42	3	13	39	19	21	5	27	27	20	2	11	11	36	29	9	13	24	11	16	21	27	24	1	0	31	10	
20	30	12	42	43	16	31	31	45	27	35	33	45	33	5	22	36	20	32	5	33	32	28	28	2	20	29	38	18	20	25	6	9	13	25	14	31	28	0	11	
33	12	38	46	28	8	32	13	33	31	26	33	37	47	9	28	26	2	32	37	18	40	25	10	15	9	20	36	33	2	7	2	31	33	10	20	13	10	31	0	
