40  2  1
2
	0	57	1	8
	0	94	1	89
	0	49	1	28
	0	81	1	96
	0	56	1	89
	0	100	1	6
	0	49	1	98
	0	72	1	59
	0	79	1	44
	0	50	1	1
	0	85	1	93
	0	73	1	31
	0	40	1	18
	0	96	1	16
	0	98	1	52
	0	92	1	57
	0	56	1	16
	0	31	1	79
	0	50	1	33
	0	98	1	61
	0	58	1	40
	0	97	1	46
	0	68	1	60
	0	45	1	77
	0	31	1	90
	0	76	1	64
	0	27	1	25
	0	80	1	81
	0	84	1	17
	0	67	1	30
	0	60	1	44
	0	30	1	36
	0	52	1	34
	0	35	1	59
	0	2	1	72
	0	72	1	33
	0	28	1	84
	0	46	1	62
	0	64	1	74
	0	83	1	48
SSD
M0
0	38	72	41	28	46	53	75	91	55	68	54	96	30	14	74	18	26	27	64	62	45	35	29	68	82	57	58	66	27	52	56	21	58	22	76	24	18	107	63	
90	0	13	17	89	25	58	83	98	16	57	72	85	73	77	46	49	88	13	16	58	24	7	85	16	35	67	70	64	71	48	67	28	58	99	31	60	57	71	31	
31	61	0	23	71	2	23	62	55	74	21	49	62	46	29	49	103	67	34	74	17	5	75	62	77	14	5	10	56	69	75	36	7	49	64	45	59	8	21	93	
39	59	1	0	83	52	67	37	38	50	71	65	104	49	14	8	74	65	52	49	41	55	86	77	41	43	55	47	9	64	27	19	21	13	73	50	56	23	71	102	
6	73	94	73	0	64	33	67	7	43	93	23	117	40	75	92	28	72	59	63	45	56	67	61	32	34	88	8	91	59	47	53	84	27	54	112	55	73	64	7	
2	5	70	60	87	0	23	42	65	6	7	11	38	63	67	58	24	44	55	54	8	24	64	24	17	74	70	20	28	61	90	41	5	75	78	96	68	17	61	81	
88	53	12	3	45	63	0	22	78	44	13	58	83	34	2	72	36	15	31	43	51	47	39	33	5	2	66	63	9	31	56	56	26	7	26	45	50	14	80	25	
19	20	66	34	77	54	34	0	42	29	1	12	21	24	50	67	14	43	21	58	52	50	29	23	13	46	69	15	72	21	16	7	32	82	16	83	55	45	84	60	
90	56	85	54	66	73	55	39	0	2	44	67	31	43	53	82	76	53	40	74	52	77	48	27	95	61	40	74	21	40	65	22	82	60	35	37	26	36	37	13	
118	18	69	4	67	89	94	27	73	0	100	25	70	7	11	73	45	82	56	71	77	34	19	56	78	43	54	114	28	5	81	38	97	54	51	89	90	44	5	36	
27	64	53	51	59	32	59	65	84	6	0	38	29	28	67	1	77	86	37	57	72	15	45	37	87	20	34	99	58	37	39	25	86	25	32	91	59	61	61	42	
28	49	67	36	66	47	73	8	87	65	69	0	89	19	80	32	38	75	11	17	43	15	30	24	5	69	52	74	22	22	30	56	38	78	17	95	44	11	2	61	
30	14	67	63	64	72	93	73	79	30	20	76	0	26	44	35	86	18	49	69	54	62	57	38	53	40	84	66	61	49	74	1	67	33	44	22	64	73	80	55	
43	2	31	3	65	40	12	41	69	38	46	5	76	0	14	51	57	49	7	37	59	64	12	9	24	42	55	80	58	7	32	3	18	1	2	50	41	31	80	55	
93	54	64	41	53	36	23	61	88	1	19	39	89	58	0	20	22	43	60	86	79	78	34	55	36	53	49	23	54	56	19	21	59	50	55	8	16	6	20	80	
91	54	11	58	73	28	59	48	59	27	22	22	76	44	46	0	38	95	47	27	46	46	6	31	22	34	9	47	52	67	79	65	67	8	79	86	77	38	3	57	
59	29	62	70	52	7	41	75	69	22	9	53	85	37	77	65	0	44	56	54	75	35	45	51	5	61	45	39	28	38	59	56	30	35	51	103	12	46	77	81	
66	37	48	15	86	84	95	75	90	36	11	72	48	26	2	41	44	0	51	38	5	29	45	32	11	40	74	17	78	61	70	62	32	47	105	82	66	52	76	6	
58	73	84	74	104	28	67	41	55	47	8	9	39	71	52	23	77	28	0	19	62	70	14	70	70	48	85	31	1	40	2	9	34	53	63	34	72	83	47	60	
69	39	57	26	32	11	34	7	88	36	60	29	23	15	70	14	29	53	12	0	64	43	20	14	74	45	38	62	63	12	37	64	7	39	7	21	5	36	91	46	
24	55	102	78	71	88	64	43	43	39	54	17	100	45	9	73	70	82	48	24	0	48	68	66	65	14	11	77	74	5	26	30	100	9	59	88	35	88	92	65	
7	36	61	45	34	90	9	34	83	44	71	71	86	12	60	56	82	39	42	55	5	0	14	52	63	60	33	6	58	57	60	33	9	19	52	41	13	72	38	76	
32	23	40	28	89	85	78	74	44	31	23	59	71	57	69	86	22	63	54	14	70	38	0	56	36	103	76	64	70	18	79	87	96	34	49	75	49	77	86	61	
25	4	87	5	47	7	36	26	50	38	56	64	22	54	38	78	15	25	18	70	5	38	20	0	67	8	1	34	69	51	36	18	86	41	46	27	7	75	86	62	
66	63	105	43	44	51	53	51	51	29	34	30	56	71	63	71	2	42	68	94	78	11	29	63	0	59	57	77	36	27	42	20	42	58	63	111	24	10	75	79	
55	34	52	21	21	18	68	55	59	52	64	34	76	10	65	28	69	79	7	44	44	43	15	9	49	0	55	80	54	7	32	23	56	73	2	13	39	31	2	55	
71	70	122	80	39	63	104	38	23	86	35	105	79	70	10	106	71	100	58	42	53	10	43	30	96	83	0	39	94	61	43	93	80	116	73	50	82	102	117	61	
65	26	84	2	90	83	89	86	13	9	23	43	67	47	57	38	60	99	56	5	59	72	78	47	30	38	53	0	87	31	76	38	56	82	78	115	60	71	64	95	
12	37	35	24	68	39	29	56	97	34	17	37	73	13	43	4	66	26	3	47	56	36	18	6	68	47	52	21	0	10	35	8	9	72	5	23	38	34	70	46	
49	75	76	23	41	56	22	93	88	49	50	26	83	67	43	1	85	10	4	73	41	63	32	60	52	50	54	58	55	0	34	11	73	55	60	17	21	85	24	21	
68	97	56	74	85	51	22	5	109	94	78	5	48	58	73	35	16	86	56	52	83	8	102	70	45	73	102	16	45	18	0	57	32	78	93	51	69	85	80	96	
76	34	74	43	65	62	62	77	59	8	73	56	98	32	13	30	72	31	24	66	62	31	37	31	54	9	66	77	75	29	54	0	78	67	24	98	33	53	63	68	
10	31	80	54	51	32	78	3	44	73	50	66	69	64	41	1	65	8	61	77	44	35	57	5	50	58	49	56	111	61	57	68	0	47	56	77	57	80	96	45	
96	11	99	56	57	82	38	5	36	2	62	17	56	1	27	30	74	82	4	1	106	62	68	57	41	89	34	79	38	57	56	53	88	0	78	88	39	82	57	88	
75	30	48	17	61	36	66	51	100	68	60	30	72	6	61	71	65	75	3	40	55	88	11	5	65	58	51	76	54	3	28	62	52	71	0	77	37	27	92	51	
66	61	82	70	104	36	84	59	75	32	62	63	75	49	77	57	65	64	4	73	10	51	37	20	32	7	56	78	40	73	2	61	4	77	83	0	72	73	60	100	
74	43	61	30	12	49	1	46	55	3	31	43	45	19	42	55	71	20	16	42	56	42	5	11	55	52	5	29	59	16	19	40	65	6	11	79	0	40	58	57	
69	7	66	32	45	46	34	62	56	36	60	76	59	52	51	15	85	18	49	72	52	75	38	44	60	85	38	62	2	16	52	54	7	39	44	55	5	0	91	55	
61	70	99	42	97	62	47	77	70	41	83	28	23	73	83	98	108	57	51	61	19	25	24	57	75	67	46	56	32	82	103	43	69	37	91	41	101	50	0	61	
62	49	36	91	41	49	68	43	74	37	76	55	49	39	43	68	52	69	42	39	54	71	87	71	29	27	56	71	19	79	15	45	74	3	74	50	57	59	26	0	
M1
0	22	4	50	37	34	51	63	48	31	56	54	34	57	66	6	68	13	52	28	7	54	49	1	56	40	49	79	7	30	54	44	38	22	62	51	39	47	9	11	
37	0	49	26	4	40	69	46	26	8	2	25	47	53	74	37	46	58	48	62	52	29	80	25	62	18	45	26	37	18	36	69	9	48	5	28	16	44	50	16	
30	60	0	57	75	59	20	43	55	47	51	70	20	52	58	44	58	45	42	51	2	72	17	39	81	57	66	57	38	57	67	32	39	55	79	21	34	56	11	34	
75	84	17	0	38	81	65	88	80	82	76	69	65	77	86	89	79	70	73	74	27	45	17	78	72	64	87	77	58	81	29	40	84	100	106	41	36	79	56	32	
40	70	49	22	0	15	63	12	65	50	43	43	53	6	43	54	59	29	11	37	12	28	45	49	30	28	26	60	26	27	9	54	39	7	37	56	33	50	57	32	
22	52	34	75	48	0	57	52	55	61	86	75	64	55	82	36	82	43	12	16	37	45	70	31	16	51	75	39	37	6	56	33	26	52	90	53	45	37	39	26	
43	18	18	69	69	15	0	57	64	57	66	1	28	32	25	6	32	43	33	37	48	59	32	41	37	41	27	60	58	27	77	54	47	67	62	34	18	15	1	38	
68	39	36	71	68	55	53	0	41	64	66	21	69	51	87	20	59	57	42	68	66	41	4	28	37	3	52	65	58	2	24	53	3	64	28	53	32	33	58	58	
52	82	43	55	78	24	60	65	0	71	57	84	52	58	91	66	72	46	42	46	67	48	88	7	46	54	78	58	67	9	84	42	52	68	18	22	75	40	45	56	
59	68	43	44	74	31	60	67	17	0	76	22	38	58	65	28	37	61	48	53	60	48	71	22	53	9	36	55	29	9	33	60	52	39	74	19	7	40	45	7	
9	33	16	46	44	22	64	34	25	48	0	71	5	74	30	23	2	26	27	35	24	52	55	18	44	41	66	2	24	30	71	61	33	39	44	39	36	61	26	27	
46	67	26	55	69	57	21	73	43	25	71	0	61	64	51	54	50	65	33	16	22	54	26	9	27	12	56	78	34	15	50	66	58	65	77	45	33	29	20	6	
43	73	21	23	40	40	69	11	52	69	20	56	0	54	28	40	20	44	4	45	4	52	32	20	62	57	73	42	45	48	68	74	51	73	98	48	55	76	41	37	
67	73	73	64	82	73	73	74	69	74	56	21	53	0	28	37	88	11	55	68	42	11	43	61	79	36	4	75	50	67	38	53	37	70	69	86	38	36	72	58	
49	69	34	57	78	63	50	26	26	35	29	41	38	33	0	26	59	9	57	49	60	52	11	7	85	44	37	19	11	13	9	20	18	31	32	29	20	44	66	43	
45	73	46	61	37	38	54	17	64	47	63	2	49	14	58	0	68	41	56	49	55	41	56	42	47	45	17	83	23	46	18	77	20	65	82	67	51	23	53	12	
32	62	26	43	33	4	63	21	16	61	38	58	74	61	12	46	0	8	22	17	47	51	71	41	26	46	80	36	47	12	66	43	15	54	78	21	49	43	44	9	
46	76	58	65	67	38	53	55	50	40	57	63	32	58	3	36	18	0	54	51	8	74	53	9	60	38	65	70	61	35	64	75	49	76	87	52	16	66	50	43	
39	43	34	79	3	11	32	7	52	35	76	55	38	54	61	14	72	60	0	33	30	15	70	21	33	38	54	56	11	12	31	50	42	44	89	55	18	43	56	43	
60	73	28	62	1	49	22	8	17	17	68	19	49	66	52	46	55	61	44	0	19	32	6	40	13	27	54	64	22	17	51	31	5	9	43	37	25	28	60	25	
75	65	49	17	64	77	79	31	13	57	9	45	25	10	19	22	63	3	43	31	0	34	27	34	99	62	29	33	37	51	25	65	63	72	75	4	63	32	9	59	
10	40	22	47	25	52	69	65	65	48	42	52	51	15	59	24	85	31	70	46	19	0	61	19	74	52	35	69	24	47	44	56	55	40	80	63	56	65	27	29	
28	7	40	7	7	19	35	77	49	67	25	39	63	2	46	42	51	29	37	41	43	29	0	37	20	52	22	21	43	31	45	58	51	35	75	76	56	54	45	47	
61	27	3	47	64	51	51	64	37	19	70	42	51	12	56	48	57	39	49	2	33	39	48	0	73	29	32	46	49	29	40	63	65	50	94	10	26	3	33	27	
58	48	8	39	65	65	56	36	61	44	42	65	7	79	53	42	45	49	29	13	29	52	23	45	0	3	81	67	20	43	4	68	51	53	43	37	6	54	47	29	
59	83	65	71	1	31	60	5	63	50	93	8	89	30	32	44	88	57	49	53	61	10	65	48	31	0	50	76	73	43	81	70	63	87	1	70	7	26	59	22	
72	44	63	58	62	44	58	53	66	75	27	42	24	29	70	57	59	56	26	66	13	56	14	41	66	11	0	46	70	56	78	76	76	80	40	57	9	34	62	76	
78	39	58	49	72	64	53	19	40	57	40	1	54	57	25	41	80	60	38	48	24	81	28	41	44	44	71	0	66	47	30	73	66	46	89	12	60	61	2	38	
21	51	6	51	66	35	54	39	24	7	48	30	10	55	56	35	44	42	32	57	32	38	48	30	57	16	44	63	0	6	41	39	14	47	81	27	15	37	38	15	
46	50	4	76	42	40	21	50	19	32	68	55	52	19	55	44	69	46	52	62	34	9	49	55	62	15	39	33	59	0	66	21	13	72	63	52	40	1	43	40	
54	61	40	42	55	26	10	30	27	9	39	32	1	68	34	38	6	30	23	7	23	58	38	32	48	19	46	58	39	19	0	65	37	49	84	29	17	6	55	17	
40	13	25	19	75	54	58	58	20	26	28	6	29	43	13	46	34	58	51	53	51	4	25	5	64	35	35	35	2	25	43	0	33	31	82	46	34	44	41	34	
35	65	47	43	41	42	70	3	54	43	76	18	76	34	50	49	22	22	5	36	42	53	66	44	64	50	54	52	49	19	42	70	0	53	84	16	51	50	21	47	
30	25	42	54	10	50	58	80	36	18	54	12	51	29	73	37	56	51	53	59	40	38	41	39	56	28	2	69	45	28	19	79	71	0	67	38	26	11	6	26	
62	64	46	38	61	34	63	30	20	2	76	25	41	18	62	31	40	45	40	28	63	6	74	25	20	12	38	37	32	12	14	31	55	14	0	1	10	43	48	10	
67	30	56	4	27	50	71	21	74	57	78	45	60	12	56	29	51	39	6	14	64	39	47	60	72	62	26	3	33	51	29	28	34	35	91	0	57	64	84	22	
33	61	6	48	30	5	17	36	44	26	45	49	7	18	44	47	45	45	23	25	21	45	40	42	27	36	20	40	48	17	46	12	11	45	8	46	0	48	33	9	
61	32	55	52	37	33	40	50	45	90	5	67	81	55	41	75	13	37	39	46	16	80	75	70	55	34	36	51	69	41	73	62	27	21	97	15	24	0	18	38	
69	47	47	49	54	66	55	37	78	69	46	82	8	80	54	66	46	4	30	67	30	78	31	8	60	73	92	68	46	61	16	98	54	55	64	74	2	54	0	42	
64	13	48	1	37	36	30	61	22	4	81	1	43	21	46	33	42	48	53	48	54	42	16	27	58	14	41	60	34	14	38	65	57	44	79	24	12	29	50	0	
