40  8  1
8
	0	88	1	75	2	77	3	82	4	99	5	48	6	27	7	95
	0	81	1	18	2	45	3	90	4	32	5	65	6	80	7	88
	0	56	1	9	2	71	3	27	4	92	5	57	6	20	7	64
	0	67	1	100	2	32	3	62	4	57	5	33	6	25	7	12
	0	60	1	37	2	32	3	87	4	9	5	64	6	19	7	38
	0	82	1	3	2	13	3	60	4	86	5	23	6	2	7	98
	0	22	1	16	2	48	3	69	4	61	5	89	6	50	7	26
	0	80	1	81	2	9	3	85	4	50	5	100	6	11	7	81
	0	68	1	4	2	24	3	41	4	62	5	74	6	68	7	87
	0	46	1	58	2	11	3	97	4	67	5	74	6	93	7	91
	0	87	1	6	2	93	3	27	4	3	5	35	6	77	7	19
	0	71	1	79	2	99	3	6	4	14	5	47	6	45	7	43
	0	13	1	16	2	38	3	99	4	15	5	96	6	48	7	54
	0	18	1	50	2	64	3	67	4	95	5	57	6	40	7	37
	0	80	1	62	2	12	3	70	4	42	5	43	6	36	7	55
	0	91	1	81	2	24	3	77	4	9	5	20	6	48	7	43
	0	2	1	50	2	52	3	90	4	7	5	61	6	3	7	3
	0	3	1	35	2	44	3	64	4	22	5	76	6	50	7	5
	0	37	1	7	2	5	3	40	4	82	5	79	6	33	7	98
	0	47	1	64	2	53	3	82	4	31	5	30	6	61	7	25
	0	53	1	24	2	40	3	22	4	57	5	15	6	50	7	47
	0	62	1	60	2	66	3	7	4	36	5	98	6	48	7	66
	0	3	1	2	2	70	3	57	4	11	5	19	6	42	7	63
	0	4	1	93	2	100	3	28	4	7	5	51	6	47	7	38
	0	89	1	94	2	71	3	77	4	73	5	17	6	75	7	54
	0	14	1	58	2	94	3	42	4	54	5	57	6	83	7	95
	0	32	1	49	2	98	3	19	4	100	5	55	6	11	7	19
	0	86	1	21	2	26	3	49	4	96	5	24	6	88	7	29
	0	41	1	56	2	9	3	17	4	39	5	41	6	32	7	42
	0	37	1	55	2	33	3	43	4	29	5	47	6	22	7	65
	0	83	1	88	2	77	3	98	4	2	5	93	6	55	7	84
	0	75	1	93	2	33	3	7	4	93	5	50	6	87	7	50
	0	49	1	44	2	14	3	76	4	28	5	76	6	50	7	79
	0	66	1	63	2	37	3	9	4	45	5	29	6	52	7	52
	0	25	1	97	2	88	3	44	4	55	5	52	6	60	7	27
	0	8	1	41	2	73	3	90	4	23	5	97	6	66	7	52
	0	60	1	32	2	42	3	69	4	91	5	21	6	23	7	87
	0	94	1	85	2	3	3	65	4	20	5	27	6	81	7	35
	0	34	1	94	2	10	3	84	4	77	5	67	6	85	7	71
	0	83	1	86	2	41	3	11	4	45	5	97	6	68	7	88
SSD
M0
0	28	31	42	26	55	76	20	38	22	10	29	55	2	28	38	21	77	37	16	20	70	50	54	56	55	39	67	12	40	43	57	14	18	63	23	60	52	26	65	
33	0	6	20	37	13	61	22	38	4	21	22	23	32	21	44	42	8	36	1	55	35	63	22	18	38	49	13	13	26	33	40	5	22	36	47	28	22	26	19	
48	18	0	41	61	28	46	45	50	23	1	49	59	43	44	41	46	53	63	31	15	14	14	26	47	26	37	55	58	24	42	55	4	50	27	35	32	46	71	44	
49	55	54	0	63	65	76	56	72	60	65	6	56	70	16	48	59	72	45	40	13	72	51	63	70	40	22	6	63	60	66	67	1	41	53	79	24	66	5	55	
56	21	36	62	0	14	87	55	3	25	18	17	4	22	24	45	9	57	73	36	27	40	70	31	10	47	56	66	52	21	37	21	22	13	51	43	28	23	12	6	
26	28	43	10	31	0	80	39	18	57	21	20	11	37	6	49	12	64	80	20	20	62	57	50	18	18	68	17	39	31	54	28	29	16	44	58	54	53	71	54	
31	49	24	20	62	59	0	28	17	54	54	49	75	62	63	64	41	72	48	4	41	23	45	45	51	57	52	20	28	60	57	35	65	30	68	18	17	58	55	54	
66	20	41	49	43	30	39	0	18	25	14	9	9	41	33	38	1	62	21	33	19	56	16	28	49	28	39	22	44	20	35	16	25	5	43	53	34	48	39	38	
43	32	22	58	33	6	16	49	0	29	19	14	62	9	5	4	6	60	21	11	24	61	57	44	23	41	59	7	49	12	51	32	30	10	46	30	50	59	55	38	
45	18	34	32	45	28	46	32	43	0	28	39	34	26	44	64	31	75	34	31	16	54	14	26	10	11	11	44	52	26	40	26	38	35	49	47	32	46	50	19	
46	36	35	44	13	10	2	18	25	41	0	16	24	21	47	45	8	45	17	28	26	3	32	31	52	44	7	44	48	27	4	41	32	12	50	42	37	59	38	44	
46	24	36	8	32	33	41	24	30	35	36	0	48	15	41	60	23	56	12	22	41	25	47	27	21	3	26	36	47	42	9	33	29	27	50	36	33	65	59	9	
55	4	19	78	57	45	80	38	23	36	19	14	0	33	45	28	6	40	62	31	24	65	78	27	47	57	46	58	45	25	30	4	5	10	48	51	33	54	58	40	
16	34	50	63	6	44	61	26	18	2	14	9	35	0	8	38	1	57	69	44	19	70	30	39	36	42	53	54	27	20	55	43	25	5	43	3	45	32	29	45	
28	26	51	20	62	8	7	26	30	42	38	21	47	45	0	62	25	33	54	33	41	49	41	47	17	5	23	38	38	44	23	55	32	26	1	15	42	18	48	41	
52	13	10	45	6	12	3	6	18	42	21	47	61	64	33	0	39	68	67	14	49	2	33	45	66	24	45	12	53	58	12	10	51	43	15	39	4	42	1	18	
69	33	47	70	62	71	91	65	15	51	11	6	72	38	54	35	0	66	66	41	16	72	74	36	57	49	56	75	41	17	52	49	22	2	40	56	42	74	68	69	
22	21	44	36	46	2	68	11	27	13	10	39	12	58	22	33	31	0	56	16	44	24	63	11	14	27	41	15	2	50	22	29	6	35	25	36	17	11	15	59	
57	25	59	24	31	50	23	58	18	15	58	54	27	27	38	68	46	45	0	34	64	52	45	29	49	57	59	53	50	65	45	28	45	50	21	44	21	42	49	45	
33	45	14	54	47	26	13	23	36	10	32	27	36	59	46	13	19	21	58	0	37	48	45	32	38	39	1	4	21	38	30	53	30	5	49	53	38	7	4	38	
48	9	53	38	11	12	26	36	49	14	19	40	55	50	35	45	37	53	46	22	0	45	5	17	35	17	28	46	40	38	33	14	18	31	9	35	23	37	16	53	
30	21	36	43	9	21	1	37	40	27	5	31	4	50	8	45	23	57	16	27	41	0	18	30	51	30	27	36	11	42	5	21	22	17	28	41	24	50	66	57	
47	1	75	30	44	11	29	28	41	6	11	32	55	42	27	47	29	79	85	14	47	37	0	9	30	9	20	38	61	30	25	38	36	33	32	34	15	29	59	45	
34	42	62	72	31	52	53	25	36	23	60	73	65	65	14	61	65	69	72	1	47	75	48	0	17	60	26	52	59	64	12	25	67	53	19	21	2	36	52	44	
68	36	24	38	15	9	75	38	36	57	32	27	19	37	49	56	19	43	15	25	3	61	59	31	0	17	54	1	48	20	47	3	34	23	51	56	34	16	61	5	
56	7	55	7	50	44	62	7	18	38	19	14	36	26	45	43	6	74	74	47	24	30	30	42	63	0	53	19	49	25	55	53	13	10	48	47	48	62	49	22	
7	37	23	44	14	47	46	2	53	40	18	57	56	69	16	36	49	49	51	18	51	20	33	13	34	29	0	46	9	6	29	42	9	48	36	38	19	53	7	5	
34	22	52	48	11	11	55	23	21	25	17	12	20	44	34	41	4	9	51	21	22	36	45	16	26	39	36	0	14	23	32	37	18	8	37	41	22	20	21	40	
54	23	38	58	19	2	46	45	42	15	14	33	6	49	34	47	25	31	13	21	1	58	25	16	37	37	33	49	0	15	32	16	20	29	39	41	22	45	49	59	
37	36	59	36	29	17	72	20	42	28	25	43	27	69	37	48	46	12	28	12	59	18	42	26	29	42	56	30	17	0	31	44	9	50	40	51	32	26	14	46	
38	28	51	29	25	17	5	8	40	19	37	11	39	69	7	33	58	24	75	31	51	20	45	37	7	43	67	42	29	77	0	53	23	12	52	25	43	38	32	79	
45	44	3	11	57	25	33	33	50	1	33	59	32	73	40	56	51	20	46	27	18	4	61	22	37	42	52	38	25	33	20	0	6	55	9	47	5	24	38	12	
57	31	4	53	61	36	26	42	25	24	22	17	34	49	48	25	9	41	50	22	27	40	27	39	32	36	50	59	43	28	55	47	0	13	3	53	25	55	52	14	
32	21	55	50	40	31	49	2	15	9	31	21	46	16	39	11	35	47	55	34	45	39	17	29	50	29	9	7	16	47	3	12	50	0	2	19	35	6	48	46	
66	38	28	44	36	8	28	14	57	16	53	39	21	67	20	62	40	56	28	29	18	31	70	44	40	59	27	31	15	47	60	38	39	44	0	68	24	70	24	64	
5	23	51	52	60	33	51	50	7	28	33	54	55	36	49	42	51	90	87	36	18	59	19	31	25	31	42	60	58	52	47	32	58	50	54	0	37	43	81	67	
44	52	26	21	74	20	6	34	45	5	23	56	35	75	74	42	48	66	47	32	54	24	58	70	33	55	62	48	50	52	45	13	51	38	68	31	0	74	83	65	
17	30	9	30	59	15	44	21	40	26	23	37	25	45	34	46	29	10	63	29	36	35	28	24	27	9	18	28	15	8	35	42	10	33	38	28	30	0	28	45	
33	22	55	16	56	38	77	22	33	49	34	29	48	41	24	58	21	33	32	45	39	33	45	40	50	1	10	34	38	28	27	45	28	25	28	57	46	41	0	37	
36	33	38	22	19	1	61	25	41	11	24	46	20	19	36	47	38	11	54	30	6	38	29	25	28	41	2	4	16	34	36	37	20	42	39	28	31	25	29	0	
M1
0	56	55	36	19	39	17	5	78	41	34	33	13	3	31	53	34	33	49	20	30	32	38	41	12	26	45	9	12	53	55	43	43	26	41	10	62	65	3	43	
17	0	43	42	25	22	30	45	4	18	10	33	52	34	28	41	5	15	32	29	39	23	15	32	61	19	30	38	19	4	14	45	2	37	37	20	28	54	48	20	
19	56	0	40	36	16	5	50	53	21	8	29	14	32	1	15	25	19	26	25	30	33	23	40	55	27	42	15	33	32	60	48	24	31	36	8	50	37	42	28	
64	29	51	0	64	43	64	30	51	51	17	15	25	41	13	46	10	28	53	27	46	9	50	53	3	54	42	29	42	41	61	16	49	44	36	8	75	43	14	55	
36	6	34	34	0	9	17	37	22	5	34	22	3	8	21	38	24	6	19	7	26	22	2	19	48	6	23	31	40	28	32	32	26	43	5	15	46	49	24	7	
27	67	47	22	61	0	61	31	64	5	43	10	63	67	35	26	48	54	7	6	55	14	61	62	36	16	23	29	47	61	45	71	61	44	17	48	45	45	23	18	
46	53	66	30	15	16	0	47	71	12	22	29	55	46	54	45	32	33	23	25	27	33	40	57	55	7	39	45	21	46	57	62	52	10	33	32	29	38	39	34	
52	17	34	49	60	36	44	0	39	32	33	46	57	34	44	10	40	33	22	45	51	37	29	46	61	12	6	22	29	39	49	25	37	44	32	42	60	73	31	33	
10	8	35	39	17	14	22	37	0	10	35	27	57	59	34	33	31	11	24	23	31	28	7	24	53	11	40	30	45	30	6	37	28	48	34	20	20	46	40	12	
15	13	40	37	22	19	27	25	1	0	9	32	20	33	21	38	34	16	16	28	17	5	12	29	1	16	32	35	27	33	11	42	10	36	26	19	11	11	32	17	
72	56	49	26	60	42	51	63	78	49	0	17	59	18	59	48	26	5	52	43	79	49	79	44	58	61	44	47	19	18	51	51	44	21	56	4	61	48	40	37	
15	50	43	19	7	18	26	52	60	14	51	0	47	15	24	4	49	7	28	27	69	32	11	28	7	15	44	40	63	51	62	41	31	46	10	24	17	10	18	16	
37	49	41	39	55	16	24	49	51	12	49	29	0	22	2	45	5	13	26	18	36	3	9	12	55	13	42	29	25	60	60	39	51	46	12	8	64	56	42	14	
28	64	70	33	63	65	73	76	59	11	49	48	45	0	9	68	54	60	67	25	49	36	58	50	70	10	6	24	57	73	3	10	27	19	17	59	16	12	24	27	
48	29	45	13	43	46	59	32	34	10	30	47	47	54	0	37	37	41	8	30	3	34	45	8	6	28	24	30	55	51	33	75	49	15	18	13	26	59	24	19	
31	29	55	41	38	30	14	39	17	26	52	43	26	4	6	0	47	27	31	39	52	17	23	7	69	27	47	31	15	51	27	27	23	35	41	36	41	46	41	28	
28	29	32	60	5	37	45	64	46	33	49	13	5	6	23	37	0	32	47	39	3	3	30	33	48	34	62	33	46	51	33	44	39	33	31	29	70	49	54	35	
42	16	27	48	59	23	41	54	38	31	44	36	19	32	37	10	39	0	33	3	56	18	42	4	62	42	4	28	53	36	48	39	4	27	27	43	62	8	47	31	
63	53	75	42	54	54	62	17	62	19	40	39	69	54	40	26	34	51	0	43	41	63	47	58	32	51	9	15	48	64	31	60	47	30	3	34	31	44	9	4	
53	30	48	41	8	23	31	49	52	11	45	14	48	46	46	52	33	20	33	0	28	11	16	33	26	20	49	20	52	5	5	46	21	14	39	29	71	63	49	21	
37	2	18	44	45	19	32	53	24	8	30	32	20	52	9	10	25	24	29	28	0	7	20	37	21	24	45	36	39	24	6	50	22	6	39	25	48	64	45	9	
39	18	63	30	42	38	46	66	25	34	28	27	55	30	61	47	41	35	48	47	60	0	31	11	61	35	39	3	36	25	24	61	26	25	58	38	49	71	64	35	
35	53	30	30	44	5	13	39	60	1	38	18	53	62	28	34	36	2	15	14	56	19	0	15	44	2	31	27	50	62	49	28	41	39	25	11	53	45	31	3	
43	45	15	44	2	19	12	28	37	27	32	32	38	10	25	37	45	43	4	1	52	32	41	0	34	35	14	26	9	56	42	27	7	38	14	18	42	55	20	15	
37	38	9	58	54	34	23	37	54	10	26	47	32	35	19	20	7	37	44	43	48	23	41	38	0	45	60	33	22	1	4	66	34	19	54	26	67	42	60	46	
4	30	57	20	1	33	44	21	18	31	36	22	41	46	1	5	46	33	5	42	53	26	29	9	44	0	21	11	44	35	6	59	50	33	15	42	42	23	10	16	
51	50	66	20	64	38	42	72	72	39	29	38	11	20	29	58	22	40	48	45	24	30	36	2	61	38	0	25	40	50	54	26	60	47	39	35	45	82	17	41	
45	46	59	6	18	40	48	73	59	24	4	3	54	28	40	23	36	15	50	49	62	31	33	22	68	37	15	0	12	28	29	61	24	1	44	14	71	57	50	38	
25	23	45	44	13	29	37	10	11	25	12	35	6	22	24	9	27	23	35	38	46	25	22	34	21	26	51	23	0	36	21	43	43	39	34	22	26	61	51	17	
32	42	4	47	49	22	18	43	54	18	21	35	27	45	12	28	26	5	32	7	16	36	15	32	40	19	26	28	46	0	46	18	37	44	5	18	11	48	47	20	
19	22	59	45	28	39	49	24	44	37	18	21	9	42	27	7	30	29	49	43	17	23	34	11	62	38	43	34	43	27	0	38	42	11	7	28	15	69	64	39	
18	13	33	33	24	8	16	42	4	4	3	2	56	10	31	37	35	5	18	3	39	22	1	18	21	5	34	30	28	27	14	0	33	30	28	13	8	32	27	6	
26	24	8	41	33	29	22	6	12	25	9	32	6	33	18	28	27	20	35	38	8	25	22	18	48	26	17	31	34	30	2	52	0	36	34	12	36	31	48	27	
31	53	51	51	10	26	34	56	62	22	56	39	14	52	26	55	35	23	32	13	33	33	19	36	58	23	48	48	55	7	18	27	6	0	42	32	70	66	48	24	
22	20	47	47	29	22	11	31	8	19	47	35	61	18	46	11	7	23	32	31	29	39	19	36	61	23	1	38	12	42	18	38	24	17	0	32	32	5	44	24	
29	46	4	46	15	29	18	34	34	18	21	42	27	26	14	3	37	32	39	38	43	4	34	19	68	38	55	28	46	45	44	42	2	44	42	0	32	50	55	39	
25	23	47	46	22	22	30	52	11	1	14	35	62	38	45	48	46	19	32	31	46	36	15	32	60	19	2	44	22	38	21	45	17	41	38	24	0	61	19	20	
40	39	60	35	26	10	55	18	29	18	56	4	17	27	30	21	38	44	20	19	64	27	40	42	31	3	36	42	53	61	39	18	15	57	30	41	10	0	36	31	
55	40	49	59	56	45	53	56	42	41	57	53	13	28	31	48	34	11	55	47	15	24	38	41	49	26	50	32	39	39	45	5	47	45	19	4	43	54	0	43	
7	53	52	41	28	16	35	33	67	8	42	13	62	11	50	12	50	24	9	25	27	33	20	37	20	24	25	24	48	51	47	50	12	46	19	33	47	44	25	0	
M2
0	7	40	34	38	22	48	50	34	20	2	55	60	55	57	64	52	36	48	54	34	58	44	36	35	33	55	51	21	53	44	14	55	36	39	42	53	32	42	52	
42	0	28	27	14	34	24	3	21	17	31	35	25	42	54	44	28	39	33	53	21	50	19	51	40	30	22	6	29	23	41	3	8	26	12	5	30	51	29	40	
34	42	0	16	42	17	15	39	25	24	33	4	59	21	17	55	49	31	38	51	35	35	20	34	43	5	21	8	3	10	7	14	37	40	9	36	50	29	19	1	
12	52	24	0	34	6	56	44	33	32	46	45	30	58	50	62	64	20	32	36	10	44	56	42	46	45	20	35	11	42	28	25	26	44	23	61	56	50	45	28	
42	1	12	27	0	19	24	3	22	17	31	10	31	55	24	59	49	33	45	14	42	53	19	55	40	30	49	48	33	30	14	44	23	33	31	43	17	46	44	49	
24	38	5	38	15	0	41	25	22	13	27	57	29	45	31	55	45	1	13	61	41	75	37	31	27	26	25	16	31	52	9	45	51	29	4	46	37	51	32	22	
60	29	45	45	44	27	0	21	22	35	46	52	49	34	55	44	50	41	53	50	49	60	37	12	58	48	65	56	60	48	13	72	75	34	30	30	26	54	53	4	
30	30	27	15	23	22	12	0	52	5	19	23	19	52	66	63	37	36	48	69	42	53	7	43	28	18	37	43	30	18	30	43	59	21	39	76	70	63	44	55	
16	15	14	22	50	31	51	30	0	42	55	26	58	9	9	42	35	41	50	54	27	83	46	45	54	24	62	60	34	57	12	40	29	47	48	28	62	40	50	49	
25	14	18	27	7	6	17	20	36	0	3	40	48	36	50	74	21	20	32	53	59	73	13	27	12	2	44	27	14	47	14	27	62	5	23	64	56	53	51	41	
22	14	24	28	34	6	18	35	19	32	0	20	48	20	50	57	50	20	32	62	18	3	17	31	36	21	19	9	50	13	28	45	27	33	23	39	19	48	7	18	
15	21	42	21	11	24	46	35	21	29	33	0	24	37	33	50	45	38	16	20	44	63	51	40	52	33	28	4	8	11	44	22	14	22	41	52	31	42	35	46	
32	30	34	12	23	22	22	20	29	5	19	52	0	27	62	50	37	24	42	21	4	72	29	43	28	18	27	39	30	47	9	8	14	15	15	49	34	56	17	28	
25	31	37	34	5	34	23	20	24	34	17	47	37	0	19	30	34	31	60	24	15	64	30	29	16	34	66	60	21	30	31	35	39	20	22	38	24	2	12	21	
18	34	28	26	38	10	30	48	17	21	35	29	52	33	0	44	52	20	36	33	6	67	31	54	44	3	48	39	13	45	13	19	8	26	27	7	60	40	29	28	
26	51	41	39	47	27	25	15	26	29	30	47	29	27	59	0	59	41	15	67	17	32	31	39	43	38	27	45	33	12	38	28	53	45	17	46	33	55	14	25	
47	35	32	3	42	14	41	52	11	40	52	42	56	44	44	20	0	18	40	25	45	48	13	30	54	53	13	43	46	56	36	60	61	5	31	63	62	40	36	47	
20	53	26	14	36	8	21	24	22	34	15	48	41	23	7	39	1	0	34	28	25	65	5	3	20	22	38	37	32	34	24	38	27	11	25	26	27	6	10	4	
6	31	25	20	35	7	25	15	26	29	30	47	34	27	51	37	53	21	0	49	23	69	31	19	43	38	7	36	13	42	29	27	38	30	24	46	19	52	14	25	
23	34	35	44	1	31	19	25	20	39	22	39	24	21	32	61	48	45	19	0	47	53	41	34	21	32	31	60	37	35	4	46	52	25	27	40	22	7	8	19	
50	46	48	27	17	30	55	51	36	35	43	11	65	47	20	12	67	44	42	63	0	36	59	48	41	23	48	59	14	48	45	28	29	5	47	11	54	53	44	40	
11	41	27	30	38	20	27	6	35	20	30	38	34	40	7	50	26	3	8	18	25	0	22	8	43	22	20	12	26	33	5	36	27	36	37	26	32	44	27	38	
2	46	43	17	39	31	25	7	37	21	11	39	35	59	70	23	32	45	54	76	56	50	0	58	32	10	37	10	15	34	46	29	61	15	3	81	21	54	50	36	
9	59	23	48	29	35	36	33	37	47	27	40	50	11	39	35	56	48	23	37	33	51	44	0	29	22	35	20	41	3	10	55	44	33	35	57	5	15	25	35	
40	31	21	44	24	3	34	37	38	6	20	16	17	50	39	51	6	17	29	50	39	80	30	43	0	19	41	21	31	47	25	1	42	22	14	12	30	39	37	24	
26	38	43	6	5	27	27	31	28	34	32	2	48	24	60	8	15	41	15	22	30	28	11	39	45	0	25	56	13	16	49	27	24	1	26	12	22	52	16	27	
48	26	52	4	57	34	17	62	40	39	12	7	29	48	33	29	49	4	51	51	46	71	45	20	24	36	0	32	18	52	13	32	14	32	21	2	64	44	35	35	
29	50	25	28	35	7	25	29	25	33	3	49	49	23	51	62	15	21	24	50	20	33	45	48	43	38	36	0	42	56	29	52	26	44	23	46	35	30	14	25	
41	37	25	4	30	7	40	42	13	12	26	25	49	46	46	55	44	21	30	52	46	50	36	50	35	25	42	36	0	50	29	5	46	28	24	57	52	30	40	42	
32	28	49	54	42	48	22	30	34	32	27	4	47	11	37	12	33	39	47	22	5	67	46	29	26	35	49	33	57	0	42	60	8	26	32	54	19	12	22	32	
51	29	34	7	39	38	23	52	67	21	15	5	27	64	81	52	32	35	64	75	49	75	45	59	39	21	59	58	46	25	0	59	40	25	34	79	8	56	61	51	
12	4	30	20	36	13	14	4	15	18	9	36	13	16	40	17	18	27	1	37	23	58	6	15	29	27	8	42	7	24	8	0	8	26	24	35	25	15	3	14	
22	12	30	32	44	33	18	38	19	26	23	57	40	20	50	22	58	17	25	31	51	45	50	47	36	13	37	41	43	37	51	45	0	4	50	39	49	36	7	18	
31	50	6	35	43	20	28	11	32	25	36	43	39	33	64	40	57	34	46	68	38	73	27	6	48	16	17	49	50	38	42	31	67	0	13	52	70	61	20	31	
39	37	23	22	17	19	36	34	37	45	31	44	30	33	38	52	46	33	45	20	45	1	50	43	30	49	54	48	34	7	41	32	26	34	0	57	38	16	25	36	
33	51	11	10	57	29	49	58	12	40	54	13	12	26	7	19	29	39	55	49	25	75	50	25	54	22	41	42	32	55	32	28	27	45	15	0	31	40	48	26	
25	28	44	39	37	26	43	34	45	19	33	57	4	14	46	2	34	40	14	63	6	37	43	38	42	32	24	55	32	38	44	46	56	35	43	54	0	71	33	31	
20	54	34	39	27	33	18	15	19	29	12	47	32	20	22	63	38	47	55	19	40	59	31	24	11	31	61	55	47	25	47	45	42	15	17	39	19	0	7	17	
5	41	17	48	44	16	1	44	2	35	6	40	52	3	35	68	59	30	42	45	34	45	49	53	19	14	54	45	36	59	38	28	55	33	33	22	53	31	0	1	
20	44	39	28	11	21	29	8	24	22	1	40	17	41	52	51	45	12	9	57	4	42	24	33	16	35	21	43	15	35	43	27	46	1	38	27	33	52	28	0	
M3
0	66	7	11	54	62	21	27	49	52	2	57	19	19	57	39	4	38	63	37	38	55	9	31	66	56	39	12	44	53	64	54	64	64	8	49	35	25	39	50	
27	0	20	21	39	1	72	32	31	41	19	64	62	56	40	17	63	29	43	23	55	24	57	48	65	38	19	33	44	3	56	9	41	15	55	42	36	70	52	51	
11	48	0	22	20	45	57	48	15	18	45	38	55	41	35	42	36	32	50	40	43	70	57	1	52	22	44	8	35	24	34	34	56	30	76	15	42	23	5	58	
40	15	51	0	51	48	26	52	48	57	10	3	12	19	49	43	26	22	71	19	46	41	56	4	8	19	47	12	25	53	19	41	21	9	50	34	31	39	41	24	
7	52	25	59	0	51	70	25	16	31	46	90	27	40	53	46	77	24	46	35	5	37	52	53	50	49	22	36	57	32	55	12	56	30	61	35	50	67	34	28	
34	85	75	21	64	0	37	53	6	68	60	53	11	54	74	48	24	10	3	37	60	22	25	48	19	54	37	60	42	18	69	67	42	65	70	59	15	61	38	50	
8	25	26	65	28	69	0	68	24	8	26	85	22	41	63	43	2	19	30	13	30	63	15	15	21	26	52	28	46	34	48	52	29	3	13	36	25	56	5	69	
6	26	30	38	52	14	64	0	1	75	36	63	40	43	34	5	19	29	36	20	55	11	44	58	60	33	38	34	31	68	23	59	9	10	43	43	23	9	62	39	
61	55	33	67	61	35	80	6	0	57	58	92	78	34	84	65	20	30	54	43	78	63	56	24	75	16	30	44	57	64	57	20	59	33	69	55	11	19	38	62	
52	56	14	17	55	61	86	6	56	0	1	79	71	7	36	38	24	26	44	36	37	65	35	30	39	60	32	46	43	22	31	22	58	60	2	56	12	51	46	25	
41	49	14	41	44	38	58	15	56	27	0	79	43	11	65	10	37	25	34	8	9	43	58	2	37	34	10	32	15	24	35	33	49	37	49	55	53	42	46	40	
52	40	42	69	69	53	17	43	52	55	1	0	21	10	86	34	17	50	62	36	37	52	47	10	61	10	38	3	43	46	10	53	12	64	41	25	36	30	32	66	
33	17	41	44	33	43	46	76	45	40	44	51	0	32	26	19	28	5	9	25	38	17	50	67	8	38	34	9	20	18	67	28	19	15	70	23	8	64	10	45	
40	36	2	51	43	37	54	24	2	47	13	44	22	0	44	13	21	48	47	17	49	56	44	30	40	33	23	37	14	53	42	30	9	42	26	43	54	12	34	46	
39	16	56	53	51	37	24	31	58	53	68	76	59	33	0	46	40	54	27	9	52	41	57	5	41	50	8	31	39	50	38	43	50	62	47	5	23	14	52	21	
45	69	7	44	54	50	62	59	45	52	50	43	68	1	48	0	50	3	45	59	50	54	70	15	66	49	21	25	49	56	39	11	9	49	59	20	48	54	39	27	
38	4	53	13	33	36	7	82	57	11	51	78	62	38	42	65	0	14	17	31	16	40	49	50	43	45	7	44	47	34	24	40	48	22	31	55	44	16	7	39	
26	65	1	50	12	45	60	58	11	42	25	40	41	26	16	62	10	0	70	10	61	76	34	29	54	50	46	11	47	43	56	36	20	58	60	43	47	51	33	14	
40	67	47	51	36	16	44	30	35	51	61	84	50	56	62	8	45	37	0	39	17	24	57	75	67	58	24	61	44	44	62	41	66	45	63	51	5	18	68	52	
8	10	13	42	47	2	38	16	55	5	22	15	10	29	21	55	38	7	25	0	57	15	35	31	54	31	15	20	31	46	31	5	33	27	54	37	5	27	29	17	
37	28	15	49	48	41	43	50	45	57	35	80	67	51	47	66	65	22	36	8	0	24	34	43	56	22	12	26	44	5	28	2	32	6	51	37	28	40	47	39	
9	63	56	20	35	36	73	65	80	65	57	73	45	25	46	73	34	60	26	8	65	0	26	71	59	30	50	31	13	50	43	43	56	41	54	53	63	77	80	21	
28	42	23	57	47	32	64	33	19	9	51	80	38	29	2	69	52	28	29	53	70	38	0	30	24	48	5	21	43	36	43	10	47	48	44	34	48	19	6	17	
38	34	65	40	35	29	28	76	73	47	50	80	26	56	48	13	7	21	47	44	79	56	28	0	23	17	23	2	6	84	5	52	49	34	62	46	23	70	40	55	
2	50	29	29	50	51	27	5	62	22	11	4	31	16	58	44	27	18	11	23	47	8	41	20	0	18	41	13	28	26	3	58	22	35	43	35	12	40	42	36	
22	15	49	17	44	49	77	53	22	65	11	55	58	26	39	14	47	40	39	21	20	6	2	40	54	0	45	44	26	43	56	36	33	21	51	54	43	27	8	14	
12	29	48	41	43	10	40	59	31	26	60	56	36	25	38	53	50	39	5	29	46	14	30	55	53	33	0	18	34	42	19	35	23	35	20	68	50	63	25	13	
42	5	14	24	54	1	57	49	51	50	17	79	12	5	65	19	70	21	33	19	41	44	18	42	62	35	11	0	55	65	49	1	34	12	50	19	25	64	46	43	
42	33	49	61	12	6	43	55	50	81	27	78	15	65	58	44	64	30	69	21	63	50	45	56	29	2	46	30	0	78	69	36	26	11	53	23	33	47	52	58	
24	37	20	10	45	25	69	55	48	62	34	46	49	27	13	18	69	4	41	25	70	50	66	40	39	38	17	27	48	0	10	7	41	15	9	42	1	70	24	15	
58	3	40	74	31	38	17	1	64	48	50	88	70	17	30	38	1	15	51	18	28	48	12	68	45	43	27	33	38	34	0	27	44	56	12	62	60	7	71	5	
34	51	6	40	53	32	61	41	48	48	60	71	58	47	57	75	64	13	27	41	68	36	52	34	75	31	3	17	56	57	41	0	43	31	42	28	31	56	38	35	
44	38	47	38	24	32	10	66	31	25	24	47	58	27	14	55	49	15	68	30	10	46	56	14	39	54	44	43	48	32	2	34	0	38	12	50	45	25	10	71	
22	13	53	73	33	57	63	62	30	74	20	87	66	54	67	57	56	10	56	1	56	51	58	49	41	14	50	64	34	71	70	40	17	0	68	24	13	77	64	57	
33	44	15	49	62	41	70	29	47	52	69	80	67	56	6	72	30	22	36	37	48	45	30	43	27	40	12	25	65	66	50	2	12	40	0	37	40	65	47	44	
37	1	45	66	56	22	2	14	56	46	4	68	48	22	51	5	32	13	2	16	34	39	2	29	2	36	6	12	46	48	35	42	48	56	45	0	44	50	50	26	
44	30	40	72	57	11	64	84	77	81	48	41	36	30	61	5	64	63	60	41	24	69	80	57	74	47	36	50	28	51	35	43	49	52	11	9	0	57	28	68	
28	24	21	50	48	47	31	1	12	63	42	35	25	17	24	28	58	28	22	44	60	51	19	24	44	46	18	25	58	72	51	8	49	34	57	38	3	0	52	50	
44	26	27	4	49	31	44	48	63	40	55	53	64	31	44	58	63	34	10	9	19	30	56	55	34	28	13	38	50	46	23	14	52	26	52	49	48	68	0	19	
52	54	24	58	19	45	73	59	48	66	36	86	54	1	14	41	62	31	45	59	66	54	70	52	29	41	21	35	22	18	59	11	61	49	35	46	44	74	56	0	
M4
0	41	18	52	57	34	31	49	65	41	25	32	8	34	20	23	47	26	11	27	49	45	30	74	22	30	50	28	45	49	15	29	75	30	19	34	39	31	23	11	
36	0	3	37	48	44	20	49	39	33	6	13	18	15	26	43	40	39	17	46	35	26	25	74	31	11	43	32	40	56	54	10	7	28	2	13	28	30	5	37	
26	40	0	58	50	31	37	59	36	30	23	30	59	32	47	12	40	24	17	25	38	43	28	23	20	23	53	26	43	34	13	11	36	28	47	24	37	29	27	43	
16	51	30	0	61	3	26	45	11	40	24	31	23	33	31	43	52	19	21	18	24	44	43	76	49	2	25	47	46	36	71	28	47	46	70	25	39	3	35	24	
45	32	10	40	0	52	29	11	55	56	15	22	28	16	43	38	12	49	37	49	44	32	20	44	32	20	52	41	22	28	38	19	50	37	6	24	32	26	52	35	
42	44	18	48	34	0	4	28	9	28	38	45	48	47	55	10	24	27	1	30	6	10	32	42	44	4	62	38	33	2	38	38	17	48	42	37	47	34	16	47	
42	24	18	52	5	3	0	25	28	42	12	19	33	21	18	32	26	9	30	38	41	32	21	42	37	17	10	38	36	32	52	16	2	34	20	1	34	19	33	25	
15	21	46	25	33	14	30	0	35	55	40	44	7	46	28	37	54	35	20	64	34	8	19	47	18	37	49	43	34	7	55	30	50	52	48	43	57	21	58	23	
76	49	19	24	62	61	35	63	0	29	66	27	41	19	46	57	52	52	7	60	6	42	60	80	24	71	36	22	62	58	67	44	56	41	59	26	17	47	58	47	
2	33	17	52	43	9	17	12	11	0	11	18	45	15	7	24	33	39	33	39	40	31	30	20	1	16	48	37	43	34	46	15	14	33	44	20	33	58	52	44	
27	28	3	65	39	58	11	43	51	52	0	4	49	6	32	34	33	32	19	37	26	17	16	65	22	2	34	23	31	47	53	1	60	19	45	6	19	69	38	30	
55	31	41	53	31	45	49	51	54	42	35	0	68	39	52	27	21	50	1	19	53	1	19	69	7	40	52	39	31	29	47	3	68	45	35	34	1	55	61	34	
20	36	24	58	60	11	8	61	59	60	18	25	0	27	22	42	54	27	40	45	47	38	24	51	40	23	27	30	39	50	33	22	58	40	53	27	40	49	47	33	
37	57	33	67	35	32	29	1	14	35	39	40	6	0	12	17	42	18	55	42	43	48	45	71	37	44	45	9	27	41	30	43	66	45	50	43	47	34	44	54	
48	7	24	66	44	41	32	64	20	44	18	25	15	27	0	36	34	49	40	58	19	38	18	56	43	23	20	44	33	50	60	22	39	40	41	27	40	69	14	33	
63	39	28	51	29	53	47	38	62	9	33	40	42	42	50	0	19	36	55	37	17	22	27	45	32	38	58	19	29	35	25	33	78	40	37	32	49	41	39	42	
37	13	13	25	3	35	21	23	36	37	7	14	40	16	24	19	0	30	29	31	36	27	1	47	13	12	39	32	3	9	19	7	52	29	11	6	29	35	33	16	
41	20	36	48	39	4	36	40	35	25	36	38	13	42	29	14	30	0	23	7	40	26	38	41	40	30	55	37	32	1	33	29	59	47	48	3	53	33	35	27	
59	38	44	57	25	28	47	42	50	27	39	26	24	44	31	9	25	2	0	24	35	40	33	62	15	30	21	36	35	22	43	23	18	10	38	5	26	54	10	29	
5	50	37	62	22	1	45	42	20	20	31	9	53	30	2	2	30	32	24	0	28	24	38	56	30	13	49	30	26	46	34	26	71	36	37	6	24	50	38	30	
14	9	13	33	11	43	29	31	44	34	15	22	48	24	32	27	1	21	12	12	0	32	9	55	17	20	47	23	11	17	10	15	29	25	19	14	34	26	24	24	
54	30	30	42	20	52	38	40	24	26	24	31	57	2	29	34	10	29	32	48	26	0	18	61	30	29	16	19	20	26	36	24	31	8	28	3	27	52	35	27	
59	1	36	67	45	42	27	38	24	25	39	46	51	48	50	7	35	20	19	49	33	38	0	46	46	10	27	35	4	39	39	43	40	39	18	45	27	55	38	4	
53	50	39	57	33	1	58	49	68	17	44	35	53	52	38	2	30	47	18	17	23	33	38	0	15	49	69	30	40	46	36	38	38	51	17	33	12	52	32	53	
36	42	17	59	39	54	25	15	65	51	11	18	63	20	28	33	29	28	31	51	23	31	30	52	0	16	42	37	39	12	55	15	61	33	47	2	33	41	34	26	
32	29	24	54	5	60	22	25	36	54	29	36	35	22	57	36	26	35	32	42	58	10	34	52	22	0	16	43	36	42	30	11	4	22	20	34	46	36	44	40	
39	38	14	52	3	48	35	23	12	62	21	28	40	28	40	44	24	22	21	23	50	38	26	56	18	18	0	24	34	40	11	25	53	26	18	14	11	27	25	38	
1	40	37	14	18	33	21	18	4	49	42	43	55	28	36	34	39	38	41	3	34	58	47	25	15	47	41	0	49	34	59	28	70	9	14	12	44	53	44	15	
43	49	39	61	22	9	42	39	20	2	43	47	53	38	7	2	29	28	31	7	28	33	37	15	31	48	48	30	0	45	36	43	31	3	37	2	34	52	34	26	
11	50	28	18	9	19	19	20	61	22	33	40	46	34	43	20	30	43	36	35	21	26	38	11	33	36	64	7	2	0	54	37	47	17	24	17	26	3	28	41	
38	25	1	43	40	35	22	54	48	49	8	15	44	17	32	31	30	9	30	10	37	28	13	70	5	13	38	11	28	32	0	12	58	13	42	17	22	14	12	28	
47	7	23	10	4	43	42	24	52	40	28	28	27	7	44	22	25	52	43	11	48	40	32	57	30	33	34	50	31	36	51	0	46	42	19	37	26	22	14	47	
38	21	30	72	51	29	26	51	4	45	35	42	3	44	40	27	41	18	6	47	53	10	9	66	58	30	45	48	24	41	51	34	0	12	38	14	47	39	46	24	
36	53	53	44	43	57	8	43	15	22	47	27	35	24	10	37	33	32	35	60	13	11	41	49	48	52	2	65	43	49	59	44	67	0	51	6	17	72	24	30	
57	56	62	64	52	47	64	66	73	57	56	58	66	28	18	59	42	58	45	74	67	58	50	50	28	61	42	53	35	17	68	56	92	30	0	33	53	49	40	33	
48	24	24	36	14	29	32	14	42	26	18	25	38	16	3	8	4	3	6	32	30	27	12	58	24	23	50	36	14	20	30	18	63	40	22	0	40	43	9	1	
1	15	50	14	55	37	34	7	22	56	44	51	11	53	47	38	45	32	45	61	31	32	20	41	63	41	41	56	35	29	59	10	12	52	10	21	0	61	52	35	
33	47	27	13	39	23	3	39	56	38	43	50	55	41	28	20	29	28	31	33	26	26	37	53	49	13	69	24	23	13	48	43	24	59	47	2	47	0	34	26	
40	44	21	52	3	31	28	14	25	38	27	34	5	28	23	20	24	29	5	30	46	44	32	29	7	32	47	14	33	40	18	9	57	33	18	36	42	27	0	47	
63	48	26	60	38	1	47	58	57	24	33	18	56	10	32	50	28	34	33	35	25	33	36	41	30	11	18	22	38	35	23	35	25	38	25	41	33	32	37	0	
M5
0	44	36	34	13	19	40	34	8	44	39	56	42	55	53	8	29	6	59	53	55	70	40	61	42	7	27	31	59	61	32	43	61	44	4	35	17	5	26	36	
14	0	51	54	71	34	10	19	67	1	26	62	29	46	42	28	37	46	64	16	70	17	23	37	8	36	28	62	4	58	6	7	66	32	30	61	52	44	58	38	
4	40	0	54	62	28	35	18	60	3	52	85	59	10	33	37	50	29	55	71	74	71	14	44	38	43	35	24	58	34	41	22	21	50	36	53	27	52	72	34	
48	31	51	0	79	62	89	23	23	55	43	91	50	27	5	59	41	37	16	54	38	58	36	66	58	68	13	54	35	57	63	37	76	66	68	14	43	51	50	56	
40	24	14	30	0	67	11	48	42	1	30	75	6	60	58	68	28	28	66	51	35	61	45	44	74	67	28	48	12	18	36	71	49	38	29	31	5	10	21	36	
11	26	37	3	55	0	39	7	11	32	65	41	53	51	25	49	41	57	52	20	54	28	42	61	18	19	38	32	34	68	64	33	38	4	12	50	67	57	49	4	
35	57	7	53	68	47	0	27	14	67	47	37	27	54	35	54	44	25	42	27	11	37	31	10	13	41	28	27	34	63	41	29	18	13	53	42	28	52	60	7	
41	41	34	22	41	36	6	0	25	4	5	17	5	38	14	38	40	15	41	26	10	1	15	45	9	37	8	26	30	2	36	51	41	33	41	53	27	48	37	15	
69	32	34	25	54	44	65	53	0	4	57	77	66	29	63	29	31	30	23	63	47	40	6	23	62	66	27	50	57	48	33	64	38	43	27	26	47	38	77	4	
22	56	46	33	32	7	69	37	41	0	37	20	71	40	27	71	26	42	61	20	30	56	50	10	48	49	42	46	28	10	60	34	68	34	42	31	29	67	65	34	
1	35	44	28	62	2	57	32	12	57	0	17	76	39	50	39	55	55	40	45	32	23	16	46	43	44	20	48	45	84	43	41	5	11	37	43	49	54	1	29	
57	18	46	2	63	23	22	49	29	32	61	0	36	31	40	45	28	5	51	41	25	51	23	9	59	9	42	41	70	62	50	72	8	50	51	49	42	34	7	43	
45	47	64	53	23	30	60	53	46	72	28	55	0	61	52	47	60	77	15	26	72	57	62	46	52	14	4	72	64	21	25	5	8	57	65	3	46	43	2	26	
46	51	43	64	60	47	12	43	20	72	10	50	46	0	62	38	59	22	35	29	57	4	61	70	43	20	5	3	39	39	14	60	31	13	42	21	62	31	46	34	
32	35	3	45	32	29	46	59	35	55	22	43	51	20	0	53	46	66	71	7	57	10	30	55	40	23	44	41	26	61	40	20	62	40	61	35	36	3	58	43	
39	32	8	6	48	48	95	6	19	62	11	41	34	63	44	0	1	63	49	67	51	67	62	33	69	80	6	50	32	48	35	15	48	57	11	30	4	58	28	64	
61	10	18	39	62	61	62	36	45	74	38	74	78	48	64	53	0	1	84	60	59	52	69	73	49	77	32	5	35	12	1	27	11	37	54	59	33	33	69	26	
34	39	41	33	32	7	69	36	35	31	10	49	16	4	51	36	28	0	54	41	25	51	13	19	48	49	7	41	48	49	4	44	35	34	30	31	5	3	46	33	
41	42	36	63	21	42	58	15	25	37	7	38	62	26	49	39	46	36	0	23	7	33	16	46	44	33	24	23	65	19	43	47	47	1	5	47	24	51	43	36	
61	46	30	63	49	37	69	28	21	76	43	40	54	43	66	43	15	41	49	0	70	19	20	19	3	31	23	16	24	52	33	14	51	3	65	19	67	42	47	30	
19	31	33	54	42	43	36	9	3	69	21	46	40	28	27	28	25	26	16	1	0	11	5	35	34	52	2	1	54	37	32	45	46	33	27	28	2	29	47	25	
41	39	48	50	69	24	23	49	13	63	21	38	4	17	2	61	64	20	79	36	66	0	38	68	60	19	30	12	71	48	61	65	33	44	59	17	45	40	38	51	
53	7	9	30	29	19	40	28	43	62	32	52	41	4	38	4	25	47	22	61	75	65	0	11	40	61	2	25	45	61	8	39	42	46	35	28	28	53	52	1	
32	15	54	72	35	70	28	23	38	58	43	69	78	56	21	68	49	64	57	62	60	74	80	0	68	1	47	44	50	64	15	30	78	49	30	4	57	6	48	32	
51	54	28	43	51	17	61	9	47	57	40	44	47	54	65	41	14	72	76	26	70	31	76	64	0	11	3	47	4	37	59	48	55	7	52	54	65	22	45	44	
42	54	13	38	42	12	59	32	26	40	24	11	60	21	31	51	26	31	8	23	8	34	28	11	10	0	6	6	31	20	18	47	51	31	12	33	7	34	52	39	
20	38	60	31	26	5	38	35	39	42	47	67	58	57	40	59	55	39	80	18	61	8	62	21	46	22	0	14	32	50	49	61	66	32	9	44	64	12	77	32	
33	24	26	57	33	46	33	27	16	45	9	45	52	19	35	31	47	1	61	42	30	56	50	64	47	49	45	0	68	12	41	66	30	8	25	33	47	4	40	25	
34	71	73	69	82	79	76	49	43	38	49	43	2	68	32	68	47	34	51	41	25	46	45	40	68	70	19	41	0	55	33	18	61	73	49	50	24	62	13	65	
38	43	42	40	38	44	55	28	22	70	7	59	59	1	42	14	35	17	35	20	4	30	17	14	53	66	21	16	63	0	44	49	47	48	45	47	21	44	43	37	
41	24	34	32	9	12	58	31	25	26	37	54	32	37	49	6	27	2	38	23	7	33	27	31	5	33	24	23	26	47	0	41	65	17	37	48	24	16	21	13	
40	44	9	68	65	50	35	20	35	23	59	19	5	34	66	42	35	69	9	36	58	2	37	67	69	72	33	63	13	76	13	0	14	48	56	60	34	36	60	11	
42	33	27	38	66	12	74	21	46	67	6	58	52	28	60	20	41	46	32	55	56	24	57	7	53	31	46	24	47	60	73	32	0	30	13	36	44	37	24	39	
38	70	59	33	51	34	52	40	11	46	34	8	65	18	71	72	26	60	40	5	72	47	55	28	14	42	34	51	35	68	31	49	19	0	69	47	65	53	18	54	
38	51	2	32	54	22	49	52	43	62	28	65	20	46	37	31	26	26	27	27	47	55	67	51	39	63	26	3	13	39	25	66	47	35	0	29	3	31	48	49	
29	3	43	29	36	42	66	3	46	69	33	79	38	5	42	26	4	26	72	28	55	66	75	56	58	82	31	58	60	22	39	61	52	61	33	0	8	20	53	69	
14	72	44	67	75	41	75	50	44	67	4	50	32	69	68	51	2	64	57	42	26	52	46	27	75	69	2	42	31	23	10	71	23	50	4	5	0	53	24	50	
4	12	21	73	2	47	55	51	5	25	10	62	72	23	21	60	16	36	58	29	27	43	47	77	46	59	14	11	56	31	10	65	50	43	56	5	34	0	46	39	
36	30	43	41	34	35	60	27	37	57	18	62	59	46	53	15	32	19	56	18	57	49	45	67	1	29	16	3	16	39	42	8	57	25	46	6	39	5	0	52	
44	50	17	44	42	36	49	34	13	47	35	61	34	10	61	57	52	27	69	38	40	62	60	1	67	53	52	2	73	7	45	10	16	24	21	45	29	13	66	0	
M6
0	37	50	17	59	43	17	47	48	53	33	60	54	27	17	26	2	58	11	15	17	38	36	46	8	10	43	7	32	45	31	7	37	37	29	2	27	53	34	27	
64	0	68	14	29	49	49	18	45	35	7	1	60	57	34	58	55	59	11	56	57	12	18	44	17	25	21	48	57	45	43	40	45	46	39	50	62	64	56	52	
71	41	0	3	67	28	47	12	38	35	6	17	15	37	49	58	34	43	30	53	17	39	9	33	18	32	29	21	46	17	37	12	31	40	47	39	35	36	41	56	
63	14	48	0	82	57	36	34	31	15	57	18	21	27	41	73	63	70	50	25	18	21	26	5	29	44	1	33	18	26	51	1	33	51	19	11	58	52	79	59	
16	31	50	51	0	62	60	54	31	61	11	60	30	13	58	69	45	11	54	58	58	81	41	48	30	22	62	50	24	56	61	50	63	45	31	34	25	39	52	70	
66	27	19	42	50	0	54	47	44	19	45	31	9	7	54	40	51	13	29	24	52	34	32	39	26	57	14	2	40	39	41	37	1	38	32	66	25	58	52	55	
25	48	12	34	34	50	0	44	50	20	5	35	5	56	17	47	23	20	53	15	49	59	41	4	29	62	54	28	20	1	26	44	53	13	66	54	38	10	51	23	
69	20	43	3	55	66	32	0	37	12	62	24	49	46	26	75	65	46	7	53	46	27	54	33	35	9	7	39	46	32	14	29	20	17	25	39	69	38	52	68	
17	46	47	28	57	26	12	66	0	47	55	13	37	35	61	19	46	41	26	32	20	40	60	43	24	54	33	30	68	58	31	6	22	2	47	46	53	50	71	31	
61	36	28	32	59	7	47	56	53	0	48	34	18	16	32	41	17	22	38	25	6	30	36	25	19	40	23	11	49	15	40	40	10	39	8	49	34	39	38	25	
38	33	27	16	3	64	45	2	50	25	0	37	20	35	32	26	23	32	20	22	18	40	36	4	29	22	20	28	38	45	27	22	3	30	38	34	47	25	13	52	
65	24	43	29	60	55	3	31	41	25	21	0	58	34	29	38	14	23	15	64	27	31	48	57	3	51	11	19	57	17	31	37	43	35	29	52	28	18	55	36	
9	16	42	35	23	21	31	36	33	17	52	20	0	30	36	41	21	6	29	47	22	20	41	60	27	27	3	25	49	28	50	43	4	3	13	38	21	1	48	14	
56	18	69	31	39	53	7	17	57	38	22	7	62	0	54	72	48	57	35	17	5	55	59	22	54	37	35	53	74	58	30	57	33	45	53	19	31	59	12	59	
52	43	35	42	23	14	12	55	58	35	2	47	25	23	0	56	59	29	8	20	57	50	48	50	42	64	30	18	16	9	34	39	17	54	45	40	33	26	41	43	
52	12	6	29	17	54	16	38	50	61	32	40	41	49	18	0	60	39	56	1	20	65	13	59	44	49	55	47	41	43	11	38	57	7	20	65	57	62	67	55	
48	51	59	12	71	38	31	58	43	52	28	55	49	30	12	21	0	53	36	62	49	33	31	41	3	48	38	2	55	57	26	20	41	32	48	35	65	70	47	26	
13	29	63	27	68	53	46	49	31	8	17	9	19	39	27	36	12	0	51	24	57	24	1	19	5	50	16	9	59	40	41	35	48	45	16	42	45	33	62	41	
56	53	24	14	44	61	33	47	50	47	46	41	26	13	57	48	64	38	0	16	57	44	53	9	59	59	40	4	44	1	3	40	59	35	53	50	38	50	12	40	
68	15	5	28	60	50	52	37	35	60	5	42	36	58	41	74	55	65	51	0	42	64	24	23	43	3	54	10	53	42	29	37	8	65	72	64	29	61	15	76	
65	61	34	22	68	56	59	38	58	39	60	11	67	65	71	68	64	2	41	28	0	68	14	52	57	50	48	60	65	35	60	23	45	60	66	11	39	74	66	29	
51	33	59	42	16	77	3	55	36	32	46	24	58	3	63	56	72	46	62	60	40	0	16	41	26	47	23	19	42	9	34	68	55	6	41	31	46	58	55	34	
65	52	43	33	30	39	52	31	5	38	49	11	50	34	33	35	18	54	16	28	36	54	0	58	24	31	39	23	68	33	47	41	42	4	51	55	2	54	29	47	
30	35	1	24	39	24	48	33	52	36	27	34	35	33	21	41	33	39	51	36	8	42	30	0	12	42	22	28	52	30	47	33	27	58	27	9	7	48	34	7	
39	5	62	26	4	72	42	56	54	56	34	38	25	36	66	57	63	34	61	59	49	72	64	56	0	45	52	36	33	10	35	6	68	1	54	57	47	59	26	49	
5	4	59	15	71	68	49	74	71	44	58	54	61	48	42	51	27	1	2	47	5	7	25	25	20	0	41	32	58	36	38	39	40	61	59	34	59	13	17	14	
51	2	36	28	70	48	46	22	19	3	62	6	42	34	29	61	51	63	40	44	30	9	53	46	17	32	0	21	35	14	39	36	21	39	7	64	51	63	72	53	
38	72	64	39	53	43	7	58	19	63	4	19	54	52	28	25	55	58	53	65	13	79	62	61	57	28	59	0	69	58	52	15	4	70	77	67	29	37	6	80	
75	14	11	34	45	7	62	38	53	27	7	40	18	16	46	49	39	22	38	25	47	43	40	48	35	37	23	11	0	44	50	43	7	27	31	11	13	2	40	64	
65	44	64	11	34	52	10	24	27	24	60	18	57	61	34	25	41	54	42	32	49	43	48	41	43	42	31	46	21	0	3	37	36	52	48	47	15	27	42	17	
71	32	24	40	48	3	59	26	49	24	50	21	14	12	49	6	34	18	34	29	5	30	24	44	31	13	19	7	45	44	0	42	6	43	37	48	30	38	51	60	
34	14	15	32	60	63	41	18	30	41	41	8	50	65	31	76	63	65	19	68	52	32	44	61	53	26	36	41	72	29	42	0	12	29	9	18	66	66	4	42	
37	33	66	68	2	45	5	62	16	66	32	15	9	24	68	51	53	29	75	11	69	77	32	59	51	43	60	25	45	56	81	12	0	60	42	55	46	58	63	28	
17	25	9	12	61	29	61	41	51	35	2	38	12	37	55	27	46	44	8	31	34	41	38	42	47	54	21	26	55	42	44	38	32	0	33	41	44	42	50	71	
65	16	20	41	78	62	46	36	33	17	26	20	55	48	43	75	65	58	54	58	28	23	24	32	26	22	3	35	33	28	25	50	35	53	0	31	46	67	5	7	
8	34	23	36	10	5	52	22	51	26	39	38	16	14	4	16	37	20	16	31	36	41	39	37	33	16	21	9	47	46	47	42	8	31	25	0	32	18	9	49	
44	27	35	18	9	14	37	6	44	13	34	17	25	23	10	27	3	29	24	40	11	34	10	47	5	12	14	8	43	8	31	26	17	34	26	36	0	29	4	32	
50	51	1	24	73	49	68	33	59	52	27	32	36	58	28	79	55	13	18	48	21	58	30	17	39	53	38	25	65	38	54	33	21	28	48	17	56	0	6	71	
49	40	25	26	43	11	56	57	57	32	12	44	22	20	67	53	64	26	42	11	62	47	12	26	39	70	27	15	53	24	49	50	14	51	45	62	38	44	0	6	
43	40	29	49	50	57	36	60	57	41	47	44	64	10	32	46	72	47	42	67	55	32	58	72	19	70	27	59	28	16	41	28	59	18	45	31	53	49	62	0	
M7
0	6	7	64	54	20	35	35	61	4	40	25	38	9	47	51	31	46	30	38	80	9	49	39	68	51	6	28	46	38	62	27	7	18	1	34	38	62	39	52	
64	0	41	38	44	48	5	52	49	57	32	65	55	44	67	34	58	39	9	58	54	49	47	22	55	76	59	77	36	45	16	11	47	31	21	49	63	38	81	19	
26	35	0	2	22	19	48	16	49	7	24	38	48	56	35	54	15	49	21	40	18	23	29	17	77	40	43	16	57	22	24	31	41	43	28	32	55	42	20	41	
36	35	46	0	8	25	54	2	46	44	46	32	83	81	21	61	37	55	43	41	4	42	56	79	63	26	76	36	43	44	10	17	58	64	14	47	57	28	73	27	
48	64	42	51	0	65	40	6	47	80	67	42	45	64	68	52	62	38	68	13	66	56	17	33	79	2	51	34	36	59	27	40	66	47	48	21	39	5	27	45	
66	62	54	57	62	0	16	23	62	35	21	35	46	66	55	51	12	54	18	47	9	20	31	27	66	62	51	29	47	8	52	30	7	8	9	42	73	55	37	8	
62	42	78	45	20	39	0	29	20	26	1	38	24	38	41	21	53	12	16	27	51	25	20	65	24	58	28	49	5	22	10	48	16	21	42	18	53	43	57	19	
63	21	42	56	64	18	47	0	52	39	23	16	65	65	32	53	14	56	20	49	72	22	33	58	65	73	53	34	11	21	69	70	48	56	6	39	64	21	68	49	
55	66	37	27	4	11	15	41	0	33	25	38	33	37	32	13	50	15	49	48	2	32	23	22	59	8	63	56	46	46	31	2	38	3	34	43	54	46	58	22	
67	31	25	39	40	19	43	53	36	0	33	51	8	4	35	59	36	50	42	42	55	33	9	35	39	47	38	3	50	15	58	63	35	20	54	3	2	78	64	57	
42	22	58	25	36	32	53	9	53	6	0	36	73	54	21	11	52	28	10	7	31	41	1	45	85	38	46	33	75	2	34	34	6	15	51	42	33	48	40	7	
48	55	51	29	20	9	38	42	50	24	14	0	37	73	1	15	5	61	11	40	45	13	24	49	42	39	44	25	42	12	51	57	39	18	45	47	51	8	9	9	
40	52	1	35	13	6	14	3	30	27	11	25	0	31	34	19	2	5	8	37	51	10	13	46	30	53	41	22	14	9	21	54	36	14	13	33	17	31	67	12	
70	53	8	73	48	32	2	55	48	53	29	11	1	0	55	30	28	40	34	35	79	29	45	65	52	15	3	48	33	35	38	22	3	26	61	36	35	42	63	33	
55	20	68	50	45	41	26	23	33	34	9	22	69	46	0	18	37	56	38	35	58	45	29	7	27	19	19	14	20	7	22	2	34	42	38	55	51	72	68	17	
85	34	54	57	47	4	1	42	47	22	28	64	43	20	5	0	41	39	43	54	73	39	47	29	51	36	28	41	26	48	37	34	29	37	35	45	54	11	54	46	
67	47	71	50	54	1	30	34	50	22	6	20	74	68	46	36	0	53	3	32	56	5	16	41	71	63	36	17	61	4	59	53	31	40	68	51	58	54	65	32	
86	66	66	67	3	49	53	47	20	50	25	21	59	21	57	9	45	0	35	51	55	13	3	74	80	43	61	39	77	46	11	70	31	4	58	23	67	26	65	2	
67	33	32	25	19	2	35	11	39	2	55	7	23	54	22	26	46	67	0	53	41	47	15	71	19	59	21	6	53	53	46	14	26	44	29	48	12	58	23	40	
10	26	55	37	38	43	43	7	34	64	48	4	65	47	46	59	39	81	45	0	28	24	58	83	57	71	14	1	48	46	2	2	33	37	40	43	1	48	8	56	
49	48	59	1	21	38	3	15	49	13	30	45	40	61	34	50	40	41	45	54	0	48	31	84	12	39	57	49	34	47	23	30	7	50	27	47	50	41	56	40	
21	75	58	28	47	59	43	26	22	73	64	65	3	56	28	40	55	39	61	72	42	0	47	36	47	66	55	26	71	34	50	37	37	16	41	42	74	59	29	46	
39	47	20	1	18	38	53	15	37	32	7	45	23	55	34	37	50	44	17	33	15	38	0	17	26	39	72	4	51	28	23	30	27	41	10	21	49	6	12	30	
29	46	46	28	48	56	40	33	61	30	5	17	24	1	45	35	65	52	3	31	13	33	13	0	44	21	41	28	69	26	16	57	30	32	54	66	57	45	64	31	
17	55	23	8	28	27	59	22	21	18	62	5	80	52	41	33	53	43	59	61	24	58	2	29	0	46	84	55	11	27	12	37	34	41	34	32	61	48	15	47	
48	29	37	44	18	64	51	49	35	55	37	14	69	31	32	24	60	10	9	36	60	28	12	14	86	0	52	44	3	49	26	54	46	19	70	38	48	5	9	17	
48	31	59	59	56	10	10	39	56	31	15	17	48	14	54	26	6	48	12	13	59	14	25	50	55	60	0	26	31	13	40	40	25	4	71	54	13	63	46	41	
55	54	25	7	8	44	48	21	4	44	57	32	44	22	40	62	49	63	30	59	23	50	63	79	37	45	62	0	18	56	29	32	3	69	22	13	66	47	73	46	
51	50	56	3	11	40	6	15	28	10	33	29	56	29	21	17	36	3	42	56	19	21	11	43	56	41	41	2	0	43	19	32	34	12	29	31	72	32	61	10	
16	47	50	37	14	12	11	34	34	31	6	51	39	16	46	36	77	49	23	30	4	49	26	52	18	3	52	1	42	0	47	56	31	21	52	43	50	7	56	25	
11	59	34	62	61	13	42	39	32	34	18	10	34	53	22	40	9	65	15	39	65	17	28	14	68	71	48	29	40	3	0	14	2	49	5	38	65	61	17	9	
3	26	18	56	76	39	52	46	75	22	44	58	85	52	72	51	35	70	41	37	28	43	17	49	7	19	52	55	25	42	44	0	60	39	27	12	2	34	20	70	
39	67	54	20	5	30	42	34	34	40	51	64	69	31	22	16	69	74	69	46	36	69	58	76	55	1	71	10	57	4	42	49	0	80	41	13	3	30	61	25	
39	51	57	21	4	28	37	35	19	5	10	33	47	15	50	21	24	32	21	4	37	21	30	65	32	4	8	30	22	31	31	31	35	0	15	2	30	14	37	36	
30	79	46	75	45	43	47	7	52	63	38	72	70	41	19	60	73	46	2	64	62	1	54	81	40	65	57	55	30	38	36	76	43	55	0	6	37	77	48	24	
62	42	11	29	17	19	42	28	34	26	1	27	21	35	41	23	15	9	21	27	45	19	17	59	6	41	13	35	63	21	3	36	26	18	55	0	45	40	30	16	
65	49	43	17	37	10	33	31	59	31	15	29	67	77	25	17	6	62	12	41	33	14	19	50	7	55	45	26	23	13	39	18	38	49	30	60	0	46	74	14	
59	58	8	11	31	25	12	10	7	45	33	51	59	30	32	17	56	50	54	42	27	63	45	56	62	25	52	4	43	31	33	14	36	59	37	4	8	0	59	12	
34	58	61	11	31	45	60	5	41	66	50	49	75	49	11	30	41	23	47	64	10	41	24	32	58	49	71	8	29	13	33	11	40	32	37	33	63	51	0	16	
1	52	50	11	24	6	35	23	9	27	11	25	27	42	6	30	2	16	8	37	27	10	21	25	59	12	41	22	16	9	32	40	36	2	10	19	50	7	70	0	
