40  8  1
8
	0	17	1	8	2	5	3	2	4	8	5	88	6	4	7	31
	0	37	1	21	2	96	3	71	4	90	5	92	6	93	7	13
	0	84	1	19	2	90	3	10	4	73	5	47	6	14	7	11
	0	96	1	74	2	64	3	88	4	23	5	14	6	100	7	93
	0	15	1	14	2	35	3	55	4	26	5	77	6	43	7	8
	0	98	1	67	2	70	3	96	4	35	5	86	6	24	7	15
	0	55	1	58	2	78	3	80	4	50	5	57	6	13	7	17
	0	18	1	62	2	81	3	30	4	29	5	31	6	64	7	99
	0	48	1	18	2	68	3	87	4	32	5	89	6	77	7	79
	0	64	1	94	2	33	3	85	4	95	5	19	6	56	7	58
	0	10	1	10	2	87	3	34	4	34	5	46	6	35	7	79
	0	49	1	17	2	56	3	5	4	82	5	11	6	94	7	93
	0	92	1	35	2	64	3	26	4	59	5	14	6	54	7	32
	0	56	1	45	2	87	3	80	4	66	5	5	6	49	7	86
	0	54	1	33	2	98	3	13	4	22	5	37	6	88	7	85
	0	12	1	100	2	90	3	41	4	19	5	76	6	87	7	94
	0	29	1	18	2	75	3	78	4	19	5	60	6	95	7	5
	0	53	1	51	2	76	3	50	4	76	5	23	6	87	7	43
	0	98	1	26	2	88	3	35	4	94	5	71	6	54	7	74
	0	92	1	63	2	24	3	96	4	9	5	12	6	60	7	22
	0	51	1	59	2	51	3	24	4	9	5	48	6	89	7	86
	0	91	1	34	2	94	3	89	4	87	5	17	6	70	7	76
	0	63	1	26	2	27	3	98	4	13	5	99	6	84	7	37
	0	28	1	45	2	49	3	53	4	54	5	68	6	50	7	100
	0	57	1	89	2	36	3	23	4	10	5	11	6	99	7	19
	0	65	1	2	2	75	3	18	4	92	5	93	6	21	7	33
	0	76	1	7	2	82	3	70	4	26	5	88	6	97	7	16
	0	19	1	78	2	98	3	20	4	90	5	59	6	13	7	51
	0	52	1	79	2	69	3	10	4	82	5	99	6	55	7	96
	0	27	1	56	2	3	3	86	4	17	5	22	6	82	7	63
	0	73	1	86	2	17	3	2	4	60	5	19	6	86	7	5
	0	21	1	78	2	53	3	34	4	85	5	63	6	28	7	2
	0	52	1	38	2	85	3	96	4	71	5	74	6	58	7	61
	0	88	1	83	2	5	3	66	4	23	5	39	6	16	7	19
	0	97	1	16	2	88	3	18	4	27	5	86	6	12	7	49
	0	47	1	54	2	36	3	58	4	40	5	21	6	92	7	78
	0	79	1	15	2	14	3	70	4	6	5	14	6	80	7	11
	0	14	1	60	2	54	3	60	4	1	5	43	6	5	7	52
	0	99	1	90	2	47	3	19	4	22	5	99	6	7	7	44
	0	71	1	1	2	20	3	82	4	89	5	40	6	24	7	9
SSD
M0
0	31	36	34	47	47	5	32	41	16	26	33	39	38	42	27	8	19	20	22	38	11	40	36	20	10	4	9	10	38	43	30	12	20	6	5	7	17	31	11	
3	0	13	9	4	12	5	15	32	34	33	19	11	32	23	20	23	18	30	22	31	8	33	3	32	28	24	12	6	22	33	41	17	40	19	24	27	15	34	16	
22	32	0	1	41	9	44	27	5	38	41	4	38	26	18	13	36	5	18	34	19	1	39	24	22	28	39	32	13	26	10	18	28	43	33	42	28	33	40	29	
35	36	36	0	32	30	22	32	22	42	37	1	17	46	35	31	12	25	6	37	32	13	5	12	6	13	10	16	9	7	38	4	2	20	25	35	1	17	30	27	
7	24	16	18	0	12	29	16	13	25	35	44	29	23	4	1	4	1	11	13	12	35	35	19	17	18	28	33	13	25	14	33	22	35	24	5	15	7	15	16	
4	18	42	31	11	0	26	36	9	27	15	30	19	4	17	27	2	1	31	30	21	14	10	29	12	31	25	23	15	31	34	28	33	20	27	4	27	33	18	6	
23	21	26	26	1	23	0	20	15	6	10	4	22	36	7	17	20	17	4	13	22	37	26	22	24	9	44	14	2	26	17	23	1	4	11	21	22	23	3	17	
17	12	22	24	35	12	21	0	3	41	1	10	14	29	2	7	29	26	2	16	13	3	4	15	17	5	34	24	27	17	20	14	21	15	40	25	13	18	14	14	
23	18	11	37	4	16	40	30	0	44	7	12	20	8	23	20	12	20	27	3	19	5	10	21	23	8	17	37	32	16	26	20	16	14	23	3	19	26	24	29	
28	8	4	27	19	3	34	11	25	0	14	29	27	26	3	10	33	6	24	8	6	28	26	13	30	27	29	5	34	13	21	27	10	17	31	2	26	36	20	18	
6	1	35	30	30	33	28	13	5	30	0	5	3	47	19	30	18	38	10	35	2	29	22	4	6	14	27	32	33	6	9	3	10	4	29	28	2	34	27	12	
17	37	24	23	22	10	24	8	29	29	27	0	37	34	6	29	20	1	28	18	35	14	30	17	29	4	18	3	19	19	25	15	38	1	37	36	32	5	28	25	
23	7	11	22	40	26	24	39	31	16	16	31	0	9	31	38	29	40	1	33	24	17	34	2	24	27	28	17	45	22	11	29	36	30	18	15	9	46	30	35	
24	3	18	29	10	31	9	31	23	48	8	23	21	0	29	26	29	26	28	38	20	11	32	18	24	10	4	4	2	24	27	5	12	22	1	3	20	26	29	22	
33	35	6	26	16	36	15	24	23	21	33	19	7	23	0	9	24	19	23	12	43	22	26	12	31	26	24	5	44	28	9	6	15	16	34	18	24	30	30	4	
38	28	3	5	16	29	23	3	24	39	22	31	26	10	8	0	11	7	2	19	34	22	22	36	32	5	15	45	26	33	4	35	25	36	40	36	30	25	35	4	
17	25	40	32	31	33	33	42	34	18	19	34	11	13	14	30	0	7	24	42	19	15	6	11	13	19	26	23	12	1	18	3	6	10	14	34	30	37	9	26	
35	12	17	9	24	19	46	26	7	28	27	21	39	8	31	11	3	0	7	41	12	11	24	41	23	25	38	39	39	20	18	19	38	38	29	30	5	46	41	27	
24	8	18	20	2	29	22	18	30	5	36	9	12	25	21	3	21	6	0	29	29	34	33	25	34	20	30	49	30	13	9	36	13	8	29	15	32	24	11	15	
19	3	36	30	35	5	30	37	37	9	33	40	4	4	38	46	10	46	26	0	1	28	11	27	31	4	20	5	44	24	15	25	36	39	38	40	13	22	30	1	
28	28	4	28	29	31	15	40	22	36	17	22	30	5	3	26	14	13	34	17	0	27	41	8	14	25	22	7	32	1	16	1	3	11	4	20	14	32	20	24	
3	19	31	25	3	14	25	11	31	21	25	4	2	38	10	19	7	15	25	31	14	0	15	8	28	30	24	7	26	37	21	8	25	33	3	22	27	12	28	11	
32	35	32	9	32	43	38	37	24	18	28	34	14	44	32	33	37	39	35	32	40	21	0	1	1	47	27	31	14	4	21	33	32	37	29	24	13	22	29	28	
18	13	3	27	11	28	31	25	17	42	2	5	1	15	30	10	11	10	22	3	14	9	25	0	2	26	18	37	38	18	21	15	22	16	33	3	14	33	25	24	
34	29	42	2	24	29	30	2	23	20	18	30	5	41	22	27	37	14	22	9	30	23	13	29	0	22	9	33	44	13	22	31	12	32	30	27	11	38	25	34	
7	26	17	19	18	20	16	7	28	22	15	30	1	24	22	2	19	21	16	33	11	28	29	7	28	0	12	32	12	5	18	13	33	6	10	17	27	14	20	18	
44	6	16	10	24	32	38	12	27	6	31	40	23	45	12	36	42	36	7	13	29	21	11	41	19	3	0	3	17	46	37	18	33	17	17	10	17	31	28	25	
25	20	27	6	20	36	47	24	13	35	9	24	22	36	14	36	23	35	29	27	21	4	29	19	7	32	40	0	23	25	15	10	29	15	28	26	21	12	6	3	
24	41	33	35	2	15	12	33	11	4	30	45	41	22	3	18	20	18	28	27	2	8	4	12	2	6	23	42	0	19	31	14	32	39	27	2	29	22	24	9	
1	4	39	13	8	27	7	34	17	8	32	18	5	23	1	24	16	24	21	36	20	28	13	38	38	28	6	18	4	0	4	38	1	15	24	23	25	29	38	16	
36	22	12	9	32	23	42	21	20	6	37	47	23	2	17	31	4	40	37	35	8	1	28	27	35	41	43	30	17	20	0	4	37	5	11	3	35	43	13	27	
11	17	21	23	7	9	30	21	27	35	12	27	25	27	22	6	3	23	12	33	24	5	37	2	28	16	28	37	35	28	22	0	32	4	8	10	24	29	5	2	
34	5	5	26	28	11	18	24	28	43	35	43	34	38	9	33	14	22	5	6	35	16	16	34	27	29	33	11	2	12	26	11	0	16	32	29	47	9	2	9	
26	15	22	8	38	27	44	18	25	26	10	3	14	25	30	10	18	21	13	9	22	35	10	24	4	27	24	26	25	26	26	12	11	0	12	31	22	3	10	26	
10	25	29	10	36	12	32	37	3	36	24	21	19	9	36	40	11	28	14	42	10	20	7	11	23	33	31	34	37	8	34	28	3	31	0	15	10	31	44	32	
38	24	1	15	19	25	24	20	35	4	32	47	26	27	25	5	16	24	19	28	42	39	39	19	43	6	9	31	15	12	21	45	27	35	44	0	1	13	9	21	
10	7	36	13	40	25	32	46	8	10	40	27	37	48	3	47	35	34	17	20	29	2	45	46	1	11	31	28	19	5	24	29	22	47	23	22	0	31	11	38	
11	31	5	17	38	31	33	1	22	20	20	29	27	15	13	10	1	29	21	6	32	22	23	34	18	24	32	37	8	11	26	19	19	34	18	33	32	0	26	26	
30	39	5	17	8	31	46	14	12	10	28	42	16	26	27	18	25	24	9	35	27	22	31	24	19	4	38	27	36	42	19	1	32	26	30	2	36	30	0	24	
28	19	14	30	25	20	35	18	15	39	12	25	25	28	16	29	19	41	32	12	14	32	31	20	15	36	47	12	27	18	9	6	32	26	35	28	7	5	26	0	
M1
0	10	15	24	35	12	22	24	36	5	26	33	19	25	19	16	33	7	8	19	15	2	3	4	33	21	25	38	37	12	13	40	14	1	24	31	41	7	24	9	
6	0	21	19	30	4	20	35	12	17	37	22	20	23	25	3	2	21	8	19	21	16	16	12	2	16	2	16	7	24	13	20	28	8	13	13	21	21	38	23	
7	17	0	1	12	5	16	15	12	13	21	23	34	20	19	11	18	15	23	1	2	17	18	1	30	11	6	5	30	7	3	30	9	4	17	11	25	11	34	4	
19	25	10	0	18	21	29	4	2	25	16	27	16	6	24	3	7	30	35	4	4	22	5	1	35	15	13	26	13	19	20	23	21	28	20	21	9	18	29	16	
20	24	20	10	0	19	29	32	9	26	16	19	9	34	16	11	17	3	7	20	24	14	25	32	4	7	11	18	23	10	6	23	11	11	16	19	28	12	29	19	
22	1	11	29	24	0	1	33	23	33	44	4	2	8	19	15	13	7	30	21	27	31	16	31	24	33	24	16	16	27	23	37	29	30	35	29	34	19	11	24	
10	28	6	26	26	24	0	8	19	16	36	43	27	20	34	14	31	24	15	12	27	13	21	11	39	36	31	13	1	10	11	13	12	19	22	36	27	25	30	7	
17	34	40	30	7	26	27	0	30	23	26	29	29	9	21	21	38	24	12	3	28	27	28	4	25	28	32	2	8	5	11	39	6	26	13	40	47	32	37	14	
13	23	22	20	27	11	30	5	0	26	22	7	10	25	26	16	18	10	26	8	34	8	17	25	16	17	3	6	24	20	21	3	22	8	14	25	24	24	28	17	
20	7	38	23	43	4	4	26	40	0	46	38	25	9	29	24	18	12	9	38	33	8	30	32	30	44	30	44	35	20	1	30	22	29	18	41	28	24	32	17	
6	24	19	12	5	9	3	18	4	12	0	29	7	19	18	10	25	5	22	20	24	9	3	8	12	26	25	7	1	6	4	25	8	6	18	27	46	15	3	3	
17	32	37	9	3	23	36	25	2	30	23	0	26	26	10	27	23	20	15	28	31	10	28	19	21	24	20	16	34	18	20	23	28	11	31	36	13	13	36	23	
12	19	35	25	26	4	18	11	28	13	14	25	0	25	19	16	15	27	27	24	16	5	19	24	25	25	16	1	10	12	13	32	14	21	8	3	4	17	21	9	
12	10	35	40	33	9	22	21	32	18	18	34	35	0	8	14	14	23	28	31	16	22	23	7	33	41	33	32	29	12	13	16	4	8	24	42	38	27	21	9	
11	29	31	2	19	20	16	23	18	12	4	28	21	17	0	15	32	19	6	6	34	18	10	12	26	21	12	21	15	11	12	35	8	20	23	4	37	26	8	8	
20	12	33	17	12	18	24	32	25	5	11	37	2	26	20	0	35	24	29	12	26	28	1	27	5	33	35	8	2	8	21	24	12	27	32	13	11	8	24	17	
10	11	29	16	11	25	5	22	21	7	36	2	31	23	16	2	0	8	26	26	30	20	21	22	29	13	17	30	32	10	11	32	12	19	16	21	32	20	26	7	
3	21	4	22	10	23	9	33	10	6	20	12	30	10	29	7	17	0	1	24	25	13	14	15	22	29	29	3	26	23	24	3	25	12	29	34	30	6	2	20	
32	29	34	31	30	22	16	19	8	32	16	10	24	28	2	22	26	31	0	32	16	13	29	16	18	29	15	21	27	22	30	29	34	23	15	14	32	27	11	29	
30	24	5	7	25	12	35	3	16	15	34	17	39	20	4	17	12	24	15	0	18	10	5	25	7	18	4	29	37	24	27	29	22	13	15	5	21	25	34	28	
10	15	24	19	10	23	12	13	4	3	40	22	32	38	26	21	35	21	7	30	0	20	21	14	5	17	21	28	4	15	5	24	27	19	26	29	26	15	30	22	
15	32	31	4	21	20	25	27	24	20	15	34	2	2	32	3	27	30	15	13	26	0	26	17	37	23	12	26	26	12	13	38	11	24	23	16	12	30	7	12	
11	29	6	12	23	14	27	30	7	3	30	21	19	36	18	8	40	11	19	22	26	11	0	15	14	9	10	26	28	24	25	11	26	11	18	21	39	2	3	21	
22	6	45	20	28	8	32	18	27	28	22	8	16	11	30	8	21	18	10	13	8	20	33	0	20	29	29	32	13	22	22	26	24	11	3	39	14	26	32	19	
18	29	32	12	14	21	21	7	10	14	16	21	22	4	18	13	5	29	34	22	26	16	27	21	0	9	13	21	27	8	19	3	20	27	18	10	24	14	8	15	
13	18	21	1	12	10	23	25	14	17	33	10	32	25	7	2	32	18	26	11	15	5	16	25	24	0	2	15	17	13	14	17	15	20	7	10	31	5	22	10	
22	13	12	10	21	1	32	28	5	26	32	18	33	22	16	6	29	13	23	10	24	14	7	32	21	7	0	24	26	22	23	26	24	11	4	19	22	14	31	19	
6	24	19	7	18	4	16	4	20	10	32	16	13	19	1	8	27	17	21	17	21	8	17	18	30	4	8	0	23	6	7	23	8	4	13	14	29	7	16	3	
25	34	34	18	9	38	12	23	21	2	36	2	20	26	29	11	40	26	20	27	13	10	30	23	19	30	31	34	0	10	9	16	29	24	24	14	2	24	23	42	
1	19	12	9	34	14	20	30	18	14	22	14	28	31	28	5	39	16	17	8	24	11	12	13	34	20	6	22	28	0	20	19	11	10	17	12	35	16	28	18	
19	9	27	7	2	16	1	22	20	17	32	16	25	31	2	8	32	19	23	17	21	11	22	1	20	4	8	3	23	18	0	4	9	26	13	16	29	9	10	16	
24	12	33	13	23	21	4	35	22	13	33	3	2	14	19	14	10	30	16	13	27	17	19	36	23	10	14	3	7	19	25	0	5	31	19	19	33	17	12	21	
25	40	39	26	27	28	25	40	26	10	12	8	25	41	35	32	17	27	17	32	14	23	25	30	32	34	20	20	23	28	5	28	0	27	27	2	30	37	19	25	
18	22	21	1	18	10	24	26	3	28	41	27	24	31	11	15	8	22	32	19	33	23	16	30	30	16	2	27	35	22	22	24	3	0	13	28	6	23	37	19	
4	22	27	1	38	12	27	29	27	17	23	29	13	2	28	15	9	15	3	13	27	1	15	16	1	32	32	24	25	17	18	10	19	13	0	20	24	19	18	14	
13	8	2	3	24	26	22	1	23	19	9	26	8	26	29	16	6	24	29	22	4	8	22	3	31	20	24	26	2	5	14	23	9	22	25	0	22	22	22	10	
8	26	31	22	7	22	31	22	26	19	37	19	3	25	35	24	24	9	12	21	31	7	19	20	11	28	14	17	24	4	27	13	30	17	7	27	0	18	40	25	
3	21	20	23	2	16	24	26	8	4	22	33	11	6	9	18	19	18	19	25	8	6	14	15	20	22	8	32	22	2	10	15	16	12	6	2	27	0	35	11	
15	2	31	32	25	27	9	21	24	28	10	38	20	5	18	4	18	2	31	32	10	25	17	27	25	38	25	4	4	26	12	32	21	10	36	36	39	15	0	23	
2	20	25	30	25	22	12	14	33	8	28	35	29	15	29	6	23	17	18	21	25	12	13	14	31	31	31	42	39	2	3	37	4	11	14	41	44	17	30	0	
M2
0	2	29	9	16	31	39	9	7	36	8	10	3	31	11	30	13	37	29	4	41	11	39	34	6	24	24	37	29	30	17	33	15	29	7	15	6	19	21	30	
1	0	6	15	22	19	19	15	13	14	14	16	9	31	17	24	19	19	15	4	15	17	19	29	12	19	10	27	18	25	23	21	21	10	13	15	12	17	27	7	
49	13	0	17	23	39	43	25	33	28	38	16	29	40	10	14	19	27	41	16	31	8	36	10	18	17	35	33	21	17	25	22	11	41	2	49	32	16	32	42	
28	22	31	0	7	32	9	1	36	48	31	10	35	45	21	14	13	21	31	6	9	29	17	13	2	18	32	25	12	9	17	34	26	23	16	31	39	19	40	32	
21	27	36	10	0	2	34	32	31	7	13	23	25	35	14	37	31	30	31	24	29	19	8	3	27	6	34	2	20	35	12	29	31	21	11	41	6	23	27	9	
28	20	30	7	23	0	30	13	18	2	2	33	31	8	44	4	4	22	38	37	7	17	24	9	32	9	5	21	4	5	13	17	34	23	21	15	35	5	4	29	
25	16	33	39	27	8	0	12	37	16	21	2	32	27	5	30	26	10	6	8	9	27	19	21	23	27	26	24	17	24	1	9	13	33	28	41	11	9	26	1	
37	3	15	16	37	9	37	0	33	35	39	1	32	3	33	6	29	30	36	32	29	28	28	16	24	2	34	4	16	12	11	11	24	24	28	32	24	14	36	2	
19	20	43	24	38	27	16	13	0	20	32	5	27	6	7	17	22	9	3	27	22	25	11	8	10	17	3	1	9	5	12	30	3	31	21	39	30	15	25	39	
24	25	38	33	36	15	29	30	31	0	37	17	29	24	13	3	18	24	46	25	27	26	25	37	34	24	31	35	27	33	41	18	13	18	24	22	4	19	8	28	
27	9	9	16	17	16	5	13	17	2	0	36	35	12	31	19	28	10	27	21	12	16	3	20	12	5	13	7	19	16	24	12	12	1	9	34	18	10	18	33	
1	8	26	11	22	10	19	15	13	2	14	0	9	17	9	23	19	15	35	10	9	17	19	25	10	14	12	23	24	21	21	10	17	6	13	6	8	15	19	32	
25	18	10	39	8	25	10	31	23	30	18	23	0	45	17	40	2	29	21	26	39	5	15	6	36	12	3	11	28	40	22	38	35	34	37	16	5	22	2	29	
46	17	26	28	19	45	48	2	13	5	43	37	25	0	32	40	12	13	37	43	30	39	17	21	13	25	35	23	32	45	12	7	40	41	35	12	33	45	26	25	
9	16	33	3	30	18	29	12	21	4	22	17	17	20	0	3	21	25	33	8	4	17	2	8	20	16	26	20	4	4	12	17	11	16	20	29	11	14	6	24	
40	24	30	28	33	24	32	16	14	48	14	11	42	26	39	0	12	13	30	5	9	49	19	11	3	36	26	37	8	45	19	5	36	30	29	40	35	17	32	31	
27	23	35	30	44	24	8	26	1	5	21	42	13	27	19	33	0	18	3	36	25	7	28	22	4	2	24	5	22	18	26	6	26	15	28	43	38	24	9	31	
42	3	10	24	25	33	31	4	15	5	31	1	14	20	1	26	20	0	21	44	31	33	29	27	12	21	7	28	27	33	7	25	3	18	22	8	29	27	44	7	
25	18	6	12	9	42	13	6	34	42	7	23	14	12	41	38	28	26	0	26	30	27	9	19	35	10	38	31	19	15	6	19	28	27	15	20	5	4	11	29	
19	9	1	16	4	16	11	24	17	27	32	34	27	17	20	19	13	10	1	0	17	28	14	20	8	18	14	18	1	16	24	12	7	1	8	26	26	10	22	2	
26	31	3	40	19	2	42	25	4	18	20	21	34	10	18	9	25	18	45	32	0	3	14	18	37	47	22	19	41	43	36	20	14	49	24	17	37	8	39	27	
14	21	13	28	30	30	28	21	26	1	27	11	22	35	30	11	22	24	9	2	32	0	20	3	16	37	10	19	6	25	9	26	26	15	1	13	25	24	40	12	
9	11	31	13	25	33	13	10	21	41	22	24	16	3	21	25	19	29	24	18	34	22	0	6	3	12	25	18	6	2	10	28	27	22	18	29	20	9	12	5	
10	17	27	24	17	8	16	22	11	40	7	25	18	26	26	17	17	34	17	17	36	26	28	0	21	29	24	33	21	17	25	11	29	25	22	30	19	26	9	7	
25	16	22	39	16	6	46	5	37	44	19	16	3	29	14	33	1	8	2	26	25	25	21	23	0	16	17	36	28	38	27	33	21	38	36	7	5	12	5	15	
15	16	31	29	28	34	17	15	4	14	4	15	23	27	1	33	25	41	3	24	47	30	30	32	26	0	3	17	1	28	36	12	2	42	9	35	11	23	5	4	
37	16	11	16	35	12	15	8	22	44	28	18	21	5	16	4	18	34	19	38	33	21	20	5	28	2	0	17	2	1	9	6	37	39	15	12	17	11	1	34	
29	28	13	42	17	33	23	25	23	39	38	13	37	14	31	36	3	6	11	30	21	11	33	27	15	29	31	0	18	23	31	41	29	33	39	6	9	26	35	7	
33	22	24	5	32	10	12	23	12	17	13	35	41	19	45	39	7	30	26	17	6	35	33	3	33	27	16	6	0	15	23	34	46	42	31	39	24	11	46	28	
37	12	49	16	31	28	37	5	39	40	24	25	23	33	38	47	14	30	30	40	29	17	16	1	24	9	20	13	1	0	5	23	33	40	13	46	27	7	32	35	
25	1	36	34	9	29	37	4	25	19	14	23	33	35	18	44	8	8	8	21	7	14	5	3	21	38	39	36	3	34	0	1	39	40	22	40	5	22	31	29	
36	33	25	40	19	17	8	24	26	13	4	22	1	18	17	27	37	9	33	13	26	7	21	29	18	8	38	40	37	35	33	0	14	25	17	1	31	21	24	2	
24	25	22	8	21	27	29	24	18	27	34	22	23	9	40	15	18	21	30	25	12	26	17	17	4	3	35	31	20	16	24	15	0	47	6	38	4	16	26	8	
40	3	15	10	32	10	8	18	45	21	37	38	29	26	31	13	22	4	43	23	12	30	8	14	33	22	8	12	13	10	18	6	6	0	26	40	20	4	21	27	
27	18	30	25	42	13	23	16	30	6	35	25	34	2	5	28	18	19	22	20	27	28	23	12	12	20	23	24	12	8	16	6	5	10	0	7	7	13	32	15	
21	13	2	35	34	17	26	35	33	1	26	36	29	22	37	10	5	44	14	30	25	37	12	31	12	5	41	16	21	27	19	36	36	38	19	0	19	1	7	20	
6	7	25	20	27	40	42	12	18	29	19	4	14	33	22	39	15	41	32	7	45	8	20	40	17	22	20	41	9	41	28	33	20	32	18	26	0	3	12	10	
8	15	4	22	29	22	27	22	6	22	21	23	16	18	3	19	3	6	29	6	31	2	17	5	19	26	11	30	18	14	10	28	28	31	20	28	19	0	10	16	
29	30	35	25	14	37	11	13	41	2	42	16	29	23	24	13	32	33	16	10	29	33	17	16	40	27	6	31	19	15	23	5	29	35	1	29	39	13	0	7	
15	22	19	29	36	10	30	28	22	16	28	15	16	6	31	9	25	41	17	24	39	6	6	24	26	6	17	31	24	20	26	39	2	42	27	35	26	1	39	0	
M3
0	1	29	19	23	4	31	31	40	27	8	14	10	30	8	27	30	36	29	28	27	5	18	21	12	25	20	33	20	34	25	23	15	2	15	21	11	6	9	29	
1	0	10	1	26	7	17	28	24	30	11	17	6	30	11	7	23	21	29	15	6	8	9	6	4	28	21	1	18	21	12	10	18	5	18	9	9	9	12	15	
2	5	0	20	27	8	26	26	33	19	12	18	14	34	12	10	3	1	33	31	7	9	22	25	16	21	6	11	10	33	29	22	15	6	19	25	14	10	13	14	
5	8	36	0	30	5	5	33	15	24	15	14	17	34	15	34	30	33	2	33	18	12	25	21	19	32	20	30	17	12	30	23	22	9	22	17	18	13	13	6	
17	20	5	7	0	23	21	21	5	8	22	19	2	20	27	25	18	16	38	32	9	18	37	26	31	15	21	26	19	35	38	20	30	12	26	7	22	25	28	22	
18	16	40	18	21	0	33	24	25	25	25	16	27	3	6	23	20	26	15	25	32	25	9	23	25	6	22	28	22	26	22	25	26	22	27	23	5	2	7	26	
37	36	25	16	32	30	0	18	5	31	27	18	14	40	41	32	34	36	3	8	3	11	15	25	29	38	24	31	24	38	32	1	38	24	12	25	35	13	36	21	
33	9	43	32	33	22	22	0	36	18	13	5	28	27	18	7	21	26	25	15	22	36	11	12	6	33	11	23	11	24	22	14	9	11	22	7	23	14	30	26	
44	14	32	16	23	9	8	48	0	42	18	36	7	8	47	35	38	11	13	7	34	44	34	10	27	8	42	13	42	21	37	19	6	35	29	42	30	45	38	20	
11	3	27	18	8	17	18	27	32	0	10	27	18	43	21	1	30	4	19	30	27	14	22	34	3	11	1	15	2	27	38	11	28	15	28	20	14	19	22	7	
37	33	25	29	7	36	11	27	34	31	0	26	28	10	12	29	38	4	28	14	22	33	26	5	19	2	14	24	21	22	29	14	24	29	4	27	33	24	12	9	
30	14	39	38	24	14	12	29	38	8	4	0	18	17	29	30	11	17	27	22	12	26	21	2	15	34	1	14	1	28	19	4	37	1	31	2	13	4	41	21	
20	21	8	21	9	22	20	37	33	16	12	3	0	18	27	28	19	19	24	4	11	27	29	10	23	4	9	22	9	20	17	12	11	4	3	9	21	12	31	13	
2	5	33	5	27	3	19	34	36	15	11	2	5	0	12	22	18	15	3	29	19	9	5	9	10	16	8	21	8	34	26	11	12	6	19	9	15	10	13	28	
15	8	25	8	2	21	32	10	25	6	22	19	13	10	0	18	29	16	30	7	30	22	30	26	11	4	25	26	17	13	4	16	7	10	8	19	28	20	26	8	
24	23	12	36	4	23	17	38	24	17	2	4	27	15	15	0	20	23	15	5	21	31	8	1	18	32	10	23	10	26	28	1	22	10	12	11	22	8	32	30	
21	14	10	18	17	25	18	9	13	11	19	18	9	5	2	22	0	2	6	13	7	12	16	25	8	19	22	21	23	6	10	22	22	24	22	25	34	27	32	14	
20	11	27	38	13	7	26	6	42	25	30	30	8	48	30	15	23	0	19	34	36	22	14	37	7	34	4	39	35	7	31	4	14	24	12	18	33	4	31	26	
1	4	9	22	3	7	22	13	35	5	11	5	13	27	4	9	11	9	0	24	19	8	21	12	3	21	11	24	11	27	21	14	18	5	5	12	14	9	12	25	
24	14	12	5	29	2	12	10	47	5	10	13	4	12	14	24	25	23	12	0	26	25	8	20	23	8	19	25	19	23	31	22	34	9	28	5	31	22	5	17	
11	14	17	9	29	9	11	25	10	10	12	3	3	25	21	14	17	25	17	24	0	18	29	1	23	13	9	17	9	11	27	12	28	9	28	8	21	12	22	29	
10	13	11	8	28	6	22	28	38	39	3	26	9	32	20	20	24	22	40	25	28	0	30	19	21	24	14	25	28	2	22	2	3	10	8	26	16	18	21	1	
35	6	23	36	22	16	12	2	29	11	6	21	22	8	34	37	22	10	28	8	9	37	0	2	38	27	27	40	27	20	33	10	14	18	2	28	27	29	3	23	
12	15	15	33	27	16	8	28	1	25	21	12	20	19	12	20	28	15	34	30	29	7	31	0	4	25	18	12	18	21	27	6	29	16	29	19	25	20	23	6	
31	18	42	43	28	5	13	1	38	37	21	24	33	30	22	31	12	16	7	4	11	11	25	31	0	4	22	14	5	1	39	17	14	17	21	23	14	16	12	25	
21	24	38	34	24	16	36	24	28	38	31	25	33	33	31	9	29	3	8	17	8	24	8	32	1	0	22	4	29	2	29	34	38	9	33	32	34	29	12	10	
28	11	40	7	17	7	28	25	28	4	21	12	28	14	2	5	28	28	20	22	29	14	32	19	3	19	0	25	12	22	19	21	22	13	23	19	17	21	38	23	
26	7	42	10	38	2	15	32	4	16	19	39	28	17	25	25	5	15	17	17	29	11	30	35	22	15	45	0	15	24	15	27	31	30	27	12	20	34	35	16	
31	3	28	33	13	14	6	18	27	27	6	40	18	40	36	19	18	6	30	23	15	15	10	29	18	38	23	3	0	19	38	2	34	31	31	8	2	28	42	10	
6	5	22	27	31	12	15	9	2	30	16	19	18	25	16	7	27	33	31	16	29	13	13	26	1	28	25	5	25	0	24	28	23	10	15	26	12	14	17	28	
9	2	31	29	23	15	26	29	40	19	19	25	21	31	8	12	35	10	35	1	28	16	29	32	5	25	31	24	11	7	0	10	26	13	10	29	22	17	20	2	
30	17	30	29	14	24	20	30	22	18	14	5	12	27	21	33	1	20	4	8	22	7	24	12	25	29	11	17	4	28	19	0	38	11	31	12	16	12	37	23	
11	14	28	24	8	17	1	23	14	8	4	27	23	26	3	9	13	32	26	16	4	18	31	29	25	11	13	8	33	21	20	28	0	15	7	5	24	18	21	20	
21	18	9	5	4	2	6	36	44	15	11	2	8	24	31	15	18	19	21	29	16	28	4	2	22	28	7	21	8	16	26	9	4	0	14	9	20	11	6	28	
15	18	3	16	2	21	26	30	12	22	7	9	24	31	20	23	16	10	32	21	15	17	35	16	29	29	15	24	15	40	32	18	25	15	0	16	27	18	25	19	
4	7	16	24	10	6	21	26	13	20	9	20	16	16	3	31	26	2	27	23	1	11	23	26	18	20	26	8	20	13	20	29	21	8	21	0	17	12	15	24	
17	10	29	37	9	23	6	12	31	16	9	25	10	3	16	4	32	9	35	1	30	24	27	21	13	33	25	7	13	15	6	18	34	12	8	31	0	21	13	10	
31	24	38	24	18	1	28	26	31	22	20	11	12	19	3	20	10	15	16	23	3	17	36	3	27	20	8	26	17	24	20	20	18	17	24	18	22	0	41	14	
27	20	15	40	7	33	40	34	48	37	27	26	15	2	24	30	28	8	31	19	31	34	8	33	23	5	31	27	29	25	16	25	12	24	28	16	10	7	0	20	
21	20	9	32	34	3	21	8	11	19	15	6	5	28	26	29	22	20	38	19	23	4	32	11	23	35	12	2	12	25	16	15	15	10	24	13	24	15	25	0	
M4
0	33	23	9	13	9	7	12	17	20	20	14	33	1	8	5	26	18	24	38	23	2	16	6	4	19	23	21	14	1	20	10	23	16	36	15	17	2	25	6	
40	0	3	15	19	18	16	24	26	13	32	23	26	24	17	13	35	15	8	21	27	26	45	41	13	14	6	9	23	14	7	14	22	30	11	22	26	11	34	30	
14	27	0	3	32	4	11	33	33	34	26	16	26	23	27	23	2	14	28	3	28	24	36	28	24	39	11	27	17	5	42	14	12	25	35	32	18	24	7	25	
31	1	17	0	20	27	19	34	33	23	1	14	24	30	26	27	3	1	23	34	13	18	13	35	22	27	35	1	27	14	28	22	21	17	22	13	11	20	33	22	
6	18	3	23	0	23	4	26	5	25	14	2	13	15	22	19	2	8	13	37	14	16	30	20	18	20	10	35	6	15	4	3	28	29	26	29	31	16	17	20	
29	32	30	30	20	0	29	43	14	27	32	38	28	9	12	26	21	1	7	32	17	1	41	30	38	25	32	21	3	25	16	28	33	35	7	19	41	39	42	6	
5	10	22	7	17	17	0	24	25	21	31	22	18	11	16	11	9	6	20	13	10	11	9	12	12	27	29	29	1	13	6	9	18	8	8	19	1	10	32	14	
33	24	22	30	5	7	30	0	33	22	31	27	20	27	18	14	26	25	19	14	9	6	33	24	17	32	6	34	28	30	22	34	1	27	32	10	27	36	28	40	
20	24	3	18	27	27	3	13	0	25	26	16	1	29	21	24	14	13	19	3	9	28	13	4	16	2	9	28	14	6	23	29	25	13	5	25	18	27	15	26	
32	31	18	7	16	16	21	15	9	0	14	12	35	29	22	10	3	9	26	10	24	19	43	18	16	26	29	13	21	19	34	18	29	22	18	39	15	16	21	16	
17	19	18	1	15	10	8	20	18	5	0	11	23	9	9	16	24	4	8	20	12	12	36	31	5	13	30	9	4	6	21	13	4	9	32	27	2	3	15	15	
26	26	32	33	34	19	25	10	11	11	7	0	12	16	3	26	7	24	7	25	37	36	14	35	26	19	13	10	9	8	36	11	30	1	39	16	34	33	25	17	
21	15	35	22	10	16	1	12	37	3	7	37	0	20	30	34	14	31	18	30	38	27	3	10	13	28	19	30	13	20	8	1	32	34	39	12	29	25	26	35	
42	16	21	16	17	4	10	15	33	26	30	16	35	0	34	14	22	38	6	37	42	25	7	36	31	19	24	28	9	13	32	35	38	37	36	23	33	29	23	33	
28	33	28	25	25	25	9	18	26	17	17	22	30	31	0	4	2	14	1	9	19	19	16	34	20	25	37	11	23	18	11	20	5	3	32	20	9	18	8	16	
31	31	29	19	34	29	22	21	3	17	29	29	16	17	6	0	6	28	2	34	16	9	17	38	20	2	39	23	31	30	7	35	10	16	18	15	35	30	11	40	
26	42	16	19	24	19	17	18	27	13	17	4	38	25	18	5	0	4	26	26	29	17	27	13	3	18	31	20	9	5	26	10	7	29	40	31	27	12	24	15	
38	22	20	1	20	16	1	22	27	5	10	24	2	25	18	10	27	0	17	27	7	7	31	32	14	9	25	25	24	5	17	17	23	13	29	36	6	12	35	19	
33	9	24	15	17	17	9	23	24	7	31	1	1	3	16	2	6	29	0	21	11	11	19	19	12	23	10	25	7	7	16	12	2	8	18	12	1	10	32	14	
25	15	12	22	22	15	7	29	30	24	14	4	24	28	20	25	28	2	26	0	16	16	40	35	17	32	34	34	5	18	33	17	23	13	28	21	6	15	23	19	
34	6	4	12	9	32	17	27	21	7	19	16	2	32	4	30	28	28	1	30	0	26	15	19	12	27	16	29	23	12	20	18	31	9	24	31	35	25	33	30	
8	23	19	12	24	3	23	12	14	19	26	30	5	17	21	21	19	32	18	47	8	0	4	9	14	4	9	7	2	17	29	26	30	5	35	31	30	18	29	18	
38	30	35	6	21	9	14	8	24	6	29	21	26	4	14	25	2	25	2	36	22	23	0	16	11	21	9	28	21	12	12	24	19	20	28	33	13	9	31	26	
1	25	28	1	9	18	16	21	26	29	25	9	17	9	4	14	27	5	25	35	15	11	12	0	13	10	23	25	2	10	29	10	13	25	3	19	26	11	12	15	
49	38	19	22	18	26	36	5	14	6	29	25	25	40	13	23	32	8	23	36	31	4	23	36	0	5	23	7	1	34	13	35	9	31	45	38	44	31	11	48	
37	5	5	30	5	30	17	30	20	23	26	24	26	5	28	16	1	17	25	34	15	11	12	9	15	0	34	1	26	25	21	30	27	20	21	18	37	23	22	20	
40	5	35	19	15	5	15	9	30	22	1	34	16	33	25	10	35	11	30	44	39	8	23	26	6	21	0	23	17	7	8	20	15	31	4	36	37	36	18	18	
15	16	10	10	19	23	15	30	7	17	1	11	12	11	10	26	25	12	11	1	1	17	25	10	16	31	17	0	15	19	15	11	24	14	34	31	7	16	1	13	
30	8	15	11	11	17	15	27	25	11	29	22	9	23	16	21	13	29	26	25	33	26	34	30	12	27	14	29	0	3	7	4	10	27	25	32	25	10	12	23	
32	20	29	33	31	30	36	35	23	33	33	10	31	19	5	1	26	9	6	20	24	16	14	10	33	22	30	32	31	0	27	26	30	7	18	28	28	36	31	3	
38	38	43	14	15	16	18	30	18	29	36	18	24	16	17	25	37	33	17	47	36	27	41	7	15	9	9	21	25	16	0	39	22	28	32	21	28	13	32	4	
32	13	16	24	21	2	5	27	33	5	31	1	13	20	12	36	12	18	13	28	3	25	6	19	13	28	20	7	24	24	14	0	32	21	23	15	32	28	34	35	
40	4	24	35	28	15	19	41	25	37	13	28	27	45	30	29	5	11	16	47	29	23	38	16	27	39	6	35	30	27	31	7	0	24	20	9	30	32	4	19	
2	29	8	13	23	19	17	7	12	3	22	13	4	6	18	8	21	26	21	44	14	12	6	16	14	20	28	18	2	11	30	20	33	0	40	25	25	12	1	7	
32	14	14	22	6	8	15	30	30	24	36	10	19	28	6	20	16	16	18	21	8	5	27	13	17	14	22	23	27	13	11	18	21	14	0	39	7	15	23	10	
27	26	9	15	17	17	9	14	25	1	3	16	21	23	16	20	15	19	10	24	11	11	30	22	1	16	28	4	12	6	24	12	18	8	32	0	1	10	8	7	
26	19	17	10	10	10	2	17	18	14	24	15	15	16	9	13	16	23	14	17	4	4	28	23	5	20	22	22	15	6	21	5	11	1	35	27	0	3	25	7	
28	30	30	6	11	6	4	16	14	17	30	11	30	12	5	20	23	19	25	36	22	15	33	29	1	16	34	18	11	2	17	25	20	21	37	23	14	0	22	22	
47	20	18	26	23	31	31	15	35	13	15	25	16	33	4	26	2	3	9	21	5	20	16	33	24	39	9	9	6	26	30	2	23	23	34	29	35	33	0	36	
26	27	25	11	15	4	6	8	19	22	32	16	23	7	10	10	19	24	22	25	12	12	36	31	6	21	30	23	12	7	19	12	1	9	14	14	2	4	21	0	
M5
0	29	16	39	30	20	22	29	43	3	31	25	17	38	16	8	17	35	45	19	31	20	38	3	38	39	21	31	38	26	30	26	40	36	26	12	38	5	15	31	
19	0	16	46	17	21	15	32	11	14	21	4	28	3	34	17	34	17	39	23	6	9	13	29	31	14	25	4	6	21	22	33	9	18	25	20	31	22	31	28	
21	38	0	16	3	23	29	34	19	20	24	21	23	5	10	19	29	25	11	23	35	4	3	31	26	16	37	10	18	21	35	37	28	18	9	24	27	30	4	30	
3	14	24	0	27	16	26	37	42	28	28	11	33	29	10	23	2	37	34	3	5	16	18	12	12	32	17	16	27	4	28	31	7	25	24	3	32	25	13	20	
9	18	4	38	0	24	22	28	30	2	11	24	2	33	21	30	16	9	25	17	12	25	2	32	36	43	16	22	17	28	29	5	29	35	31	7	35	5	14	23	
31	10	7	21	2	0	28	13	31	34	32	14	28	17	38	31	21	7	27	7	9	20	10	34	26	10	30	16	32	22	20	35	2	28	12	23	15	15	39	20	
26	4	3	9	44	23	0	5	26	19	32	24	20	29	9	35	1	7	33	26	24	34	41	6	27	30	13	9	36	27	1	43	30	17	8	26	28	2	6	30	
17	3	26	34	11	32	33	0	42	19	32	23	26	30	19	21	11	5	25	13	19	3	29	21	25	22	30	29	26	27	10	8	38	11	15	12	22	14	36	30	
26	25	8	34	4	21	9	6	0	14	28	20	9	25	12	28	26	12	25	3	20	16	38	22	3	28	2	18	28	17	26	31	14	16	12	3	13	16	17	20	
14	21	16	48	33	20	33	7	21	0	23	3	29	35	42	9	22	38	24	22	39	24	16	11	37	22	28	9	25	26	8	12	18	17	19	17	26	31	30	22	
28	27	6	34	30	32	39	37	33	37	0	33	26	19	15	28	34	19	43	18	6	16	32	20	27	15	28	23	25	15	10	11	11	32	24	3	43	16	27	33	
32	11	2	36	19	6	26	37	33	11	9	0	40	31	28	16	31	31	33	8	25	11	37	40	23	19	31	27	11	12	32	36	4	3	29	5	34	30	16	25	
40	2	25	35	33	8	6	37	14	34	25	12	0	30	5	24	8	30	45	16	4	9	35	19	24	28	15	16	30	32	27	26	27	26	19	4	29	29	35	14	
11	29	13	45	35	42	34	24	9	18	20	31	20	0	26	9	36	21	43	36	31	11	8	21	33	6	27	44	31	35	26	37	18	28	32	14	37	25	45	20	
25	6	23	8	16	22	42	21	26	5	37	17	28	28	0	20	17	17	26	25	19	28	24	25	4	17	19	19	19	26	14	14	27	6	22	8	2	28	32	12	
24	7	26	44	25	22	23	5	16	15	24	20	17	8	36	0	22	26	11	3	20	16	21	29	22	17	3	23	23	23	2	31	11	20	24	13	38	12	44	8	
26	11	26	23	26	29	32	24	31	7	18	19	31	29	31	4	0	14	39	2	19	15	5	27	17	20	25	5	22	8	29	15	24	29	23	4	5	2	35	17	
2	28	17	6	14	6	18	32	38	13	4	24	30	27	13	5	22	0	3	23	7	4	30	32	15	23	37	36	27	2	26	18	21	3	25	1	27	20	9	25	
25	1	1	33	27	21	33	20	23	20	24	4	31	9	35	23	18	8	0	3	20	16	11	11	22	11	26	23	18	23	26	31	19	18	21	20	1	11	28	10	
12	20	18	36	12	15	32	24	29	23	13	5	20	15	31	19	26	22	27	0	5	1	24	28	7	20	11	8	25	8	30	16	20	19	9	5	27	32	32	5	
2	30	5	28	4	32	26	18	34	11	8	23	34	28	25	18	30	46	38	30	0	36	41	28	16	30	33	5	32	2	13	42	18	11	21	8	15	39	39	3	
25	17	16	23	7	14	31	33	24	21	19	3	29	10	25	1	8	4	27	8	25	0	9	21	5	2	31	28	7	7	27	16	18	14	14	12	25	17	26	22	
25	27	11	8	30	27	28	22	23	32	11	10	28	28	27	32	24	15	9	16	27	14	0	16	34	31	39	34	25	4	28	10	25	24	37	25	32	18	28	1	
28	36	7	32	15	24	20	36	35	22	29	21	30	21	23	29	28	3	1	4	10	17	22	0	6	32	27	8	34	17	15	17	36	1	25	21	17	37	24	21	
31	27	27	40	44	7	33	28	22	5	30	14	13	35	14	33	12	46	11	33	11	36	24	10	0	15	32	33	23	24	12	22	29	27	8	16	9	20	17	6	
21	27	11	31	39	19	36	17	9	27	29	35	23	17	38	29	38	2	28	18	32	29	30	35	35	0	21	38	21	15	9	40	13	11	7	25	45	45	34	24	
26	31	6	30	29	26	35	25	1	37	18	21	15	30	34	23	27	1	5	25	13	5	31	13	27	7	0	3	21	26	9	38	32	27	11	4	24	17	2	4	
20	34	22	6	27	32	25	33	2	20	21	27	29	4	16	3	22	25	22	23	16	20	17	1	14	15	36	0	33	1	25	43	8	19	33	23	33	34	21	12	
31	8	26	28	38	24	5	23	38	22	33	23	30	24	31	32	5	6	28	23	10	21	37	27	6	10	27	39	0	14	29	21	38	26	25	30	5	32	34	23	
20	29	22	41	4	24	2	11	18	27	25	23	13	4	1	18	27	30	25	6	17	15	17	17	17	15	22	26	27	0	2	23	23	13	27	13	10	29	23	1	
23	38	20	24	34	3	36	24	23	19	34	27	22	9	40	23	10	35	32	10	27	23	22	8	29	20	1	18	36	30	0	23	18	11	9	10	33	39	38	27	
34	36	19	23	8	6	33	2	8	25	5	30	35	36	32	29	34	9	35	40	37	16	41	42	38	22	33	1	18	21	20	0	33	35	21	24	17	6	24	35	
21	12	8	19	45	18	22	23	19	20	30	29	22	5	9	19	23	15	27	36	36	21	18	31	14	16	37	7	22	37	26	35	0	14	33	24	34	15	7	30	
6	20	10	18	18	9	13	23	40	29	9	20	25	26	31	33	8	16	35	3	20	16	24	43	22	25	26	23	21	20	35	21	16	0	9	20	10	37	7	12	
1	10	34	2	17	21	20	32	6	14	32	27	16	30	26	17	8	37	25	19	21	32	24	17	3	28	33	9	17	20	14	7	17	38	0	4	13	5	13	20	
19	10	12	10	39	26	16	34	19	14	10	9	30	5	34	4	26	17	26	27	29	21	18	19	12	16	24	40	5	28	6	45	18	13	3	0	32	35	10	29	
28	26	7	18	34	21	26	5	26	5	24	4	37	12	35	13	3	38	42	23	37	26	25	35	36	1	41	33	3	12	32	36	19	18	13	13	0	13	31	23	
18	17	22	33	15	15	41	20	37	20	38	19	21	26	8	28	18	11	7	32	24	32	19	21	8	16	8	42	18	27	31	2	25	33	23	28	1	0	36	25	
18	29	20	28	9	16	28	19	25	29	27	7	33	11	27	25	44	27	26	26	42	27	24	21	38	22	41	1	29	4	21	4	7	21	47	23	32	2	0	27	
11	20	31	13	2	25	4	16	32	14	26	18	12	28	31	14	2	35	17	1	18	14	15	14	7	17	24	21	2	21	29	29	19	32	15	18	27	1	9	0	
M6
0	8	6	7	31	14	6	15	36	30	22	16	11	13	22	18	23	12	18	23	5	7	15	31	26	23	25	10	35	12	4	13	32	24	4	16	7	4	25	6	
2	0	12	13	26	15	12	21	37	36	28	18	1	12	17	24	11	18	15	4	11	13	21	25	23	20	9	16	24	18	9	19	5	30	1	21	13	10	26	12	
39	39	0	34	18	19	38	26	37	29	22	1	24	30	34	29	24	31	9	28	23	15	26	34	28	32	27	10	43	32	17	26	27	12	27	12	24	35	45	48	
8	20	5	0	21	2	15	27	28	13	30	20	23	20	20	30	23	24	28	24	17	19	18	29	8	17	8	22	16	5	5	19	35	31	15	26	17	16	6	18	
1	13	11	12	0	19	11	15	1	14	15	21	11	12	27	23	22	11	23	21	10	12	14	3	9	28	12	9	31	17	7	15	34	24	9	13	12	3	21	11	
15	21	4	26	17	0	11	28	19	39	4	15	26	13	9	19	5	12	21	28	24	25	14	35	28	13	24	10	12	19	19	15	28	27	23	7	16	4	2	13	
19	31	15	30	21	27	0	23	28	19	22	22	2	28	18	7	23	10	19	31	18	1	13	12	7	17	29	20	16	6	2	5	42	5	5	9	30	19	6	25	
9	5	19	20	40	14	18	0	14	7	30	29	8	1	10	31	7	25	23	8	2	20	28	21	26	28	30	8	13	6	9	10	12	20	15	23	20	17	26	19	
28	18	24	37	11	39	24	24	0	39	8	19	5	23	1	8	23	25	11	19	12	30	20	43	21	26	34	3	8	32	22	23	28	20	33	22	25	26	15	3	
29	27	19	16	20	9	37	40	42	0	11	27	40	37	14	16	27	2	33	32	19	12	1	15	23	17	16	23	14	25	5	31	6	20	32	18	33	28	35	24	
24	28	7	8	3	17	20	16	9	42	0	22	16	11	31	31	12	9	4	27	2	34	13	13	35	27	13	17	30	27	32	11	1	15	8	28	26	11	22	34	
15	8	11	23	5	23	11	18	11	29	17	0	25	24	17	17	21	26	17	23	16	25	14	24	16	13	30	4	12	3	10	15	10	21	3	23	26	18	2	12	
26	14	36	35	35	10	18	27	16	27	10	18	0	18	28	38	6	12	30	1	19	12	2	13	33	35	6	15	37	25	29	34	8	15	33	19	4	9	36	33	
15	25	9	26	15	13	9	13	20	38	18	24	19	0	17	29	5	26	26	27	24	23	14	3	12	13	25	24	12	19	5	15	29	1	23	13	6	18	2	25	
21	33	19	27	25	34	19	40	32	7	43	22	27	5	0	13	9	19	19	25	1	23	22	9	29	21	11	21	20	2	27	23	38	30	5	12	17	26	10	16	
17	18	13	28	19	24	13	7	15	39	36	20	5	29	19	0	23	4	31	25	21	13	16	9	31	15	21	25	14	21	21	10	26	31	23	2	28	20	4	23	
16	9	6	4	18	27	12	26	25	20	18	2	25	20	18	9	0	14	29	29	25	26	15	35	10	5	24	17	13	20	20	4	42	18	24	32	27	11	3	18	
2	14	12	7	11	20	3	21	11	35	11	22	17	5	19	20	6	0	16	29	11	13	16	28	22	10	15	8	14	1	10	17	27	21	10	9	13	10	4	12	
12	24	22	23	26	13	15	3	35	16	1	20	19	18	32	29	17	22	0	32	21	7	25	40	29	13	23	12	6	1	20	23	18	25	15	23	23	16	34	7	
10	7	20	21	37	2	15	3	38	8	27	18	25	15	35	4	20	6	27	0	19	21	17	38	30	34	34	12	37	22	18	27	6	29	18	30	21	6	27	20	
22	23	23	33	27	27	5	21	30	37	22	14	20	26	20	1	5	10	10	9	0	14	28	6	25	23	41	23	17	24	20	23	9	23	20	1	20	17	24	22	
16	28	18	11	24	33	8	12	30	11	12	32	23	23	24	17	19	17	3	25	25	0	8	26	21	20	16	3	19	26	22	22	28	20	24	20	9	24	9	7	
31	22	32	31	38	46	14	29	38	40	26	24	29	14	35	30	24	13	7	23	1	28	0	33	24	20	20	11	6	21	27	15	16	28	15	33	26	5	33	20	
26	36	25	11	24	7	25	1	37	41	12	36	17	1	9	44	21	23	29	7	29	2	18	0	34	12	20	25	26	32	15	29	21	4	19	29	29	32	16	3	
33	22	31	31	31	41	14	21	3	6	8	15	29	14	26	34	24	13	23	3	20	6	1	22	0	14	23	11	32	11	26	31	26	11	18	7	32	5	22	1	
41	36	30	29	19	18	11	41	18	13	46	27	2	30	24	31	16	34	9	8	21	18	12	36	1	0	35	33	20	30	15	16	38	29	25	17	40	27	30	33	
4	5	14	14	32	22	14	23	30	4	30	7	9	15	4	26	13	4	18	25	13	15	21	39	21	31	0	3	6	20	12	10	28	20	12	12	15	10	33	14	
16	28	15	27	24	32	21	15	14	23	30	23	27	7	12	38	31	20	2	9	10	27	21	46	5	43	18	0	24	25	6	7	12	4	24	32	27	12	37	26	
22	32	29	30	22	10	26	27	18	10	5	23	36	9	13	10	39	37	20	26	19	15	19	40	40	18	26	24	0	37	4	31	10	2	6	7	33	30	36	12	
19	31	29	28	30	29	2	20	8	34	34	20	17	29	26	22	12	13	17	10	14	16	24	21	22	22	4	9	31	0	17	20	34	13	3	21	12	23	21	10	
1	12	4	4	21	19	11	9	39	5	27	7	16	18	27	23	9	12	21	1	10	12	20	6	8	9	13	15	15	17	0	18	21	29	9	13	12	9	30	11	
25	9	15	16	3	43	21	28	18	44	4	28	28	22	31	41	17	26	25	11	24	11	20	31	41	29	27	24	32	34	25	0	33	3	11	4	21	18	24	21	
23	24	26	25	27	25	24	10	18	43	28	19	9	9	28	33	32	8	39	5	32	34	20	14	32	10	27	24	2	18	9	34	0	41	31	2	22	18	37	33	
13	25	11	23	4	31	21	9	40	40	10	26	19	8	34	35	23	20	9	10	20	24	1	31	31	26	8	13	33	28	17	30	38	0	21	33	20	12	40	23	
4	16	14	15	15	22	8	23	33	36	30	5	19	21	11	26	31	20	2	28	1	15	9	25	24	7	30	6	37	20	12	21	26	21	0	8	15	12	27	14	
31	4	15	42	31	3	38	36	19	25	29	9	21	6	33	36	28	39	34	1	9	42	28	2	3	40	35	19	13	16	13	9	44	11	39	0	17	31	29	38	
28	10	15	25	30	12	13	36	23	43	2	30	19	9	30	28	32	24	38	37	34	27	27	28	31	9	34	37	16	13	22	28	23	31	28	29	0	31	15	8	
30	12	22	21	28	39	4	19	28	36	16	14	19	4	25	24	14	3	16	23	24	18	6	29	19	26	32	1	31	11	19	21	26	18	22	26	28	0	23	40	
6	18	2	17	8	17	2	25	15	30	30	16	17	18	8	22	12	17	25	19	15	16	5	27	22	4	21	15	3	10	10	6	33	20	14	24	17	9	0	16	
41	9	25	10	26	16	9	4	10	14	4	28	19	11	1	29	26	20	41	33	2	23	14	16	29	15	19	42	38	24	24	23	11	27	27	9	12	41	28	0	
M7
0	19	13	26	25	13	25	11	4	27	3	8	29	31	23	17	4	30	4	30	5	9	3	3	3	28	14	17	12	13	10	10	11	18	18	10	21	13	14	22	
28	0	20	26	18	18	14	5	26	23	29	31	27	32	9	12	14	18	32	25	13	31	29	21	36	12	17	27	22	4	20	15	11	18	21	12	22	6	22	21	
5	30	0	17	34	22	28	5	27	11	22	35	29	17	34	8	15	6	5	6	11	21	37	19	37	28	21	19	23	29	21	19	1	27	38	11	5	22	6	22	
29	8	28	0	23	11	35	12	26	28	1	24	32	46	28	15	14	23	30	33	2	26	26	30	34	27	12	2	22	8	20	8	5	14	26	33	27	11	16	41	
5	28	12	2	0	5	31	10	14	27	28	32	1	39	34	6	26	29	6	29	14	32	9	32	31	13	9	1	12	31	19	33	24	27	31	10	19	22	1	37	
16	30	2	11	24	0	20	10	35	7	22	28	33	30	37	5	28	17	18	19	23	18	32	15	28	33	19	15	1	34	21	15	4	15	11	21	1	18	19	17	
18	32	19	6	16	2	0	17	27	16	19	26	15	1	26	22	30	21	6	36	25	23	20	5	6	24	21	17	18	49	26	17	21	25	28	24	3	20	25	26	
30	6	22	26	23	18	17	0	9	2	18	22	32	14	4	22	1	29	37	34	10	20	13	13	23	23	28	14	9	23	7	26	8	17	5	30	18	2	27	35	
23	10	9	9	10	20	4	10	0	19	31	7	2	22	27	8	3	10	24	26	12	22	6	7	19	20	27	16	11	23	9	30	10	17	23	28	17	20	12	19	
32	32	18	15	22	22	9	10	33	0	18	37	31	11	7	26	44	22	32	22	39	36	8	14	12	6	22	29	22	9	23	21	30	21	5	31	17	24	29	10	
8	6	11	26	23	18	22	8	5	10	0	22	32	18	25	25	1	12	27	1	10	13	20	3	23	5	28	14	9	23	7	27	2	17	24	30	18	8	28	17	
25	28	34	21	37	23	4	25	13	37	25	0	5	22	35	23	43	2	27	34	9	35	37	25	27	36	29	16	3	25	40	25	39	11	35	22	11	11	28	32	
12	5	21	8	7	20	17	23	16	29	26	38	0	34	5	5	23	35	21	38	29	34	24	22	1	3	22	16	22	15	21	33	2	22	17	25	30	17	16	27	
31	6	39	35	37	27	12	9	4	20	5	36	23	0	28	31	29	37	4	29	31	21	16	34	35	12	28	19	37	23	35	24	9	23	40	31	32	25	32	31	
29	28	21	4	16	4	13	9	38	17	14	11	25	14	0	24	39	27	26	21	13	26	19	16	30	15	21	25	20	44	19	20	23	15	30	32	20	23	25	9	
18	17	25	15	5	8	33	9	27	30	20	21	14	26	25	0	31	15	19	8	27	8	9	13	29	24	9	14	24	31	19	5	8	13	10	23	12	1	13	35	
27	10	16	20	23	12	16	2	7	18	23	16	28	34	19	19	0	23	31	33	4	14	27	19	17	19	22	8	3	27	1	26	2	11	18	24	12	28	32	29	
37	20	26	30	33	22	26	12	17	28	3	26	7	37	28	3	5	0	27	11	14	4	20	11	26	29	12	18	1	34	11	23	12	4	7	34	22	16	27	38	
18	12	3	15	5	14	17	19	9	20	25	18	14	18	21	19	29	20	0	20	25	16	20	20	19	21	22	14	17	29	3	23	10	13	19	23	14	26	14	36	
21	29	24	20	19	7	17	8	22	29	29	13	28	32	13	11	20	24	9	0	29	15	28	8	21	23	8	28	23	1	26	4	26	12	33	30	20	7	12	15	
4	15	5	11	1	14	20	19	23	12	28	6	10	12	6	15	31	9	13	19	0	19	18	31	21	16	18	10	20	6	6	31	9	16	31	19	17	31	6	38	
8	30	17	19	16	14	34	23	28	21	39	33	24	5	34	21	16	28	30	20	25	0	3	38	14	37	29	25	18	29	21	39	23	12	36	26	30	42	3	29	
29	5	17	26	32	5	30	21	10	27	28	33	15	36	23	12	30	32	33	31	15	30	0	28	3	30	21	3	12	22	23	17	24	8	31	10	21	15	25	29	
25	32	9	36	35	23	40	5	1	31	1	16	6	37	23	4	19	14	7	26	28	38	3	0	19	18	24	8	24	2	25	20	21	28	29	31	25	23	12	33	
7	10	1	20	27	12	8	17	2	9	6	22	7	14	1	19	22	18	14	18	23	14	4	6	0	19	19	15	2	27	1	18	13	11	11	17	12	20	18	7	
12	13	26	28	27	29	34	2	15	24	19	37	8	28	35	25	21	38	24	28	21	36	12	25	17	0	2	26	29	30	26	28	18	12	7	8	17	31	35	31	
24	17	8	23	39	19	26	3	26	6	20	29	27	25	26	26	14	25	15	25	21	21	9	7	6	12	0	27	22	30	8	24	20	18	23	30	19	18	25	13	
9	35	26	9	35	23	43	16	37	45	27	36	34	6	39	13	25	20	25	4	28	39	27	8	36	16	23	0	17	27	31	20	20	28	19	24	6	23	28	26	
21	31	5	33	25	32	33	21	13	27	35	2	34	33	28	24	20	22	1	22	25	35	6	4	22	35	9	17	0	43	23	29	17	11	11	8	21	14	15	18	
14	17	21	1	1	14	28	19	17	28	30	12	6	3	16	15	35	31	15	25	23	24	9	26	10	6	18	10	5	0	11	24	29	21	24	19	22	20	10	13	
21	4	10	14	35	6	27	20	32	12	17	16	22	37	13	13	31	18	25	27	28	8	21	20	11	13	24	16	9	21	0	20	22	5	29	29	6	22	27	29	
19	23	18	14	13	1	28	2	35	23	38	14	22	43	20	5	24	33	27	29	33	27	22	20	24	17	2	22	17	40	26	0	20	6	27	31	17	1	6	31	
16	14	19	4	3	16	33	18	25	22	27	19	12	13	7	17	30	28	17	9	25	13	4	20	21	23	9	12	6	5	5	27	0	15	19	21	16	28	12	24	
20	2	4	26	33	4	3	20	22	26	28	31	25	21	23	23	29	10	20	4	19	5	7	25	3	27	27	31	20	19	10	26	16	0	5	18	20	21	4	15	
19	28	24	20	19	7	8	8	27	29	9	20	28	26	26	11	17	18	26	35	21	17	24	26	30	21	8	20	7	3	19	4	24	12	0	30	23	7	12	37	
20	1	20	17	7	16	3	19	14	22	27	26	16	21	18	2	28	6	13	32	27	18	24	25	21	23	24	16	19	2	5	29	25	15	6	0	16	17	16	20	
4	18	14	19	18	6	33	3	34	28	10	19	27	25	25	10	29	15	8	24	11	22	27	3	29	22	7	3	22	35	25	3	25	11	32	21	0	6	11	12	
11	15	22	21	25	5	18	18	40	27	25	34	10	17	5	8	42	15	20	30	26	27	33	18	29	25	22	18	21	25	27	18	24	7	31	23	4	0	4	27	
17	4	16	12	4	5	31	3	9	27	34	6	13	6	12	14	31	33	18	12	22	30	21	29	10	22	11	13	7	21	30	7	24	15	10	22	21	1	0	17	
23	13	19	18	17	5	24	6	30	21	8	18	17	39	22	9	28	9	24	3	21	17	6	15	12	8	3	21	18	26	4	2	24	2	17	18	15	5	10	0	
