40  2  1
2
	0	69	1	56
	0	99	1	1
	0	49	1	3
	0	46	1	54
	0	6	1	5
	0	15	1	34
	0	55	1	32
	0	89	1	44
	0	25	1	27
	0	41	1	85
	0	64	1	41
	0	75	1	29
	0	64	1	93
	0	44	1	75
	0	1	1	72
	0	36	1	58
	0	78	1	92
	0	45	1	68
	0	19	1	51
	0	73	1	26
	0	47	1	74
	0	25	1	23
	0	51	1	31
	0	88	1	100
	0	18	1	51
	0	20	1	49
	0	91	1	95
	0	85	1	51
	0	75	1	45
	0	94	1	71
	0	3	1	14
	0	64	1	98
	0	38	1	5
	0	89	1	92
	0	65	1	60
	0	86	1	54
	0	3	1	73
	0	63	1	73
	0	44	1	76
	0	24	1	77
SSD
M0
0	45	2	2	6	24	2	29	14	24	24	15	16	10	31	39	22	14	40	31	19	31	31	5	1	34	9	3	22	2	28	17	32	23	10	24	30	17	33	37	
13	0	6	20	13	25	32	9	25	45	11	29	3	29	41	21	19	21	46	8	26	24	17	14	27	35	24	36	2	38	17	24	19	27	30	23	34	24	40	18	
38	16	0	23	33	14	10	6	27	20	15	3	32	9	30	11	3	10	13	27	25	8	9	10	11	24	19	27	32	7	19	24	21	44	21	7	1	9	26	15	
28	24	20	0	29	10	44	6	10	30	31	34	1	14	14	17	20	7	11	10	35	23	19	16	12	18	37	41	16	11	2	31	27	29	33	5	19	18	11	11	
38	33	20	40	0	32	30	23	37	47	20	14	25	26	28	27	14	2	28	19	7	19	19	27	40	42	19	41	39	32	36	5	20	39	11	26	18	5	33	32	
29	9	29	16	20	0	19	27	17	9	6	14	4	14	1	32	28	28	34	22	15	9	8	29	4	33	30	33	9	27	30	19	6	17	31	11	22	29	13	31	
32	18	3	15	43	19	0	8	1	15	14	2	22	11	26	13	9	5	15	10	8	30	6	12	22	23	21	29	16	20	21	19	23	19	23	11	3	4	25	17	
6	2	6	23	9	37	27	0	39	30	26	29	37	34	43	36	13	17	10	34	13	34	17	35	17	14	34	10	29	34	32	20	35	24	26	17	26	20	8	25	
34	12	11	10	22	6	23	31	0	15	8	23	25	35	22	22	31	19	44	43	35	30	29	41	7	25	45	36	28	28	38	32	9	35	39	23	39	33	34	24	
17	12	6	16	36	2	7	26	12	0	13	5	21	16	18	3	27	9	33	12	32	24	21	30	14	26	12	43	1	25	4	36	23	26	35	10	21	26	12	13	
19	33	17	3	23	19	38	10	19	23	0	15	7	22	4	3	20	16	17	19	30	2	11	7	12	33	26	24	22	2	11	14	26	4	28	28	28	32	1	20	
37	11	22	22	23	19	21	17	33	28	39	0	38	37	9	1	43	30	33	33	16	11	16	37	31	36	33	21	22	19	25	27	25	25	18	33	40	34	19	15	
12	27	20	26	34	3	28	15	25	27	24	28	0	6	19	5	18	22	8	25	17	3	26	30	22	38	9	22	27	10	17	4	9	12	33	11	21	14	16	26	
29	2	6	20	21	24	5	14	23	18	23	3	34	0	5	3	15	17	21	8	10	14	11	18	2	19	27	31	23	24	27	1	29	21	29	17	9	17	27	23	
27	28	43	14	18	18	39	26	43	18	29	38	31	38	0	38	36	26	42	30	25	8	6	27	22	48	43	37	19	45	41	17	37	15	35	38	30	27	35	44	
24	19	25	21	30	15	31	29	15	30	36	4	24	19	11	0	19	12	19	15	1	19	18	28	17	21	34	13	8	22	7	29	5	15	10	32	24	5	14	16	
9	27	32	13	36	18	3	9	20	10	17	8	33	25	29	2	0	4	8	19	27	2	22	18	29	4	16	33	3	4	20	23	31	4	34	28	37	28	24	23	
37	7	31	32	32	33	23	7	40	32	15	1	7	38	20	5	31	0	25	32	28	29	10	29	10	8	29	11	31	33	32	27	30	29	34	38	30	7	29	31	
40	26	21	17	9	11	35	14	11	1	26	23	8	15	27	12	21	8	0	11	22	8	20	20	13	11	12	37	17	32	3	18	32	32	26	19	16	18	5	12	
9	17	21	17	33	8	26	24	11	18	25	24	20	15	24	30	26	8	8	0	28	18	20	25	13	4	37	30	17	23	3	12	7	16	8	19	20	6	27	12	
31	18	20	8	27	17	32	26	8	28	11	38	35	31	33	8	37	15	8	5	0	1	25	26	15	5	3	10	36	7	28	20	2	17	41	5	31	29	6	34	
40	28	26	22	28	16	11	7	16	36	25	15	25	13	27	23	19	13	25	16	37	0	21	22	17	30	31	39	12	31	8	39	4	20	29	21	13	21	32	17	
12	25	16	14	30	25	11	5	20	10	23	27	16	4	36	33	1	22	2	2	43	29	0	23	27	2	33	40	16	27	17	36	31	7	1	18	34	37	19	26	
2	3	44	22	26	18	17	25	34	21	14	32	22	7	7	19	15	29	4	34	14	16	14	0	20	34	14	39	2	38	26	25	39	23	40	21	20	22	28	31	
9	26	30	31	4	5	23	10	25	5	26	24	24	13	20	37	24	12	28	29	17	29	27	32	0	30	27	11	3	5	35	7	26	15	19	23	28	15	26	22	
18	3	30	18	19	20	7	24	12	18	1	17	29	21	14	25	25	6	31	4	32	7	21	1	5	0	13	20	17	17	12	30	36	1	36	27	19	20	36	21	
49	35	37	36	20	30	28	25	1	22	30	40	29	34	44	33	38	27	2	30	17	1	11	5	32	30	0	14	8	31	22	31	30	19	17	21	37	2	26	10	
3	4	2	18	29	29	44	31	36	4	16	4	42	33	10	25	27	23	29	1	35	19	17	37	13	27	39	0	6	36	45	15	40	26	38	34	39	19	31	3	
18	33	31	36	23	34	3	23	4	18	9	18	18	26	41	28	24	26	30	10	27	23	12	10	15	45	18	13	0	15	28	33	35	48	38	16	18	26	20	31	
32	9	15	32	23	28	29	12	31	15	13	22	12	39	33	30	2	31	11	15	26	21	13	3	37	12	42	30	41	0	27	34	48	17	21	37	32	17	35	21	
34	25	15	11	29	5	39	19	5	25	26	29	14	9	21	24	20	2	26	5	31	24	14	23	7	19	32	36	11	26	0	32	26	37	28	22	14	19	21	6	
8	11	31	21	19	8	2	2	8	7	29	24	20	14	24	23	27	27	33	18	32	30	25	32	27	11	43	25	23	35	24	0	12	29	36	33	25	4	3	33	
39	18	23	25	2	13	6	15	3	11	20	18	28	23	11	35	17	10	16	19	15	20	14	24	21	3	27	6	25	40	11	13	0	21	1	30	26	13	8	20	
23	30	30	39	41	17	40	35	4	4	32	30	5	46	33	22	7	3	19	25	40	38	6	7	23	14	4	14	13	9	36	7	30	0	13	40	42	39	31	3	
45	32	36	5	24	33	29	22	15	36	24	12	25	25	46	8	23	32	28	43	6	9	13	26	45	25	35	30	35	7	35	30	37	25	0	4	17	16	14	19	
31	31	2	19	10	13	18	27	13	13	31	18	13	17	29	5	28	10	23	12	7	10	5	30	15	27	35	44	6	22	5	21	30	44	27	0	22	21	29	6	
36	12	22	19	37	13	28	2	23	29	11	12	32	5	26	7	3	20	9	23	21	25	5	6	25	37	15	23	29	15	15	44	17	42	17	5	0	5	22	11	
43	8	29	25	9	20	2	9	1	24	18	19	3	12	33	14	10	17	4	30	22	10	2	13	32	34	11	25	31	22	22	6	1	27	24	12	4	0	28	18	
30	30	31	17	5	6	40	19	38	21	27	25	25	34	2	6	3	13	15	30	18	11	9	17	25	36	30	10	22	15	37	16	26	18	13	32	26	16	0	13	
48	17	3	37	39	31	44	12	30	5	5	29	22	23	40	25	4	10	11	5	25	38	23	10	31	24	33	33	37	11	23	32	20	45	21	23	15	23	4	0	
M1
0	26	20	23	31	11	30	24	16	22	49	2	18	20	23	30	30	21	25	8	35	24	30	32	7	21	30	34	4	23	10	2	16	9	18	5	2	1	26	34	
18	0	16	28	22	35	9	1	6	4	43	11	25	1	9	6	23	4	18	14	36	18	3	20	26	1	3	7	21	29	3	7	21	41	5	32	28	11	27	7	
16	16	0	23	17	43	7	1	23	21	37	28	27	18	9	23	16	6	5	27	18	10	11	27	14	17	20	24	25	24	20	8	2	22	18	32	35	12	26	13	
19	28	31	0	20	46	26	27	13	14	33	39	30	26	3	35	19	16	17	20	26	13	32	30	17	27	18	29	26	27	32	11	5	14	34	37	33	40	29	29	
22	3	20	29	0	21	1	5	10	8	38	15	19	5	13	10	7	8	21	18	40	22	7	13	30	2	7	5	6	2	7	11	25	25	9	14	21	15	4	11	
41	25	38	20	42	0	35	11	32	28	30	37	14	2	21	32	41	30	44	40	49	26	21	32	33	27	23	31	26	22	29	33	27	28	31	41	17	37	17	30	
29	27	41	18	32	33	0	24	2	18	5	39	45	26	37	34	31	32	17	15	19	31	6	28	23	4	7	13	43	22	28	27	45	18	7	1	22	32	22	12	
23	35	45	25	27	41	31	0	39	40	42	10	14	16	39	25	35	39	27	1	38	25	32	34	36	34	6	6	38	12	12	17	32	9	30	14	25	17	8	43	
31	31	12	38	23	14	22	4	0	9	29	39	35	11	24	7	2	10	7	35	6	2	26	3	29	12	12	33	29	5	21	2	17	30	28	30	14	27	12	15	
26	21	35	44	13	34	19	11	3	0	19	21	37	21	16	28	21	8	8	26	17	32	25	24	6	20	25	11	23	20	2	14	36	27	27	1	27	17	22	29	
18	3	20	19	19	9	3	4	10	8	0	2	29	5	11	10	5	8	19	18	29	12	7	24	16	5	2	11	25	19	4	10	4	29	9	36	10	2	12	11	
31	33	29	8	46	5	25	33	8	38	22	0	45	35	24	1	15	38	23	48	9	37	10	19	39	27	30	33	14	21	17	12	32	2	36	21	19	18	35	41	
29	20	37	12	26	15	22	22	27	13	43	25	0	22	14	17	22	25	21	31	28	29	1	41	30	22	9	28	15	6	24	27	21	37	8	42	42	32	3	26	
37	18	32	39	10	36	16	20	19	23	29	2	6	0	14	14	22	23	34	3	23	37	19	3	40	17	14	20	21	9	22	15	37	11	24	29	8	10	13	1	
1	27	41	28	19	26	23	29	17	32	35	38	27	13	0	34	31	11	23	30	35	8	11	7	29	3	22	17	30	26	8	22	17	21	33	38	27	23	28	17	
8	4	17	14	27	10	5	6	11	9	34	16	18	6	14	0	22	9	23	19	15	20	8	12	1	6	8	11	6	18	8	12	22	21	4	23	12	2	19	12	
33	14	31	27	6	11	12	15	14	19	40	26	30	9	6	6	0	15	8	1	34	30	18	24	34	13	18	16	17	13	18	22	22	36	17	25	28	26	15	22	
17	26	32	36	18	23	19	28	33	6	2	38	42	7	27	33	4	0	35	3	16	14	30	36	32	25	30	25	26	7	20	20	20	3	9	15	37	35	27	27	
23	28	44	46	31	27	35	27	19	11	29	20	9	30	23	35	17	21	0	22	39	7	32	39	28	8	24	12	19	38	32	5	16	35	4	33	14	31	34	36	
25	24	34	46	36	25	17	22	20	17	27	36	40	20	34	31	8	18	16	0	43	42	5	23	38	26	12	13	46	19	1	21	35	14	26	46	16	16	24	20	
6	31	12	38	26	3	22	16	38	36	17	36	14	9	15	4	20	4	20	18	0	1	21	33	29	32	6	8	6	11	28	13	17	29	4	9	26	27	35	26	
27	8	25	32	31	36	5	10	15	13	4	14	10	10	18	15	15	13	21	23	32	0	12	9	35	10	12	16	4	38	12	16	30	5	14	38	2	20	30	16	
2	2	19	31	13	1	12	4	9	7	37	10	28	4	12	9	25	7	21	17	24	21	0	23	26	4	6	7	18	20	6	10	24	9	8	31	20	14	22	10	
21	29	13	13	33	36	8	12	36	2	35	29	40	31	25	14	24	5	5	32	34	26	6	0	23	22	24	13	41	29	31	18	18	38	34	38	2	1	22	29	
32	27	21	10	19	28	25	25	9	26	37	26	43	27	4	34	27	30	23	27	42	32	24	3	0	15	31	15	18	20	8	28	24	23	29	30	33	23	28	15	
34	15	23	19	38	34	9	12	9	14	15	9	37	17	14	22	2	20	16	30	11	34	19	30	17	0	16	11	20	34	19	23	28	16	14	3	25	7	43	15	
12	12	20	29	35	6	22	14	19	11	37	6	36	14	22	19	4	17	18	3	32	31	16	33	7	14	0	20	34	8	16	6	25	2	11	38	1	1	36	4	
21	20	35	42	22	7	28	22	27	8	32	32	4	5	14	27	21	18	30	24	29	15	24	32	19	22	16	0	14	24	15	13	7	43	25	6	8	27	31	28	
3	33	43	47	26	31	23	26	36	38	44	10	45	20	6	40	9	11	39	40	46	18	4	35	38	32	21	8	0	31	24	32	26	13	39	22	21	8	25	21	
23	4	21	33	7	33	13	6	11	9	19	16	30	6	14	11	19	9	20	19	1	23	8	24	11	6	8	12	18	0	8	12	26	37	9	15	20	16	16	12	
10	9	19	38	32	39	19	11	16	14	26	21	33	5	19	16	33	14	1	24	40	28	11	8	27	11	9	10	31	39	0	6	20	44	15	42	11	1	37	17	
11	10	27	10	24	33	20	4	17	15	40	5	36	12	19	17	20	15	28	25	15	23	1	31	27	12	14	18	18	12	13	0	15	27	16	39	38	22	3	18	
9	18	23	44	10	36	16	17	25	23	30	29	20	20	2	25	9	23	18	20	35	3	22	20	7	17	22	20	21	17	22	1	0	31	24	29	28	30	19	26	
2	4	17	7	17	40	5	6	11	9	5	16	18	6	9	11	16	9	13	16	6	10	8	25	14	6	8	12	26	6	8	8	2	0	10	36	2	7	10	12	
14	12	28	16	35	10	18	4	19	4	23	17	6	14	22	19	27	17	30	27	49	22	5	33	16	14	16	20	34	19	15	11	33	45	0	42	2	21	40	20	
1	16	15	4	20	12	25	15	23	14	32	5	6	15	26	18	32	1	17	7	22	28	8	17	26	18	5	10	31	5	20	24	20	31	22	0	12	11	29	24	
10	30	39	11	26	3	32	24	37	6	33	42	6	32	18	2	13	24	1	36	36	19	22	36	23	5	6	15	35	2	31	17	11	15	10	8	0	2	35	30	
23	16	28	28	8	34	13	18	20	21	9	19	25	13	26	15	15	8	28	21	42	16	20	26	28	14	20	18	19	15	13	24	33	31	5	7	34	0	17	15	
16	21	24	42	17	23	5	16	2	6	5	32	17	23	9	24	3	26	6	25	23	10	18	10	14	23	17	25	3	24	25	8	2	38	27	36	23	11	0	10	
24	20	26	40	41	43	7	22	26	17	36	14	11	15	30	27	16	25	27	7	7	9	11	9	41	6	24	28	31	8	24	2	31	33	4	40	34	13	36	0	
