40  2  1
2
	0	48	1	58
	0	67	1	50
	0	80	1	99
	0	73	1	26
	0	87	1	47
	0	37	1	19
	0	74	1	16
	0	68	1	55
	0	74	1	64
	0	14	1	13
	0	26	1	3
	0	81	1	73
	0	78	1	32
	0	26	1	58
	0	100	1	16
	0	17	1	1
	0	7	1	16
	0	80	1	55
	0	20	1	21
	0	77	1	30
	0	25	1	70
	0	70	1	19
	0	10	1	37
	0	85	1	47
	0	82	1	31
	0	68	1	46
	0	84	1	36
	0	97	1	69
	0	92	1	76
	0	100	1	66
	0	47	1	4
	0	85	1	88
	0	33	1	31
	0	93	1	17
	0	46	1	52
	0	11	1	11
	0	80	1	39
	0	19	1	20
	0	41	1	90
	0	71	1	18
SSD
M0
0	51	45	2	49	10	56	42	21	25	53	27	67	51	46	32	18	34	52	80	47	18	12	60	53	75	27	13	90	49	19	14	47	50	2	26	7	27	51	33	
36	0	28	53	19	49	71	41	42	29	41	36	59	11	34	30	41	6	55	92	18	18	44	20	17	63	1	16	33	53	36	22	47	85	47	14	35	21	67	40	
64	76	0	36	10	50	81	22	47	67	59	4	36	61	27	26	43	5	5	37	92	19	67	23	22	46	43	43	15	50	31	66	42	53	63	41	44	44	90	65	
33	75	22	0	73	85	68	68	5	65	38	79	1	68	82	40	75	68	60	60	71	50	55	6	33	94	15	18	69	8	7	78	40	57	17	72	75	58	96	66	
67	58	34	28	0	56	8	6	68	14	8	29	83	12	36	68	55	49	52	96	37	74	49	2	57	63	77	55	70	18	60	39	23	51	32	67	80	26	76	62	
3	4	21	53	54	0	68	51	72	1	38	71	70	27	9	47	52	36	39	75	49	33	27	36	68	80	51	64	66	66	18	52	63	3	19	53	58	57	4	68	
22	39	13	38	50	64	0	47	31	15	45	75	38	20	37	22	45	19	7	21	1	29	2	49	43	48	30	45	68	63	33	32	38	79	16	38	59	40	65	25	
9	64	29	43	51	34	43	0	54	9	13	71	43	26	31	23	50	44	12	59	38	34	3	51	44	36	31	50	73	53	27	4	29	74	9	72	64	41	71	58	
51	66	25	53	44	56	35	58	0	32	5	77	34	40	36	44	13	67	49	11	62	6	42	65	6	35	28	52	61	70	47	46	31	66	44	28	49	51	70	34	
67	67	6	55	39	56	53	36	58	0	23	66	55	12	8	40	62	21	24	68	55	46	68	76	61	65	62	62	51	51	46	39	48	80	4	82	78	58	50	53	
56	69	21	49	52	48	4	51	60	1	0	75	49	27	23	39	21	36	18	75	31	40	19	67	57	59	47	21	66	60	26	15	63	67	13	33	54	57	42	62	
25	61	24	56	6	52	27	76	8	46	73	0	48	72	65	55	26	81	34	56	37	56	85	68	73	75	70	68	57	87	60	68	49	6	64	46	67	64	20	89	
59	54	42	26	36	44	26	84	39	57	36	92	0	83	45	3	11	45	47	70	64	28	44	77	24	79	67	8	24	59	73	43	44	18	68	65	68	21	17	69	
58	29	61	92	7	18	60	29	97	41	32	48	95	0	13	69	45	56	65	91	44	43	49	48	83	87	63	79	57	31	70	1	10	58	59	64	85	83	59	24	
41	14	59	24	76	1	52	43	15	39	22	45	73	64	0	51	45	74	42	65	66	64	31	34	39	83	59	69	72	50	56	30	71	21	27	52	43	8	42	17	
39	38	32	6	16	33	46	64	19	37	16	81	58	63	25	0	44	25	35	50	59	8	24	57	4	62	47	63	49	87	61	23	74	72	51	45	66	1	51	86	
71	70	24	56	24	36	31	94	60	67	75	74	43	67	47	50	0	92	29	82	89	48	54	85	58	61	67	67	82	74	55	49	35	46	81	48	50	31	50	78	
80	57	18	65	70	92	26	71	78	23	51	16	70	49	3	42	59	0	61	14	37	62	83	43	59	90	72	58	7	63	83	76	24	76	35	69	90	60	83	84	
41	56	49	11	34	51	56	82	22	42	34	78	11	37	13	1	18	43	0	37	67	2	42	74	19	21	18	18	41	64	6	41	25	71	38	59	75	19	69	40	
11	21	30	52	34	45	70	56	24	10	40	41	49	1	11	29	40	45	48	0	71	25	70	50	36	17	8	28	75	2	24	28	37	84	28	13	17	47	66	51	
18	13	20	68	68	76	92	51	28	52	87	49	71	58	27	59	78	64	40	89	0	39	39	86	79	28	25	51	90	61	55	80	46	73	68	60	73	77	105	99	
13	43	24	31	54	48	61	54	72	4	41	69	65	30	20	36	23	39	42	86	73	0	68	57	43	69	79	15	41	47	58	35	8	76	22	20	10	54	67	67	
66	63	23	33	38	60	43	53	46	3	40	83	72	29	25	10	71	38	41	77	25	35	0	38	31	78	18	79	68	68	63	50	40	67	21	72	81	28	58	52	
80	11	85	32	97	40	35	63	87	65	76	56	61	89	86	72	94	84	84	96	74	38	52	0	93	97	79	6	49	43	95	19	59	80	83	69	53	90	81	64	
25	74	50	35	58	62	2	80	46	30	15	98	35	56	33	25	42	53	4	61	52	26	17	65	0	10	42	42	28	27	30	56	39	24	48	74	4	43	83	64	
38	43	60	54	58	2	23	85	67	40	64	20	57	46	12	31	64	73	26	58	53	48	38	75	34	0	42	26	87	60	52	46	71	7	58	58	49	49	43	86	
13	70	10	37	50	64	2	3	47	58	50	70	37	63	39	17	21	59	6	63	73	5	58	32	38	9	0	43	67	55	9	27	51	74	8	38	59	35	78	57	
49	44	35	45	46	72	55	14	43	15	52	41	4	32	37	22	56	30	36	86	6	47	2	12	40	59	30	0	68	17	10	52	21	59	33	52	73	30	56	15	
41	6	28	76	40	51	48	62	60	46	24	81	39	7	36	53	21	79	45	97	43	56	33	81	8	86	58	39	0	26	71	10	20	74	63	76	68	59	78	57	
26	6	29	53	21	84	75	64	64	35	54	38	53	61	55	42	57	70	22	37	57	20	22	12	51	63	28	34	28	0	29	43	67	45	53	87	37	60	49	82	
39	55	62	23	47	41	75	69	55	55	45	40	44	14	38	34	45	14	13	70	17	30	42	55	52	54	25	10	37	67	0	41	50	81	20	18	39	52	71	64	
62	17	47	33	31	59	54	18	44	58	31	89	41	67	43	31	16	27	10	67	19	21	57	52	25	1	48	48	71	66	28	0	38	69	34	71	73	49	73	70	
77	2	33	65	33	45	40	103	69	74	47	82	52	76	56	59	2	58	38	63	62	22	63	65	40	70	42	42	14	6	64	58	0	55	77	57	59	40	26	68	
69	64	49	78	23	45	64	56	79	54	79	71	76	21	60	61	26	57	62	88	26	72	41	89	14	33	69	41	92	31	8	48	57	0	69	67	83	64	18	71	
42	40	2	27	58	33	28	28	8	67	58	16	29	93	67	25	40	58	41	32	100	50	66	71	46	82	54	72	52	1	36	61	5	53	0	87	97	43	64	3	
12	60	35	28	38	24	46	86	41	39	16	38	34	40	9	5	16	38	52	67	73	1	46	26	26	38	69	63	71	57	68	45	58	60	55	0	10	23	42	52	
2	67	55	39	49	60	79	81	51	35	49	29	41	41	43	16	48	15	10	67	40	32	57	87	37	51	48	48	11	1	36	56	32	73	7	76	0	34	84	56	
22	47	37	46	52	60	34	44	33	17	52	63	46	43	39	24	24	52	15	72	39	37	4	49	12	56	32	53	67	71	41	3	54	52	31	25	46	0	61	66	
15	46	38	26	38	39	45	68	47	18	35	57	53	44	28	11	7	53	43	55	30	13	52	45	32	57	75	76	76	57	49	7	29	26	10	8	29	29	0	28	
71	72	10	62	72	31	51	25	75	50	72	33	81	76	72	39	84	81	88	103	77	22	61	29	57	28	89	42	85	40	86	78	86	71	35	95	102	56	72	0	
M1
0	15	37	15	40	37	3	41	32	18	7	62	37	40	60	32	42	32	23	10	50	39	36	64	5	30	30	47	17	22	51	41	31	39	33	23	47	48	38	22	
32	0	10	34	44	25	17	27	30	49	26	50	30	37	49	63	8	50	42	29	67	31	25	26	40	22	35	37	36	38	28	9	4	14	38	37	51	49	37	12	
24	49	0	49	59	40	64	42	45	84	41	65	71	66	64	79	23	65	57	44	56	52	80	46	30	53	42	19	35	56	43	9	49	41	31	73	11	59	52	56	
33	35	27	0	14	26	45	28	31	37	27	51	35	52	50	38	9	51	38	14	54	31	50	32	41	39	17	51	37	30	29	9	40	38	62	29	11	29	38	42	
6	20	57	32	0	28	58	63	5	28	50	52	46	8	29	42	44	53	44	28	46	39	44	61	49	5	51	53	56	65	9	36	49	49	49	52	1	23	9	29	
43	11	33	11	30	0	11	21	28	43	3	6	33	7	5	42	46	6	19	25	64	35	62	37	17	17	38	43	13	18	52	30	27	3	19	31	40	46	27	18	
47	14	46	47	23	35	0	42	39	16	41	58	56	31	57	30	23	51	55	36	73	23	36	46	29	11	11	35	20	56	32	26	33	37	42	4	28	53	20	19	
9	31	57	37	1	15	1	0	6	33	35	40	55	34	39	10	40	40	51	53	67	17	22	63	17	28	28	14	37	17	43	13	1	17	41	21	45	62	37	18	
17	27	47	32	49	43	40	45	0	72	44	66	45	59	46	77	26	68	60	47	85	8	70	49	44	45	31	33	35	59	35	67	57	44	43	53	67	49	17	8	
23	28	48	28	9	6	31	37	10	0	28	31	46	32	30	1	42	26	44	7	47	8	7	33	8	42	31	34	18	28	62	53	33	8	13	51	22	45	7	9	
37	5	27	5	45	41	44	57	22	40	0	66	27	36	50	36	40	56	13	19	59	31	56	63	11	61	48	37	7	12	51	31	21	43	66	36	42	40	38	12	
38	10	56	43	6	21	46	29	25	2	43	0	37	47	45	16	52	28	50	22	62	20	22	12	11	14	12	42	19	43	61	33	48	23	28	61	37	60	22	17	
52	55	77	25	38	35	52	54	21	16	53	60	0	52	59	30	35	55	39	36	53	1	25	54	37	11	24	59	47	21	55	60	31	37	42	46	8	56	36	38	
31	29	51	19	30	35	58	67	46	49	21	42	51	0	19	60	54	26	7	10	50	30	57	51	10	25	52	23	31	34	15	34	40	45	35	11	35	36	24	26	
49	60	80	60	9	38	63	32	17	37	58	7	38	13	0	33	40	45	25	37	68	40	57	16	40	61	53	34	65	60	60	9	62	40	4	54	57	72	43	41	
45	26	46	26	53	4	29	35	44	61	26	29	44	30	28	0	40	29	42	48	84	6	65	59	6	40	29	32	31	26	60	53	50	6	30	49	43	51	30	7	
8	10	32	10	20	1	31	3	6	45	2	26	32	27	25	41	0	26	18	5	43	36	46	7	16	14	46	38	12	17	4	36	15	23	39	41	47	25	13	17	
32	32	13	32	25	2	32	42	21	3	24	27	20	26	26	7	48	0	40	23	63	14	23	49	14	38	37	40	34	12	68	51	48	14	29	52	38	59	23	15	
3	53	37	53	41	40	47	65	44	21	45	65	63	2	64	35	46	39	0	2	42	42	41	67	42	49	40	63	49	60	57	28	67	42	47	67	56	40	41	43	
32	31	66	36	58	39	61	41	29	50	40	64	31	30	63	36	22	7	28	0	10	43	21	45	37	17	66	31	50	55	42	16	53	43	26	64	71	8	51	44	
10	50	1	9	13	53	46	51	51	34	53	78	61	50	69	48	44	68	69	49	0	14	54	21	55	56	37	32	44	59	46	32	17	37	60	59	46	64	33	31	
39	41	58	5	45	32	40	34	37	67	33	56	59	32	56	55	15	44	49	36	59	0	57	34	47	25	4	57	43	48	35	40	46	17	41	26	42	36	41	41	
54	22	22	45	25	55	28	63	59	36	62	48	51	54	79	50	44	49	75	56	71	57	0	67	45	55	9	30	55	77	51	49	75	20	44	48	45	28	33	50	
48	33	61	34	28	38	52	69	56	74	31	23	45	36	62	33	62	36	34	10	50	40	43	0	39	40	63	27	41	45	51	22	55	40	64	28	52	22	41	41	
32	52	14	52	61	53	72	50	69	50	44	78	43	28	77	48	75	68	8	31	71	55	41	94	0	78	46	73	54	47	68	39	63	49	42	42	66	20	58	56	
14	35	43	35	17	24	48	63	34	53	46	38	45	44	15	43	49	49	52	44	54	16	43	47	26	0	14	2	43	61	1	40	30	35	35	1	25	22	10	16	
37	41	23	26	66	56	47	73	48	62	64	81	41	75	63	66	61	4	52	66	33	73	81	83	70	69	0	48	27	71	81	4	86	55	62	67	63	60	69	74	
60	22	68	56	60	52	21	37	5	53	63	77	60	66	71	65	45	28	68	21	16	32	58	68	66	48	17	0	38	78	65	29	70	64	15	41	27	37	10	56	
45	36	44	45	21	38	49	5	26	58	39	13	54	64	55	70	21	32	53	42	8	21	50	44	27	51	41	33	0	54	41	24	31	36	60	2	26	61	18	17	
35	10	20	10	16	20	49	60	27	41	2	45	32	34	44	37	45	19	18	24	64	32	30	8	16	31	53	42	12	0	21	36	1	42	58	41	47	9	30	17	
38	35	44	30	12	19	48	59	29	48	41	44	40	45	43	45	51	44	57	39	79	35	38	74	46	6	38	41	43	56	0	62	36	41	43	53	60	17	5	16	
54	48	58	48	3	18	48	17	47	65	40	43	53	20	42	58	56	18	52	4	44	26	2	17	13	30	25	42	50	55	20	0	60	31	11	68	51	30	29	40	
41	13	35	13	52	49	45	65	20	48	5	37	24	2	51	44	48	50	21	27	38	21	44	39	19	20	44	38	15	20	36	39	0	51	40	44	50	48	45	13	
64	14	68	51	45	57	6	59	61	38	55	56	69	17	79	52	40	73	42	58	65	31	42	63	51	33	33	57	42	70	54	30	55	0	7	26	20	66	7	41	
38	20	24	43	24	19	33	15	25	2	41	41	38	22	39	16	36	41	57	22	53	20	22	48	23	53	40	26	14	34	56	64	48	23	0	53	18	16	22	1	
61	23	31	32	8	54	36	56	41	50	54	65	41	51	42	64	37	70	40	36	58	8	37	60	14	52	30	20	31	66	57	67	18	23	47	0	13	48	5	4	
30	13	54	26	42	23	53	25	28	67	24	48	54	49	47	63	6	48	40	13	6	2	64	29	38	15	25	60	34	39	26	58	37	38	36	47	0	47	35	39	
6	35	54	33	44	13	38	44	47	51	35	38	3	39	37	8	49	38	48	42	82	15	1	68	9	38	38	41	40	35	28	52	48	15	39	50	43	0	37	16	
19	27	37	27	31	18	48	11	23	52	19	29	4	44	42	58	1	43	35	22	36	37	57	24	33	25	57	55	24	34	15	53	13	40	13	58	44	36	0	32	
41	1	21	25	45	34	14	36	19	46	35	43	19	49	20	54	17	59	51	38	76	1	47	40	18	40	24	7	9	50	37	45	48	37	40	34	41	26	26	0	
