40  4  1
4
	0	55	1	6	2	70	3	64
	0	85	1	30	2	43	3	22
	0	46	1	61	2	89	3	61
	0	36	1	4	2	98	3	31
	0	30	1	55	2	37	3	33
	0	14	1	95	2	78	3	8
	0	50	1	2	2	99	3	98
	0	37	1	11	2	43	3	51
	0	91	1	27	2	83	3	63
	0	69	1	38	2	93	3	43
	0	80	1	14	2	30	3	72
	0	76	1	82	2	95	3	83
	0	27	1	98	2	2	3	67
	0	99	1	74	2	90	3	19
	0	100	1	22	2	56	3	43
	0	71	1	25	2	81	3	92
	0	23	1	47	2	97	3	23
	0	57	1	41	2	2	3	78
	0	12	1	20	2	17	3	28
	0	30	1	94	2	67	3	42
	0	37	1	97	2	4	3	61
	0	73	1	48	2	7	3	100
	0	21	1	23	2	46	3	95
	0	19	1	39	2	77	3	81
	0	63	1	65	2	7	3	62
	0	18	1	18	2	55	3	100
	0	3	1	8	2	86	3	57
	0	32	1	42	2	12	3	39
	0	3	1	99	2	60	3	45
	0	72	1	30	2	76	3	24
	0	75	1	56	2	6	3	69
	0	56	1	65	2	66	3	23
	0	32	1	24	2	4	3	71
	0	1	1	63	2	10	3	37
	0	67	1	97	2	23	3	16
	0	47	1	92	2	49	3	6
	0	72	1	88	2	86	3	25
	0	14	1	44	2	16	3	19
	0	84	1	58	2	18	3	10
	0	89	1	74	2	1	3	27
SSD
M0
0	28	2	27	10	21	36	35	31	39	33	27	37	36	36	8	38	2	38	44	38	36	16	7	31	12	28	3	44	29	3	28	1	38	10	1	27	28	3	5	
5	0	30	2	29	30	21	23	27	30	21	32	25	36	5	24	14	33	16	35	22	1	17	29	15	30	16	17	30	38	23	29	11	28	17	3	26	10	10	33	
3	17	0	10	7	5	17	7	20	30	8	1	3	25	31	9	1	8	8	15	8	12	22	25	1	28	18	7	21	23	28	19	8	3	17	27	22	21	12	29	
24	20	17	0	10	8	20	17	23	31	1	30	23	38	29	12	29	11	22	15	8	24	7	26	8	37	37	10	24	26	31	14	11	6	5	30	19	2	15	9	
19	18	28	36	0	19	10	15	24	34	6	35	38	3	34	23	21	14	8	11	22	19	29	27	34	28	30	21	30	30	13	8	22	17	31	29	4	21	25	39	
38	18	25	35	30	0	1	25	1	46	16	8	19	42	39	14	24	23	30	10	9	12	45	35	26	21	45	5	31	4	31	7	3	39	32	8	27	10	29	36	
12	17	14	23	7	5	0	4	20	27	8	15	13	28	15	9	13	8	21	15	8	23	20	3	6	6	16	7	14	18	21	19	8	3	17	27	18	1	12	17	
16	20	20	8	16	34	32	0	19	40	27	36	10	28	32	18	7	2	23	26	6	12	28	25	5	40	38	19	21	35	28	32	37	40	25	26	20	3	22	33	
9	9	7	31	11	17	23	22	0	29	20	39	24	11	25	27	5	1	22	18	32	13	19	39	6	6	15	9	40	18	14	27	21	44	9	5	18	31	15	32	
34	27	24	13	17	15	27	15	30	0	18	36	36	3	35	9	34	10	20	19	14	24	7	35	9	13	33	17	31	33	26	29	18	13	15	27	6	29	22	30	
27	3	42	26	16	29	35	23	27	29	0	15	43	26	28	32	5	23	9	12	28	27	35	6	7	29	39	20	12	31	19	18	6	31	6	30	32	22	25	24	
35	25	43	18	19	29	42	31	1	24	33	0	35	29	36	19	6	26	20	20	14	16	6	16	19	15	48	3	15	25	22	8	31	34	29	30	15	16	28	43	
24	3	42	29	22	19	16	9	27	4	29	29	0	17	22	32	30	23	17	4	19	36	28	9	27	3	28	24	16	29	23	16	23	35	33	24	39	22	1	33	
28	14	6	32	14	9	24	13	17	10	11	29	5	0	10	9	18	15	19	22	15	14	10	23	30	7	6	14	19	5	26	11	5	10	11	23	20	22	18	19	
15	30	2	22	29	27	8	28	1	36	1	7	18	11	0	1	18	19	15	25	30	21	34	16	18	35	30	6	20	37	27	29	23	25	38	9	29	22	22	41	
22	15	12	1	5	3	15	28	18	18	2	4	31	7	30	0	2	6	40	13	6	29	41	4	29	7	37	5	19	21	19	17	6	1	15	11	9	20	10	21	
24	19	46	35	25	36	38	26	35	35	32	31	25	16	7	33	0	18	38	29	47	28	41	43	29	35	48	4	45	5	13	5	19	44	18	12	24	18	6	14	
27	9	10	30	12	10	1	3	12	15	1	13	10	22	42	14	13	0	5	20	13	9	5	23	30	6	1	12	19	12	4	7	13	8	2	12	15	17	13	18	
29	23	29	26	24	8	23	2	19	14	25	15	22	8	30	16	41	16	0	7	25	21	32	38	14	8	30	4	34	10	29	5	2	20	15	9	18	1	5	19	
27	20	17	6	10	8	16	30	20	20	11	30	32	19	8	12	11	11	36	0	11	17	26	28	2	43	23	10	24	4	30	22	3	6	20	26	20	25	15	1	
22	12	19	22	25	12	11	12	16	19	10	26	14	16	41	27	17	10	18	7	0	5	9	6	13	26	5	10	2	21	9	13	26	21	3	34	19	21	15	22	
1	7	15	24	8	6	18	3	16	19	9	22	14	18	16	10	17	9	16	8	9	0	9	8	15	7	5	8	4	4	11	15	8	4	14	7	19	9	4	19	
32	4	45	4	11	12	27	18	26	12	36	32	8	25	18	2	6	13	5	22	35	21	0	21	16	25	31	18	17	27	8	22	10	36	2	18	18	4	16	29	
26	10	28	1	4	38	43	12	20	27	19	1	23	28	33	7	14	1	27	28	29	22	18	0	6	20	14	35	27	22	23	11	16	43	13	43	28	30	32	30	
29	15	21	26	19	26	14	14	1	16	4	2	16	20	19	24	1	3	8	12	22	13	1	15	0	24	7	8	11	29	7	9	12	24	16	29	21	21	24	24	
3	3	21	41	35	14	18	6	29	24	8	25	28	13	19	28	29	40	39	16	8	18	23	21	24	0	30	10	30	8	3	23	2	40	12	36	36	26	16	12	
24	5	11	26	30	30	28	4	8	11	2	37	6	30	38	20	9	32	10	29	47	5	1	21	29	30	0	26	28	32	30	10	24	42	6	26	11	13	18	14	
10	2	24	3	17	15	26	30	26	40	18	3	28	5	14	19	5	18	34	16	18	17	31	13	22	21	32	0	11	30	18	22	18	13	27	17	32	30	22	30	
17	7	27	17	20	17	30	29	12	30	21	21	40	11	36	22	33	8	42	2	21	17	24	1	8	21	31	5	0	16	4	8	21	16	30	39	35	35	10	33	
6	7	25	20	7	6	21	26	9	20	8	27	5	8	44	20	40	19	23	26	19	32	31	7	4	34	38	18	32	0	11	15	19	14	8	28	28	21	23	7	
7	29	15	40	5	9	1	28	19	26	26	31	18	9	1	24	33	31	21	19	1	29	25	24	20	34	21	24	20	15	0	3	17	39	10	31	12	33	6	25	
28	4	15	17	16	14	26	29	16	19	17	17	2	26	42	18	13	17	15	21	17	40	36	34	17	7	49	16	30	32	16	0	17	12	20	3	31	28	21	26	
29	7	19	29	3	10	22	15	25	30	13	14	25	10	32	14	15	13	5	20	13	11	17	30	20	16	16	12	26	27	14	22	0	8	19	2	2	4	17	33	
20	13	10	21	3	1	13	33	16	26	4	23	29	31	41	5	27	4	38	11	4	27	44	21	28	36	43	3	17	19	24	15	4	0	13	23	18	18	8	34	
23	35	7	39	2	4	19	29	19	44	16	26	35	14	32	29	27	35	34	28	27	26	47	23	30	37	47	16	29	9	6	25	13	44	0	26	31	14	19	44	
9	18	8	36	8	20	15	2	16	20	23	15	32	38	10	24	31	23	18	30	23	33	29	40	2	21	25	2	36	38	14	16	23	18	14	0	28	11	24	15	
19	4	31	11	13	27	28	29	14	17	3	19	15	6	23	27	9	16	15	12	15	20	34	11	11	31	41	15	7	12	13	18	26	26	40	15	0	23	4	12	
14	29	35	11	32	26	41	1	19	23	26	19	7	26	15	1	32	33	6	13	23	8	25	36	2	26	21	8	32	28	29	23	20	28	8	27	3	0	5	16	
30	15	23	27	22	13	28	16	20	22	14	35	18	2	18	17	6	17	9	3	21	6	9	22	18	29	9	24	31	10	36	18	23	30	18	4	19	2	0	26	
20	6	23	34	29	33	21	24	42	37	29	1	6	1	24	24	7	27	29	31	29	11	37	15	25	3	42	13	33	21	24	12	10	36	15	36	26	9	9	0	
M1
0	30	5	1	26	13	12	6	8	16	7	8	14	36	8	8	32	24	21	15	23	12	12	18	24	11	26	6	13	31	26	20	15	23	26	4	6	20	31	19	
21	0	20	14	28	40	25	19	21	28	9	2	27	41	20	6	9	5	22	9	1	25	20	30	26	23	35	11	26	33	13	12	28	36	14	20	14	30	12	31	
23	27	0	17	17	30	1	17	9	8	22	25	6	7	22	29	11	6	31	4	14	19	1	7	26	27	22	5	10	28	32	9	9	18	24	10	12	13	6	32	
14	25	2	0	21	24	7	1	3	11	2	21	9	31	3	13	27	19	16	10	18	7	25	13	19	6	25	26	8	26	21	15	10	23	21	2	1	25	29	16	
3	23	12	10	0	22	4	15	12	2	16	17	9	28	17	11	7	4	30	7	17	7	16	4	29	9	33	5	13	3	7	6	12	21	33	5	15	10	26	28	
18	16	13	24	12	0	15	16	13	17	21	30	20	6	31	7	17	5	40	18	15	27	17	21	9	34	4	30	24	17	14	23	13	27	14	28	26	16	12	23	
42	34	6	42	14	30	0	35	6	5	21	22	3	22	19	26	18	13	41	1	11	16	40	4	23	42	27	33	7	35	29	6	6	15	27	37	9	32	20	32	
7	13	18	14	11	26	25	0	21	29	20	9	27	33	4	21	16	12	14	9	30	25	15	21	36	24	19	19	26	23	29	11	28	36	23	17	19	20	43	4	
29	20	4	11	36	38	22	16	0	17	17	9	24	24	18	24	19	18	31	9	17	2	9	28	10	21	6	35	23	31	30	25	15	28	18	17	16	18	18	7	
5	1	16	12	2	6	23	17	19	0	18	19	25	44	19	19	26	5	30	11	24	23	23	29	31	22	13	17	19	4	23	31	22	12	25	15	17	15	27	19	
25	32	13	7	5	18	11	8	14	5	0	17	16	35	14	14	22	26	27	14	24	18	9	7	30	17	29	37	19	10	12	10	19	14	7	13	10	9	24	23	
44	40	36	30	35	1	37	35	10	8	36	0	5	38	9	28	44	34	36	40	28	26	32	1	41	30	43	43	42	12	45	8	22	48	11	1	29	29	43	33	
11	27	8	18	8	30	23	14	25	10	24	17	0	17	15	7	5	26	37	4	36	28	1	8	6	13	26	12	30	1	19	31	30	12	38	7	23	2	1	29	
6	11	17	13	34	25	18	18	8	25	19	20	23	0	20	20	28	27	7	21	26	2	9	2	13	4	15	2	25	6	19	26	10	35	27	16	18	27	29	31	
19	9	7	1	22	29	6	6	8	13	6	26	2	7	0	2	22	21	5	9	19	12	29	12	24	11	21	31	13	30	18	14	14	23	20	7	6	29	24	3	
19	25	1	26	23	38	27	1	17	34	21	17	32	40	16	0	26	24	12	17	8	23	27	30	35	18	25	16	29	9	41	8	9	15	35	14	20	32	29	6	
9	19	20	16	30	28	27	21	1	31	22	18	7	17	23	6	0	36	7	10	35	2	5	22	34	8	24	21	28	32	29	30	9	8	6	19	21	21	44	20	
22	19	13	29	8	40	14	4	12	8	35	16	19	37	8	4	22	0	29	17	20	32	22	19	20	30	9	34	23	15	33	22	18	25	21	21	25	7	10	19	
3	31	8	10	35	14	20	15	17	25	16	17	23	14	17	6	12	29	0	2	9	21	15	26	33	20	17	15	21	7	24	3	16	19	18	13	2	12	17	19	
7	38	18	14	1	26	10	19	18	17	20	3	3	4	21	18	28	25	34	0	23	25	24	7	2	18	27	19	19	11	18	18	18	22	18	17	8	33	28	4	
34	19	14	26	11	33	28	29	11	8	27	9	24	29	28	42	30	13	38	9	0	37	14	28	6	4	28	8	2	19	3	5	13	28	38	20	21	2	46	39	
20	26	15	21	8	19	32	2	4	1	27	22	34	21	17	32	16	25	16	22	43	0	10	24	27	31	32	32	33	36	30	24	10	20	17	15	26	9	28	17	
22	3	21	23	21	6	18	24	11	21	2	5	23	25	30	20	11	14	26	8	13	24	0	23	11	18	2	7	9	4	26	21	6	16	14	29	26	14	34	21	
23	23	11	5	30	26	16	10	12	17	11	30	18	22	5	16	22	21	25	15	20	16	22	0	28	15	9	8	17	31	30	24	18	8	21	11	10	21	38	19	
31	19	8	31	6	39	21	28	14	21	13	5	20	33	8	23	18	12	20	19	5	28	10	27	0	31	5	30	5	30	26	21	14	35	17	37	30	17	20	24	
21	26	18	28	40	20	24	33	21	31	34	21	23	7	29	25	18	24	18	26	12	29	24	30	8	0	12	33	21	37	8	31	21	33	24	31	21	9	24	27	
18	6	16	25	24	34	8	30	1	15	30	24	13	32	29	10	5	4	42	6	3	15	5	14	33	35	0	21	17	17	16	11	1	25	4	28	17	4	24	11	
22	19	10	4	29	3	15	9	11	19	10	11	9	36	11	21	14	17	2	18	2	15	18	21	27	14	5	0	16	25	14	5	13	15	17	10	9	17	13	12	
12	29	18	19	6	19	20	21	1	27	25	26	15	15	7	26	30	12	33	23	16	30	17	2	1	17	32	24	0	40	32	28	18	8	35	17	21	19	16	2	
17	36	14	8	9	31	7	12	10	14	14	10	12	26	15	20	21	2	28	10	20	11	14	13	18	18	24	11	16	0	33	15	15	24	16	14	13	36	24	18	
5	21	16	12	37	4	23	17	19	8	18	9	23	20	17	19	16	25	15	26	1	7	23	29	28	22	29	17	7	40	0	19	26	34	9	15	17	24	42	30	
29	33	23	17	37	17	28	22	1	5	18	23	30	35	6	7	25	5	6	9	14	28	32	17	27	24	19	27	25	10	8	0	28	20	23	8	22	21	2	12	
16	22	18	23	27	11	20	5	17	16	29	3	16	20	20	26	21	20	30	11	14	12	12	26	39	13	8	3	13	33	15	10	0	37	20	12	28	20	15	2	
28	22	24	18	21	1	24	23	17	24	24	28	9	31	2	4	21	17	17	22	19	9	21	29	12	28	8	16	30	27	28	27	1	0	13	24	22	20	9	27	
19	30	7	1	12	29	11	6	8	16	1	26	14	22	8	18	3	24	21	14	23	5	23	3	15	11	23	31	13	25	25	19	15	27	0	7	6	24	31	21	
11	3	18	18	3	5	10	23	14	17	24	25	15	34	25	23	18	8	38	13	16	24	18	16	35	24	5	23	19	18	18	18	14	7	6	0	21	17	6	3	
27	41	24	18	7	36	29	23	25	2	24	17	16	2	25	30	26	23	4	13	18	1	22	35	1	21	41	19	11	23	20	4	18	19	39	24	0	28	14	29	
25	24	34	28	29	8	30	7	21	37	24	27	14	20	22	32	24	26	32	27	19	7	18	32	2	28	14	30	19	1	30	25	3	16	15	28	5	0	42	22	
26	32	14	11	25	38	22	8	2	26	17	14	24	46	18	28	25	25	31	13	9	22	9	28	34	21	34	38	23	26	9	25	25	36	36	12	9	24	0	12	
8	32	19	15	7	27	26	8	12	26	21	2	13	28	22	19	32	2	14	28	8	18	26	32	16	25	19	9	13	12	36	5	21	4	7	12	20	6	9	0	
M2
0	14	6	14	3	7	7	19	18	14	17	28	3	12	12	17	25	13	10	21	6	30	7	18	10	15	17	19	15	23	29	7	24	29	16	14	3	18	12	10	
33	0	26	29	6	31	7	7	39	15	23	15	20	17	22	34	37	40	27	8	16	37	29	32	15	25	39	18	31	24	41	19	35	47	24	44	29	28	9	31	
15	18	0	12	13	19	5	12	18	4	9	2	1	16	10	15	11	6	8	22	4	24	21	13	8	13	22	5	13	14	28	5	3	8	9	13	9	15	10	14	
27	22	18	0	28	27	18	20	12	22	12	19	14	15	14	28	16	22	5	21	17	5	33	29	21	12	33	25	12	4	4	18	18	27	20	30	13	29	11	28	
13	27	29	15	0	28	27	37	37	24	24	22	36	15	16	2	5	49	30	22	14	27	27	9	17	23	31	14	27	9	34	30	36	18	12	1	27	25	6	29	
15	4	9	5	21	0	20	17	13	11	3	18	16	14	16	22	33	26	14	21	19	7	13	25	1	13	13	10	20	13	8	11	19	3	9	27	2	1	15	5	
14	21	18	11	13	31	0	26	9	8	5	11	25	20	8	27	21	21	5	26	16	40	13	30	6	18	30	15	25	30	28	2	19	2	9	26	16	14	22	22	
19	7	7	1	19	30	7	0	11	18	7	9	20	12	14	20	13	24	19	27	23	11	17	25	27	24	11	20	32	14	18	9	15	9	22	29	16	5	20	3	
25	20	17	5	15	19	26	12	0	15	13	1	25	13	17	12	23	6	4	19	11	22	19	15	5	17	24	2	15	18	2	7	19	36	9	3	15	17	9	16	
13	3	5	13	13	17	22	23	29	0	20	17	25	1	8	1	23	31	21	34	2	38	15	30	20	4	32	23	8	26	31	25	20	2	29	30	4	14	8	24	
29	11	11	14	25	21	10	22	15	9	0	38	27	16	29	2	17	16	31	33	25	20	26	6	32	4	15	27	36	21	19	13	21	39	4	11	20	27	21	7	
22	13	13	16	31	19	17	20	17	10	3	0	13	15	11	26	22	22	20	3	5	4	10	28	20	14	1	24	19	23	4	8	22	10	18	30	22	7	11	9	
30	15	4	14	27	16	2	24	27	9	12	23	0	19	7	12	22	18	5	25	1	32	18	13	5	10	29	14	10	25	36	2	26	32	15	26	7	13	7	21	
1	21	12	19	16	21	16	15	24	23	13	22	12	0	8	10	21	27	2	17	6	8	27	9	19	15	25	5	18	17	16	16	6	7	17	29	15	18	12	17	
9	14	14	17	26	3	29	23	18	25	27	41	26	18	0	7	33	17	14	2	26	29	34	26	22	30	18	28	32	10	29	16	20	26	9	8	5	16	17	10	
33	12	12	7	32	17	14	12	12	21	21	6	10	17	18	0	34	27	17	9	13	9	30	5	17	22	2	26	16	22	10	14	22	35	27	14	2	16	17	8	
26	22	20	9	12	22	18	16	6	21	17	23	14	18	5	12	0	25	21	15	17	5	14	22	20	26	18	25	18	6	7	18	28	23	28	33	5	24	14	31	
19	15	13	16	7	11	18	4	10	35	18	26	24	8	13	28	28	0	25	26	7	42	24	7	31	16	27	9	22	23	32	25	23	28	1	6	22	9	13	22	
23	10	17	2	13	21	6	11	5	23	4	18	17	18	23	31	2	8	0	36	17	20	34	17	21	21	23	19	29	22	20	3	11	38	11	16	20	19	23	15	
15	15	18	19	11	4	11	9	15	25	12	22	29	13	12	31	27	3	30	0	6	32	29	12	28	15	23	8	21	28	17	10	28	30	6	11	21	14	11	15	
25	19	27	9	31	11	27	40	29	34	14	31	23	34	2	31	17	38	30	30	0	32	33	38	30	5	27	17	11	20	37	19	36	27	25	33	30	8	2	25	
17	10	8	11	28	15	6	10	17	13	5	11	2	12	2	16	22	19	9	9	5	0	21	17	9	14	30	13	14	29	1	6	20	36	19	27	11	17	2	25	
21	22	11	12	6	23	9	19	11	16	7	11	5	9	2	19	12	21	12	21	8	10	0	12	12	17	21	21	17	32	3	9	27	9	19	28	14	2	10	27	
14	19	16	13	11	15	20	8	14	15	17	15	16	12	17	30	5	2	2	19	11	31	6	0	23	20	14	13	15	7	35	3	10	25	5	6	14	6	17	19	
33	13	5	16	33	24	29	13	17	3	1	19	29	7	13	14	25	31	6	13	15	28	7	17	0	5	17	2	12	21	24	15	23	30	24	22	15	11	9	9	
23	15	13	14	11	15	11	8	14	18	19	23	7	12	9	21	8	2	12	8	10	31	27	11	14	0	19	6	19	23	14	11	12	32	5	6	16	13	16	11	
26	24	22	25	27	23	20	24	31	27	19	25	16	26	16	1	20	30	23	23	16	7	29	31	23	24	0	10	23	40	15	11	31	14	22	18	3	5	16	30	
19	33	25	36	22	24	38	27	21	23	21	5	34	22	19	11	23	29	26	5	24	35	27	37	13	25	18	0	1	33	11	4	43	34	32	20	1	15	18	29	
22	28	26	9	24	26	24	28	27	6	23	19	20	7	20	22	33	31	27	2	22	11	3	35	27	20	4	2	0	20	13	18	38	20	18	17	8	1	11	26	
27	14	17	19	34	14	15	34	11	22	22	18	11	20	12	7	7	31	18	18	6	37	26	22	14	15	23	1	13	0	18	6	31	15	23	33	14	18	1	17	
17	19	21	20	21	22	31	10	23	12	25	21	27	5	13	34	28	12	34	34	7	18	32	21	34	16	23	23	22	27	0	24	32	38	15	20	31	19	1	18	
18	18	16	19	26	3	14	16	25	21	13	19	10	20	10	5	14	17	17	17	13	1	27	25	13	22	36	16	1	36	9	0	28	44	11	2	19	25	10	28	
30	19	2	16	6	20	6	28	31	13	3	27	2	11	11	16	26	22	9	21	5	17	22	17	9	6	27	18	14	7	25	6	0	27	10	19	5	8	11	25	
2	16	14	18	18	31	10	29	17	6	15	5	13	17	17	27	37	33	20	22	16	29	10	28	9	18	20	18	25	19	19	17	8	0	17	27	4	20	22	12	
34	1	10	20	4	18	7	30	3	14	18	29	4	25	13	4	17	24	11	29	7	29	22	19	11	16	3	20	16	30	31	8	27	22	0	27	12	3	13	27	
17	23	3	24	4	19	22	12	18	1	21	20	18	16	17	32	30	6	25	23	11	9	21	15	24	20	26	15	26	14	17	22	16	5	9	0	19	7	17	27	
21	19	7	20	11	15	11	8	14	18	6	22	7	12	16	10	14	2	14	2	10	22	27	5	14	11	16	11	19	12	3	11	1	32	5	10	0	13	10	26	
15	13	13	16	28	9	23	29	16	19	23	18	26	18	10	12	26	31	12	10	5	29	23	40	22	3	3	19	18	23	13	15	21	3	1	10	12	0	11	9	
16	9	9	12	29	19	19	31	13	20	22	18	15	14	5	16	25	35	22	27	4	25	13	26	22	13	13	13	19	19	24	11	19	20	11	27	18	1	0	5	
35	3	3	6	23	37	23	34	7	14	20	37	19	8	22	16	43	36	26	31	22	19	39	34	26	23	7	20	31	13	18	5	13	34	27	33	12	25	25	0	
M3
0	9	23	16	26	43	34	32	31	6	35	34	30	32	44	21	40	37	37	26	15	20	12	15	17	17	24	5	10	14	19	31	25	42	15	39	25	17	24	40	
30	0	34	27	28	15	11	24	9	28	30	3	26	37	35	26	30	17	31	26	11	21	32	36	35	27	9	26	27	3	25	3	5	26	8	26	3	33	36	31	
30	25	0	4	17	36	2	39	30	21	38	1	40	31	11	8	26	26	24	2	34	19	25	36	9	8	26	33	3	27	2	6	35	16	1	27	26	9	32	22	
7	18	4	0	19	16	3	4	31	22	16	24	42	10	12	32	3	13	25	20	30	1	26	32	3	19	26	29	33	16	19	7	20	31	2	33	27	15	20	17	
35	36	34	23	0	35	32	17	24	37	15	15	6	32	29	27	5	30	8	36	2	27	30	28	24	33	36	21	1	28	39	34	4	2	46	39	28	10	24	16	
39	40	48	34	5	0	36	20	30	29	7	40	18	16	37	17	19	2	25	15	6	30	30	36	32	4	2	5	30	24	26	15	36	36	22	33	27	10	28	24	
49	3	45	17	23	10	0	38	4	33	8	24	15	34	37	35	34	20	36	31	24	26	19	23	29	22	20	9	13	25	6	28	11	30	13	28	28	21	41	11	
12	16	22	28	45	39	21	0	3	9	47	8	6	41	35	32	18	24	2	3	41	20	24	32	4	20	12	34	25	11	33	41	23	8	38	30	1	27	15	35	
39	40	25	35	21	30	31	22	0	7	39	15	45	27	16	26	28	8	11	35	30	43	6	1	27	27	2	29	16	19	26	24	12	5	48	43	26	5	28	23	
26	15	3	3	25	31	37	37	30	0	41	11	36	3	31	39	37	37	39	23	18	23	31	32	8	30	5	44	36	16	17	7	36	23	36	22	11	31	40	33	
10	30	12	19	29	16	3	11	15	39	0	23	2	18	16	24	6	5	19	33	29	26	21	8	26	25	2	28	21	5	17	11	30	33	30	7	4	4	22	15	
28	26	8	2	1	12	24	31	19	19	6	0	28	22	19	10	19	17	30	24	26	30	25	21	35	1	12	7	25	1	31	14	4	30	21	11	31	30	33	25	
28	1	12	21	19	6	22	22	15	30	21	23	0	15	1	24	3	5	37	29	9	1	17	11	20	18	16	11	21	26	27	26	22	36	31	7	26	24	29	27	
39	28	22	16	27	14	28	15	25	26	19	29	28	0	19	29	15	24	17	1	28	8	12	45	30	26	24	27	35	12	20	18	36	9	18	35	1	31	41	42	
15	17	23	15	25	12	4	32	16	30	27	8	21	11	0	31	23	22	8	28	19	28	1	5	16	6	16	11	33	8	27	25	18	36	10	19	31	16	4	24	
42	35	41	22	25	25	13	27	31	20	11	6	9	26	32	0	12	35	31	32	6	45	3	33	23	37	33	24	19	22	19	41	5	44	39	23	19	32	43	8	
26	28	6	36	25	12	4	29	5	10	26	35	38	18	34	6	0	19	34	8	9	36	17	17	44	20	22	25	11	13	16	6	15	30	18	25	22	27	15	44	
25	27	38	38	6	5	38	33	33	29	11	18	23	8	34	30	32	0	4	9	13	31	19	21	27	17	15	18	27	22	9	28	28	7	13	29	24	11	14	37	
35	1	37	45	35	38	9	8	31	29	39	26	7	27	32	30	8	18	0	39	17	29	4	6	22	23	21	24	17	25	3	26	24	30	31	39	26	5	28	20	
30	33	16	17	45	33	29	34	9	25	30	31	33	26	38	24	8	4	18	0	11	17	29	25	27	29	13	33	14	31	22	36	30	23	5	46	28	11	34	39	
32	15	26	37	28	25	30	41	23	8	40	35	3	24	3	10	34	17	10	20	0	47	30	30	27	37	29	7	24	19	36	8	16	16	39	36	36	10	21	30	
18	20	16	18	11	21	27	12	20	39	1	27	26	1	21	29	35	31	24	8	31	0	26	22	11	31	9	12	14	1	32	38	21	29	32	12	11	19	7	26	
4	25	36	41	25	41	11	4	27	21	37	13	34	21	37	25	7	7	24	20	28	29	0	4	11	32	29	43	5	15	28	2	28	12	11	32	36	21	17	43	
31	13	16	7	34	25	41	1	37	35	38	17	6	33	38	24	36	21	31	33	36	33	31	0	21	2	20	12	23	10	32	27	37	20	15	37	13	11	26	28	
9	18	14	18	33	21	2	9	20	25	33	16	44	23	21	1	17	23	9	4	23	27	18	8	0	33	12	7	24	35	26	42	20	39	9	12	25	11	22	32	
36	49	30	18	32	41	36	46	26	42	41	8	44	43	6	9	9	35	43	12	10	2	17	45	28	0	12	33	24	26	29	24	21	32	37	46	49	26	38	24	
19	7	13	21	38	32	22	35	27	9	8	32	27	2	6	35	11	7	1	22	40	26	9	28	40	26	0	41	16	23	32	29	22	30	37	23	22	20	8	38	
2	32	11	21	36	23	18	42	28	24	15	32	5	24	20	11	25	10	21	32	21	11	7	20	10	6	13	0	33	30	4	38	11	23	14	40	16	2	25	40	
14	12	32	9	25	12	18	28	11	38	27	19	38	14	12	20	29	8	33	29	23	34	17	2	3	24	1	17	0	11	23	1	16	25	37	3	34	15	25	23	
3	22	31	7	11	5	7	6	10	14	20	2	31	14	12	11	29	15	28	4	6	5	17	13	41	6	9	18	17	0	23	28	6	21	35	3	34	21	9	23	
16	24	11	46	23	10	16	26	9	22	25	17	22	12	10	18	6	16	11	3	23	20	6	1	17	22	20	11	10	28	0	31	23	30	2	1	15	24	35	21	
31	33	35	28	7	38	39	22	2	46	47	26	27	17	26	15	31	7	39	37	20	23	11	40	40	8	10	20	7	35	32	0	28	1	43	35	37	32	20	25	
26	28	14	39	33	23	37	41	19	2	38	8	2	41	31	40	29	5	27	11	24	16	28	10	39	13	11	16	39	11	19	9	0	31	4	30	17	27	15	6	
7	22	6	1	31	18	24	15	17	43	33	23	12	20	18	3	16	7	14	40	31	15	14	19	2	30	15	14	23	33	7	39	32	0	33	9	40	30	18	29	
37	12	36	41	43	30	39	22	13	4	24	16	39	24	40	33	12	39	7	2	21	2	8	35	19	33	15	43	28	10	1	25	23	38	0	32	9	19	42	47	
19	17	23	40	16	3	9	19	2	37	18	10	29	5	3	11	20	13	24	25	16	25	8	4	37	15	13	16	8	35	14	24	30	23	28	0	25	17	30	14	
33	10	38	18	31	18	24	8	17	12	30	20	15	20	18	6	35	28	14	30	20	18	20	19	7	13	28	21	23	35	18	33	10	4	12	9	0	32	45	29	
15	17	29	21	34	28	30	30	7	31	15	11	34	3	8	6	26	1	1	17	6	19	1	8	3	16	16	5	33	18	32	17	7	31	32	19	23	0	4	28	
1	3	15	14	20	14	20	30	9	31	25	15	20	16	10	17	31	22	9	23	22	34	19	10	22	26	2	23	19	5	24	21	4	22	33	5	23	2	0	25	
30	16	44	17	4	3	24	27	14	8	18	39	28	27	31	17	30	13	29	6	17	41	41	26	11	15	13	16	19	34	19	11	23	32	33	28	3	21	19	0	
