40  8  1
8
	0	74	1	24	2	87	3	38	4	84	5	70	6	1	7	76
	0	100	1	60	2	65	3	16	4	80	5	70	6	2	7	65
	0	54	1	50	2	9	3	43	4	79	5	1	6	50	7	17
	0	19	1	92	2	20	3	2	4	27	5	7	6	84	7	20
	0	46	1	52	2	99	3	72	4	46	5	64	6	64	7	60
	0	60	1	6	2	63	3	77	4	91	5	27	6	98	7	40
	0	4	1	40	2	29	3	40	4	25	5	32	6	51	7	23
	0	6	1	7	2	94	3	47	4	33	5	50	6	27	7	65
	0	83	1	31	2	82	3	19	4	63	5	5	6	47	7	69
	0	75	1	80	2	85	3	79	4	2	5	43	6	91	7	30
	0	7	1	85	2	74	3	40	4	80	5	54	6	37	7	3
	0	88	1	23	2	100	3	89	4	7	5	63	6	69	7	59
	0	37	1	52	2	69	3	81	4	39	5	61	6	74	7	64
	0	40	1	100	2	8	3	39	4	82	5	5	6	16	7	54
	0	41	1	17	2	100	3	61	4	16	5	67	6	94	7	19
	0	65	1	77	2	11	3	32	4	60	5	42	6	81	7	95
	0	65	1	41	2	88	3	38	4	65	5	13	6	40	7	59
	0	9	1	72	2	53	3	100	4	36	5	69	6	29	7	31
	0	95	1	9	2	59	3	97	4	89	5	84	6	77	7	86
	0	95	1	95	2	46	3	7	4	38	5	48	6	55	7	70
	0	33	1	67	2	64	3	48	4	10	5	56	6	12	7	18
	0	94	1	93	2	85	3	33	4	98	5	52	6	7	7	82
	0	62	1	73	2	96	3	18	4	37	5	34	6	12	7	70
	0	93	1	93	2	69	3	73	4	18	5	7	6	3	7	82
	0	15	1	36	2	14	3	44	4	31	5	100	6	25	7	58
	0	64	1	47	2	17	3	32	4	38	5	36	6	48	7	31
	0	45	1	61	2	55	3	70	4	80	5	57	6	95	7	86
	0	33	1	75	2	90	3	14	4	10	5	6	6	57	7	27
	0	93	1	93	2	55	3	36	4	63	5	69	6	85	7	46
	0	47	1	8	2	6	3	21	4	58	5	67	6	69	7	2
	0	56	1	61	2	70	3	76	4	22	5	9	6	92	7	5
	0	45	1	35	2	63	3	42	4	57	5	100	6	69	7	8
	0	56	1	22	2	95	3	10	4	28	5	1	6	68	7	3
	0	27	1	40	2	54	3	50	4	92	5	56	6	7	7	21
	0	11	1	3	2	77	3	37	4	51	5	61	6	39	7	46
	0	20	1	54	2	89	3	94	4	35	5	4	6	13	7	26
	0	1	1	47	2	40	3	30	4	28	5	47	6	21	7	99
	0	48	1	93	2	9	3	94	4	8	5	75	6	21	7	17
	0	38	1	55	2	1	3	28	4	34	5	96	6	43	7	81
	0	3	1	5	2	12	3	33	4	54	5	1	6	82	7	85
SSD
M0
0	17	16	28	17	24	36	30	28	5	5	32	14	3	31	25	9	19	12	33	2	12	6	19	17	13	24	12	26	26	18	41	19	29	13	20	20	29	30	38	
17	0	32	10	22	19	8	12	4	27	24	22	27	30	28	11	2	18	15	16	30	17	5	8	21	23	10	11	26	20	4	1	12	4	25	21	36	32	5	11	
1	30	0	12	19	31	40	24	25	12	22	20	31	1	12	14	9	33	31	11	23	3	2	16	3	15	2	10	32	19	34	39	36	2	26	26	34	24	4	40	
19	16	3	0	41	36	37	45	24	31	39	25	5	36	43	36	24	44	41	34	5	24	14	20	30	9	35	8	1	40	19	38	47	19	33	38	18	29	27	32	
18	18	23	9	0	10	19	3	37	28	2	16	11	7	8	22	20	8	21	29	19	14	6	16	21	1	11	9	17	33	2	26	16	13	10	21	29	13	22	16	
7	18	34	23	36	0	38	31	5	44	21	31	30	36	27	11	13	9	32	34	11	15	2	30	18	29	12	16	25	26	33	12	19	24	28	22	36	16	2	26	
35	39	25	38	10	22	0	15	45	16	37	10	28	33	30	34	14	6	3	7	37	5	25	8	9	40	27	24	14	34	26	30	20	7	25	19	33	30	25	31	
20	32	14	39	24	1	10	0	43	30	16	7	25	12	23	36	24	20	12	20	45	19	24	15	23	24	14	38	8	42	5	37	28	15	24	33	20	14	13	45	
25	37	29	7	7	49	28	44	0	24	48	10	10	24	7	39	46	38	35	33	2	27	34	33	41	12	28	6	17	40	18	12	27	26	34	23	31	16	44	29	
29	3	15	7	31	12	21	5	39	0	27	18	9	13	21	22	18	12	23	27	6	9	30	15	23	35	18	30	19	21	16	20	26	26	10	9	26	25	16	23	
9	9	28	16	10	26	36	34	28	21	0	35	2	32	39	13	19	7	27	34	26	5	30	7	34	1	29	25	17	24	6	42	7	17	1	13	34	27	38	36	
31	31	29	7	8	17	2	21	29	9	15	0	24	39	19	24	20	12	9	13	27	11	10	14	15	23	28	30	8	34	24	15	1	13	12	8	27	24	31	37	
12	18	10	13	19	27	38	30	30	16	7	43	0	5	11	6	14	2	15	20	24	14	15	21	12	15	4	9	20	24	20	19	11	17	8	15	28	1	9	6	
24	24	8	14	25	29	16	35	33	36	8	30	17	0	38	11	22	22	23	27	29	10	26	22	29	3	7	12	7	26	8	29	21	27	4	22	30	26	25	20	
18	24	4	9	23	9	18	2	20	38	23	15	18	4	0	16	28	16	20	19	15	27	26	23	23	17	22	21	16	33	10	9	7	6	31	23	28	12	11	12	
9	27	37	20	26	15	46	32	2	21	46	34	36	48	5	0	1	24	29	8	9	3	15	29	26	29	4	25	35	35	35	19	38	38	21	31	27	7	13	20	
16	2	14	21	15	21	23	14	11	8	36	10	29	22	23	3	0	7	7	16	34	19	1	6	17	34	21	4	12	21	24	5	3	12	19	20	4	15	7	32	
29	30	28	25	31	26	28	19	39	31	34	32	13	28	23	19	3	0	25	18	35	3	22	20	31	25	18	9	9	26	30	30	5	6	10	4	18	29	38	46	
21	24	4	20	25	32	11	25	9	10	8	3	17	31	17	8	29	21	0	22	13	20	9	22	2	16	21	24	22	21	21	7	22	11	16	1	43	23	36	17	
25	31	23	26	27	14	13	7	39	14	22	20	24	21	7	29	14	2	20	0	21	11	14	25	11	30	27	20	20	10	18	41	16	17	17	15	29	27	26	19	
11	22	6	11	4	23	17	16	36	32	19	13	26	15	28	4	25	13	19	24	0	21	27	2	21	27	23	25	18	5	27	6	27	28	27	4	23	23	22	10	
20	8	35	35	26	36	38	29	6	32	35	9	16	38	8	29	13	1	35	28	36	0	32	6	26	35	19	8	12	36	7	12	15	16	20	14	28	3	27	41	
34	29	25	7	3	10	15	34	3	16	32	29	15	36	40	3	16	25	22	26	31	5	0	17	28	35	32	17	23	15	35	4	33	6	9	27	15	26	40	30	
3	15	11	31	2	16	3	9	37	7	31	17	7	25	26	13	7	13	9	14	31	12	1	0	14	2	18	31	9	23	4	31	12	1	16	8	1	12	11	29	
28	20	1	23	27	15	24	8	37	30	30	21	37	26	6	15	19	15	26	34	22	3	4	8	0	28	28	7	22	17	19	23	29	22	8	25	34	6	24	22	
23	36	1	23	12	21	8	14	27	18	36	19	21	27	17	31	16	4	15	19	39	9	4	20	9	0	31	2	22	39	15	23	18	19	19	17	31	30	13	24	
23	32	30	32	19	31	5	24	8	25	16	13	25	41	39	27	15	15	12	16	32	14	24	17	18	24	0	33	23	40	1	39	10	16	17	28	20	21	13	40	
13	16	20	28	11	18	15	33	23	35	25	29	34	31	8	25	20	21	22	26	36	24	12	23	28	33	41	0	31	27	1	25	24	22	13	10	28	22	24	33	
9	13	24	10	27	29	28	22	7	3	29	25	19	32	3	38	24	23	12	17	28	7	27	21	8	27	3	22	0	4	13	14	5	13	26	4	31	18	19	3	
7	2	17	23	15	15	16	16	6	27	34	19	2	31	45	29	16	26	22	27	39	15	18	3	27	30	36	41	16	0	27	18	27	27	17	35	42	5	24	44	
5	9	32	16	28	37	14	33	12	28	35	28	16	39	8	39	5	24	2	23	2	16	9	15	27	18	9	16	30	38	0	10	38	25	32	20	22	23	28	9	
26	25	25	28	14	33	7	26	4	27	10	21	1	31	30	30	21	17	14	1	38	16	10	19	9	4	34	15	25	39	23	0	19	2	18	23	25	10	25	21	
40	2	29	7	12	33	7	26	42	27	39	21	28	26	36	15	18	6	7	18	3	14	34	19	20	21	33	18	5	39	11	17	0	12	25	19	30	9	36	42	
1	19	15	24	29	12	24	19	38	18	20	21	3	37	17	21	27	28	15	26	9	9	8	7	18	28	19	27	13	23	5	41	15	0	9	25	5	16	11	23	
30	9	26	4	10	14	31	22	18	25	23	35	28	36	31	1	7	36	32	22	14	35	36	34	44	16	17	13	24	12	18	30	34	35	0	7	33	38	41	42	
24	21	33	25	18	30	4	23	36	23	31	18	27	41	38	23	22	11	11	7	20	13	32	16	17	9	35	10	1	17	21	31	23	8	18	0	28	24	20	26	
33	13	9	29	32	24	18	35	43	12	48	32	43	48	24	17	32	28	25	20	29	19	3	1	12	29	16	34	7	21	19	35	38	14	14	19	0	10	24	27	
21	14	2	1	21	8	17	1	12	26	23	14	14	8	21	4	31	23	6	14	25	15	18	2	23	29	4	5	15	8	6	15	35	22	31	26	27	0	20	15	
7	32	29	24	8	16	25	9	22	8	31	22	9	27	32	39	6	35	27	27	5	34	22	18	22	39	12	15	23	28	7	33	5	2	36	21	21	17	0	31	
3	9	26	4	21	29	29	22	23	38	23	35	13	40	15	32	31	35	6	11	22	20	23	15	38	29	10	31	24	36	29	31	37	15	20	8	25	35	16	0	
M1
0	17	21	27	18	23	13	26	3	20	27	19	21	34	27	34	21	22	35	26	8	34	12	30	18	1	26	36	24	15	9	6	16	6	2	6	30	11	11	28	
36	0	28	30	21	23	19	26	42	15	23	17	5	12	32	15	28	38	1	37	16	2	20	14	33	28	15	22	21	27	16	6	25	32	16	2	7	15	25	20	
37	25	0	35	26	31	21	38	49	9	38	27	16	37	31	12	16	37	43	28	32	34	38	36	12	33	9	3	42	26	16	18	14	29	10	34	2	8	14	36	
1	16	12	0	13	2	15	15	20	15	4	16	2	14	16	29	16	1	8	16	2	19	7	21	23	12	17	5	13	21	12	10	16	11	15	31	20	24	9	4	
14	11	20	23	0	19	4	23	11	15	27	33	29	30	24	21	25	41	2	15	27	27	10	15	6	20	1	27	29	28	17	22	26	6	17	31	25	26	26	12	
35	28	35	38	21	0	7	7	39	44	35	8	16	6	12	31	32	32	40	29	2	36	22	41	34	32	18	18	5	25	19	18	27	3	13	29	25	16	1	27	
26	15	30	20	19	22	0	5	24	10	27	12	23	7	13	29	40	33	40	36	7	16	4	14	12	30	16	24	19	15	30	26	23	15	33	25	24	19	29	22	
21	25	21	25	7	10	19	0	26	36	23	24	11	1	7	17	29	40	28	24	18	23	37	31	29	18	4	34	7	11	21	14	36	19	22	20	37	27	17	13	
32	16	33	7	32	5	7	18	0	36	15	5	27	2	7	16	25	16	9	8	13	15	26	17	29	12	13	4	6	30	5	29	7	14	24	20	34	6	12	25	
26	16	21	2	40	29	35	31	24	0	25	36	39	39	25	26	41	34	25	41	37	28	37	28	42	12	10	15	18	39	7	10	16	13	24	33	23	16	16	13	
6	27	18	11	4	6	13	19	11	13	0	20	26	18	8	10	22	23	39	30	6	8	2	49	9	7	25	8	17	28	9	30	5	15	25	36	36	8	13	26	
33	11	26	8	30	36	10	19	41	44	4	0	33	21	8	5	27	17	17	24	37	12	24	30	25	24	2	47	33	32	2	10	30	38	16	8	38	25	25	26	
40	22	36	18	33	33	30	40	23	25	2	42	0	29	29	25	4	39	11	7	18	12	46	24	5	14	16	34	20	29	12	31	6	42	26	38	47	35	27	30	
18	15	32	30	36	28	9	41	35	42	19	24	24	0	19	13	12	44	6	7	11	1	42	19	10	16	26	29	29	7	21	26	30	8	20	46	31	22	29	24	
8	13	9	10	12	24	17	7	21	24	16	10	23	12	0	26	25	33	32	29	32	16	13	25	27	9	7	39	21	9	9	26	20	22	6	16	13	7	4	1	
20	9	14	16	28	33	26	34	32	30	21	11	30	42	18	0	34	25	40	25	41	21	25	12	26	14	19	3	39	17	10	31	29	10	15	32	11	22	24	6	
6	9	22	16	19	26	23	32	4	30	3	29	7	35	10	32	0	33	4	36	34	23	21	17	33	27	7	28	37	19	11	24	26	18	12	17	4	21	21	19	
33	23	7	21	26	15	22	27	31	15	3	29	13	27	10	38	44	0	16	9	23	15	29	19	37	21	9	39	18	36	31	18	18	2	31	27	40	32	22	28	
26	21	18	22	22	13	17	26	36	31	25	23	18	25	22	28	25	30	0	29	21	25	28	4	23	18	11	37	24	17	6	11	15	22	6	35	28	15	15	10	
28	19	18	14	19	10	15	23	29	35	32	12	23	22	16	34	16	31	29	0	18	26	31	29	22	26	28	34	12	20	11	34	18	19	4	13	11	13	13	30	
19	17	18	36	18	23	22	27	24	3	16	29	33	35	28	24	26	43	37	27	0	39	26	6	44	1	26	4	26	26	19	34	16	32	35	24	5	36	30	24	
31	19	21	1	20	20	15	33	39	13	28	13	23	10	25	9	23	12	45	6	17	0	6	7	18	12	26	25	9	20	11	6	18	22	4	44	32	13	13	13	
21	2	15	33	34	25	29	23	26	43	25	17	30	31	25	1	12	19	3	22	1	21	0	11	8	21	13	21	33	13	18	23	19	34	18	4	14	27	2	22	
13	25	32	20	26	4	17	12	35	37	3	18	12	15	22	36	1	25	43	3	12	23	9	0	34	10	21	22	15	21	9	28	24	10	23	21	19	26	11	24	
32	16	10	16	19	25	5	10	29	28	10	1	27	2	7	20	34	13	6	25	33	2	16	19	0	8	17	49	24	26	12	15	29	19	15	32	12	3	1	4	
22	11	31	13	21	24	3	7	10	1	24	17	25	15	11	31	17	24	36	23	8	10	5	12	12	0	18	32	9	14	30	28	33	2	34	34	41	12	9	27	
25	5	18	11	22	25	34	8	11	35	29	7	23	16	1	32	24	33	32	24	8	29	31	27	1	22	0	33	22	26	7	8	38	22	24	34	7	12	22	14	
14	33	29	33	15	18	22	1	34	31	27	16	19	1	15	25	37	46	36	32	26	28	10	33	36	20	12	0	15	18	29	22	28	3	29	28	15	1	25	21	
12	25	23	10	18	24	23	25	2	36	13	18	7	8	13	25	28	32	2	5	18	19	20	11	19	7	22	31	0	1	17	4	26	6	12	1	39	17	21	21	
3	25	21	15	28	24	15	28	20	27	4	9	9	21	4	25	19	33	17	33	19	28	32	30	10	21	18	22	14	0	8	17	26	26	12	33	34	8	21	13	
33	24	19	7	42	15	28	28	16	31	23	29	12	25	21	17	37	28	49	38	8	21	17	29	43	7	33	25	21	25	0	5	2	24	27	33	15	22	5	30	
1	3	31	8	18	21	22	4	28	32	24	10	22	12	18	28	10	47	37	35	26	10	28	21	25	26	15	42	18	12	13	0	26	30	27	11	15	28	28	24	
12	18	14	5	19	11	5	24	26	7	13	18	18	1	13	3	22	23	26	27	5	1	39	22	19	2	19	19	14	1	9	25	0	20	3	10	27	12	12	6	
7	23	23	26	33	25	8	19	20	23	29	35	1	16	27	25	15	29	3	41	33	17	28	16	31	23	22	42	22	21	18	4	27	0	18	2	31	27	27	15	
24	12	31	22	13	18	8	31	41	28	25	14	16	30	25	36	16	24	38	21	26	29	38	25	18	31	21	42	29	13	4	38	11	27	0	43	25	6	6	23	
3	20	30	24	15	28	18	28	29	36	13	18	18	20	4	12	23	31	26	31	5	10	31	35	19	28	23	31	4	1	14	22	21	25	7	0	13	6	16	22	
19	17	27	28	1	28	1	11	24	42	20	1	15	19	1	13	19	41	33	35	15	22	1	42	26	27	22	38	25	8	17	18	35	18	24	32	0	24	22	19	
29	19	6	25	32	9	21	22	25	9	30	23	6	20	27	32	29	36	29	21	4	13	11	42	36	22	8	29	12	18	31	8	14	12	24	19	14	0	16	32	
31	20	16	20	21	35	30	33	34	8	5	31	9	17	9	22	38	43	45	2	8	23	36	18	8	10	21	20	37	20	6	15	25	9	19	2	39	28	0	8	
32	7	3	7	22	22	17	23	21	19	10	18	25	31	7	20	25	33	42	23	30	10	31	19	27	3	8	46	32	22	3	20	20	16	6	35	34	15	15	0	
M2
0	2	6	16	28	20	9	32	23	26	9	1	33	34	18	30	23	20	15	34	42	28	38	39	21	13	33	33	19	23	16	32	31	35	29	33	37	30	25	29	
10	0	35	14	2	11	23	17	42	26	24	26	23	25	24	8	9	8	32	29	12	9	19	27	10	16	5	22	9	13	3	15	33	22	21	35	27	6	27	23	
30	14	0	1	13	27	2	17	18	12	4	15	18	19	3	16	30	21	23	40	34	13	27	24	17	25	27	18	24	8	1	17	16	20	14	18	22	15	10	14	
14	9	23	0	19	24	22	33	15	10	27	3	13	29	27	11	14	9	20	21	13	19	6	30	12	4	24	4	7	12	22	21	28	24	20	7	9	4	26	25	
21	17	14	13	0	35	16	35	18	20	4	21	21	27	14	24	2	16	25	16	8	19	8	6	5	22	24	21	22	11	16	11	14	23	19	7	19	23	18	22	
26	34	38	11	14	0	26	35	25	21	23	4	18	29	13	28	12	5	11	8	29	12	35	37	25	35	47	13	4	16	24	25	29	28	24	5	30	28	30	34	
26	16	8	18	23	2	0	3	5	15	14	32	22	21	20	11	14	15	18	35	30	12	1	26	28	3	15	8	22	22	4	22	2	14	16	15	25	17	12	4	
24	20	10	20	24	24	13	0	7	30	12	9	26	11	20	21	3	29	26	27	6	7	25	34	30	4	27	16	5	22	20	29	35	4	24	7	36	7	27	28	
27	9	14	24	17	18	24	22	0	6	14	19	1	14	14	11	25	13	18	7	31	4	28	9	25	20	22	9	11	21	5	13	15	11	9	1	22	10	5	5	
10	25	2	12	24	5	13	28	21	0	15	22	23	25	3	27	18	17	4	2	19	14	25	35	10	16	35	17	2	19	12	10	12	28	25	25	20	15	21	24	
41	37	27	13	30	21	12	6	21	33	0	36	25	35	33	24	12	16	22	5	27	31	20	22	32	10	29	1	29	26	36	31	9	28	10	31	40	24	33	8	
27	16	21	28	8	26	26	24	40	15	4	0	11	6	9	15	10	45	16	15	33	10	23	5	6	25	3	34	6	28	5	22	30	26	8	19	28	16	12	13	
27	27	31	13	16	12	11	4	15	15	5	22	0	27	32	23	16	13	10	31	35	2	20	25	3	37	31	19	17	9	19	18	2	21	17	23	23	27	23	27	
19	32	35	14	32	19	17	38	28	15	8	30	20	0	1	21	35	35	7	17	34	6	20	40	42	12	10	38	25	33	2	10	33	34	8	30	40	2	28	23	
24	30	7	17	29	30	1	11	31	28	20	13	10	28	0	20	34	16	6	13	9	22	21	39	33	10	21	4	4	24	4	25	10	34	8	27	38	7	26	28	
6	16	21	7	21	24	24	11	42	8	5	27	6	12	5	0	3	25	13	37	30	26	33	8	23	27	29	20	5	14	22	22	38	3	8	20	19	17	12	16	
4	13	18	21	12	26	4	13	17	12	4	18	8	6	15	15	0	33	15	31	25	11	20	23	3	16	24	14	21	5	15	14	17	12	13	10	19	14	9	13	
23	29	27	1	7	16	22	19	1	28	17	18	17	7	16	19	11	0	17	9	29	14	20	38	27	2	4	5	16	21	17	25	22	23	23	24	30	6	25	3	
39	3	30	18	4	27	18	21	42	1	4	21	6	26	31	22	15	36	0	41	9	35	27	35	17	16	39	18	24	8	18	17	27	20	16	30	19	27	22	23	
13	30	26	21	27	38	30	25	37	22	19	23	20	26	16	3	17	23	27	0	7	3	21	9	29	18	1	11	19	20	24	22	25	17	22	19	33	31	26	30	
8	6	11	4	6	8	22	23	28	4	20	27	24	11	11	8	22	4	15	36	0	1	7	12	12	17	19	8	24	18	7	4	33	16	6	8	23	7	2	6	
19	30	35	34	6	9	26	21	24	11	21	4	23	35	32	16	30	3	4	6	11	0	6	35	11	25	28	20	32	25	29	22	34	27	29	30	18	21	26	7	
19	1	22	18	25	29	23	25	8	3	9	18	18	2	11	3	17	16	17	27	35	3	0	3	37	12	20	18	19	28	10	20	9	3	18	32	19	2	26	23	
34	6	38	46	15	26	42	13	31	7	12	23	5	27	3	37	4	29	4	47	9	34	27	0	10	26	38	48	9	38	1	22	37	20	26	37	14	30	40	43	
10	20	22	32	37	16	33	37	34	19	21	38	28	18	25	22	36	35	29	33	33	16	3	28	0	31	14	33	38	32	4	26	40	8	6	24	8	21	16	20	
21	10	15	20	3	3	26	27	40	9	6	30	23	8	15	12	12	32	19	33	19	4	22	20	26	0	8	17	2	22	18	16	33	16	10	5	27	4	6	10	
5	28	31	4	20	21	23	5	32	27	11	17	1	26	23	27	20	33	37	30	29	21	3	7	18	1	0	23	20	13	23	12	9	25	1	23	27	22	24	28	
1	18	20	10	21	26	12	5	9	24	8	20	15	12	21	22	36	30	27	3	33	2	26	35	17	18	28	0	17	14	22	23	24	24	22	29	6	8	21	19	
49	31	43	15	31	31	13	25	1	40	8	38	26	26	35	34	46	36	32	9	14	29	10	4	25	21	31	32	0	33	36	36	43	1	28	10	35	36	44	18	
25	12	16	26	1	25	4	29	34	11	24	7	4	12	17	8	22	22	21	27	34	26	13	22	3	23	25	4	10	0	4	3	35	6	2	16	8	13	8	12	
14	7	12	22	26	20	23	24	13	6	13	32	14	12	12	9	23	3	16	37	24	3	26	5	23	18	20	28	7	19	0	13	24	4	7	11	22	8	3	7	
18	13	18	13	8	1	11	23	20	12	17	14	11	7	9	1	15	11	10	32	15	20	20	9	10	24	25	11	17	1	11	0	2	13	9	5	4	14	9	9	
35	12	15	25	23	2	21	38	24	1	28	25	26	28	27	30	11	17	5	13	15	17	27	23	25	21	34	26	32	16	18	22	0	28	24	33	30	30	25	21	
3	16	14	7	24	24	25	7	41	15	23	21	24	21	21	7	21	29	25	45	38	14	18	19	1	4	20	29	23	19	19	22	5	0	16	6	13	7	12	16	
26	10	23	17	15	23	22	16	33	15	3	35	16	10	19	24	14	20	25	3	11	17	3	3	27	19	28	41	10	34	10	10	40	3	0	26	34	9	18	22	
10	30	16	1	14	13	27	23	10	12	3	24	16	34	28	15	17	19	39	23	1	14	10	34	32	9	32	25	21	23	26	21	30	29	31	0	1	24	29	26	
11	27	31	23	13	17	19	13	21	15	18	2	19	27	15	23	25	29	20	14	6	30	23	25	18	9	27	12	8	9	19	18	21	19	17	8	0	28	23	25	
8	21	26	7	21	21	31	27	27	20	16	26	10	26	26	23	30	27	26	43	25	6	9	31	36	1	11	31	20	28	9	27	22	29	15	23	36	0	17	12	
21	3	8	18	22	16	19	20	35	2	17	28	21	8	8	5	19	32	12	33	25	19	22	13	19	14	16	24	21	15	13	9	33	13	3	7	20	4	0	3	
21	24	28	17	10	1	7	5	26	23	2	19	16	16	13	4	18	33	2	19	14	30	25	23	12	35	27	9	15	6	16	11	38	8	10	11	20	25	20	0	
M3
0	18	44	10	30	12	7	39	17	14	14	3	10	7	39	38	25	18	1	18	31	29	18	13	14	24	17	21	9	30	8	31	30	47	26	17	35	8	16	30	
27	0	21	40	42	22	44	39	18	44	11	5	11	23	40	47	6	34	23	18	27	22	42	35	20	39	21	32	15	22	42	10	29	39	7	5	21	31	36	5	
4	27	0	17	37	15	13	44	18	21	44	20	18	25	24	19	36	25	19	34	19	25	23	20	21	38	4	25	19	45	19	26	30	29	16	3	29	1	25	29	
24	22	34	0	18	32	16	27	5	2	31	1	10	36	32	33	17	6	21	15	28	17	33	1	2	20	5	42	5	26	12	31	18	43	19	26	27	28	40	27	
37	23	1	38	0	26	29	32	9	30	35	26	5	23	2	25	36	42	35	28	13	41	38	16	33	12	34	8	30	18	45	4	22	35	2	6	13	38	36	40	
19	16	12	7	8	0	21	36	9	11	16	10	19	7	8	14	2	15	25	24	37	26	39	10	11	29	14	48	14	29	21	40	27	48	28	3	31	8	36	36	
8	33	35	22	32	30	0	30	29	26	5	25	30	26	10	11	37	30	21	39	28	5	19	25	25	29	29	14	10	41	36	32	42	31	2	3	48	34	15	11	
22	26	11	2	14	36	15	0	9	6	30	5	14	13	28	37	21	8	1	13	32	18	32	5	6	24	9	32	9	14	16	20	22	29	23	14	26	26	2	25	
43	44	11	45	5	33	47	26	0	10	7	25	30	40	43	41	41	39	35	46	24	36	14	25	28	10	34	31	32	41	40	14	32	32	15	8	3	10	27	40	
32	30	36	6	26	22	24	33	13	0	39	9	18	15	33	41	25	14	29	23	2	25	41	4	10	28	13	34	2	34	20	36	19	3	25	1	19	20	34	18	
11	10	6	40	11	28	2	23	28	17	0	13	9	15	23	2	1	21	22	2	23	19	46	32	13	33	18	33	2	14	4	18	9	20	3	24	20	15	28	14	
31	2	27	9	29	17	27	27	16	13	3	0	21	9	22	20	21	14	15	26	31	28	11	12	1	2	14	3	16	30	23	16	24	17	25	16	38	36	29	12	
31	29	7	5	5	39	23	34	12	6	32	8	0	25	31	6	24	13	21	22	2	21	29	8	9	27	12	12	12	24	19	30	25	2	16	24	25	1	1	7	
12	31	10	44	1	36	3	14	19	6	25	32	40	0	43	34	34	1	40	34	30	22	35	45	26	41	20	27	43	40	10	40	43	30	10	5	35	32	8	2	
10	27	25	5	25	10	23	24	12	9	29	8	6	8	0	18	24	13	12	1	20	24	32	8	1	19	12	1	12	29	19	2	10	3	18	25	32	7	5	13	
26	22	11	36	16	41	37	27	18	21	14	5	21	26	22	0	43	33	29	17	29	20	34	24	27	45	30	3	14	11	9	17	16	6	43	31	40	30	26	29	
24	42	29	33	11	38	34	20	18	13	39	34	11	33	2	13	0	34	19	15	32	9	28	17	17	14	3	16	26	11	9	31	6	45	1	21	21	12	12	10	
7	1	28	11	31	6	24	4	18	12	28	14	21	3	2	17	23	0	17	28	8	28	27	14	15	33	3	47	18	39	20	13	4	28	3	3	33	25	10	7	
9	5	18	22	2	7	1	17	4	8	27	25	24	29	17	19	4	23	0	4	25	27	18	11	14	30	20	34	8	7	35	16	3	15	28	18	26	17	25	16	
2	33	42	42	23	21	38	29	35	35	25	41	13	36	35	28	43	12	24	0	14	45	37	30	5	40	9	39	4	43	24	9	21	24	21	25	24	6	20	5	
5	16	26	33	30	35	44	16	29	21	33	18	12	46	16	10	38	5	10	7	0	26	30	2	8	37	20	43	3	3	31	23	2	7	13	17	10	18	19	19	
14	49	47	36	7	2	42	13	40	16	37	23	25	29	12	8	31	44	47	36	26	0	19	13	8	39	34	34	12	24	26	47	45	6	22	34	25	27	12	45	
47	12	10	39	32	17	18	21	8	29	34	27	33	42	15	26	11	18	26	44	32	7	0	10	6	37	38	9	3	14	17	25	37	39	7	28	16	36	30	33	
25	41	12	24	9	28	5	37	31	9	23	13	17	39	7	49	23	10	17	35	47	26	15	0	27	15	28	42	10	30	22	36	44	38	18	6	14	36	49	13	
36	21	4	32	18	30	23	34	8	24	12	13	43	47	34	11	8	38	27	30	36	3	41	28	0	33	20	23	1	1	26	27	20	18	42	35	9	4	21	11	
23	24	25	30	8	41	13	19	31	12	26	33	12	28	12	33	1	15	21	14	35	28	17	28	24	0	30	42	25	5	25	30	13	16	16	28	20	27	5	26	
31	5	35	5	25	21	23	34	5	9	31	8	17	11	39	29	19	13	12	22	35	11	29	8	9	23	0	31	12	10	19	24	25	47	26	26	13	12	32	3	
34	12	10	24	15	38	20	10	16	17	14	4	10	45	5	3	31	31	21	41	27	42	17	7	28	43	28	0	8	46	38	4	36	37	35	32	29	36	49	18	
28	13	33	2	22	4	13	6	9	6	35	5	14	40	14	5	21	1	19	19	19	21	25	5	6	7	9	27	0	30	16	35	9	42	23	13	11	27	31	31	
18	19	12	22	27	32	28	47	5	23	16	21	24	32	30	12	16	30	5	34	48	2	30	6	11	14	29	26	29	0	10	5	42	34	39	29	27	16	47	1	
21	31	4	29	4	16	14	20	30	17	45	2	41	28	22	44	13	7	6	34	27	19	16	32	33	38	3	27	36	11	0	9	44	25	9	42	25	32	46	33	
18	47	5	34	24	32	17	13	1	30	27	34	5	23	35	29	27	26	34	42	44	12	17	37	32	23	27	28	20	33	14	0	21	21	35	28	4	6	43	48	
23	45	14	21	35	38	32	4	28	9	43	24	33	39	4	14	32	29	3	38	16	14	40	13	1	40	8	33	28	36	35	28	0	29	39	5	19	11	12	33	
31	41	27	26	15	39	11	43	11	22	22	22	10	29	34	2	43	7	12	22	42	4	16	2	30	38	28	37	21	29	35	14	40	0	32	38	33	1	11	25	
13	39	16	35	14	19	6	18	22	3	27	38	24	25	18	28	39	23	17	4	25	24	24	27	15	30	12	24	15	8	35	3	4	9	0	19	33	17	8	2	
28	18	25	2	22	19	20	15	9	6	13	5	3	11	15	25	21	10	14	19	22	21	37	5	6	5	3	38	9	9	16	35	1	15	8	0	25	14	14	18	
11	22	4	19	18	9	18	29	15	18	22	16	17	48	24	18	36	20	15	32	27	3	36	11	4	29	1	5	26	18	26	3	39	11	40	42	0	21	45	32	
19	11	17	10	30	14	28	12	10	14	34	13	22	40	30	44	27	2	18	20	33	19	34	9	10	32	17	32	17	38	24	1	23	35	31	21	1	0	45	32	
13	32	28	17	16	15	28	40	23	21	3	20	24	46	35	14	7	23	28	4	20	20	2	20	16	19	6	29	7	17	31	20	32	35	27	23	18	17	0	16	
13	34	14	39	34	1	40	22	27	17	13	38	24	33	21	16	26	23	21	4	25	25	4	31	16	17	14	31	15	5	4	20	8	35	15	23	33	6	30	0	
M4
0	19	15	32	39	35	21	37	38	20	41	29	7	29	25	42	28	22	40	26	34	15	15	20	12	6	29	40	15	27	11	33	26	37	35	43	1	29	40	30	
32	0	27	25	29	32	38	26	25	8	37	35	19	41	30	30	31	8	31	10	17	11	34	27	28	16	30	17	32	8	19	22	31	20	37	5	5	16	34	27	
23	11	0	16	24	28	1	25	16	19	32	13	2	32	15	24	28	6	15	29	10	6	11	18	19	4	29	21	29	26	32	9	22	21	9	29	1	7	20	20	
9	7	1	0	23	2	18	3	13	16	26	29	10	31	27	21	33	30	10	30	30	5	35	15	14	7	6	19	17	15	33	39	19	18	31	5	30	4	28	13	
5	35	19	18	0	18	18	34	26	29	23	3	25	44	43	23	18	39	4	33	14	1	28	27	4	16	5	31	14	32	22	34	12	2	11	23	25	17	28	6	
11	27	20	8	12	0	31	29	4	21	33	38	9	14	47	19	14	21	19	9	14	22	27	20	2	18	27	14	34	1	28	38	20	6	2	31	25	9	30	19	
28	33	8	30	3	26	0	14	30	27	6	11	6	17	44	10	2	26	6	17	8	18	16	4	24	24	18	33	22	29	13	3	20	3	19	40	9	21	24	8	
29	23	5	1	24	18	20	0	3	17	23	3	21	44	35	34	18	11	19	27	20	33	21	27	18	7	31	31	19	19	22	30	12	21	11	4	12	17	25	8	
3	12	20	12	8	33	17	36	0	23	25	45	23	41	14	26	17	22	8	38	38	10	17	22	23	30	28	3	27	8	11	31	11	25	24	28	2	11	24	3	
41	4	40	46	41	22	32	42	43	0	43	25	25	33	31	20	35	20	21	31	42	37	43	18	30	18	20	21	22	5	31	21	34	36	33	31	40	37	24	30	
14	12	27	25	29	19	1	26	25	6	0	8	32	36	35	21	21	25	27	29	34	35	14	26	23	21	28	29	24	13	27	4	4	4	16	24	6	16	7	29	
19	25	18	16	38	8	10	24	16	19	13	0	33	34	33	24	8	39	19	36	36	33	42	17	8	6	21	21	9	26	12	24	2	11	1	29	24	7	28	20	
34	16	2	24	24	4	37	46	35	31	9	24	0	45	43	27	11	24	43	6	39	8	41	22	12	8	47	26	2	25	39	17	33	22	3	41	38	26	25	6	
23	18	18	16	25	43	21	32	16	19	35	36	1	0	20	6	23	24	11	7	46	26	25	18	19	6	1	24	42	6	38	25	12	21	5	29	33	7	14	20	
25	1	3	12	22	32	25	35	16	24	38	48	15	45	0	18	20	17	29	24	18	9	4	23	24	5	7	6	38	31	20	34	27	26	7	32	29	12	37	24	
30	10	1	32	15	22	38	5	6	4	23	31	27	5	36	0	4	26	7	37	36	6	14	24	7	24	26	7	24	11	21	27	21	8	28	33	16	23	30	25	
21	13	14	18	17	20	29	32	2	30	10	12	14	8	2	22	0	12	38	20	1	23	22	14	6	13	25	24	21	4	31	27	21	21	10	4	12	26	42	21	
41	7	28	30	27	30	3	30	16	44	27	24	27	33	42	38	4	0	1	28	36	29	31	6	26	19	18	18	29	16	4	17	25	7	15	44	12	32	7	32	
24	35	19	6	34	13	32	4	19	29	6	16	21	25	45	26	15	20	0	37	29	38	40	15	19	28	22	1	19	11	3	29	21	25	13	25	16	17	23	19	
18	7	8	11	14	26	21	27	11	4	25	16	6	35	2	16	26	26	19	0	19	1	13	13	14	23	7	12	25	11	26	12	15	16	17	2	9	2	2	15	
10	41	40	30	6	27	36	37	44	36	17	21	3	25	26	39	19	26	47	9	0	33	36	23	20	12	32	42	10	43	40	30	30	25	29	22	1	35	45	10	
3	4	17	3	34	13	20	29	15	14	1	38	27	12	22	2	27	24	23	12	41	0	33	11	17	2	7	33	31	21	3	29	11	20	3	28	3	6	39	8	
26	10	1	29	1	28	33	41	16	4	35	19	27	30	37	1	31	14	27	33	14	34	0	23	19	24	7	17	28	11	31	3	3	34	22	37	25	20	30	21	
30	30	4	24	13	17	26	6	18	28	29	9	26	22	38	33	23	4	33	4	13	5	7	0	2	17	19	37	23	23	28	23	1	27	9	23	6	16	35	29	
12	8	43	24	12	33	20	5	41	20	22	18	16	36	43	42	12	6	34	23	31	15	7	40	0	5	13	34	34	27	37	11	27	12	10	2	37	32	8	33	
18	20	8	11	44	38	24	27	11	14	19	29	28	33	6	19	14	19	19	34	40	31	17	13	12	0	24	9	22	21	23	11	17	11	20	6	24	2	26	5	
12	3	24	1	17	12	7	8	1	23	26	6	38	20	17	16	21	14	2	34	40	33	28	30	3	19	0	34	22	19	25	33	15	24	14	25	37	20	33	33	
13	24	17	15	30	20	28	31	15	18	23	43	10	37	36	23	4	9	23	38	44	29	32	17	18	17	26	0	36	20	4	18	15	20	11	16	32	6	21	8	
2	27	23	5	32	3	29	25	4	21	27	28	21	19	31	9	26	23	35	16	30	19	26	1	21	19	21	12	0	17	6	13	20	38	9	6	2	28	27	30	
4	13	22	35	34	16	19	27	3	36	40	30	31	8	10	22	32	12	19	6	18	26	22	3	4	11	33	32	28	0	44	40	21	6	30	27	17	27	3	8	
22	24	17	4	9	7	28	9	10	18	34	17	17	16	30	19	32	34	7	38	34	29	42	17	4	25	20	33	19	25	0	6	21	20	14	28	10	6	19	9	
25	8	9	18	18	17	31	26	18	2	11	21	29	6	21	10	25	3	8	24	27	25	27	2	15	13	24	11	26	7	25	0	21	23	3	21	20	9	28	22	
13	1	17	10	35	28	30	40	9	35	17	13	23	20	13	5	22	11	10	30	38	3	27	19	25	26	28	14	14	5	28	6	0	31	8	40	43	23	17	32	
27	7	26	17	14	25	10	41	32	1	4	28	20	34	34	16	21	23	24	9	7	24	9	21	18	13	23	24	25	8	10	24	17	0	5	34	18	38	1	24	
33	17	27	6	30	29	47	2	10	38	3	32	27	27	44	1	34	27	33	8	14	28	17	5	25	25	26	35	21	5	13	23	19	7	0	38	25	26	42	18	
16	29	13	12	26	26	19	33	32	35	37	41	23	40	28	27	9	4	4	26	10	29	7	34	1	11	5	44	30	27	2	24	2	30	22	0	1	23	15	30	
17	37	16	22	24	39	12	44	19	34	24	24	15	33	33	25	10	31	23	11	40	38	38	32	34	36	3	44	30	41	13	7	33	8	13	40	0	22	20	1	
8	10	3	1	34	28	14	17	1	4	20	30	28	25	37	9	33	25	9	24	31	26	28	3	4	24	14	19	28	11	23	27	7	6	30	14	18	0	30	5	
22	9	17	6	32	8	10	22	15	3	32	12	5	6	1	6	27	25	23	28	35	26	21	6	18	22	24	23	27	10	30	4	20	20	20	11	12	6	0	7	
31	12	25	24	40	30	21	7	9	6	37	25	29	37	6	9	23	28	29	16	24	3	5	26	1	22	28	9	30	13	23	29	14	29	25	34	17	15	1	0	
M5
0	31	40	40	6	33	36	33	20	42	20	4	13	42	8	16	27	12	32	16	31	9	18	7	15	9	46	33	32	21	35	34	46	32	19	19	19	24	32	29	
25	0	7	2	9	6	4	17	23	31	8	15	8	1	9	22	7	1	7	16	4	16	7	25	20	19	18	14	11	13	20	19	2	19	23	18	17	1	24	29	
38	23	0	17	19	24	19	22	44	48	19	7	26	29	37	15	33	4	29	17	16	28	35	42	28	13	40	36	3	28	30	31	20	28	23	33	18	35	31	25	
23	15	11	0	13	16	25	21	21	34	18	16	12	5	13	27	11	16	20	16	10	18	11	35	24	10	30	23	3	18	26	26	12	15	29	9	21	16	21	20	
20	5	11	26	0	6	6	17	4	11	8	13	8	15	20	13	11	9	11	16	7	22	1	12	9	17	16	5	15	8	2	18	2	8	11	13	4	29	11	5	
19	3	2	19	11	0	22	15	4	23	14	9	14	8	16	12	11	7	17	5	4	9	9	26	16	14	4	4	6	5	3	11	8	18	17	12	21	21	16	15	
10	2	20	7	23	26	0	24	19	23	28	28	22	15	7	18	3	21	30	10	23	12	13	31	25	11	22	13	17	24	27	11	22	9	27	3	31	8	25	21	
35	7	21	26	8	19	3	0	27	34	28	9	19	15	23	29	21	13	17	23	10	14	3	37	12	8	7	21	22	11	14	22	22	8	18	16	3	34	14	8	
20	12	24	27	22	26	16	8	0	30	32	4	17	23	29	30	2	2	16	10	17	21	25	19	19	30	21	26	28	18	21	9	30	18	8	12	25	36	21	15	
25	11	7	12	9	12	12	4	23	0	14	15	8	1	9	19	7	12	16	11	16	13	7	26	6	21	26	18	11	3	6	17	8	17	24	4	17	12	1	14	
18	11	7	12	9	12	21	17	23	26	0	15	1	1	9	22	7	11	15	22	1	16	7	29	22	21	2	21	6	13	6	22	8	21	28	26	17	9	24	18	
24	7	14	5	25	16	23	5	25	21	18	0	3	17	4	27	9	14	21	26	22	30	1	22	17	22	12	28	15	2	31	24	12	23	33	21	11	28	33	32	
29	8	14	12	11	9	6	13	25	31	3	18	0	24	24	26	18	12	14	15	7	17	13	28	9	5	25	18	1	4	11	22	5	8	15	8	15	31	11	5	
19	5	1	6	3	6	15	11	17	29	8	9	2	0	3	17	1	6	10	16	17	10	1	25	20	15	20	15	5	8	19	16	2	17	23	22	11	29	24	27	
32	19	26	18	16	17	13	28	25	17	26	24	6	29	0	27	29	7	15	3	8	14	26	35	10	33	21	19	15	9	12	34	23	9	16	7	8	30	12	6	
24	10	16	1	21	7	14	13	6	37	9	15	18	13	21	0	13	7	21	13	17	4	19	16	4	18	5	9	11	11	21	20	12	6	19	6	10	2	21	15	
5	4	14	15	7	11	1	16	3	15	17	12	15	8	14	27	0	10	14	18	25	23	14	27	24	15	6	28	16	21	11	2	15	3	11	20	24	38	23	23	
25	21	17	22	11	22	25	17	4	35	8	2	7	11	19	12	11	0	2	7	26	22	17	9	10	7	17	27	21	10	25	18	18	7	7	13	18	26	6	24	
15	9	1	19	21	3	9	24	25	35	12	9	12	30	7	17	9	6	0	19	18	30	4	18	24	2	11	22	5	17	25	23	6	20	8	26	20	26	28	25	
19	3	20	29	21	15	15	18	17	26	16	25	17	22	20	3	1	18	20	0	20	34	13	14	9	28	17	19	24	21	6	16	11	17	5	25	2	29	24	18	
1	5	1	19	2	15	12	21	24	12	7	9	17	27	35	17	31	2	16	19	0	21	30	33	4	15	16	17	5	7	10	5	21	7	12	12	7	18	4	4	
28	2	7	24	2	8	18	24	13	5	9	13	10	27	11	23	17	11	13	10	7	0	30	27	14	17	24	17	10	8	16	21	4	13	8	3	20	8	16	10	
11	14	30	16	32	18	20	32	32	22	32	38	6	24	32	33	30	19	34	27	2	3	0	41	16	24	27	25	26	15	18	37	29	8	21	20	22	9	18	12	
9	17	26	26	17	19	31	26	26	36	6	34	29	29	14	27	27	24	33	12	25	14	32	0	1	7	46	19	18	7	25	29	36	22	33	5	17	10	20	23	
28	8	10	15	12	9	13	20	26	34	11	18	11	4	12	23	10	12	14	15	10	17	10	12	0	22	25	21	14	13	24	22	5	18	26	8	20	29	8	26	
11	4	21	15	30	16	14	17	4	8	18	13	9	22	30	23	11	11	21	11	8	23	14	15	10	0	27	19	20	9	7	18	12	9	16	14	16	32	5	6	
9	12	27	27	15	12	16	10	27	8	26	34	6	30	38	6	28	17	29	13	26	15	8	26	20	7	0	20	25	27	30	33	20	15	27	6	34	12	30	24	
9	14	1	15	12	13	21	19	23	33	17	9	11	4	12	2	10	2	12	9	14	11	7	30	6	15	29	0	5	17	23	25	11	19	25	2	20	36	6	17	
24	19	20	24	22	14	28	30	36	22	22	18	21	14	14	24	20	23	15	9	21	29	20	31	24	33	20	32	0	23	8	26	16	23	30	28	26	42	7	20	
6	11	10	28	24	12	18	29	17	20	14	18	14	19	23	26	4	15	1	22	22	32	10	31	25	24	16	24	14	0	18	1	8	20	28	23	29	27	19	21	
12	5	11	25	19	5	11	21	23	11	8	16	8	26	16	7	15	9	11	16	5	20	12	14	7	19	22	16	15	6	0	19	2	6	13	11	9	29	9	3	
25	4	9	5	11	6	9	19	23	29	16	13	7	3	5	24	9	10	18	18	5	6	9	32	7	5	3	16	13	6	9	0	10	6	11	11	13	28	9	3	
23	2	8	26	28	3	26	21	23	28	5	13	5	25	27	20	12	6	8	13	16	23	28	22	17	16	19	15	12	10	18	16	0	28	20	19	27	39	21	26	
23	11	16	34	4	17	22	34	25	40	21	16	32	26	12	18	32	20	34	24	28	35	32	14	22	10	24	40	20	28	32	34	33	0	6	26	33	31	11	39	
5	4	10	28	29	5	28	9	10	15	7	15	7	25	27	19	14	8	10	15	18	16	30	24	5	18	21	17	14	12	20	18	1	25	0	8	29	35	11	26	
25	8	17	17	17	25	22	17	17	27	31	25	20	20	28	18	18	18	28	3	16	5	23	24	18	22	37	10	21	17	20	23	27	13	24	0	24	30	20	14	
22	29	16	13	14	20	15	17	29	35	29	24	6	24	32	20	30	8	2	2	11	16	13	38	13	6	41	22	1	12	15	19	26	12	19	17	0	25	15	9	
24	17	7	9	27	18	27	30	36	24	27	8	26	21	29	3	20	12	4	18	12	13	27	44	36	21	4	24	11	28	38	8	28	31	31	25	26	0	26	33	
24	16	12	14	14	5	26	1	10	29	19	19	13	6	14	6	12	17	21	2	27	2	9	29	21	23	31	9	6	15	19	24	13	28	23	17	2	1	0	27	
26	19	19	21	24	10	7	28	19	25	19	27	19	22	30	20	26	6	21	14	1	16	25	28	3	33	33	12	13	2	5	33	16	2	9	7	9	25	5	0	
M6
0	34	34	35	2	16	9	14	27	31	37	4	13	29	43	33	43	34	37	1	17	23	24	6	31	12	21	34	1	36	34	36	33	20	37	37	32	16	30	16	
29	0	38	40	6	29	39	36	34	23	5	31	42	20	21	23	7	21	24	19	27	14	33	36	19	23	44	15	26	16	33	39	19	37	10	42	17	26	16	22	
4	39	0	6	7	21	5	19	18	35	35	9	18	10	19	30	10	8	24	6	22	7	19	11	31	17	20	13	6	17	22	2	17	7	35	40	16	8	34	3	
23	6	23	0	14	28	29	25	7	20	13	17	11	18	3	31	3	27	26	18	9	22	8	30	27	13	8	3	25	16	22	11	23	9	18	19	8	32	24	30	
11	11	37	28	0	11	12	17	1	4	6	16	2	32	32	12	14	33	19	13	13	26	27	9	32	14	4	8	13	20	32	36	20	23	23	19	10	19	29	28	
3	8	16	39	6	0	13	18	28	27	15	3	3	6	31	33	17	20	18	5	21	14	7	10	29	16	4	24	5	12	21	31	22	20	20	10	20	20	24	9	
25	15	28	15	23	18	0	13	30	5	22	27	21	33	38	38	19	15	10	19	23	29	30	12	27	10	16	32	27	33	36	24	18	26	27	22	34	22	33	18	
36	17	13	38	25	15	25	0	17	12	24	9	25	17	33	22	26	18	16	36	20	31	32	14	34	20	4	17	37	32	33	41	38	28	13	9	25	24	16	8	
18	19	27	5	21	18	8	17	0	21	5	20	26	15	13	5	6	19	30	20	2	3	22	9	34	15	31	26	19	1	3	28	19	15	31	4	12	15	25	11	
9	30	10	31	4	23	19	20	36	0	19	14	7	16	8	14	7	8	24	11	13	33	3	16	4	22	18	20	11	4	17	30	18	11	8	24	22	26	20	24	
17	8	3	19	16	24	11	15	22	22	0	7	31	14	31	6	17	17	22	19	1	14	17	7	4	13	29	25	8	17	20	26	23	5	20	5	21	6	22	22	
10	8	15	31	13	26	18	15	16	3	15	0	24	4	4	22	17	25	20	12	18	24	19	7	28	13	31	25	12	18	20	21	25	7	20	37	27	17	14	27	
2	27	14	7	5	19	12	4	30	15	33	7	0	14	23	24	17	34	4	4	20	26	17	9	10	15	24	13	4	16	21	20	31	23	18	36	30	2	15	14	
34	40	6	39	15	9	25	3	20	23	20	23	6	0	17	13	30	24	2	33	41	38	32	41	39	21	34	42	36	26	17	36	6	20	34	17	10	40	38	33	
30	20	15	20	28	7	24	21	37	13	27	17	10	2	0	31	5	34	20	17	14	36	21	33	33	8	29	37	32	28	17	29	8	9	12	23	28	42	33	30	
5	3	29	27	8	22	14	11	3	18	10	10	3	16	25	0	11	26	13	7	14	19	13	3	13	9	21	20	7	21	10	14	24	15	15	28	22	3	21	22	
23	15	16	33	23	26	3	13	35	21	22	8	22	9	1	8	0	23	24	15	37	31	19	30	5	18	2	29	21	26	22	12	25	7	27	8	13	25	33	12	
34	3	17	15	11	33	3	16	39	8	10	18	39	25	26	28	12	0	14	24	32	18	19	36	24	28	6	20	11	8	32	20	24	18	15	36	11	30	21	26	
35	8	1	9	5	11	25	23	16	18	15	13	12	14	23	23	17	12	0	2	34	24	17	29	13	16	25	25	33	7	20	37	23	5	20	5	18	1	6	8	
22	38	18	28	25	1	3	26	32	24	25	12	33	13	34	6	25	22	20	0	21	4	9	28	27	15	15	26	19	3	19	8	22	4	25	31	13	4	18	12	
4	5	22	6	7	21	14	5	19	20	12	9	18	17	28	30	14	8	25	6	0	21	8	11	26	6	23	22	6	23	22	35	18	8	17	23	24	16	11	17	
24	31	17	29	27	8	31	15	35	26	26	10	27	5	38	27	20	36	23	26	16	0	36	31	24	34	46	16	9	13	12	18	27	29	37	27	2	5	31	1	
45	26	40	39	34	10	40	5	41	18	4	1	12	41	14	25	35	13	30	7	40	42	0	29	41	27	3	5	24	15	2	15	3	32	4	40	27	15	5	40	
24	25	25	26	9	18	8	5	34	22	28	19	23	20	41	24	34	28	28	26	8	14	15	0	35	3	30	32	26	29	25	27	24	11	31	28	23	7	31	22	
44	37	1	38	18	20	25	1	7	18	10	13	33	14	30	7	13	10	21	36	36	32	17	29	0	1	24	34	9	24	10	35	3	5	15	14	38	14	32	15	
22	39	29	3	25	34	21	25	16	21	29	23	30	14	3	9	24	7	32	9	32	27	27	29	37	0	14	18	24	34	30	36	17	15	40	29	20	8	38	16	
32	8	25	9	9	16	35	23	32	33	15	18	33	13	31	18	12	10	31	11	17	1	13	24	4	30	0	24	17	21	10	11	28	34	20	35	10	13	26	5	
13	32	24	33	11	20	14	12	32	29	9	18	24	2	30	4	32	30	20	13	15	21	22	4	20	6	24	0	12	15	30	20	24	18	38	15	28	14	16	29	
27	25	23	2	27	18	9	6	26	23	21	26	28	23	33	37	34	21	13	7	11	13	13	17	41	23	28	28	0	30	19	16	19	21	29	6	22	15	23	21	
15	15	24	38	18	25	23	6	38	24	22	18	29	14	11	36	24	12	24	1	23	11	22	12	15	7	34	5	12	0	25	30	28	10	24	29	4	14	33	4	
20	11	17	1	19	8	23	26	8	11	8	7	13	12	16	12	20	6	4	22	25	27	15	18	21	4	19	28	22	22	0	20	21	3	23	9	30	28	29	4	
19	20	13	21	8	15	4	11	8	6	27	24	29	7	38	23	14	23	25	21	3	22	17	5	32	11	13	25	21	34	26	0	29	19	32	28	3	1	7	30	
6	3	26	34	9	22	16	21	34	6	10	11	20	10	1	28	12	26	23	8	24	10	26	13	14	19	23	13	8	21	1	13	0	14	15	41	19	10	21	18	
38	43	7	38	29	12	13	21	21	35	21	1	24	2	23	22	24	24	10	24	28	34	5	17	17	4	17	22	21	12	8	32	11	0	21	26	28	27	20	42	
38	10	13	33	18	3	17	44	21	4	17	17	13	25	2	20	19	21	34	19	27	26	37	41	30	35	11	18	18	28	4	40	25	25	0	8	15	31	21	34	
17	10	24	33	8	22	14	23	31	4	2	18	26	4	29	33	19	2	13	14	30	26	22	24	31	21	30	27	19	11	22	19	26	10	14	0	28	17	14	14	
20	22	17	37	23	25	26	26	34	10	14	14	7	7	16	12	31	19	23	22	37	15	18	26	8	17	26	19	13	21	17	5	12	6	31	4	0	17	26	23	
28	32	21	3	31	23	27	17	35	9	35	15	22	16	30	1	35	35	9	1	15	8	19	31	27	18	26	31	24	16	22	33	25	7	11	39	17	0	17	16	
24	25	26	18	27	29	24	19	25	17	4	29	10	4	13	33	3	28	22	13	8	41	28	31	12	26	42	42	26	4	8	13	26	28	20	27	30	15	0	11	
3	8	37	11	6	15	12	6	1	11	15	8	17	30	31	19	17	6	3	5	21	20	15	10	13	16	17	25	5	11	12	24	24	24	20	27	27	13	26	0	
M7
0	22	4	18	11	21	5	10	22	17	38	13	20	23	30	31	11	15	8	10	12	24	6	30	1	2	37	26	24	6	16	11	23	16	8	19	11	16	17	10	
7	0	20	17	19	31	14	26	28	18	18	8	10	10	14	40	24	2	25	18	1	23	36	36	3	10	34	8	21	14	23	16	3	22	9	25	14	23	25	11	
9	13	0	23	19	25	12	6	25	33	31	23	16	2	15	22	17	12	11	22	42	17	20	27	26	11	16	27	4	18	2	23	16	4	14	12	35	35	23	26	
17	8	20	0	17	24	20	24	21	6	4	19	18	16	26	13	16	24	10	16	13	25	26	26	4	10	27	20	3	12	1	17	15	27	8	19	18	1	12	7	
20	3	1	29	0	9	27	13	33	32	11	24	23	1	17	24	23	30	17	36	25	21	25	21	32	17	3	5	16	33	8	35	22	18	8	9	36	16	22	18	
5	13	13	21	14	0	23	10	25	14	7	29	28	5	1	13	5	33	16	12	21	25	27	34	27	28	20	1	22	22	31	27	29	25	30	21	21	12	24	4	
23	16	20	14	10	28	0	3	2	31	34	20	33	20	5	13	20	2	14	20	17	18	23	30	29	6	24	2	13	29	5	15	19	2	25	13	7	35	4	18	
12	3	25	30	21	36	6	0	13	30	31	19	5	3	11	26	34	10	15	12	27	30	16	30	37	29	13	6	3	23	27	28	16	12	22	25	31	7	31	4	
25	18	3	20	35	7	27	6	0	45	34	9	14	22	24	31	10	27	16	8	15	37	31	32	14	16	11	4	1	30	7	30	21	24	27	32	26	20	28	14	
26	35	11	10	8	33	7	28	30	0	28	28	23	16	6	4	33	5	32	15	2	17	7	19	13	2	44	2	13	21	24	12	26	23	22	31	10	31	31	7	
28	22	30	30	22	36	13	23	19	27	0	21	23	25	26	21	23	23	6	22	11	46	26	24	35	30	28	21	28	28	33	30	31	20	27	20	36	2	39	4	
10	18	20	20	31	6	17	31	30	12	20	0	19	28	6	3	1	27	29	34	34	26	4	35	5	21	6	24	23	34	26	15	6	8	12	28	3	25	16	25	
27	33	35	24	29	17	9	34	30	38	8	18	0	4	18	32	33	34	17	6	22	14	11	35	17	31	20	19	39	25	34	22	42	31	10	31	38	13	3	15	
26	16	22	33	14	18	1	27	26	10	15	28	11	0	29	11	29	26	24	23	29	36	27	11	9	27	31	17	26	21	29	18	38	22	44	27	5	20	26	22	
4	21	19	10	14	26	20	21	6	26	24	16	23	8	0	8	26	30	20	13	34	5	29	27	7	15	37	27	12	9	11	7	9	5	10	18	1	26	20	27	
17	42	33	16	22	42	26	44	27	18	40	36	13	25	4	0	1	30	30	2	45	28	24	22	16	38	48	22	9	32	34	30	32	23	9	22	24	22	13	35	
4	6	16	13	11	28	16	18	11	21	3	12	2	27	2	24	0	26	12	10	10	15	4	30	21	12	14	19	23	6	18	11	5	16	11	15	22	8	17	3	
20	25	31	13	27	40	18	26	11	32	2	23	28	27	12	26	28	0	11	13	16	22	13	6	37	29	33	26	33	26	32	20	16	18	14	25	11	7	36	9	
18	3	12	3	13	9	33	10	22	29	27	14	23	31	22	33	32	27	0	39	27	25	39	12	16	26	5	1	12	35	17	5	22	32	28	28	21	14	29	4	
25	22	24	23	29	35	1	27	17	9	42	34	13	22	29	3	28	11	22	0	16	34	7	16	37	22	10	10	21	35	13	39	27	19	33	36	8	41	28	8	
6	15	1	8	6	26	23	13	21	16	10	8	15	19	25	27	19	12	12	5	0	19	29	26	6	7	30	21	12	1	4	6	18	3	2	14	9	15	12	17	
6	32	27	4	24	10	40	36	5	5	28	31	21	32	5	30	40	26	34	28	8	0	3	36	28	30	17	6	27	24	25	29	33	29	8	15	25	13	15	31	
24	32	21	19	3	38	24	11	30	11	8	7	26	19	17	30	34	19	17	16	2	3	0	9	26	4	18	27	29	21	24	26	20	19	22	28	29	13	22	15	
7	33	34	28	9	11	19	4	37	23	15	18	23	14	19	29	34	14	24	23	15	5	27	0	11	31	20	18	3	34	22	22	36	36	18	8	7	20	42	10	
19	12	20	22	7	24	19	23	25	1	3	22	29	16	25	25	2	11	10	18	11	35	26	15	0	10	5	8	9	30	1	28	15	26	21	26	31	8	22	8	
40	24	34	21	30	30	30	14	16	27	45	39	9	43	17	5	2	49	33	41	23	3	27	36	34	0	35	30	21	42	38	26	37	30	32	30	37	20	21	5	
6	14	20	7	15	38	5	7	14	10	31	9	17	19	33	19	30	30	20	14	14	23	4	2	12	13	0	26	23	10	15	3	27	30	22	23	19	27	21	6	
25	33	30	19	5	5	34	32	25	37	38	27	4	37	22	15	37	20	31	24	17	30	29	30	38	26	36	0	27	20	22	10	23	38	7	33	4	37	31	29	
9	20	14	16	9	21	26	6	25	4	33	7	18	23	28	30	30	34	15	1	25	3	16	27	18	10	8	24	0	4	19	7	21	17	27	17	23	21	15	9	
3	14	8	10	3	33	20	10	21	36	30	5	12	27	22	24	30	36	9	2	23	16	40	23	27	4	41	18	23	0	15	3	15	20	21	11	19	15	9	28	
13	6	14	16	39	18	15	34	29	33	24	16	33	10	20	19	10	18	4	37	38	29	20	20	19	4	21	20	3	42	0	22	9	34	15	26	29	29	16	19	
22	15	23	8	32	27	24	20	10	34	30	25	17	19	29	28	19	27	13	44	41	12	29	12	22	13	30	15	12	40	4	0	18	39	24	15	8	29	25	28	
1	9	40	11	28	25	8	22	28	37	12	4	21	19	14	36	34	18	21	25	26	17	30	30	28	30	42	15	15	30	21	10	0	26	3	19	22	17	35	16	
24	7	8	27	4	29	7	31	32	31	35	24	35	11	12	30	2	19	15	36	17	36	31	31	19	15	22	31	14	32	6	26	20	0	13	16	32	40	15	30	
10	12	15	17	10	35	26	17	17	11	15	12	16	2	29	27	14	35	9	9	11	23	37	19	19	11	18	25	20	5	12	10	22	19	0	6	26	20	16	22	
32	26	14	17	26	29	17	27	23	31	1	25	27	29	30	18	27	27	10	26	15	36	19	13	19	34	32	10	32	32	28	16	35	24	12	0	32	6	25	8	
7	7	36	17	7	25	4	11	27	36	18	8	27	2	4	1	36	2	13	30	32	23	36	35	30	32	16	9	21	26	27	16	3	28	9	21	0	21	6	22	
9	3	26	31	3	17	41	31	3	39	28	2	5	6	28	2	35	36	30	23	9	37	13	40	33	11	18	2	38	19	31	24	33	30	28	1	23	0	26	35	
19	15	24	27	3	17	19	11	25	26	3	22	25	17	32	15	1	1	12	28	17	35	17	24	19	18	15	27	17	34	9	21	15	18	21	17	37	8	0	10	
30	20	6	23	2	36	33	29	13	8	38	16	21	25	7	9	2	27	22	39	39	12	6	1	33	19	29	30	3	35	13	7	27	26	33	29	1	13	28	0	
