40  2  1
2
	0	88	1	17
	0	17	1	30
	0	48	1	68
	0	26	1	71
	0	31	1	55
	0	95	1	44
	0	93	1	77
	0	90	1	84
	0	36	1	64
	0	35	1	77
	0	66	1	86
	0	65	1	71
	0	79	1	1
	0	47	1	62
	0	52	1	34
	0	71	1	29
	0	47	1	14
	0	35	1	93
	0	57	1	14
	0	44	1	18
	0	45	1	78
	0	13	1	80
	0	61	1	15
	0	59	1	86
	0	39	1	99
	0	90	1	100
	0	99	1	23
	0	45	1	10
	0	25	1	64
	0	47	1	64
	0	70	1	83
	0	63	1	30
	0	30	1	55
	0	86	1	80
	0	80	1	7
	0	82	1	96
	0	50	1	12
	0	71	1	36
	0	17	1	51
	0	29	1	27
SSD
M0
0	9	62	39	70	57	33	18	62	57	43	41	49	54	23	63	33	1	51	16	32	35	77	77	31	54	38	56	42	43	37	48	31	38	49	50	66	26	54	81	
52	0	82	46	52	40	67	14	53	72	29	15	52	66	25	66	43	52	25	24	6	46	53	83	48	46	26	52	78	47	72	33	5	55	91	33	40	65	28	79	
51	62	0	51	54	42	28	32	39	50	23	64	24	67	39	3	76	30	41	51	49	10	43	47	50	25	2	31	12	28	30	72	7	44	36	69	41	63	38	24	
61	50	87	0	18	1	50	28	66	50	86	7	14	50	69	62	85	52	50	69	73	56	50	65	24	47	47	34	52	64	71	67	51	21	61	20	50	75	40	55	
44	58	53	42	0	48	25	22	41	1	37	39	21	1	20	32	53	36	16	45	34	7	56	16	57	45	19	28	3	15	44	53	29	31	48	6	1	27	41	6	
71	66	79	2	46	0	46	50	34	55	2	35	42	78	57	41	16	60	21	53	42	58	33	23	28	46	59	25	78	57	74	73	64	10	44	23	78	74	57	14	
8	72	37	23	46	50	0	53	45	58	41	56	25	68	7	29	15	40	33	57	12	11	42	41	6	33	50	18	29	29	48	21	33	45	63	53	12	49	61	21	
27	26	19	70	53	47	50	0	73	45	24	6	70	74	12	48	82	34	42	11	49	72	73	35	43	24	34	52	65	32	47	62	48	73	49	17	42	86	52	84	
56	63	17	21	65	40	15	58	0	48	9	19	57	10	42	46	67	27	83	29	45	75	20	8	69	10	27	35	68	40	70	57	34	41	40	14	13	40	3	70	
8	44	17	41	37	47	38	51	44	0	19	3	16	54	53	31	17	39	20	76	23	10	71	37	60	54	52	31	2	28	47	19	32	44	12	59	31	71	39	63	
60	77	12	62	78	69	35	60	46	61	0	66	26	58	72	9	41	41	20	68	29	12	31	32	10	49	13	33	48	30	49	67	34	15	35	57	30	46	51	67	
6	33	57	58	72	40	4	50	37	25	33	0	17	60	22	43	51	32	34	65	46	3	52	62	7	39	27	24	39	21	40	64	25	2	14	54	21	67	48	58	
62	12	36	53	33	59	55	43	48	19	51	44	0	11	49	59	62	9	54	53	35	59	8	44	37	75	5	71	50	52	3	59	34	52	63	4	29	65	39	70	
29	61	85	51	53	41	45	38	54	33	28	19	53	0	4	1	61	53	39	36	48	78	37	72	43	85	19	53	57	29	96	5	6	83	5	80	41	91	71	68	
42	51	58	38	73	40	10	52	55	32	45	62	32	67	0	30	84	57	14	2	47	28	72	18	49	61	44	14	1	46	58	11	28	34	70	57	30	35	55	62	
19	83	72	76	81	25	47	63	19	89	11	12	61	19	50	0	77	63	53	69	74	67	42	59	84	22	19	21	46	85	65	71	47	60	47	69	68	57	58	49	
19	44	62	2	39	29	38	29	76	10	26	35	42	48	57	12	0	67	65	62	55	55	78	59	4	42	75	62	47	21	76	10	66	49	1	48	71	60	57	28	
51	1	55	9	49	36	42	32	29	68	7	33	49	18	5	35	61	0	27	42	14	54	50	41	45	39	11	55	6	34	31	51	2	56	50	49	35	60	23	55	
26	23	63	48	87	75	64	9	59	66	28	55	46	57	40	3	56	4	0	8	37	50	1	65	55	45	50	14	30	11	67	65	40	51	10	19	59	87	51	63	
69	5	66	29	73	56	50	36	62	30	51	37	42	32	10	70	46	13	47	0	28	28	46	17	3	57	48	6	54	23	30	55	27	62	77	11	62	35	26	75	
64	39	31	28	18	55	58	67	66	21	28	59	68	50	23	15	16	73	55	29	0	56	71	65	39	69	18	1	52	60	58	52	58	54	64	32	50	40	49	35	
52	52	74	54	56	44	33	41	21	36	17	41	1	44	56	52	67	16	18	53	30	0	48	58	37	61	29	8	23	5	24	59	9	21	58	56	44	74	37	42	
32	5	1	30	63	41	2	31	34	64	45	1	29	58	45	26	65	5	46	46	17	15	0	46	59	24	9	36	21	33	5	55	27	42	62	55	20	27	50	48	
52	52	11	66	8	83	44	44	66	13	62	50	46	40	4	62	43	61	24	58	13	32	82	0	71	84	50	17	42	33	49	23	54	49	45	45	28	66	48	45	
56	68	65	58	50	28	61	73	33	13	33	51	58	67	23	48	39	64	59	19	13	58	68	16	0	57	51	44	50	70	33	18	71	78	52	8	70	66	40	38	
24	61	67	19	60	39	37	56	72	44	61	16	42	47	31	42	65	25	26	76	43	65	5	52	69	0	59	2	17	6	8	53	32	39	47	44	22	38	1	58	
44	78	78	27	15	54	46	29	48	41	50	60	67	44	1	8	67	54	62	55	6	53	16	62	66	85	0	32	49	61	41	11	75	74	40	31	47	73	87	52	
61	67	35	55	59	37	12	44	55	72	81	63	41	10	4	58	31	65	9	56	8	75	25	23	55	49	46	0	57	77	34	6	12	33	62	85	30	59	93	80	
23	72	32	14	58	20	11	26	57	43	19	36	37	41	26	4	68	52	54	60	31	23	68	10	64	35	53	44	0	31	60	49	34	39	90	32	4	55	46	36	
17	47	38	2	46	29	69	3	24	64	14	35	37	70	67	68	15	52	54	44	33	23	19	8	30	9	65	33	59	0	60	35	45	49	63	18	10	47	29	5	
76	7	16	48	9	32	65	6	54	41	46	15	37	41	44	51	67	4	49	16	30	47	24	56	63	17	6	48	43	54	0	57	29	40	53	46	41	7	52	46	
12	72	63	45	72	24	42	57	26	28	50	57	54	22	31	35	17	80	83	23	58	54	15	22	68	40	38	73	6	62	32	0	65	51	65	19	35	36	60	67	
19	25	71	15	17	5	69	2	18	49	63	48	17	42	31	45	72	46	45	14	12	55	18	62	13	64	4	45	51	57	84	70	0	62	67	54	5	56	57	54	
3	50	82	18	16	45	56	54	62	48	7	16	8	20	34	61	59	70	33	35	14	41	49	63	10	88	13	60	50	59	78	10	22	0	72	53	48	74	67	24	
51	63	4	14	5	26	21	15	34	37	67	47	31	37	10	52	63	27	37	50	63	43	57	52	64	77	10	64	23	51	58	30	32	35	0	41	37	60	51	11	
30	25	14	27	47	50	76	47	27	30	62	52	39	69	49	65	37	23	24	59	48	32	13	26	25	69	34	53	64	26	40	69	15	61	33	0	39	36	23	78	
76	55	36	66	61	34	58	6	30	73	60	39	38	55	43	69	17	22	21	6	59	30	43	29	53	17	61	21	60	17	39	72	27	64	42	22	0	1	56	65	
44	59	10	2	37	29	47	36	35	1	31	35	15	58	35	46	29	23	32	51	20	1	55	56	19	26	41	11	33	14	38	55	7	7	18	48	42	0	51	20	
36	43	77	1	45	28	72	38	62	28	49	34	41	29	28	77	47	7	69	58	25	71	50	38	51	74	48	15	48	20	73	66	14	21	75	30	34	20	0	66	
28	23	78	32	26	53	61	54	25	30	45	18	29	58	59	70	23	25	46	10	23	15	48	69	57	71	57	36	51	19	52	35	29	43	59	61	58	51	14	0	
M1
0	7	37	54	53	49	58	25	44	40	33	34	44	41	36	30	51	57	42	8	14	45	20	8	48	40	10	36	49	37	61	54	41	39	36	63	59	49	35	41	
73	0	34	37	16	28	70	35	45	53	36	50	67	46	67	13	44	49	34	64	29	52	54	59	79	56	60	53	49	10	44	48	13	2	35	26	52	30	73	55	
75	38	0	5	19	67	77	61	54	38	52	44	62	13	46	56	68	30	52	49	24	26	74	28	21	12	20	33	40	23	34	15	20	4	46	67	79	59	55	79	
8	32	47	0	31	20	30	50	22	53	38	40	15	25	25	55	39	39	39	13	25	8	31	1	59	21	35	13	23	52	27	5	5	26	32	31	7	35	21	28	
56	21	31	31	0	12	17	52	30	61	43	34	46	19	36	63	61	40	42	38	34	8	5	30	8	30	10	7	29	30	16	33	24	35	36	5	44	20	36	11	
1	25	48	55	29	0	27	9	47	39	47	52	57	30	36	48	5	44	36	26	32	30	22	26	66	12	28	11	33	47	28	13	14	52	54	51	61	32	53	59	
44	34	27	24	22	19	0	2	27	19	11	41	14	58	48	60	38	53	38	8	33	44	33	48	13	11	37	25	22	54	41	60	28	1	63	37	52	51	20	32	
59	7	44	6	53	43	44	0	36	39	7	50	38	5	42	50	62	62	48	56	48	14	45	48	43	41	34	49	46	30	41	47	16	5	35	63	21	36	44	12	
9	25	36	16	38	44	16	51	0	1	3	13	66	23	44	20	40	47	68	34	40	39	46	10	35	43	36	20	29	26	8	26	38	5	62	60	39	67	19	4	
40	17	38	30	7	25	35	28	34	0	4	18	20	8	32	51	42	11	16	4	20	24	38	19	58	24	42	31	17	57	15	4	48	31	3	28	29	16	26	36	
77	48	21	51	19	45	55	53	25	33	0	32	47	34	42	63	40	29	14	44	6	20	36	24	54	19	16	1	23	61	49	41	19	38	42	41	62	53	49	44	
41	22	6	4	16	29	54	54	32	32	16	0	41	41	47	20	47	36	21	5	30	33	43	46	27	29	47	40	17	62	4	28	53	36	8	25	54	21	32	32	
49	32	39	9	28	4	14	53	20	42	46	26	0	43	48	72	23	38	23	50	37	29	18	33	48	12	22	10	7	39	50	45	28	47	48	50	45	50	5	17	
60	24	5	56	2	51	3	64	20	20	14	44	46	0	38	54	35	17	32	59	54	24	29	32	57	15	49	45	11	14	25	31	17	38	30	35	5	9	52	26	
53	17	26	36	22	26	41	13	47	21	15	26	26	6	0	19	28	17	2	23	42	36	24	27	50	39	21	17	13	4	49	17	22	26	20	25	56	33	32	32	
51	34	45	10	11	45	28	12	29	36	37	69	57	29	33	0	2	16	33	39	45	10	19	45	50	27	45	29	42	33	2	22	35	3	69	20	50	20	58	22	
35	18	29	60	37	45	23	16	28	20	39	53	50	13	17	48	0	32	17	47	29	28	3	29	48	42	29	19	26	28	62	37	19	33	55	34	42	13	42	41	
19	1	19	44	45	39	21	39	40	37	15	31	34	44	33	44	46	0	27	36	46	40	15	41	45	40	7	31	22	40	22	9	39	33	33	57	54	8	3	50	
52	24	34	32	23	27	37	42	33	5	41	36	22	6	19	38	12	1	0	16	32	24	8	11	34	28	12	5	27	33	49	42	23	10	38	25	47	29	28	16	
18	42	16	28	41	23	32	31	39	54	7	45	18	52	24	34	42	31	35	0	7	42	37	43	46	31	41	23	26	50	48	55	32	28	43	63	50	56	9	15	
70	35	45	56	23	49	60	57	44	63	41	3	51	55	49	59	74	13	55	63	0	24	19	28	56	1	34	5	27	44	53	53	22	48	60	45	37	14	26	25	
52	52	62	32	54	71	25	39	50	49	47	58	66	11	59	76	56	32	30	60	5	0	36	39	68	59	56	36	57	61	13	61	54	4	43	69	35	50	38	56	
36	1	11	57	19	27	47	32	10	52	37	61	47	42	25	44	64	34	38	61	16	10	0	11	75	24	37	1	23	10	44	19	19	33	49	41	24	38	24	45	
50	45	47	53	54	5	32	4	24	53	21	46	74	27	37	14	39	48	44	55	60	28	33	0	53	33	33	49	19	58	16	35	63	45	31	63	9	37	51	22	
61	21	55	41	36	60	49	42	38	39	15	22	56	39	2	13	12	35	20	50	36	32	29	41	0	15	46	18	21	40	10	26	2	15	7	43	57	20	23	40	
49	49	51	56	34	51	27	36	55	58	24	43	46	51	48	54	24	1	54	63	43	22	41	39	25	0	49	16	38	54	55	55	3	71	65	52	40	9	52	40	
42	14	40	44	37	47	43	50	11	28	11	1	42	21	3	56	35	24	9	6	31	28	31	34	15	10	0	25	17	31	54	54	9	23	3	48	53	16	33	36	
79	37	37	46	8	34	51	42	57	54	26	50	36	46	34	52	60	23	40	55	17	9	44	13	64	13	26	0	12	59	38	46	8	64	52	30	51	60	42	54	
15	9	53	20	49	7	63	57	69	17	65	24	48	27	68	22	53	66	56	40	46	1	49	33	22	58	42	35	0	49	30	64	52	27	60	65	86	11	54	66	
36	38	42	32	51	27	29	65	21	56	32	37	22	13	31	62	46	52	37	44	7	25	30	33	21	18	45	33	30	0	26	32	51	29	24	13	6	24	28	27	
2	26	53	55	29	52	23	20	15	18	36	43	61	21	26	49	46	56	41	27	33	6	27	27	35	27	29	43	33	3	0	11	39	39	28	37	3	31	54	24	
70	35	40	30	49	25	34	16	41	52	7	47	20	5	66	60	44	48	33	63	36	50	39	24	37	32	43	31	28	27	2	0	38	57	59	71	34	62	26	38	
41	31	39	45	45	46	51	54	10	61	3	49	41	45	46	19	27	5	47	5	30	40	15	41	36	48	50	31	49	40	47	49	0	36	66	51	49	54	32	14	
45	41	43	46	5	9	14	31	28	18	34	11	45	36	40	17	9	2	40	9	34	51	26	46	33	16	52	42	44	18	3	60	42	0	70	57	65	36	36	42	
72	7	48	52	42	47	39	62	24	25	1	8	42	26	39	50	32	21	6	36	22	18	28	31	54	14	32	25	7	47	53	62	38	21	0	45	43	6	48	26	
42	44	46	8	52	43	28	61	20	62	38	45	64	16	38	35	40	58	43	67	59	13	28	32	53	29	69	44	44	11	25	19	62	23	30	0	5	33	53	22	
43	27	38	40	46	37	11	47	3	45	21	28	53	6	21	44	37	41	26	56	42	7	12	15	40	12	52	28	27	37	8	14	46	24	13	65	0	16	48	9	
51	18	6	11	30	6	16	49	22	28	18	28	1	29	30	9	25	24	9	33	9	27	2	10	42	14	4	12	9	17	40	36	30	29	30	43	39	0	7	19	
66	68	22	21	52	41	10	74	48	40	28	65	55	59	64	36	61	32	39	33	58	39	52	57	49	32	55	34	34	9	23	67	52	11	69	73	44	18	0	65	
20	19	5	4	29	57	10	59	23	57	13	48	63	10	17	62	57	23	46	45	51	23	32	35	4	32	47	48	47	43	6	13	62	44	33	29	8	36	14	0	
