40  2  1
2
	0	89	1	75
	0	58	1	8
	0	14	1	40
	0	28	1	81
	0	24	1	35
	0	53	1	45
	0	56	1	25
	0	28	1	52
	0	9	1	90
	0	54	1	27
	0	97	1	97
	0	50	1	5
	0	70	1	43
	0	93	1	1
	0	99	1	90
	0	77	1	64
	0	24	1	6
	0	7	1	24
	0	83	1	60
	0	70	1	12
	0	97	1	45
	0	51	1	16
	0	77	1	32
	0	90	1	18
	0	56	1	74
	0	86	1	9
	0	95	1	4
	0	7	1	76
	0	83	1	14
	0	53	1	18
	0	53	1	99
	0	87	1	39
	0	78	1	99
	0	26	1	3
	0	8	1	83
	0	61	1	70
	0	88	1	47
	0	46	1	45
	0	34	1	34
	0	76	1	94
SSD
M0
0	37	48	32	37	31	37	34	30	33	12	20	42	41	28	40	60	53	60	49	19	47	60	26	43	45	65	12	23	25	45	21	68	3	79	59	58	4	8	68	
61	0	54	54	61	26	59	69	35	45	27	48	71	15	6	62	48	51	48	74	59	59	59	18	60	32	63	17	12	9	36	64	54	25	45	64	79	45	37	50	
29	64	0	30	28	41	21	31	2	63	17	15	25	54	18	29	4	56	31	60	55	11	77	14	27	9	45	61	33	22	36	69	71	34	66	64	39	65	42	42	
31	67	51	0	66	61	60	38	4	5	19	17	19	64	2	59	39	58	55	61	51	76	19	16	29	44	70	62	35	41	59	49	88	62	73	49	21	53	20	63	
15	56	45	28	0	27	73	22	49	27	64	54	35	57	48	5	52	42	59	8	89	70	37	10	74	56	54	31	6	44	84	58	87	39	75	13	50	56	61	76	
33	56	43	11	44	0	13	58	37	44	52	34	21	58	41	44	19	24	46	47	32	63	41	49	18	16	36	55	36	12	51	12	25	7	34	12	18	70	30	1	
46	29	17	47	59	27	0	32	19	36	34	29	55	40	35	51	26	6	20	29	22	16	37	23	44	20	18	44	47	53	58	44	40	18	8	10	70	20	25	40	
9	32	21	37	63	13	49	0	25	35	40	4	46	57	8	27	2	44	29	67	39	46	55	37	50	21	36	7	44	20	34	54	57	15	25	40	34	6	35	40	
18	69	38	58	80	66	47	25	0	54	6	4	27	51	7	46	55	45	42	68	44	63	105	3	16	44	57	60	22	73	55	83	94	49	77	81	62	59	62	50	
60	36	23	53	65	12	58	23	35	0	14	45	62	42	51	61	41	22	68	8	28	43	16	47	25	36	34	31	29	44	73	71	46	24	14	77	76	46	41	56	
60	36	23	27	65	78	58	38	39	60	0	52	49	46	41	32	41	52	51	66	28	22	67	51	64	46	29	50	53	59	38	40	46	24	14	9	64	72	33	20	
58	15	18	4	60	73	27	32	31	37	46	0	51	20	11	61	36	18	11	41	32	43	51	36	56	32	20	59	60	54	56	41	52	33	23	81	53	52	37	52	
28	36	46	39	81	70	44	49	15	15	30	28	0	36	8	20	39	19	26	12	64	69	59	27	38	33	31	11	19	24	71	20	67	10	50	58	39	39	38	46	
41	46	32	63	74	18	67	48	48	86	48	61	31	0	59	23	45	62	72	74	38	37	77	60	49	55	71	60	45	68	1	83	23	34	24	83	70	21	36	72	
43	27	62	44	68	58	72	50	16	20	31	26	48	4	0	48	23	3	50	26	33	53	8	28	41	17	15	46	3	59	55	37	29	54	88	11	81	47	22	37	
47	4	33	45	52	47	32	54	20	37	35	30	24	72	36	0	10	7	20	30	10	29	61	32	45	21	19	13	32	15	42	47	56	21	45	60	12	33	6	41	
34	36	15	11	57	13	50	31	31	44	46	16	20	75	41	1	0	61	3	55	44	40	58	17	56	38	17	33	53	46	8	78	89	24	84	36	37	61	59	14	
33	61	52	48	58	50	62	40	6	23	21	16	42	66	22	38	13	0	40	16	57	43	83	18	31	7	5	36	35	49	45	83	42	44	89	73	71	64	12	27	
52	76	65	39	17	36	82	16	69	67	81	48	16	97	23	11	46	61	0	49	83	41	69	51	32	28	32	51	31	27	65	44	97	59	69	17	10	50	77	33	
48	14	68	65	18	69	42	55	21	48	16	27	57	76	37	47	37	18	64	0	74	30	74	33	46	16	30	32	45	45	69	27	53	36	100	55	38	45	37	52	
52	86	78	65	13	48	37	59	31	13	19	44	42	56	37	42	89	79	82	15	0	67	48	43	41	49	9	68	43	41	61	80	56	54	81	15	87	2	81	58	
42	59	8	1	50	48	40	40	15	32	30	25	47	57	16	43	22	2	49	25	3	0	48	27	35	16	14	34	35	20	54	78	22	6	88	78	22	62	21	36	
20	66	45	41	52	43	67	45	61	74	76	46	2	9	61	31	6	79	33	84	50	70	0	47	55	53	47	57	80	70	38	92	19	54	92	66	21	79	89	44	
21	45	32	30	2	53	35	18	21	53	36	34	5	52	37	7	43	23	32	34	37	52	63	0	16	37	35	53	30	18	75	77	55	1	23	33	56	52	42	23	
42	70	40	11	67	59	71	49	15	32	30	25	51	75	31	8	22	2	14	25	54	34	35	27	0	16	14	45	24	52	14	62	35	53	76	82	2	73	21	36	
1	28	15	40	57	43	22	2	31	57	46	3	54	27	38	48	32	27	59	50	11	35	48	43	51	0	39	36	31	33	43	83	11	11	6	70	40	28	25	61	
49	88	82	24	97	97	81	90	56	57	65	23	71	60	53	93	75	55	68	78	93	90	71	64	81	69	0	95	14	66	49	28	30	56	96	101	73	4	72	49	
37	18	46	30	72	69	35	45	11	21	26	24	47	52	27	38	57	65	41	59	64	71	41	23	36	26	77	0	30	6	68	40	49	1	89	40	56	21	29	49	
37	3	45	30	55	44	35	45	11	63	26	24	47	4	27	32	7	48	15	28	60	6	77	23	36	33	32	51	0	46	39	76	77	1	73	13	56	73	9	6	
47	53	17	53	36	43	52	10	33	73	48	25	56	64	22	25	18	82	13	68	54	30	71	45	58	40	59	45	2	0	50	92	95	53	63	73	51	8	73	56	
35	16	52	39	81	49	64	42	8	71	23	21	44	68	24	20	70	62	59	20	57	37	82	20	33	53	60	77	39	37	0	47	49	38	43	59	79	67	35	58	
45	40	54	38	94	89	43	67	33	39	48	31	69	17	6	46	52	32	63	33	31	79	24	45	48	46	44	15	38	28	50	0	34	9	75	62	48	43	51	66	
27	69	56	34	95	40	11	21	52	50	67	4	19	74	28	76	51	71	59	83	19	59	81	20	13	70	70	56	69	69	10	15	0	40	47	53	58	47	49	76	
10	72	19	3	61	59	8	64	35	36	50	48	40	25	33	11	37	60	64	72	62	44	50	47	14	42	72	47	3	55	69	76	90	0	72	50	29	46	51	39	
38	14	1	31	43	56	36	16	17	56	32	30	40	24	33	39	19	30	46	53	6	21	45	29	42	24	42	28	31	37	51	75	24	2	0	75	54	50	49	57	
44	61	20	44	51	46	4	7	36	58	3	39	40	72	43	49	37	28	64	3	73	45	49	48	61	42	40	36	31	34	19	4	34	21	60	0	69	20	5	36	
36	7	57	1	95	49	62	8	33	34	22	17	48	43	31	63	38	51	36	74	65	49	1	45	58	53	63	20	17	33	70	62	16	28	61	67	0	42	49	46	
17	38	39	35	47	81	31	40	38	20	53	51	63	10	11	43	57	38	82	61	43	40	51	14	46	52	17	46	35	16	13	87	57	6	76	82	61	0	57	71	
10	33	57	5	12	55	50	47	26	36	41	22	15	62	35	10	18	38	45	7	78	82	52	38	51	12	50	8	42	21	5	55	34	16	95	49	46	36	0	43	
77	32	80	80	79	16	21	84	50	67	37	60	76	77	44	54	57	37	84	60	58	50	82	62	75	51	49	80	17	81	89	45	86	76	71	81	87	77	51	0	
M1
0	40	45	17	10	41	55	28	4	26	40	14	38	16	42	22	26	50	39	43	47	30	53	43	29	27	20	30	25	42	34	30	62	58	49	49	19	64	56	26	
62	0	54	36	68	23	19	2	29	29	47	50	59	34	44	40	44	44	1	15	46	57	23	12	41	48	41	50	42	44	59	41	31	49	1	56	37	22	59	51	
62	20	0	33	58	51	20	5	46	33	29	33	54	23	55	29	30	50	29	43	47	31	13	34	53	48	50	40	57	55	43	65	48	23	20	14	26	50	49	40	
49	42	34	0	43	54	40	17	38	53	29	27	2	43	27	43	15	53	28	24	41	49	71	47	15	16	9	43	42	21	47	24	33	47	51	4	46	15	45	41	
53	46	46	22	0	14	50	38	45	62	50	44	48	54	59	60	56	62	49	35	45	42	77	61	84	37	30	60	42	25	58	45	42	34	17	66	56	54	50	57	
45	33	5	26	63	0	51	23	41	56	34	7	49	46	21	36	22	52	24	27	51	27	24	2	76	36	31	23	32	35	25	36	21	54	26	53	48	25	49	47	
63	75	66	45	52	16	0	53	54	62	14	49	58	56	18	56	55	5	11	40	2	40	42	21	36	40	50	51	26	59	60	54	12	68	30	14	37	44	68	41	
67	35	21	27	66	27	31	0	6	52	13	14	34	42	30	48	2	52	42	23	18	42	38	3	71	39	32	30	29	42	9	47	22	34	4	31	16	7	30	25	
61	62	61	58	52	77	59	40	0	55	9	61	48	45	30	38	42	24	71	26	60	57	12	41	75	25	70	38	13	46	75	52	47	51	49	2	11	44	54	28	
57	77	77	71	65	46	54	5	43	0	52	58	67	48	77	54	58	5	83	29	65	33	16	57	78	40	68	45	61	58	66	55	45	61	8	60	16	51	39	50	
68	17	20	43	68	48	30	27	6	23	0	40	33	31	29	37	1	24	26	40	57	41	48	29	6	58	58	48	28	61	11	60	28	33	26	52	34	47	72	36	
48	21	29	52	51	22	39	11	33	58	22	0	42	59	25	65	10	40	23	44	39	50	52	41	70	24	64	11	37	23	45	56	57	42	30	41	54	51	53	45	
64	57	55	52	73	27	56	65	23	37	51	50	0	28	60	8	38	38	4	9	18	48	26	28	6	64	57	45	51	36	2	28	47	70	52	23	31	51	73	45	
59	52	28	50	68	69	38	41	54	9	69	51	41	0	37	5	9	33	55	51	30	49	36	26	29	62	55	16	36	31	65	68	45	41	44	60	2	49	73	16	
48	23	45	11	34	29	38	27	30	26	29	11	32	16	0	22	26	37	11	46	37	9	2	43	46	26	37	27	47	39	25	47	54	1	27	12	19	16	15	26	
24	55	53	60	21	70	63	61	19	34	21	49	53	24	28	0	34	34	59	5	2	62	57	51	54	36	80	41	34	34	37	31	59	64	64	58	27	61	65	41	
61	52	13	36	61	54	23	48	51	46	54	36	26	47	22	53	0	53	59	63	50	34	66	69	65	51	62	46	21	54	50	53	60	26	52	45	50	66	65	29	
62	55	58	44	38	31	25	39	25	33	23	29	62	29	55	27	39	0	57	11	36	11	13	28	59	11	46	37	58	40	66	37	16	42	50	60	32	51	40	21	
53	18	29	52	43	49	39	28	52	16	23	52	42	60	38	66	10	48	0	41	37	50	19	38	67	56	49	62	37	30	66	33	57	42	27	61	59	48	78	45	
45	38	36	54	54	65	46	48	2	17	55	59	49	7	45	13	17	17	42	0	37	45	40	34	37	52	63	24	44	17	73	14	53	49	47	62	10	46	59	24	
50	28	36	40	58	29	46	18	40	58	29	2	49	51	32	56	17	47	19	51	0	38	59	48	54	31	66	18	44	30	52	7	12	30	37	28	27	44	28	47	
55	52	51	25	27	4	61	27	5	39	4	30	35	29	28	35	32	50	38	21	44	0	66	51	59	1	19	10	59	50	56	32	29	32	58	69	32	44	30	17	
17	29	59	25	50	33	15	39	1	43	33	25	46	36	30	42	40	45	38	50	42	13	0	49	43	30	48	38	13	24	38	61	52	15	5	37	39	53	56	28	
62	44	55	6	45	36	34	19	21	36	31	40	29	26	14	32	36	36	30	7	54	57	59	0	56	18	11	20	12	34	61	26	1	49	6	36	28	5	29	27	
47	35	37	14	48	34	47	3	12	31	34	23	44	21	25	9	18	31	44	2	51	14	54	48	0	31	49	33	8	31	37	28	4	13	35	32	24	58	60	23	
45	58	41	24	18	50	51	48	51	48	4	32	53	38	40	44	22	58	60	67	67	30	75	65	68	0	58	48	49	60	46	54	75	22	48	59	33	34	20	47	
54	29	53	2	30	52	56	4	60	54	16	25	14	44	52	50	34	50	15	52	69	42	60	49	63	3	0	35	40	53	58	11	68	34	38	64	45	46	32	28	
51	5	51	3	6	36	32	15	37	32	36	18	12	22	48	17	32	44	14	28	7	16	36	25	22	33	44	0	55	23	32	54	44	8	14	12	15	35	62	37	
41	35	34	38	56	56	41	13	26	33	54	38	47	34	3	40	15	64	44	58	39	36	66	55	64	41	64	11	0	19	52	72	74	28	33	10	37	48	70	1	
10	3	32	19	19	30	30	13	5	28	30	25	45	18	41	24	13	46	12	26	2	10	34	23	44	27	45	35	40	0	67	52	42	45	12	27	13	11	56	35	
63	56	32	41	68	61	42	45	43	13	12	43	45	3	41	9	13	37	59	39	13	41	39	30	11	58	59	20	40	35	0	65	9	33	25	54	6	53	77	1	
4	30	68	52	54	31	57	40	32	58	31	51	11	48	55	10	54	58	39	29	37	11	46	50	60	28	46	33	46	58	56	0	56	59	18	48	51	60	6	44	
58	33	55	29	21	34	56	18	35	11	34	29	45	40	42	46	36	43	2	51	45	14	54	53	9	31	27	40	44	30	41	42	0	19	42	60	12	59	29	41	
44	33	41	7	32	25	34	23	26	25	25	7	28	18	37	24	22	33	35	42	49	5	55	45	48	22	33	23	49	35	21	43	50	0	23	53	21	63	51	26	
66	46	15	19	47	69	42	21	54	65	22	42	24	59	41	44	13	67	1	40	19	53	68	15	73	20	13	13	32	65	44	23	24	45	0	56	12	38	49	21	
48	19	42	41	28	20	9	29	11	30	21	49	70	55	10	61	39	39	28	42	36	32	44	39	21	8	67	46	21	20	58	68	46	39	19	0	50	49	37	36	
36	59	17	62	80	80	41	37	50	29	47	62	24	58	14	20	39	35	68	65	63	60	70	40	42	62	69	9	10	43	69	60	49	52	46	34	0	29	87	25	
23	34	10	1	14	34	10	13	33	48	25	34	23	38	53	44	43	40	24	19	21	15	63	37	36	12	5	27	49	13	11	20	42	43	39	31	21	0	41	37	
50	21	52	13	16	52	48	9	9	54	45	65	54	45	73	51	53	55	30	26	42	50	52	41	70	32	36	62	71	22	46	51	60	63	30	67	29	51	0	62	
40	33	46	23	36	24	39	43	35	58	39	55	75	48	4	54	43	69	36	56	32	26	64	53	4	26	58	52	52	12	18	73	30	57	42	52	43	8	55	0	
