40  4  1
4
	0	82	1	35	2	33	3	71
	0	33	1	36	2	76	3	7
	0	25	1	38	2	63	3	93
	0	74	1	87	2	46	3	44
	0	22	1	62	2	47	3	81
	0	9	1	48	2	21	3	10
	0	67	1	45	2	93	3	68
	0	30	1	9	2	64	3	21
	0	47	1	52	2	97	3	88
	0	42	1	48	2	42	3	96
	0	62	1	15	2	45	3	27
	0	10	1	77	2	52	3	81
	0	54	1	30	2	11	3	78
	0	41	1	46	2	27	3	82
	0	85	1	16	2	24	3	2
	0	93	1	97	2	23	3	12
	0	38	1	20	2	27	3	99
	0	20	1	79	2	91	3	30
	0	48	1	91	2	8	3	81
	0	45	1	21	2	27	3	98
	0	67	1	95	2	16	3	55
	0	66	1	52	2	1	3	42
	0	62	1	2	2	62	3	6
	0	92	1	93	2	73	3	11
	0	43	1	16	2	96	3	96
	0	10	1	85	2	87	3	56
	0	15	1	71	2	64	3	61
	0	85	1	93	2	45	3	2
	0	77	1	78	2	55	3	17
	0	93	1	53	2	66	3	37
	0	34	1	28	2	18	3	72
	0	75	1	81	2	22	3	100
	0	56	1	55	2	68	3	47
	0	38	1	34	2	60	3	75
	0	57	1	51	2	73	3	97
	0	73	1	37	2	99	3	100
	0	10	1	40	2	16	3	45
	0	15	1	50	2	14	3	71
	0	98	1	9	2	47	3	20
	0	26	1	9	2	1	3	62
SSD
M0
0	20	43	3	25	7	5	8	20	10	6	19	23	36	28	2	18	30	21	35	33	4	27	5	26	2	15	25	30	13	14	20	30	16	11	22	30	14	5	13	
27	0	7	14	5	42	8	11	34	7	40	17	19	4	15	3	39	9	33	17	31	33	11	1	31	23	13	33	29	23	28	23	16	33	1	29	28	22	9	29	
13	27	0	4	31	27	21	10	19	22	40	20	25	10	19	19	39	2	21	23	13	26	10	26	20	23	3	3	28	34	21	28	32	33	16	16	21	37	11	3	
5	31	12	0	42	34	6	15	37	19	47	29	28	42	35	18	35	18	34	5	4	30	14	23	19	24	16	32	9	33	20	38	38	39	41	38	27	22	20	40	
29	18	32	37	0	35	2	36	9	10	40	18	24	22	23	11	24	29	35	9	32	20	26	19	45	34	38	10	29	45	14	16	9	24	6	32	12	41	33	23	
36	4	27	40	9	0	7	42	23	33	7	24	32	31	36	16	24	35	5	28	29	17	11	27	30	45	25	29	33	29	26	4	33	39	14	12	35	49	34	19	
11	20	40	17	17	32	0	4	38	12	23	33	23	27	9	38	26	22	30	17	19	31	44	20	44	36	46	24	37	22	1	10	21	10	21	19	22	49	43	18	
49	4	25	39	35	17	33	0	41	18	23	37	47	38	31	5	13	10	31	25	13	34	33	21	19	42	23	33	28	31	28	30	31	26	21	20	35	41	45	8	
6	5	39	10	29	31	31	12	0	31	22	10	16	27	15	29	24	21	21	19	18	17	16	13	26	33	13	31	21	20	13	36	10	16	34	25	4	27	25	13	
14	8	25	41	4	39	26	12	27	0	20	27	33	2	4	26	23	11	29	23	8	27	39	35	40	30	10	35	39	37	31	26	8	12	4	28	38	29	39	25	
40	10	26	18	6	20	22	19	30	13	0	26	41	6	27	25	7	27	16	17	27	10	40	42	28	29	9	33	14	11	24	33	17	28	1	41	33	42	26	21	
29	33	43	26	21	39	37	8	20	28	19	0	13	7	12	17	21	1	38	7	4	33	39	25	26	37	19	25	2	40	15	30	12	6	37	22	1	33	19	2	
1	24	23	36	6	11	27	17	7	1	27	10	0	25	6	36	31	21	25	26	24	9	23	14	21	40	37	36	15	4	28	1	22	13	9	15	11	28	9	5	
16	26	13	36	20	13	22	27	7	47	29	9	30	0	2	11	4	20	5	12	6	35	24	10	38	14	27	17	16	3	26	14	7	25	22	8	20	43	32	21	
40	41	9	22	21	36	29	12	22	12	9	18	26	3	0	28	13	29	43	32	32	7	36	23	34	26	12	29	29	7	33	9	32	21	34	7	21	13	42	30	
18	27	36	40	38	37	36	2	38	43	39	35	47	49	2	0	11	24	22	20	18	27	42	5	15	23	22	14	31	8	4	23	48	17	4	35	44	33	40	5	
32	7	6	29	45	44	46	16	17	30	25	26	8	41	15	5	0	33	4	19	24	17	17	39	11	33	34	6	2	44	31	36	15	16	9	20	4	36	25	30	
21	36	44	39	31	32	35	15	38	46	19	19	41	36	35	33	27	0	23	18	10	37	20	4	19	28	17	4	27	29	35	33	21	34	31	3	30	24	45	5	
13	36	42	28	24	30	6	10	22	14	27	18	18	31	12	12	26	25	0	14	22	20	35	18	14	21	1	33	30	32	33	16	17	13	26	12	6	21	27	27	
43	17	40	37	9	4	20	38	10	17	20	37	11	35	31	29	5	29	18	0	1	25	24	11	27	8	21	5	2	1	20	17	13	32	26	4	20	48	11	32	
30	20	31	5	1	40	10	15	10	33	13	41	45	33	35	24	31	24	15	4	0	10	26	35	38	38	39	33	22	22	34	10	28	33	29	47	33	14	47	25	
21	24	7	34	38	20	28	10	34	45	31	14	37	31	18	29	33	25	34	13	28	0	22	42	39	24	13	22	26	4	36	33	14	25	38	41	25	18	4	18	
38	14	4	20	9	40	2	31	27	35	38	32	11	38	21	33	16	19	41	16	42	35	0	21	28	4	17	11	34	10	6	1	8	3	37	8	10	42	5	3	
39	2	1	3	15	14	6	9	23	23	14	31	28	1	26	11	8	22	14	36	23	10	34	0	42	40	20	9	23	4	38	3	10	38	28	9	33	18	37	21	
42	26	21	22	30	40	3	30	39	46	37	38	3	32	32	24	13	24	3	27	32	37	16	47	0	40	40	18	32	27	2	8	31	17	27	42	21	22	15	18	
33	12	45	37	31	32	21	38	24	36	30	20	18	37	22	19	6	19	27	23	29	24	23	36	14	0	3	43	32	1	2	31	18	15	28	10	25	32	25	29	
31	27	41	38	13	14	3	20	6	40	22	2	18	19	4	1	21	13	28	5	16	15	30	18	29	5	0	33	14	16	17	13	24	16	10	25	13	19	15	11	
10	15	30	30	36	36	19	35	7	33	23	31	9	46	30	30	34	9	31	25	4	44	49	13	28	34	14	0	32	7	42	29	12	38	27	32	26	22	36	22	
33	23	42	30	13	16	27	27	18	37	32	26	19	40	5	29	17	23	25	7	8	38	24	34	19	25	13	19	0	1	20	16	18	30	36	37	18	26	26	29	
42	30	4	7	23	18	9	12	19	15	17	37	17	39	3	38	15	16	28	1	10	44	12	22	5	31	32	2	18	0	22	31	18	4	7	36	15	2	28	12	
23	6	34	22	26	49	10	4	9	23	1	14	18	25	7	34	26	22	14	21	20	29	38	30	34	10	23	24	2	21	0	10	17	18	22	27	6	19	27	1	
33	19	23	30	23	6	22	34	33	32	22	25	17	37	16	7	25	36	20	20	37	12	26	29	28	30	12	7	29	35	27	0	16	9	29	26	5	29	26	16	
32	22	26	39	27	9	20	34	21	13	25	22	19	27	26	23	4	33	23	27	24	13	28	12	28	27	7	22	4	26	24	22	0	9	32	4	19	4	18	33	
22	22	2	5	36	40	28	24	31	6	3	38	33	37	8	34	42	14	29	16	15	38	37	1	22	26	30	4	11	33	35	26	37	0	11	30	42	15	6	6	
13	27	12	2	7	25	31	21	28	9	40	34	3	39	12	34	9	30	39	27	8	1	19	36	12	5	18	11	36	16	17	9	23	1	0	2	12	26	6	3	
8	17	15	8	6	20	26	40	15	16	35	46	13	47	6	39	26	10	10	37	40	3	24	34	17	25	38	11	22	36	2	33	27	43	34	0	32	34	42	17	
18	28	32	15	43	38	38	30	36	17	18	12	2	29	1	18	10	23	45	5	26	41	32	25	24	44	37	17	14	39	17	22	1	2	31	11	0	22	11	24	
29	13	19	20	48	45	1	15	2	25	27	25	29	40	42	43	27	36	36	11	12	28	27	14	9	42	32	43	1	7	5	39	24	33	46	35	31	0	28	37	
38	16	27	44	24	6	22	41	8	46	22	31	14	43	30	31	27	14	4	1	11	14	26	17	20	37	34	21	18	40	34	19	30	12	26	18	19	27	0	2	
40	5	16	16	19	30	24	13	27	22	31	15	18	32	25	22	11	1	40	26	22	6	11	25	12	9	6	25	22	12	21	2	29	17	31	24	26	28	36	0	
M1
0	32	1	27	23	20	22	30	26	32	22	29	19	18	35	23	12	34	28	5	28	17	33	21	17	8	15	19	45	36	8	13	16	22	9	32	13	24	6	17	
31	0	30	4	19	13	25	4	29	15	4	20	15	20	15	7	13	23	30	25	17	5	24	20	23	37	26	21	22	36	19	10	19	16	27	17	21	16	9	28	
20	11	0	10	31	41	21	5	28	12	32	21	4	24	6	32	43	33	37	29	18	16	24	32	20	7	18	22	23	40	20	4	15	17	17	18	27	17	5	22	
16	4	29	0	18	18	7	18	30	13	4	32	32	26	3	1	8	33	5	6	22	6	10	25	16	30	4	21	34	10	15	33	17	21	22	20	20	3	17	36	
18	31	28	4	0	31	3	28	24	33	37	28	26	38	1	35	10	28	21	13	7	10	4	27	11	31	17	6	14	7	10	29	11	27	20	29	14	29	11	34	
26	18	14	25	31	0	11	29	22	15	44	24	34	2	19	7	23	15	7	38	37	10	23	16	15	24	34	22	47	1	14	8	19	33	21	36	3	17	17	12	
19	7	20	23	16	31	0	33	6	13	20	21	21	5	6	7	13	16	8	7	11	7	8	20	15	21	21	19	4	13	19	20	15	22	25	22	18	33	15	9	
19	38	17	20	19	38	30	0	31	14	41	7	11	10	2	39	30	25	28	26	4	17	11	28	18	24	21	8	9	36	6	6	18	3	21	4	21	3	18	35	
28	2	34	31	25	32	4	23	0	35	21	29	14	35	34	9	24	22	34	26	32	13	17	32	17	10	30	20	41	10	10	24	12	18	25	35	24	14	2	17	
32	29	46	29	39	34	7	31	15	0	10	43	13	4	16	9	26	3	32	17	13	9	31	32	21	24	8	15	9	33	17	28	16	22	29	33	25	8	6	43	
12	9	35	4	20	9	6	42	30	10	0	26	29	46	41	30	28	24	17	42	3	16	36	7	7	29	7	28	40	37	37	29	10	44	24	26	2	31	43	18	
2	28	12	11	30	29	37	11	35	23	16	0	31	3	4	2	40	23	15	13	22	28	22	29	29	34	23	9	29	38	26	12	17	15	23	11	28	23	29	28	
35	24	15	24	2	44	17	17	13	40	38	13	0	20	18	7	41	6	15	36	30	7	24	17	16	6	25	2	31	7	7	28	26	19	33	13	34	5	28	46	
13	13	32	29	32	12	21	35	47	25	32	9	5	0	15	22	43	22	31	29	16	16	33	1	20	27	34	26	37	34	17	22	15	7	19	42	5	23	5	15	
1	29	14	31	10	20	21	11	22	30	31	26	24	25	0	33	21	16	19	14	17	8	2	10	9	14	3	2	15	18	13	26	9	23	3	12	8	17	9	17	
25	29	27	30	11	9	24	26	8	32	29	28	27	30	25	0	14	17	22	20	20	11	5	15	7	27	1	12	26	30	16	5	12	22	18	37	8	17	12	16	
15	16	12	28	19	13	35	34	9	4	45	16	37	22	37	46	0	23	32	44	39	30	46	12	14	25	25	29	25	17	33	9	30	20	31	20	32	16	20	36	
18	32	23	9	22	37	29	24	18	38	13	30	23	12	21	30	14	0	31	29	29	20	14	35	21	30	27	14	42	37	18	2	2	9	22	37	24	12	13	18	
7	11	21	18	9	17	20	5	7	27	23	16	23	24	16	40	20	21	0	16	16	7	1	26	8	9	14	15	23	20	12	15	8	12	18	15	11	17	8	4	
25	31	20	1	18	5	13	35	19	32	7	5	35	13	21	9	24	41	2	0	25	23	17	11	24	23	5	13	41	16	28	10	24	33	27	24	11	35	17	11	
22	34	30	12	31	15	35	10	1	15	14	25	30	10	5	41	7	37	31	14	0	2	23	10	30	32	14	23	11	39	25	25	29	22	1	20	19	22	30	20	
27	3	28	19	1	30	36	43	31	14	40	25	18	12	40	5	2	39	3	13	29	0	47	34	36	10	12	34	6	37	44	31	42	42	31	21	31	38	36	40	
19	25	45	35	6	36	17	29	18	34	32	22	20	32	18	38	17	22	15	13	13	4	0	23	5	34	11	20	28	29	9	27	5	21	15	35	8	23	5	39	
3	22	35	13	12	14	21	9	40	32	23	25	19	28	20	11	39	43	16	20	19	2	20	0	26	34	33	26	16	21	22	24	27	21	12	22	18	21	27	47	
25	6	30	33	8	42	9	43	38	13	39	29	42	46	40	39	39	1	2	25	35	26	20	14	0	28	17	5	38	38	25	30	15	28	1	14	13	8	27	19	
29	12	37	12	27	34	41	30	33	19	47	33	12	34	35	29	5	35	3	32	20	40	40	24	29	0	31	17	41	40	3	32	35	6	19	15	27	2	31	21	
15	18	18	21	9	37	20	21	21	30	35	11	23	16	1	10	20	25	4	13	4	5	1	21	8	19	0	18	31	21	8	3	8	24	13	27	11	13	8	7	
18	24	7	18	1	30	24	28	32	2	12	18	19	38	1	3	4	19	20	27	21	5	12	27	2	20	20	0	32	27	12	15	5	31	19	22	10	24	19	8	
3	36	5	28	36	32	32	33	45	9	34	31	47	30	10	36	16	31	29	6	28	22	28	23	14	31	28	11	0	38	29	30	34	26	4	4	34	25	24	19	
28	20	19	16	13	25	5	38	2	20	1	30	29	5	27	13	25	1	24	4	15	13	7	13	13	34	13	26	25	0	18	28	14	30	24	23	11	9	14	22	
27	35	27	23	17	18	11	9	4	7	23	17	29	3	20	31	28	24	24	1	11	15	9	3	16	21	22	18	27	25	0	24	4	18	26	22	19	21	4	33	
20	37	33	28	18	16	18	30	25	33	40	15	25	6	3	44	25	32	12	33	6	23	21	3	15	33	6	4	22	37	21	0	26	16	19	24	8	36	28	29	
13	22	11	32	25	32	19	21	34	30	37	11	33	34	32	24	34	16	19	15	18	12	26	31	1	24	17	19	39	32	3	29	0	1	6	18	13	25	33	18	
7	30	16	13	14	30	11	37	21	34	12	13	19	23	13	2	25	30	13	20	5	5	6	31	13	32	19	22	16	13	17	31	13	0	23	35	16	31	13	20	
27	20	29	3	27	29	26	11	36	4	5	27	10	6	10	9	7	20	11	36	13	17	28	27	3	28	2	3	20	43	25	6	4	23	0	23	22	23	16	28	
23	11	40	22	10	16	21	14	22	33	34	19	24	4	22	9	21	24	19	17	17	8	2	9	7	5	15	1	32	33	13	3	2	16	19	0	12	26	9	42	
12	32	34	25	2	21	17	31	43	24	11	24	32	4	38	34	27	18	3	25	24	4	30	31	16	25	6	11	19	17	25	22	11	2	13	20	0	19	1	44	
25	34	12	27	20	27	22	35	2	27	33	3	19	36	8	39	31	11	8	27	27	10	12	26	19	38	15	4	20	26	23	28	16	21	27	4	9	0	6	41	
17	22	46	37	30	27	7	21	33	32	18	37	40	27	28	24	33	23	23	15	28	2	34	21	6	41	23	21	32	43	36	13	1	7	14	28	13	9	0	36	
11	29	8	5	17	40	25	15	30	14	23	3	34	34	16	49	20	25	31	22	23	10	14	23	19	3	27	2	28	10	25	2	21	27	31	28	24	27	21	0	
M2
0	15	15	23	11	24	12	16	16	1	9	15	3	6	16	16	18	20	4	8	23	9	20	11	21	4	9	6	3	21	3	17	2	23	3	5	3	13	20	1	
13	0	16	1	26	25	14	39	16	12	20	28	17	24	17	30	23	21	3	18	5	10	4	12	9	27	4	22	26	12	22	20	26	5	26	7	13	7	24	24	
31	16	0	16	24	23	17	15	35	23	28	34	25	25	35	3	4	29	29	3	9	28	20	6	43	23	30	15	17	30	22	16	15	24	13	37	22	32	19	20	
25	34	33	0	15	6	12	43	30	25	13	41	32	33	9	33	16	27	25	22	30	27	22	9	14	25	5	36	16	30	4	21	21	33	22	26	5	23	22	30	
14	18	1	22	0	15	8	9	43	20	8	28	18	2	33	31	20	26	3	18	28	36	32	9	39	32	6	2	12	8	28	11	5	13	31	34	31	10	35	29	
10	21	12	30	19	0	12	22	35	9	17	30	22	22	14	6	40	18	15	16	4	7	8	9	36	26	25	9	17	9	19	26	23	6	13	16	10	23	23	23	
22	21	23	19	11	10	0	18	41	29	26	35	28	31	38	13	43	28	18	13	7	31	28	28	44	14	20	24	15	6	23	34	24	8	28	30	28	5	3	26	
15	21	17	23	21	8	15	0	11	12	19	17	19	16	19	26	28	23	4	18	2	12	23	14	8	14	30	19	1	21	5	21	8	21	13	16	13	4	2	11	
11	22	2	22	24	23	13	9	0	7	18	34	27	23	15	26	18	12	16	17	21	8	9	10	16	18	26	38	31	23	13	26	24	21	28	8	11	4	24	34	
11	37	14	33	24	16	13	39	28	0	18	15	25	4	15	8	28	19	16	11	22	8	7	10	15	28	26	39	27	18	7	20	19	16	27	17	11	24	20	25	
19	30	22	41	26	31	20	36	5	18	0	9	35	17	23	1	29	27	24	25	30	16	25	18	44	19	22	47	10	2	28	38	16	36	8	25	19	19	32	28	
23	44	14	6	8	23	12	6	23	25	30	0	35	8	28	19	22	12	20	29	5	30	26	26	36	9	12	22	24	37	20	31	37	28	24	19	21	34	17	22	
10	19	13	15	23	20	10	18	16	9	15	31	0	21	14	2	15	7	15	9	12	7	27	9	24	13	3	29	22	25	15	15	5	9	22	11	10	1	6	20	
1	40	13	10	33	4	17	20	33	19	27	38	36	0	24	11	20	28	25	14	13	17	33	19	30	30	15	19	4	7	11	32	33	10	29	24	19	23	13	27	
17	31	6	30	37	5	23	17	14	33	43	23	26	22	0	29	36	23	21	36	30	33	22	14	13	43	1	30	29	17	34	15	10	17	38	38	36	32	22	41	
15	6	18	37	14	15	17	19	19	4	12	18	26	9	19	0	21	4	20	11	26	12	23	14	27	7	30	26	6	15	6	17	19	33	6	16	6	16	28	4	
21	19	19	11	22	14	5	24	37	7	36	20	18	31	34	23	0	30	17	32	19	36	7	27	32	27	32	17	2	25	30	32	34	18	30	38	17	1	34	28	
21	38	19	32	27	35	9	5	35	28	34	14	8	13	14	9	34	0	28	25	12	26	7	11	6	7	12	29	20	36	33	15	24	28	33	30	29	20	25	31	
16	25	29	11	28	32	3	28	32	21	26	17	7	13	32	20	23	15	0	7	29	25	36	2	41	21	21	46	20	9	20	9	23	27	20	29	20	11	24	18	
4	2	18	27	4	19	8	31	29	22	10	33	2	6	21	13	6	14	8	0	25	20	14	18	32	21	16	25	33	25	11	14	9	22	1	12	11	14	19	33	
14	33	17	27	13	26	13	18	18	6	11	17	24	8	18	33	20	22	9	10	0	11	5	5	26	6	24	1	5	26	5	24	18	7	5	20	5	15	11	3	
2	33	5	24	15	14	4	38	27	1	9	32	18	14	6	31	33	10	7	8	13	0	19	1	30	25	17	30	24	24	11	21	15	32	19	8	2	15	15	27	
9	32	36	35	8	7	34	20	35	30	23	25	13	32	38	9	32	30	34	33	32	31	0	14	39	30	27	37	29	12	29	36	29	21	29	4	29	18	11	27	
13	23	16	17	12	25	13	1	5	5	10	16	29	7	17	39	13	9	18	5	24	10	3	0	25	5	28	34	4	30	4	23	17	22	4	16	4	14	7	2	
13	1	16	35	6	25	15	6	2	5	9	10	13	2	17	15	19	21	18	9	21	10	21	12	0	5	27	25	4	5	4	3	8	20	4	10	4	3	26	2	
26	35	19	18	18	28	10	16	35	28	18	43	8	38	25	14	34	12	21	25	31	26	33	12	10	0	22	18	27	16	1	22	18	7	3	26	16	20	25	39	
15	9	25	23	19	15	24	4	26	14	19	7	36	7	9	20	2	9	21	18	31	19	21	7	22	14	0	13	2	27	13	6	20	4	13	28	13	23	35	11	
14	5	26	18	37	26	32	4	13	22	33	8	46	32	3	6	19	10	35	29	30	27	4	29	40	30	28	0	7	23	29	41	20	6	29	6	29	39	43	27	
16	42	12	28	16	28	14	29	11	12	22	28	18	18	20	31	4	24	9	21	9	13	14	12	10	10	31	26	0	10	16	26	17	32	16	22	16	26	29	14	
23	10	20	19	22	3	25	24	2	22	14	45	25	25	1	11	43	31	28	29	27	20	32	22	23	27	21	22	26	0	32	35	35	29	37	8	23	28	6	38	
7	19	19	26	11	35	3	33	24	23	21	31	10	25	8	23	33	5	17	10	19	28	24	26	3	3	13	25	8	8	0	9	26	18	22	19	7	1	23	20	
15	18	18	29	14	16	17	17	19	7	8	18	22	9	19	35	21	23	20	11	3	12	9	14	10	7	13	20	5	32	6	0	19	11	6	1	6	16	28	4	
12	31	6	19	11	21	1	16	11	4	9	15	19	2	2	30	18	11	4	7	23	9	20	11	22	4	27	36	3	21	3	21	0	30	3	18	3	13	25	1	
33	35	17	39	37	16	18	41	22	10	15	34	13	32	27	26	2	6	22	15	14	30	23	15	26	14	16	31	28	17	20	12	21	0	23	27	6	17	30	27	
22	33	25	15	9	25	24	28	28	16	21	27	31	18	25	40	5	30	20	20	30	19	32	21	5	16	19	36	8	37	11	34	28	16	0	28	15	25	25	13	
16	8	5	2	3	19	22	11	24	12	5	23	24	14	24	9	10	28	25	16	27	17	6	10	32	12	21	22	11	37	11	28	11	17	11	0	11	21	25	9	
20	29	23	19	19	27	22	24	9	12	17	20	27	14	8	40	26	9	12	1	9	17	1	4	12	7	20	17	6	29	11	3	18	32	1	5	0	21	21	9	
20	4	4	21	25	21	13	18	26	14	29	16	9	18	28	22	33	25	2	17	4	21	25	12	36	24	23	21	23	10	23	17	25	3	23	27	18	0	26	21	
1	15	8	27	14	1	7	29	27	4	12	28	4	17	9	17	6	4	10	11	13	2	13	4	10	2	7	26	16	27	14	8	16	24	8	7	5	16	0	14	
10	29	13	32	9	22	12	14	14	2	7	13	26	4	14	36	16	18	15	6	21	7	18	9	22	2	25	34	1	27	1	20	14	28	1	16	1	11	23	0	
M3
0	2	22	12	13	13	22	29	21	17	16	5	3	31	18	29	34	22	22	17	12	14	3	32	16	15	26	5	8	12	8	12	13	6	11	27	8	17	19	1	
28	0	25	17	4	4	16	27	44	25	13	2	16	26	39	28	38	32	30	13	46	38	40	36	7	20	29	29	32	16	19	12	18	8	18	27	30	19	18	23	
28	4	0	17	15	15	10	26	23	15	24	8	17	3	14	29	2	17	22	4	13	20	15	2	18	22	30	24	26	27	27	23	16	19	29	22	12	9	15	3	
17	12	8	0	23	23	1	35	34	40	19	21	25	36	23	7	27	25	43	31	35	20	23	10	26	22	17	29	21	11	27	5	25	20	26	8	15	34	17	35	
12	8	21	5	0	19	7	1	12	35	17	17	7	14	1	2	15	17	17	1	38	15	20	7	8	13	17	16	1	24	19	27	22	23	13	20	1	28	10	3	
14	47	11	11	34	0	2	13	36	44	34	25	2	15	25	26	43	18	24	10	46	32	38	48	3	9	20	23	26	2	5	17	31	12	29	13	18	35	34	9	
15	34	21	14	17	28	0	5	23	3	18	34	18	7	12	27	19	12	30	22	12	16	5	19	19	17	26	14	8	17	4	13	22	31	9	27	26	19	21	26	
4	25	35	28	20	25	5	0	38	17	25	12	8	13	42	30	25	11	4	17	26	15	26	14	38	28	20	22	2	7	25	30	29	11	24	21	14	6	4	35	
3	16	5	31	27	13	17	28	0	25	14	15	12	16	32	22	28	25	19	27	38	31	26	18	26	24	23	25	5	1	28	3	32	31	11	15	23	20	7	7	
23	13	17	19	24	24	30	23	17	0	17	18	8	2	22	35	18	21	27	1	11	22	19	6	27	31	28	13	16	6	16	32	19	13	19	35	32	4	27	9	
1	15	9	33	26	19	2	39	24	6	0	24	15	37	35	34	22	31	42	31	6	16	24	16	29	36	23	19	22	7	18	2	26	27	15	38	19	38	16	7	
24	10	20	22	20	17	10	32	31	10	6	0	24	33	20	1	25	19	13	5	7	14	22	28	21	23	30	31	15	1	30	29	3	25	32	16	33	28	25	36	
11	30	32	31	5	41	22	16	15	38	28	27	0	17	4	19	3	20	10	19	34	29	22	22	11	16	20	28	24	15	31	9	17	26	21	21	3	36	3	2	
6	33	34	1	18	33	13	40	20	13	23	27	26	0	35	40	28	9	21	19	34	28	10	11	38	22	8	19	22	29	22	29	26	21	4	41	38	24	31	7	
12	24	32	38	25	35	16	10	9	42	27	31	4	11	0	13	28	14	35	29	38	26	29	42	5	10	14	22	18	35	25	24	28	24	21	37	29	34	7	29	
11	22	7	28	26	33	5	25	28	37	35	11	11	44	39	0	12	27	38	24	25	1	26	26	36	17	17	22	2	10	25	17	30	25	22	21	20	15	16	35	
24	36	23	17	20	31	6	15	12	19	7	29	35	4	29	21	0	28	8	4	36	22	8	30	2	1	34	13	16	33	16	8	3	32	6	10	14	22	22	26	
24	4	17	3	15	15	27	24	5	33	17	13	27	24	26	12	36	0	36	24	36	22	4	38	16	16	26	13	16	15	16	23	8	14	19	30	15	18	25	25	
37	47	25	3	23	40	4	44	42	36	30	3	15	1	32	33	21	19	0	3	22	20	17	4	31	29	35	26	28	26	2	14	19	12	32	21	45	31	25	29	
26	14	9	29	25	21	12	5	23	16	8	23	18	25	12	3	2	3	20	0	28	16	20	18	19	24	25	20	9	24	23	18	28	29	26	1	18	20	6	1	
10	17	36	20	28	16	22	5	31	12	20	26	6	39	26	36	35	21	30	36	0	7	25	25	24	28	7	21	1	28	17	10	29	27	27	20	9	31	30	22	
16	2	10	13	13	4	16	22	14	33	22	6	14	10	39	20	5	26	24	13	44	0	16	25	16	23	18	21	1	16	19	21	26	1	27	10	2	10	27	3	
14	29	20	3	6	17	20	27	19	38	7	26	28	29	23	35	32	14	26	37	26	12	0	30	30	6	24	3	6	19	6	25	11	31	9	25	22	8	15	15	
22	37	12	11	14	25	28	29	27	21	15	12	4	26	17	18	6	4	34	40	34	7	2	0	16	14	31	11	13	15	14	33	4	26	17	30	30	16	23	14	
27	34	21	30	29	26	26	25	17	26	30	22	22	15	16	22	10	32	21	27	4	25	21	25	0	24	27	16	9	29	6	9	1	29	22	12	6	35	5	29	
22	2	34	26	13	13	23	11	22	2	1	11	17	24	11	26	30	16	18	16	26	31	25	13	16	0	25	34	21	19	28	21	27	17	14	36	26	20	20	32	
12	12	35	35	23	14	20	37	42	6	1	21	26	27	33	47	15	23	35	27	22	29	27	42	11	17	0	26	29	26	29	4	31	3	32	19	34	26	5	33	
9	24	15	24	28	20	15	22	14	36	29	21	25	32	19	34	27	15	21	34	21	7	16	25	26	25	19	0	1	19	1	29	6	36	4	20	17	30	12	11	
1	29	18	9	19	25	20	6	19	18	19	26	22	37	24	36	24	8	26	39	26	9	7	7	26	19	1	3	0	24	6	11	11	26	9	2	1	13	17	16	
39	33	38	17	29	17	29	18	13	44	20	38	22	2	36	49	9	38	38	16	42	13	45	40	18	19	1	41	21	0	29	26	23	39	38	40	39	44	26	35	
20	6	24	4	15	6	2	3	27	18	24	15	18	29	16	31	41	27	20	26	9	16	26	26	19	22	6	12	2	18	0	25	20	12	18	21	20	30	25	10	
28	44	1	7	13	23	27	36	13	10	18	33	20	24	35	10	34	30	10	41	47	5	22	19	24	34	39	31	24	25	20	0	1	6	2	11	2	12	38	4	
24	35	14	4	18	29	18	27	31	6	19	18	24	11	32	1	22	26	6	37	38	14	6	24	3	18	30	15	14	23	18	24	0	1	21	27	32	6	27	10	
26	5	13	29	16	16	17	7	25	37	6	14	1	8	29	3	25	27	22	25	24	16	25	12	19	25	1	34	17	7	31	24	27	0	30	14	7	25	30	35	
27	42	7	16	19	30	33	24	32	13	20	39	4	26	23	21	40	27	30	18	10	25	7	43	10	19	23	16	19	32	19	4	1	32	0	30	32	21	19	13	
14	29	20	19	17	20	6	17	16	38	34	5	7	18	5	20	14	18	26	36	5	12	21	12	12	17	21	3	6	18	6	8	11	23	5	0	22	35	14	8	
14	14	11	34	13	17	20	4	23	37	34	23	26	38	29	3	10	20	7	33	40	16	25	12	8	30	21	34	17	21	32	17	6	28	31	1	0	3	29	36	
14	13	20	28	24	22	20	27	19	31	16	2	21	29	16	29	23	5	26	7	23	12	19	6	5	23	8	3	6	24	6	14	11	1	9	6	22	0	17	16	
22	9	13	11	4	20	28	35	27	38	5	4	4	37	29	23	1	22	10	2	11	20	2	31	23	4	30	11	12	20	14	20	10	4	17	19	30	13	0	23	
22	29	14	11	14	25	3	9	9	46	15	4	15	28	19	34	1	22	11	45	16	20	2	27	26	12	31	11	13	27	14	4	19	10	17	29	27	16	23	0	
