40  4  1
4
	0	42	1	37	2	18	3	16
	0	93	1	9	2	62	3	13
	0	43	1	63	2	27	3	43
	0	86	1	60	2	45	3	53
	0	57	1	72	2	40	3	100
	0	88	1	71	2	20	3	77
	0	84	1	37	2	45	3	23
	0	10	1	13	2	64	3	76
	0	89	1	4	2	37	3	45
	0	41	1	92	2	81	3	37
	0	14	1	26	2	20	3	42
	0	99	1	90	2	17	3	68
	0	16	1	69	2	6	3	90
	0	15	1	71	2	78	3	34
	0	40	1	62	2	79	3	31
	0	39	1	34	2	10	3	96
	0	19	1	8	2	56	3	35
	0	85	1	33	2	73	3	59
	0	7	1	53	2	18	3	80
	0	4	1	38	2	90	3	21
	0	45	1	6	2	27	3	33
	0	94	1	73	2	77	3	39
	0	59	1	23	2	24	3	33
	0	28	1	86	2	59	3	89
	0	82	1	39	2	8	3	88
	0	31	1	99	2	65	3	40
	0	17	1	61	2	95	3	75
	0	71	1	96	2	99	3	31
	0	23	1	16	2	59	3	45
	0	95	1	76	2	1	3	54
	0	40	1	58	2	55	3	34
	0	89	1	65	2	84	3	49
	0	37	1	25	2	23	3	85
	0	68	1	72	2	51	3	95
	0	98	1	58	2	74	3	70
	0	3	1	15	2	2	3	17
	0	37	1	73	2	52	3	20
	0	76	1	96	2	6	3	93
	0	40	1	94	2	89	3	67
	0	67	1	32	2	74	3	70
SSD
M0
0	24	17	12	33	27	23	22	26	31	19	10	17	18	7	30	1	28	35	25	14	37	29	9	11	38	22	30	18	19	6	22	25	21	35	14	8	38	17	19	
17	0	26	44	23	13	20	30	7	3	21	6	4	8	5	3	16	28	11	8	16	32	7	42	12	21	24	30	26	42	25	22	37	2	33	32	4	39	7	22	
19	12	0	29	17	9	3	33	12	7	29	4	1	37	24	9	16	33	19	4	12	4	1	42	27	2	7	19	23	5	18	21	16	18	29	28	24	4	16	22	
31	1	34	0	11	23	12	24	21	20	23	23	32	2	33	1	11	27	25	18	4	20	33	3	25	6	6	2	20	16	8	36	38	31	1	24	6	15	22	28	
23	2	27	34	0	14	30	10	19	4	21	19	17	42	40	22	22	39	11	17	25	18	25	41	20	21	23	32	7	29	3	17	12	8	29	4	18	4	21	37	
11	12	36	27	32	0	15	21	24	11	8	31	19	32	37	31	26	22	30	26	8	22	36	29	13	40	8	16	17	13	13	31	25	20	12	13	27	34	29	9	
18	23	12	3	21	20	0	10	7	17	35	9	15	42	34	20	15	3	25	15	23	38	25	5	30	17	21	20	6	27	21	20	4	9	29	2	16	26	27	6	
3	9	30	28	29	9	25	0	24	22	15	27	12	25	30	11	31	25	5	16	24	28	5	21	10	15	37	38	31	34	1	16	31	10	9	27	36	34	15	29	
37	10	28	7	21	15	13	30	0	14	30	21	30	36	10	12	12	36	20	10	6	16	22	33	29	30	29	16	26	29	34	31	17	24	32	22	30	17	5	3	
19	30	20	14	9	35	26	28	29	0	27	21	27	18	22	13	39	2	31	31	29	43	19	28	39	13	20	34	40	43	19	42	18	18	25	41	7	14	26	16	
11	15	27	13	35	18	24	36	27	4	0	11	8	38	15	24	4	29	8	19	11	31	34	13	17	18	37	33	30	35	22	19	18	33	37	38	21	37	16	6	
6	22	15	27	16	22	35	3	20	35	20	0	22	35	14	7	1	28	18	22	28	18	18	27	17	28	13	27	2	18	12	27	12	16	22	9	23	33	28	40	
5	21	22	39	11	14	22	24	21	5	12	24	0	42	7	9	28	39	2	13	21	12	20	34	11	8	39	18	6	33	16	4	28	18	32	20	33	31	12	5	
14	26	17	41	1	26	2	7	4	39	32	10	29	0	38	28	6	10	22	30	23	29	22	32	24	7	25	23	7	28	18	33	45	19	26	41	5	16	7	18	
34	3	30	30	16	38	22	21	24	27	9	21	20	5	0	20	13	30	31	33	34	43	5	5	26	27	36	1	24	12	8	23	40	27	9	20	25	3	16	8	
25	14	24	24	33	11	6	25	14	19	11	6	28	25	26	0	21	17	1	6	11	24	3	33	10	11	36	28	21	22	15	12	27	20	31	17	26	30	11	8	
7	13	4	28	31	7	32	13	6	23	19	16	21	15	26	10	0	8	28	5	8	31	20	7	5	25	14	10	15	31	24	25	38	14	30	16	25	24	17	35	
16	26	36	20	25	23	26	23	20	4	36	12	26	9	6	23	30	0	26	18	26	44	32	26	3	23	34	2	19	21	23	22	29	8	11	15	12	39	26	6	
17	12	22	30	31	5	13	33	12	21	3	15	20	38	32	9	19	36	0	4	12	16	19	25	2	3	36	26	31	24	7	4	19	18	27	28	24	22	3	23	
23	4	14	33	34	1	38	25	4	27	21	7	33	44	43	1	11	28	34	0	4	22	11	37	35	16	28	18	24	43	36	18	49	10	21	20	16	36	8	39	
23	23	28	37	30	6	24	34	13	28	10	26	31	14	39	4	28	27	4	15	0	8	30	34	13	14	28	12	30	31	1	15	14	6	19	26	33	33	14	30	
23	15	7	37	3	20	27	32	1	30	16	19	11	33	22	12	28	12	8	19	11	0	34	32	17	18	15	28	21	27	4	5	34	20	5	28	39	6	18	28	
22	8	32	28	32	1	5	9	17	10	25	29	31	25	15	30	9	14	15	26	27	6	0	35	24	25	42	17	4	45	20	2	27	5	12	31	40	7	25	14	
29	39	29	15	12	23	33	30	34	2	30	30	19	17	2	16	9	36	20	31	36	27	44	0	29	28	3	16	21	12	1	14	7	31	42	25	20	31	29	16	
30	9	32	38	7	27	23	17	27	19	30	25	18	9	26	16	27	29	20	22	19	35	25	29	0	30	28	11	13	34	6	27	28	3	10	9	23	3	22	38	
23	29	17	16	20	28	21	10	4	32	25	17	28	4	32	28	25	2	25	23	31	28	1	41	2	0	26	25	19	1	21	5	17	22	29	15	24	15	26	37	
23	29	23	5	29	26	25	10	18	32	14	29	23	33	12	31	32	43	25	28	36	21	25	25	21	30	0	17	43	43	21	24	30	30	29	43	48	13	35	34	
4	32	28	35	4	29	22	27	24	3	36	2	35	5	26	15	26	26	26	24	3	45	39	22	35	26	20	0	5	36	38	23	44	35	43	40	25	4	19	36	
18	13	23	41	5	9	10	5	13	27	14	2	27	13	43	10	12	21	20	5	13	31	20	31	20	5	33	2	0	21	16	27	46	19	24	29	25	13	6	34	
4	2	36	29	43	25	13	41	6	12	39	31	25	41	19	9	15	34	43	20	28	27	21	41	25	7	24	18	43	0	24	27	31	34	6	39	25	40	32	12	
16	20	30	9	14	13	21	28	5	29	11	23	25	20	29	17	8	18	1	12	2	24	14	18	10	11	11	31	17	32	0	12	27	8	1	20	4	30	11	6	
13	17	6	13	27	14	28	8	2	25	7	18	28	11	4	14	18	35	23	9	17	29	13	34	28	2	25	23	5	3	19	0	9	22	27	15	29	16	21	3	
30	30	22	13	10	5	34	26	25	13	7	30	9	17	32	19	25	40	27	31	23	1	41	14	30	33	20	11	13	20	19	8	0	25	31	18	32	18	3	2	
3	11	21	18	36	8	9	11	11	23	18	14	20	44	36	8	18	33	23	3	1	29	18	17	28	23	35	25	8	27	15	25	1	0	25	27	23	18	15	36	
25	16	24	33	25	11	5	14	6	4	11	19	22	9	27	13	23	34	1	8	16	24	11	33	10	10	28	29	13	28	15	3	18	16	0	9	12	30	8	12	
18	18	20	37	16	15	23	5	18	31	30	19	10	37	33	15	15	35	20	10	18	33	20	36	25	29	16	26	1	22	16	15	36	4	24	0	11	21	22	31	
15	5	21	28	34	8	17	32	11	9	2	14	24	33	6	8	18	30	11	3	11	14	12	29	6	21	6	4	11	8	25	22	18	17	23	27	0	5	9	22	
1	25	27	8	23	22	15	7	25	28	10	26	17	42	35	22	22	16	22	17	25	40	22	5	15	32	23	33	8	29	18	22	40	11	6	4	11	0	29	30	
12	2	34	17	12	32	15	22	30	12	19	36	27	32	8	13	25	35	32	27	4	43	18	14	29	10	27	8	18	5	15	21	17	21	41	14	23	38	0	34	
20	11	21	31	6	8	1	7	11	34	17	14	19	41	23	8	18	35	7	3	11	29	18	7	16	17	24	12	12	7	18	18	2	12	8	8	22	4	8	0	
M1
0	40	9	25	7	8	20	34	36	8	17	36	40	31	33	5	20	35	10	36	35	13	48	33	35	18	1	9	18	34	4	39	40	29	13	16	5	14	25	31	
18	0	25	6	12	4	36	28	11	8	3	14	14	8	25	27	21	40	14	26	29	6	38	11	30	39	31	35	22	31	22	46	20	7	33	20	19	27	18	20	
28	4	0	19	1	10	4	20	23	21	16	22	19	21	9	12	17	20	22	27	5	5	18	7	21	29	26	13	9	10	28	11	28	18	27	2	20	30	29	23	
12	31	23	0	1	34	28	3	41	3	12	27	32	23	1	7	12	18	5	11	18	29	23	20	5	1	8	23	25	23	30	31	18	2	18	28	20	29	9	2	
30	3	30	18	0	15	21	1	9	20	3	19	6	19	3	19	19	2	26	22	27	18	19	23	3	14	28	21	20	17	26	13	7	10	12	20	18	14	16	9	
32	28	17	27	15	0	27	6	2	30	16	32	9	12	16	19	12	29	26	17	9	3	22	5	32	11	1	17	13	31	39	34	5	12	6	13	23	32	9	20	
22	8	1	23	5	13	0	20	16	25	20	4	16	18	25	27	15	38	23	21	15	23	28	4	22	29	14	23	3	21	29	21	7	11	21	3	21	24	23	17	
28	31	23	20	12	37	12	0	40	26	36	13	33	23	25	5	12	25	34	8	37	29	13	9	37	19	14	7	9	18	36	34	2	21	5	28	4	21	31	1	
26	26	17	32	23	2	32	25	0	36	18	27	3	6	10	26	6	47	27	16	14	23	27	19	26	33	16	22	7	25	33	33	5	6	23	7	26	28	3	33	
24	22	34	17	11	35	17	42	33	0	11	44	38	32	36	31	23	38	9	4	32	3	34	8	38	31	36	40	38	38	21	22	42	9	31	24	15	8	30	43	
28	38	2	45	36	15	45	38	9	36	0	40	14	19	23	3	19	40	40	13	27	15	21	23	1	10	29	35	20	38	32	46	8	19	17	20	33	15	16	22	
3	14	13	29	5	27	30	29	34	31	26	0	25	27	9	8	28	39	29	4	12	9	25	34	9	7	9	15	19	26	1	21	10	30	36	24	5	31	41	31	
22	35	12	29	15	20	40	22	14	44	25	3	0	13	26	18	24	30	21	26	29	8	8	18	23	34	31	8	8	17	30	30	23	20	26	4	39	29	21	4	
15	1	31	3	21	4	1	5	19	4	13	13	15	0	33	23	27	33	7	4	37	16	4	21	19	34	27	25	11	30	25	29	20	17	23	18	8	17	23	19	
6	14	17	29	1	15	27	21	34	31	11	27	8	28	0	21	17	18	26	27	9	20	22	2	34	2	30	9	32	39	25	34	36	26	33	21	24	27	30	28	
17	35	26	20	22	11	25	34	5	38	27	10	12	15	15	0	15	3	28	12	23	16	23	7	34	4	25	31	15	14	30	14	1	15	11	16	34	13	12	21	
26	12	3	20	9	25	18	26	32	22	24	28	30	3	5	41	0	44	20	25	29	9	34	5	17	33	38	33	7	26	34	22	33	1	9	8	12	24	11	28	
36	34	17	6	33	3	27	26	6	18	16	37	13	16	20	8	16	0	26	12	9	20	22	24	36	1	26	11	17	32	21	43	15	16	24	17	24	10	9	28	
12	23	28	16	34	13	7	28	7	39	18	30	14	17	21	31	17	35	0	22	25	34	10	30	28	40	27	28	18	14	22	8	16	17	11	10	37	39	14	3	
17	29	18	27	37	4	22	22	10	7	26	30	13	20	24	12	20	23	27	0	28	22	20	27	40	44	30	10	21	39	31	19	19	20	12	21	22	15	6	36	
33	19	2	31	30	15	12	11	21	21	26	26	8	30	28	6	27	36	11	32	0	5	7	33	21	35	15	2	31	24	32	30	26	22	28	6	9	19	28	13	
7	40	10	37	33	2	21	46	26	21	33	39	21	31	12	23	20	12	19	6	29	0	17	33	12	17	45	13	35	8	18	39	9	4	24	36	10	45	2	39	
16	37	8	27	28	22	12	14	16	39	24	2	23	26	21	24	26	19	23	5	12	23	0	32	22	7	33	20	26	3	14	2	25	19	1	3	16	10	23	22	
4	20	19	31	11	21	37	23	15	34	18	27	22	6	27	35	25	32	29	30	23	34	2	0	28	13	35	31	13	4	6	22	4	19	13	9	12	24	22	24	
12	11	29	26	32	14	35	10	8	8	23	6	15	18	22	28	18	8	26	10	26	5	21	31	0	21	28	30	19	9	3	31	17	18	28	14	2	2	15	4	
37	19	30	33	29	8	30	8	29	2	17	28	35	16	30	26	21	15	28	29	33	7	34	30	27	0	18	10	30	26	15	33	12	14	26	8	25	8	35	2	
33	15	13	9	19	9	25	24	3	32	5	34	10	10	7	10	2	40	24	23	7	18	19	15	6	3	0	15	14	20	1	32	12	11	14	14	21	32	10	3	
7	7	34	22	19	20	26	28	21	24	6	18	25	12	7	35	31	49	2	7	39	22	33	27	33	40	2	0	20	11	28	31	30	18	38	16	1	16	20	11	
3	11	27	26	32	14	29	27	20	26	23	33	23	27	29	41	16	24	16	2	37	6	28	29	23	10	15	25	0	40	42	21	29	25	2	31	28	5	15	25	
30	3	28	18	24	16	28	3	23	20	15	10	26	20	2	19	22	23	26	17	24	18	29	23	24	32	30	23	12	0	29	24	12	4	1	32	20	13	30	17	
25	3	8	18	24	16	33	15	23	19	15	3	7	18	20	21	7	5	26	28	22	14	31	3	1	13	10	22	22	24	0	13	19	16	24	6	14	20	3	29	
31	17	7	27	26	11	13	1	5	30	10	22	12	15	1	19	15	39	22	19	23	32	27	23	13	19	25	21	16	19	28	0	14	6	16	2	18	6	12	15	
13	27	4	22	27	10	39	22	16	22	9	18	8	23	26	19	26	46	20	10	29	40	4	8	23	14	36	7	24	22	30	29	0	20	16	4	39	11	23	36	
32	5	23	20	26	15	33	20	9	22	17	2	1	1	23	17	19	2	28	29	15	10	2	3	11	16	29	23	20	28	18	27	18	0	26	20	30	35	16	34	
25	10	25	25	31	17	26	40	11	27	22	23	6	6	24	12	21	9	33	21	29	2	30	30	41	32	1	33	6	21	16	34	1	21	0	22	34	11	1	21	
30	35	18	10	23	25	28	3	34	37	6	5	12	9	7	21	28	41	5	24	10	21	23	25	4	35	30	18	25	3	11	11	11	1	21	0	20	35	12	17	
25	28	16	9	7	21	25	25	35	12	38	23	22	35	26	11	24	4	25	38	8	19	21	37	35	20	3	16	31	23	22	4	12	12	39	20	0	1	42	27	
19	6	9	18	8	19	9	16	26	23	18	29	15	12	14	10	1	20	18	34	1	7	14	8	26	22	10	9	16	10	30	4	18	8	5	13	16	0	20	20	
43	27	28	29	3	21	34	22	24	10	25	24	31	28	17	8	20	45	10	4	29	31	38	13	12	29	44	1	35	16	5	4	30	20	35	4	27	36	0	16	
3	39	30	2	30	15	4	25	9	8	17	18	16	19	17	19	19	19	6	29	27	36	35	31	22	13	29	1	20	4	3	33	6	16	7	7	24	13	16	0	
M2
0	32	29	16	5	27	36	10	18	14	29	4	16	23	23	31	17	18	41	20	23	18	1	12	24	11	15	26	5	16	17	9	22	34	24	37	32	30	33	37	
41	0	14	26	19	27	26	29	16	32	25	32	18	25	20	9	14	3	27	26	11	29	22	28	14	6	4	13	16	16	33	20	21	30	26	31	30	21	33	25	
3	8	0	3	16	24	6	31	6	8	26	4	15	13	14	29	1	33	8	26	22	37	22	25	21	23	29	7	26	13	16	8	12	16	22	3	7	28	11	20	
30	17	1	0	2	12	8	20	7	26	12	17	3	11	8	17	19	4	11	13	10	13	10	13	1	20	21	1	14	1	28	5	19	5	11	20	17	16	18	17	
26	7	30	24	0	12	4	9	24	22	2	35	24	32	27	23	42	24	25	6	23	23	36	13	23	16	41	6	42	22	1	20	15	29	32	16	20	28	24	24	
13	15	3	17	16	0	6	22	16	9	6	31	19	18	14	28	23	18	12	30	6	15	23	29	24	29	34	7	33	43	21	15	12	3	27	3	7	30	11	1	
32	4	35	18	13	16	0	43	1	36	32	15	39	17	32	25	29	23	18	35	39	37	47	48	28	11	14	8	3	37	16	20	7	29	39	39	21	34	44	37	
11	15	2	15	14	26	4	0	14	7	28	29	17	30	12	19	20	7	10	28	9	13	21	20	22	20	32	5	34	42	24	36	10	14	22	1	5	21	9	18	
4	24	5	23	6	20	24	32	0	4	34	9	25	39	21	10	28	24	12	22	32	21	23	26	31	32	12	15	27	23	5	27	37	24	7	35	25	30	36	17	
29	16	17	5	8	15	21	22	4	0	12	45	5	18	1	22	23	6	28	7	1	26	22	2	31	39	15	17	15	33	6	30	17	29	13	19	23	9	27	36	
13	27	9	17	12	28	6	19	16	9	0	31	2	33	13	7	20	2	12	10	1	30	19	12	24	29	19	7	36	28	29	8	12	16	10	3	5	26	11	20	
35	29	25	23	29	15	21	14	26	7	32	0	25	24	16	10	2	30	20	7	32	33	32	32	21	23	8	9	9	28	29	19	32	27	7	25	29	15	33	25	
28	19	27	32	4	25	16	11	30	24	16	38	0	27	5	20	12	37	27	5	1	22	11	4	30	39	12	11	29	25	44	19	10	25	2	18	22	18	26	33	
29	21	7	1	13	32	24	20	30	17	3	37	3	0	14	29	13	8	35	14	10	22	3	13	33	18	21	20	19	34	18	10	19	15	11	26	23	27	1	21	
5	12	26	14	25	25	1	8	21	32	3	23	25	10	0	6	6	25	24	4	24	7	8	29	17	4	30	6	28	37	2	23	1	15	18	26	27	18	34	38	
30	16	20	29	9	17	22	21	14	26	14	25	22	19	1	0	26	10	8	23	25	38	12	13	11	28	23	24	20	40	38	7	27	33	8	20	11	10	27	22	
15	24	21	18	18	19	8	22	14	11	21	13	9	25	15	23	0	9	8	20	16	20	22	15	16	23	15	9	33	8	31	12	14	1	17	5	9	23	13	22	
25	18	31	23	21	9	1	5	24	21	31	24	20	35	21	28	11	0	5	31	27	4	12	26	25	25	7	19	8	18	9	6	16	28	28	15	19	33	23	29	
8	33	29	3	14	17	14	25	29	25	22	1	8	38	13	9	20	29	0	9	15	21	25	18	30	2	26	25	27	23	43	9	18	37	16	32	1	29	40	38	
31	16	16	13	15	14	23	19	9	29	16	12	5	20	10	15	23	17	32	0	6	22	4	15	11	22	12	12	21	3	16	7	21	15	13	23	19	18	15	3	
5	2	29	29	18	20	25	25	31	29	30	27	8	15	12	15	26	32	8	19	0	20	24	9	31	28	11	7	28	38	35	21	5	10	16	23	27	13	20	35	
30	33	30	5	5	7	27	17	38	5	30	14	8	8	19	34	26	15	34	4	15	0	25	18	30	45	26	25	10	39	41	12	24	26	16	25	27	15	33	6	
11	14	10	28	14	12	16	14	3	3	26	10	4	14	13	17	22	16	20	15	11	17	0	14	27	32	22	1	11	27	24	29	20	9	12	15	19	5	23	30	
12	16	21	18	20	14	18	5	14	21	21	30	10	16	2	13	14	13	20	3	17	17	13	0	16	27	28	3	19	8	15	12	24	2	13	15	18	23	23	24	
21	36	1	25	2	26	4	41	9	17	3	10	25	3	22	30	17	19	20	4	9	21	31	35	0	37	21	15	24	26	19	20	20	24	13	11	15	31	19	28	
32	5	17	12	11	20	4	18	15	28	20	24	1	9	12	10	19	23	24	5	8	25	18	7	17	0	19	18	7	9	17	13	17	32	9	22	2	18	19	29	
12	37	25	16	15	27	2	35	15	8	29	30	18	26	13	12	33	25	11	29	25	27	13	28	23	28	0	6	19	28	8	18	11	15	26	2	3	29	10	19	
3	9	15	13	6	5	5	24	11	21	12	24	7	1	12	21	15	30	6	18	1	35	22	17	6	24	25	0	6	5	3	9	23	21	12	15	19	20	3	20	
23	13	28	25	3	10	15	34	21	19	28	18	17	12	10	26	27	2	5	28	11	15	13	15	23	25	21	17	0	15	34	2	12	24	16	13	12	3	21	30	
34	15	12	9	11	10	19	18	5	30	12	21	1	16	6	15	19	24	33	12	8	29	18	11	7	18	19	18	24	0	34	3	17	32	9	24	15	14	16	20	
18	20	17	14	16	15	1	23	10	30	17	19	6	5	1	10	24	19	28	17	13	18	23	1	12	6	24	9	24	4	0	8	4	7	14	24	20	19	19	23	
23	44	31	24	26	18	16	41	11	9	2	41	24	20	8	27	35	24	22	23	15	14	10	13	26	27	35	17	9	46	17	0	21	26	29	13	15	11	21	7	
2	40	5	35	19	11	21	30	26	26	8	5	17	20	21	32	24	30	19	21	21	38	21	27	9	31	18	31	16	36	16	29	0	34	25	28	32	37	14	32	
5	10	26	12	27	4	30	33	29	4	30	22	25	35	12	22	13	33	36	21	30	9	5	32	29	14	19	3	27	23	30	27	19	0	26	27	18	26	35	25	
23	27	10	18	11	10	10	37	1	18	12	19	20	12	24	14	26	21	22	13	3	30	32	4	1	33	30	16	9	27	28	25	22	4	0	13	17	3	10	30	
8	33	28	12	11	23	1	31	11	4	25	26	14	29	9	34	29	44	7	25	21	37	18	24	19	24	29	2	31	42	24	34	7	11	22	0	2	25	6	15	
7	23	22	13	19	19	9	21	8	12	7	29	11	15	13	2	27	22	15	12	18	21	24	21	17	28	8	10	30	9	18	9	15	6	19	6	0	12	14	23	
14	30	21	18	17	1	6	28	17	10	27	32	11	3	15	31	18	13	13	22	18	33	24	21	16	24	29	8	28	42	30	36	13	17	17	4	8	0	12	21	
22	16	21	24	21	9	14	33	20	18	5	31	16	11	21	30	26	21	12	24	23	1	2	26	22	17	34	16	9	14	38	18	4	17	3	12	16	2	0	29	
25	34	42	6	37	26	31	42	6	29	21	25	35	27	40	48	9	1	38	40	42	3	11	21	35	24	49	9	28	42	17	27	27	27	38	29	22	19	37	0	
M3
0	37	19	19	4	27	18	37	46	7	9	12	44	2	43	33	1	41	13	32	31	23	33	7	43	31	45	22	34	37	20	17	28	22	25	31	19	48	38	13	
21	0	43	16	2	46	33	38	29	7	20	35	40	39	46	9	18	47	15	5	29	24	27	20	22	29	32	15	2	17	29	47	35	46	34	27	46	33	29	23	
7	26	0	28	1	34	31	25	11	30	32	35	27	25	30	29	17	7	14	29	19	38	11	1	26	11	2	13	8	20	13	30	10	18	34	8	2	20	3	4	
22	29	41	0	34	40	6	7	29	14	24	37	5	15	27	28	22	32	1	14	8	45	36	44	28	20	48	31	26	26	29	28	20	10	28	12	14	13	34	27	
35	20	18	35	0	31	27	18	9	40	30	25	12	9	37	36	6	27	27	21	42	17	6	16	42	12	25	21	21	5	19	17	2	38	2	15	23	7	20	38	
8	33	27	19	25	0	7	27	16	31	33	15	39	19	29	17	4	33	10	37	9	35	40	30	6	15	8	32	24	14	10	6	39	39	13	34	23	33	35	37	
37	3	40	23	18	38	0	23	30	23	36	15	40	1	23	5	34	3	31	7	31	38	15	36	31	24	36	29	14	33	19	26	46	33	13	4	47	22	5	23	
11	5	12	34	20	17	3	0	34	4	6	39	39	21	9	5	8	22	33	23	43	18	33	13	1	30	11	33	20	35	24	44	2	20	31	30	20	2	31	40	
24	7	13	17	22	11	31	29	0	5	40	8	11	32	10	25	38	25	35	12	33	29	18	1	16	36	12	35	22	1	7	3	20	19	41	16	6	26	15	16	
42	32	7	28	15	40	28	40	7	0	11	8	42	29	40	41	35	47	8	35	20	46	39	6	14	48	20	47	7	35	44	41	1	27	14	31	17	36	28	40	
39	25	22	16	24	14	18	39	35	44	0	7	33	33	13	40	22	30	4	30	44	26	20	26	7	7	23	1	2	9	22	22	1	19	36	28	29	41	26	14	
41	33	41	47	44	14	23	27	11	24	7	0	8	44	10	14	31	33	43	35	24	39	12	33	14	42	34	27	2	28	45	25	23	38	36	43	15	2	18	29	
22	11	25	32	15	32	36	8	12	1	2	46	0	40	12	8	39	14	31	15	33	17	14	35	11	30	24	28	26	18	32	27	32	5	39	25	6	18	39	8	
32	11	45	11	24	49	31	1	32	28	15	43	39	0	7	6	3	18	13	4	16	27	26	8	39	14	22	39	26	1	28	15	33	6	14	12	34	32	8	6	
15	8	10	24	14	43	4	25	39	23	39	34	44	3	0	27	32	30	17	26	25	38	42	38	16	26	35	33	2	20	18	14	33	2	29	6	21	31	24	43	
28	26	38	19	35	40	24	3	2	15	16	28	27	34	11	0	14	8	27	14	29	22	1	34	43	12	30	24	12	46	9	25	26	11	23	16	2	30	19	28	
49	33	40	28	30	14	39	27	33	18	42	26	21	31	30	4	0	5	30	45	31	20	33	20	35	28	18	35	44	32	49	27	26	25	48	8	44	37	5	12	
31	36	40	16	39	19	21	10	16	26	23	15	4	37	34	2	47	0	36	24	19	4	37	31	1	7	16	32	34	5	4	15	38	42	11	41	15	24	18	1	
30	33	22	21	27	7	38	41	35	3	20	17	33	8	9	20	8	34	0	34	26	6	22	24	34	36	41	1	4	6	17	1	14	33	45	32	46	44	21	14	
26	10	44	35	2	24	13	34	19	3	43	24	14	35	20	14	37	27	12	0	3	32	1	9	42	3	26	17	25	17	3	38	21	42	8	15	32	7	3	12	
16	32	25	15	7	23	6	35	2	7	41	34	18	1	13	23	9	17	4	36	0	6	44	8	15	32	28	14	10	36	26	45	35	14	38	33	26	33	26	24	
17	28	1	24	26	2	2	23	24	8	15	40	32	26	26	25	20	28	1	14	24	0	34	25	23	2	33	31	34	34	33	40	18	30	13	4	38	13	12	46	
18	11	38	10	18	33	4	6	4	31	43	10	3	3	43	32	3	21	7	29	26	22	0	15	28	39	1	24	17	31	35	11	20	22	25	31	24	20	14	15	
32	22	9	30	31	37	42	39	23	2	37	6	23	4	20	17	41	13	18	8	29	32	30	0	16	22	13	41	37	34	32	17	40	15	37	44	26	2	32	41	
18	1	30	22	16	18	33	21	4	21	34	35	24	7	24	23	32	24	29	19	30	27	36	13	0	22	37	29	16	31	43	15	49	31	14	2	38	31	33	15	
38	23	11	26	20	49	42	46	10	31	17	3	39	11	44	27	47	7	30	8	26	45	30	19	13	0	24	27	23	7	23	28	33	24	37	44	28	2	26	39	
15	39	43	10	35	17	36	35	36	38	15	17	7	1	29	19	32	32	38	22	1	40	44	19	9	16	0	29	30	5	22	14	41	31	49	17	33	5	41	7	
7	26	42	37	18	29	9	45	3	26	9	35	1	25	25	32	24	35	10	2	26	44	24	30	2	24	31	0	37	37	26	31	13	22	21	26	33	30	26	28	
19	22	32	42	22	35	38	37	9	30	43	31	25	3	8	22	36	47	27	20	44	39	42	42	34	1	29	37	0	38	10	9	47	34	34	41	37	43	16	43	
40	37	18	18	28	40	32	27	4	25	38	34	10	36	28	4	28	41	22	31	3	26	11	8	17	45	29	6	44	0	22	4	15	38	23	32	34	26	16	43	
8	30	24	17	1	38	5	12	26	15	33	19	34	22	35	33	10	4	23	25	22	19	7	29	33	20	13	23	39	25	0	37	35	28	11	24	9	39	33	5	
18	46	26	12	33	20	22	41	10	19	35	5	27	36	15	19	35	45	15	42	49	15	2	15	29	39	19	33	18	27	32	0	41	42	43	22	25	14	44	4	
3	27	8	5	23	18	1	37	27	10	28	31	36	21	26	10	20	2	14	31	26	34	38	26	24	3	42	4	26	16	38	36	0	41	5	25	16	9	16	8	
42	8	23	8	23	34	22	26	25	1	41	46	22	40	27	30	39	16	34	17	6	43	4	11	1	35	38	36	23	35	18	7	36	0	36	39	29	39	29	19	
2	4	17	9	12	30	36	30	28	14	27	30	32	5	36	26	3	43	11	18	34	3	28	7	39	28	46	32	19	34	29	1	25	24	0	14	7	43	39	31	
34	8	32	3	5	27	14	2	17	28	41	40	42	6	5	4	39	31	25	23	11	17	22	30	10	3	42	10	20	13	38	32	48	12	48	0	43	12	42	34	
6	4	40	19	19	37	10	3	39	24	31	34	5	24	41	26	19	36	29	22	7	16	2	29	24	41	26	10	19	30	16	8	6	44	45	29	0	36	38	18	
18	13	27	27	23	37	33	26	2	23	20	29	22	30	7	21	29	36	41	31	13	15	43	41	12	27	40	34	7	34	12	14	35	17	8	7	44	0	17	21	
30	32	11	41	18	23	41	2	3	15	10	16	27	8	16	4	37	13	28	43	43	10	4	35	4	3	38	10	15	13	44	23	38	7	42	31	43	2	0	31	
3	2	31	31	4	35	37	29	34	9	16	31	17	6	23	7	1	14	30	20	5	13	40	25	32	31	38	20	17	32	39	6	5	41	32	22	33	47	18	0	
