40  8  1
8
	0	90	1	72	2	48	3	15	4	96	5	48	6	41	7	88
	0	1	1	43	2	54	3	85	4	23	5	50	6	85	7	87
	0	62	1	54	2	25	3	73	4	71	5	45	6	69	7	80
	0	66	1	52	2	14	3	31	4	32	5	17	6	20	7	14
	0	49	1	28	2	54	3	83	4	53	5	55	6	67	7	4
	0	97	1	61	2	64	3	71	4	85	5	2	6	59	7	62
	0	88	1	13	2	40	3	13	4	65	5	57	6	75	7	32
	0	59	1	85	2	33	3	68	4	24	5	30	6	14	7	28
	0	13	1	29	2	98	3	96	4	34	5	58	6	61	7	84
	0	49	1	13	2	27	3	44	4	79	5	74	6	39	7	4
	0	30	1	44	2	73	3	17	4	63	5	34	6	41	7	22
	0	72	1	50	2	39	3	72	4	41	5	99	6	42	7	69
	0	81	1	14	2	61	3	9	4	95	5	75	6	97	7	41
	0	3	1	66	2	70	3	71	4	25	5	5	6	11	7	83
	0	17	1	31	2	28	3	50	4	87	5	26	6	100	7	65
	0	57	1	34	2	53	3	99	4	45	5	72	6	26	7	81
	0	63	1	62	2	24	3	52	4	74	5	37	6	21	7	38
	0	62	1	78	2	65	3	47	4	77	5	100	6	83	7	67
	0	87	1	97	2	8	3	57	4	42	5	98	6	58	7	23
	0	21	1	14	2	47	3	31	4	31	5	59	6	8	7	9
	0	73	1	90	2	60	3	31	4	94	5	91	6	48	7	90
	0	87	1	94	2	26	3	89	4	20	5	26	6	80	7	29
	0	84	1	3	2	8	3	58	4	18	5	27	6	91	7	13
	0	29	1	53	2	32	3	74	4	26	5	35	6	48	7	100
	0	36	1	53	2	39	3	30	4	58	5	95	6	65	7	63
	0	100	1	49	2	16	3	46	4	73	5	16	6	50	7	41
	0	62	1	51	2	21	3	48	4	84	5	3	6	45	7	1
	0	5	1	8	2	70	3	65	4	91	5	40	6	31	7	4
	0	83	1	48	2	23	3	9	4	55	5	24	6	26	7	74
	0	76	1	67	2	43	3	88	4	88	5	64	6	61	7	78
	0	80	1	80	2	33	3	3	4	94	5	34	6	36	7	7
	0	31	1	21	2	64	3	63	4	19	5	75	6	57	7	71
	0	55	1	9	2	75	3	4	4	53	5	65	6	59	7	95
	0	51	1	62	2	58	3	17	4	50	5	32	6	100	7	16
	0	7	1	69	2	28	3	70	4	84	5	39	6	50	7	100
	0	44	1	25	2	65	3	56	4	35	5	9	6	51	7	53
	0	97	1	9	2	47	3	29	4	6	5	20	6	59	7	44
	0	17	1	34	2	59	3	57	4	76	5	43	6	75	7	33
	0	18	1	37	2	82	3	77	4	75	5	51	6	45	7	3
	0	42	1	41	2	68	3	59	4	98	5	73	6	55	7	3
SSD
M0
0	16	30	28	15	22	3	23	31	13	14	40	30	8	19	7	4	13	20	34	14	33	10	23	18	32	12	7	7	1	18	16	31	11	9	12	1	2	18	2	
31	0	43	30	19	5	26	6	33	11	20	23	29	37	23	3	27	35	23	21	35	42	33	16	28	15	19	34	37	29	24	41	33	27	32	37	18	4	1	19	
1	28	0	21	18	6	24	35	42	17	27	27	8	11	23	25	6	17	11	27	21	46	23	12	5	20	15	20	28	28	21	6	22	4	17	5	10	23	5	10	
19	13	25	0	12	19	22	20	24	25	21	6	34	5	17	5	22	11	23	33	13	34	17	2	15	29	9	14	22	9	15	21	33	13	11	9	21	17	11	33	
29	2	31	30	0	8	29	9	36	14	10	26	21	15	20	6	24	21	20	24	20	10	11	15	25	15	19	23	19	10	14	31	15	23	21	19	15	7	4	3	
1	13	4	29	10	0	25	20	1	15	11	6	23	8	7	12	23	10	8	27	1	25	20	9	18	15	12	4	25	19	14	16	25	9	14	12	12	18	15	26	
23	30	44	12	19	24	0	35	28	28	28	18	18	12	2	34	31	18	6	37	7	21	24	11	22	23	14	21	7	20	13	20	7	20	18	16	29	24	15	36	
21	16	36	28	14	2	24	0	19	28	14	14	16	7	18	14	26	13	17	5	1	3	19	24	3	32	1	7	9	21	3	19	19	12	13	11	13	6	18	13	
14	6	41	28	9	12	33	13	0	18	23	21	9	16	28	6	34	22	5	28	42	37	22	9	8	21	9	25	25	33	26	20	11	24	22	20	2	11	8	26	
14	22	36	33	25	6	22	29	3	0	3	37	4	32	30	22	23	5	21	26	7	28	4	17	15	6	25	13	9	2	10	2	27	19	38	25	1	8	24	24	
24	9	12	34	18	7	12	16	33	18	0	25	28	45	7	13	14	18	33	7	44	20	8	25	16	25	27	30	43	19	33	9	34	16	35	3	21	14	11	19	
7	28	45	9	17	12	9	10	40	2	26	0	20	10	22	14	20	16	13	28	21	37	22	27	20	10	14	19	5	27	3	9	6	15	16	14	25	22	11	23	
17	19	21	12	15	25	23	24	36	27	24	7	0	8	20	23	22	14	13	41	11	27	20	23	18	35	12	17	2	23	8	24	23	10	14	12	13	20	21	12	
11	15	38	31	4	21	14	22	29	27	13	39	32	0	9	19	16	3	15	34	23	33	9	14	7	24	1	6	14	14	7	13	25	5	3	1	14	9	17	29	
11	15	29	40	4	16	14	16	32	27	32	22	22	37	0	19	13	1	25	36	33	25	23	1	33	28	3	25	24	1	14	1	19	20	13	20	30	20	14	35	
13	23	3	31	24	25	18	28	32	17	27	31	41	45	3	0	33	21	31	14	16	42	12	10	3	12	1	44	13	20	25	2	13	21	33	21	17	28	9	28	
32	24	41	43	16	12	11	31	28	19	14	13	3	18	16	28	0	24	9	28	22	3	11	23	26	33	22	18	19	7	1	25	25	15	6	22	7	27	15	32	
32	25	14	23	29	20	32	30	43	17	23	30	42	27	8	15	28	0	30	10	10	1	20	14	1	14	22	16	17	12	15	23	15	34	29	18	15	25	8	8	
16	20	3	43	21	26	16	23	5	32	29	24	27	34	21	16	23	2	0	24	15	24	6	4	15	36	8	23	18	7	2	23	29	8	11	11	20	25	2	37	
27	21	23	6	5	27	25	26	30	7	19	32	28	42	19	25	27	18	32	0	38	40	41	37	25	33	19	12	15	27	5	24	6	27	38	4	20	1	10	10	
28	29	11	6	3	4	31	24	34	2	19	16	38	14	26	25	33	20	27	20	0	39	26	16	24	21	15	20	22	12	24	30	42	21	20	2	28	17	10	26	
27	8	38	15	20	14	4	15	13	20	24	16	32	13	25	12	32	19	23	30	35	0	17	25	12	16	17	17	8	6	23	29	37	21	19	17	8	3	10	23	
1	19	13	3	26	25	19	20	7	31	17	19	4	26	5	23	29	16	1	20	19	17	0	23	23	33	8	10	32	10	25	22	30	20	21	30	14	24	10	39	
26	9	42	10	7	6	2	10	2	21	19	4	24	31	18	13	13	8	20	17	25	20	18	0	16	25	24	12	21	19	22	24	26	17	8	10	17	14	11	29	
39	7	5	34	27	13	8	14	34	19	16	31	17	45	21	11	23	12	4	29	39	13	8	24	0	18	27	9	32	24	15	21	21	4	19	31	17	12	9	13	
37	26	33	42	10	3	38	31	10	10	24	32	32	39	34	29	3	11	12	16	42	16	29	32	10	0	8	17	26	32	21	19	27	4	28	12	25	31	10	37	
4	10	1	1	15	16	9	17	40	20	9	18	28	8	20	14	21	8	8	19	32	9	20	25	18	26	0	2	25	17	17	14	29	16	14	12	10	15	12	23	
28	4	43	20	15	10	31	11	38	16	2	28	34	31	28	8	14	1	27	26	25	23	28	21	13	20	24	0	33	10	10	7	22	27	37	25	3	9	6	24	
29	28	17	5	32	34	3	33	31	4	18	18	4	25	35	23	24	8	10	6	16	38	20	13	9	14	2	19	0	23	32	13	13	3	31	28	23	14	25	14	
4	16	32	13	18	22	33	16	7	28	1	21	29	35	18	20	24	2	10	3	30	47	2	2	17	32	29	28	20	0	26	36	4	43	35	28	15	21	17	23	
17	10	20	16	11	16	9	9	30	22	20	15	30	15	11	11	11	1	13	32	2	36	11	27	21	26	19	13	13	12	0	20	4	10	1	19	21	15	12	27	
13	7	25	23	11	13	29	4	7	19	13	31	8	16	28	11	35	22	25	28	32	9	1	15	10	23	20	25	11	33	15	0	31	24	22	1	22	12	9	27	
21	9	37	32	14	15	16	16	20	21	14	5	14	7	11	13	18	13	17	5	25	30	7	24	17	25	11	7	18	16	17	19	0	14	5	11	15	14	11	24	
30	10	13	23	15	13	16	17	34	22	8	34	34	24	2	14	11	7	6	19	25	27	6	20	19	2	1	1	18	16	1	13	2	0	5	28	2	15	12	30	
28	14	28	30	3	20	4	21	22	26	12	33	22	31	3	18	6	11	5	24	13	33	3	21	13	20	23	5	6	4	7	12	15	2	0	35	13	19	11	19	
7	15	11	30	11	9	13	22	3	27	21	37	20	27	12	4	11	9	14	24	22	32	12	25	22	2	25	14	15	8	16	21	24	5	2	0	18	4	17	19	
26	29	14	39	27	6	17	36	28	21	3	33	17	20	32	23	37	26	37	37	31	7	24	7	20	10	2	22	7	28	30	18	42	23	26	14	0	13	15	1	
10	6	31	9	26	12	14	13	12	18	26	28	34	41	14	10	29	32	16	28	20	48	33	23	7	18	24	35	36	32	3	32	31	9	23	27	25	0	8	26	
32	36	46	31	20	32	35	15	41	22	26	4	31	18	14	2	26	16	4	4	16	40	30	32	21	45	3	27	35	32	25	32	14	26	24	22	18	26	0	35	
8	23	36	15	21	11	15	30	4	4	30	16	13	29	21	3	24	29	22	41	12	33	21	26	5	29	25	23	8	22	11	2	9	17	11	33	19	28	25	0	
M1
0	31	34	16	38	17	29	29	16	12	29	27	17	17	7	47	19	19	31	17	9	18	6	19	4	21	2	23	10	7	20	8	24	8	27	12	31	14	15	36	
17	0	2	20	22	23	34	20	29	18	36	20	23	21	27	14	7	4	21	29	34	31	12	12	32	13	17	15	16	4	26	38	26	13	31	7	9	12	6	39	
6	21	0	13	18	14	16	18	9	9	31	17	6	14	9	25	13	20	2	19	10	22	3	16	28	18	6	29	7	13	16	8	25	22	24	16	7	11	11	25	
2	19	37	0	12	36	37	16	2	15	14	16	29	8	6	39	20	23	10	18	4	22	35	22	4	14	21	20	39	19	13	34	23	33	10	36	5	29	8	27	
9	2	32	14	0	15	23	19	21	10	26	25	15	15	5	25	31	33	26	22	1	23	4	17	29	19	10	8	8	37	18	36	19	18	25	13	19	12	13	32	
6	15	27	11	29	0	24	13	18	7	23	22	9	12	8	7	25	9	20	16	8	20	1	12	26	16	7	2	5	34	15	32	13	20	22	29	13	9	10	19	
6	26	29	11	32	12	0	8	17	7	29	22	11	12	15	22	39	1	26	22	6	15	1	14	26	11	7	33	5	33	9	5	22	20	22	13	33	9	1	7	
18	30	27	37	7	8	25	0	23	5	16	11	19	27	28	14	40	20	27	6	11	23	32	20	24	33	38	24	9	13	19	22	6	25	21	22	25	20	4	21	
27	8	13	32	28	33	19	11	0	15	18	16	29	24	28	42	20	5	13	18	28	33	22	22	21	20	2	20	14	40	17	32	8	12	31	6	5	1	3	26	
35	29	9	19	21	35	16	26	5	0	28	19	1	26	15	33	30	30	9	25	20	5	30	31	6	30	36	33	18	23	1	34	38	7	3	20	15	2	9	20	
24	24	7	6	25	25	20	4	26	8	0	11	20	26	36	45	21	19	30	5	26	26	34	14	18	14	1	22	26	29	17	6	33	28	12	19	34	21	17	35	
8	10	36	10	27	4	32	6	17	14	20	0	28	3	26	34	11	24	36	13	9	32	36	11	2	8	27	26	2	11	17	16	10	3	26	26	4	28	12	36	
20	22	39	4	10	20	1	16	31	18	13	4	0	11	29	18	23	15	15	36	20	29	15	25	19	23	21	30	19	16	21	19	26	34	8	14	8	23	8	5	
8	28	31	13	11	6	17	26	20	9	7	20	2	0	37	1	6	8	31	5	36	22	3	13	21	18	9	23	7	29	1	15	24	22	24	30	24	11	12	21	
6	1	7	11	31	12	22	24	18	4	12	22	11	3	0	43	4	32	26	41	34	15	1	6	8	16	7	29	5	34	15	27	23	20	13	5	32	9	10	4	
10	14	16	42	8	30	28	7	24	10	34	23	24	21	24	0	7	24	30	27	9	26	32	32	4	21	2	22	12	39	24	39	32	9	26	43	32	18	23	7	
28	35	15	4	5	39	43	5	9	20	15	22	34	26	27	37	0	19	36	24	3	38	31	38	28	6	35	28	23	38	20	29	5	29	36	21	24	32	10	15	
36	24	23	33	18	9	30	25	19	1	24	29	15	17	28	47	15	0	23	14	34	19	33	21	20	12	9	14	23	5	15	29	25	13	17	27	18	2	23	26	
16	24	39	5	40	22	34	15	4	17	28	32	22	22	25	22	8	32	0	25	30	13	11	7	17	22	17	11	15	10	7	24	18	28	10	32	37	19	20	10	
17	10	14	24	18	30	5	12	35	25	1	31	29	7	33	26	22	19	29	0	24	23	19	21	4	29	25	11	21	10	27	13	14	35	30	30	24	27	19	16	
8	28	31	13	38	14	26	26	20	9	14	22	14	3	24	1	32	32	9	18	0	22	3	16	13	18	8	35	2	14	17	20	25	22	9	39	17	1	12	28	
17	5	40	22	39	23	14	24	21	18	31	29	23	23	24	43	5	4	2	16	28	0	12	21	6	25	8	27	16	40	16	5	24	24	9	29	27	20	21	34	
2	22	25	7	32	8	20	20	14	3	25	18	8	8	31	40	35	33	25	39	36	16	0	10	22	12	3	29	1	30	11	38	19	16	18	33	30	5	6	27	
17	18	27	22	36	18	24	16	23	5	20	33	19	23	8	33	28	7	19	5	22	7	12	0	23	9	18	5	5	29	19	32	16	25	21	3	33	20	9	26	
23	16	5	15	4	42	17	16	17	30	30	29	28	36	14	42	32	19	22	21	31	21	31	17	0	19	23	9	5	9	23	5	20	39	38	27	20	12	10	12	
14	18	37	24	29	7	18	16	2	20	22	21	25	25	3	33	2	26	8	31	12	12	14	27	10	0	20	22	9	2	27	7	12	33	26	28	31	22	23	24	
35	20	26	10	15	34	24	11	15	33	20	11	24	9	1	7	10	25	25	5	35	5	30	13	23	33	0	7	12	19	10	1	18	26	20	20	36	2	33	20	
20	5	25	25	25	26	25	3	32	18	13	20	26	26	14	35	15	17	10	6	30	32	15	2	24	18	21	0	19	30	18	22	3	34	34	19	21	16	18	16	
7	21	24	7	14	18	2	1	5	2	19	11	16	18	25	31	22	16	23	31	21	20	16	24	15	15	22	17	0	14	16	20	9	22	18	15	7	8	16	2	
25	21	24	12	3	31	34	18	35	17	23	10	31	31	30	2	11	27	33	17	8	17	20	24	6	22	19	15	20	0	28	25	13	37	22	29	7	14	7	18	
17	14	12	26	5	6	12	5	29	21	22	19	8	33	13	39	24	5	19	15	22	39	24	11	12	24	30	1	22	38	0	16	12	35	27	16	11	25	23	25	
34	25	31	20	26	36	17	15	19	26	18	3	2	24	15	20	31	18	10	3	36	40	31	6	21	16	37	12	8	27	15	0	23	13	24	24	16	2	24	21	
17	24	35	24	13	28	39	21	25	20	1	8	28	25	13	25	25	5	26	29	18	35	17	25	23	25	23	15	21	29	6	15	0	36	22	7	10	18	22	39	
1	25	23	27	21	23	37	22	5	21	9	3	23	18	28	23	26	20	2	18	24	39	28	28	16	26	34	30	28	22	21	30	6	0	31	22	11	33	23	38	
34	29	41	3	6	29	15	32	28	31	5	23	5	30	3	5	15	29	23	27	18	43	29	3	5	1	35	21	14	35	24	3	32	30	0	33	27	20	3	24	
3	20	36	28	32	22	20	20	23	19	9	20	12	33	32	37	24	20	33	12	9	37	34	26	30	24	16	31	38	36	32	37	17	39	10	0	9	33	21	15	
30	5	23	33	14	31	30	2	19	1	34	2	15	28	14	47	6	24	23	20	34	19	25	8	20	6	16	13	29	34	15	43	24	21	17	22	0	15	3	31	
38	17	9	22	8	29	19	14	3	13	10	14	4	29	26	36	18	27	24	32	11	11	33	7	8	14	23	18	7	19	17	12	23	2	23	23	3	0	15	2	
6	16	29	11	25	2	24	13	18	7	6	9	12	12	5	41	17	35	2	31	40	20	1	10	8	16	7	24	5	34	5	42	23	20	22	15	2	9	0	31	
18	34	31	23	23	24	33	31	30	19	11	18	18	24	14	12	13	14	13	31	15	29	13	26	16	15	11	25	7	39	10	7	1	32	32	17	20	15	9	0	
M2
0	16	6	31	13	10	21	21	35	29	1	20	24	33	20	20	24	22	21	32	7	19	2	29	15	5	26	7	20	13	11	25	27	23	33	19	28	7	10	30	
10	0	25	40	3	36	14	35	6	7	37	5	33	32	39	3	25	40	20	25	19	34	28	22	25	18	14	39	39	16	19	4	44	28	26	33	39	37	4	30	
27	31	0	31	26	28	32	48	22	28	1	20	46	10	24	40	16	46	46	7	48	43	26	28	30	44	5	6	33	33	24	42	6	9	20	4	15	17	5	29	
28	24	24	0	35	32	31	11	1	20	3	32	25	18	31	27	47	23	12	30	10	43	26	8	31	44	45	23	7	20	2	45	31	45	24	25	30	23	39	26	
6	32	21	32	0	16	15	5	19	21	23	26	20	14	29	17	15	28	10	9	1	25	8	16	21	38	6	6	16	16	20	16	12	23	22	7	3	15	30	4	
2	25	30	27	17	0	23	41	20	30	5	1	27	10	1	17	42	34	24	38	36	41	39	37	47	27	31	25	38	29	34	24	22	23	17	37	31	39	20	7	
12	15	27	31	28	10	0	13	4	9	22	5	21	39	11	10	10	32	37	27	9	11	26	28	25	1	5	40	39	11	31	19	7	41	24	26	4	39	10	7	
27	42	13	35	17	1	34	0	17	31	39	24	32	30	14	21	28	26	28	5	41	23	6	11	10	17	31	39	24	17	38	21	27	27	18	41	17	23	36	9	
28	13	28	23	20	11	31	33	0	20	17	35	22	12	27	25	24	13	10	26	3	7	17	9	4	24	43	7	7	28	20	40	6	38	10	9	43	33	4	28	
4	13	13	20	28	5	33	29	34	0	28	35	14	13	8	5	23	20	1	9	26	7	17	21	30	21	36	21	19	28	2	40	22	8	13	14	43	24	43	31	
14	13	32	44	20	4	23	20	23	32	0	13	27	3	3	11	27	5	28	13	35	25	26	39	4	11	22	48	43	4	20	31	20	27	8	34	46	21	41	4	
34	8	6	23	24	35	38	1	38	39	24	0	7	7	14	22	30	27	37	21	27	1	13	37	21	3	33	25	19	13	32	23	14	2	34	3	39	37	11	39	
4	32	26	32	30	4	33	35	39	40	3	33	0	31	19	44	31	31	42	28	39	2	26	11	14	39	6	24	38	1	10	18	1	15	11	3	4	27	7	40	
31	38	23	19	21	11	32	32	3	36	7	17	1	0	25	27	32	27	29	14	5	27	10	40	22	6	23	34	16	13	16	26	30	31	5	17	8	8	14	36	
32	31	15	20	2	33	12	42	14	1	37	26	18	23	0	26	34	29	11	9	35	29	12	36	20	16	16	36	30	2	21	31	36	33	23	24	17	34	42	15	
16	17	25	30	24	12	39	2	40	19	1	41	20	19	26	0	33	8	7	3	15	4	23	29	9	45	27	6	29	34	17	3	14	2	19	20	25	19	46	1	
39	31	13	45	34	24	23	9	30	8	23	24	35	5	34	39	0	43	36	32	24	14	24	13	18	18	19	20	25	35	8	38	35	32	16	38	18	40	29	4	
39	25	22	12	24	10	15	37	27	27	29	11	9	27	34	25	17	0	15	29	34	41	25	17	29	15	42	27	17	9	7	35	6	22	27	28	38	11	14	39	
25	18	10	26	19	16	24	27	25	4	23	26	5	4	11	7	30	12	0	25	17	25	8	17	21	30	35	41	14	19	2	31	18	29	4	5	34	15	38	35	
22	43	10	38	40	21	5	19	18	47	36	32	4	3	42	2	44	17	36	0	43	15	44	33	7	19	40	30	44	49	46	18	19	42	48	39	35	35	40	28	
28	23	41	38	17	28	40	32	29	43	37	7	37	25	21	46	32	44	31	34	0	46	47	21	19	38	20	43	28	17	7	9	16	37	28	44	14	37	47	43	
24	11	13	36	4	12	18	33	11	12	28	36	2	32	22	32	3	3	40	15	31	0	18	33	22	21	10	22	36	29	5	40	43	14	41	21	39	10	24	12	
13	40	5	36	3	18	30	22	26	19	31	10	37	32	44	10	14	12	25	22	35	9	0	35	5	25	29	34	10	3	35	15	17	13	26	34	18	45	22	20	
18	35	4	35	21	18	27	40	40	35	18	31	30	10	26	32	7	17	40	6	22	31	14	0	2	40	9	16	3	2	23	37	34	35	37	31	14	37	34	33	
34	27	14	34	28	25	32	26	19	13	32	3	14	10	20	6	30	21	1	23	8	34	17	26	0	13	26	34	16	20	11	12	27	20	13	14	16	24	39	24	
30	24	22	40	11	35	31	10	43	26	41	9	24	28	7	27	31	29	26	25	8	10	9	18	22	0	16	24	27	20	36	4	18	27	38	10	21	46	39	37	
1	5	22	5	20	9	6	30	13	25	22	27	40	37	26	20	16	29	31	1	22	25	9	2	6	35	0	14	26	7	21	32	34	22	10	16	8	27	30	37	
33	44	38	18	8	23	14	5	33	40	35	9	14	26	33	36	46	39	36	25	16	18	36	7	26	12	30	0	5	29	34	4	31	2	27	38	9	43	41	22	
18	30	10	35	5	2	1	18	28	32	31	11	19	5	20	43	40	48	45	3	2	43	36	9	43	25	16	19	0	12	12	26	26	35	28	29	27	15	40	7	
6	34	26	3	35	32	40	27	18	13	20	31	21	20	18	23	38	28	8	24	3	39	24	2	20	13	43	37	24	0	11	31	28	30	15	9	37	3	47	23	
35	16	20	28	13	26	27	17	26	14	2	36	15	14	7	17	40	22	2	3	9	35	18	24	20	40	32	47	24	29	0	38	20	39	14	15	43	22	24	32	
26	9	8	12	27	13	31	32	25	16	29	34	19	4	11	24	38	14	9	7	22	25	16	25	1	21	4	35	8	22	19	0	35	8	21	22	28	32	24	29	
34	32	26	39	14	25	17	43	18	40	9	3	16	35	45	31	18	33	32	12	41	30	13	6	11	45	13	19	24	24	16	17	0	6	44	34	39	43	11	27	
18	6	21	30	15	5	23	10	16	21	16	26	20	21	28	24	21	28	9	8	25	25	8	7	21	12	44	8	14	19	18	2	12	0	21	22	24	32	30	5	
3	5	41	23	15	37	31	29	38	38	12	24	2	40	26	30	20	17	43	24	22	29	28	34	38	3	11	25	12	19	21	23	16	34	0	28	10	31	36	3	
30	9	4	16	20	35	2	14	31	36	28	27	39	35	25	27	11	25	35	36	29	26	9	18	22	5	34	6	27	20	32	3	15	17	36	0	35	35	31	7	
33	45	21	29	35	26	5	22	11	21	31	32	38	14	5	9	31	16	32	12	13	36	41	41	29	20	42	35	35	23	23	18	41	41	12	20	0	44	37	34	
17	27	1	13	15	12	27	14	26	31	27	22	33	31	4	17	3	21	20	23	23	21	4	22	10	11	1	30	3	3	29	23	29	22	29	10	30	0	29	17	
20	30	24	25	10	5	13	11	40	34	9	37	27	40	47	35	14	23	28	30	5	29	19	35	22	35	43	43	37	12	30	33	6	4	4	34	38	5	0	35	
35	44	30	14	32	13	33	31	18	4	8	43	19	21	2	2	25	28	32	5	34	38	42	34	46	28	43	49	9	12	28	15	11	21	25	45	38	21	37	0	
M3
0	28	2	22	31	37	37	26	25	14	38	34	15	38	10	36	39	39	12	14	8	3	22	37	17	38	40	36	41	19	47	3	27	17	26	21	20	36	35	28	
4	0	20	32	33	1	15	19	12	30	10	31	15	20	21	31	5	13	16	29	27	16	20	26	35	7	1	9	25	18	1	5	30	36	32	24	15	12	31	22	
28	3	0	34	1	4	19	28	25	3	10	9	32	25	18	30	10	21	6	12	32	21	28	44	6	35	45	4	40	17	6	19	16	9	31	16	10	18	41	14	
22	6	1	0	28	18	6	14	7	18	11	27	11	21	8	22	6	33	21	25	31	15	23	24	26	4	20	4	26	19	2	26	26	26	28	31	26	10	24	3	
40	14	30	49	0	39	29	1	28	34	35	25	34	8	3	16	1	47	28	26	16	10	34	22	25	17	21	23	46	23	43	9	47	4	26	34	28	15	36	22	
22	11	9	38	31	0	19	8	27	4	20	27	26	27	23	4	1	34	34	22	6	27	36	14	24	1	48	24	10	20	28	36	13	25	7	3	34	22	5	40	
26	32	21	19	23	29	0	5	20	25	8	29	29	21	18	24	35	30	2	20	34	4	4	31	7	29	45	29	44	14	32	7	10	13	15	44	31	6	38	28	
25	4	11	39	22	28	19	0	33	40	7	29	4	1	26	32	5	6	11	33	31	31	11	5	25	37	35	4	13	15	31	15	18	35	19	21	15	14	24	27	
19	33	21	1	26	20	14	12	0	41	25	8	4	27	34	25	9	10	28	23	34	5	11	18	27	6	8	26	32	11	34	6	19	35	21	8	20	7	12	1	
1	5	1	2	2	12	7	15	5	0	11	18	31	18	14	5	10	10	22	30	2	19	24	1	16	16	28	14	1	11	6	19	30	18	35	15	30	7	32	27	
1	7	3	29	18	4	11	29	24	23	0	23	31	20	21	17	12	5	15	27	9	19	15	24	31	25	47	12	42	3	8	19	6	11	29	33	25	5	30	3	
36	3	3	20	18	31	40	19	31	16	25	0	39	23	34	40	5	39	4	7	27	9	32	6	13	43	34	24	24	22	16	23	26	20	6	10	19	28	4	37	
23	22	8	44	16	34	23	20	24	33	14	25	0	14	21	20	15	36	15	20	35	20	31	13	43	25	31	25	32	2	38	31	6	27	8	46	27	15	11	34	
20	20	10	38	19	23	30	22	14	33	2	24	13	0	25	25	2	10	24	25	17	22	28	18	4	2	23	22	12	7	15	38	22	3	20	27	39	24	10	22	
27	18	29	20	27	18	37	36	36	46	9	9	27	3	0	37	17	31	16	35	35	28	23	20	43	16	15	6	46	24	13	22	32	37	6	12	17	25	23	24	
7	20	22	37	20	34	5	23	29	11	26	36	17	22	26	0	22	37	9	32	30	22	18	18	12	30	4	22	19	22	31	25	11	31	2	5	7	8	3	30	
5	18	19	7	18	23	23	5	45	25	11	18	13	22	14	7	0	2	32	32	19	1	35	26	12	41	1	15	1	11	13	23	28	36	17	4	20	12	28	9	
18	21	18	32	28	7	31	6	22	36	16	23	33	21	19	21	20	0	12	28	24	21	21	32	8	26	44	20	6	16	16	29	7	31	45	21	28	14	46	14	
23	30	17	49	2	9	17	7	1	36	19	41	32	20	21	20	36	37	0	15	32	20	25	31	5	4	6	38	24	3	35	32	6	33	27	45	3	15	26	29	
16	20	22	16	23	24	4	22	37	9	14	9	26	5	17	27	17	1	19	0	22	10	21	4	17	15	34	18	4	14	15	24	25	30	28	16	7	8	12	34	
15	18	23	30	19	24	22	29	38	7	3	29	20	24	39	9	2	25	35	33	0	15	35	35	29	35	40	28	39	4	20	33	24	31	20	38	41	14	15	20	
3	17	2	30	34	3	33	9	31	32	28	30	9	27	28	31	21	6	10	23	26	0	20	31	14	22	26	28	41	20	43	21	17	9	26	6	12	26	2	21	
23	18	22	25	30	3	15	33	39	36	21	24	6	25	23	35	17	14	5	35	29	28	0	28	35	1	17	9	11	17	13	22	21	21	23	11	22	25	26	34	
32	22	10	48	1	16	36	34	1	14	14	26	13	7	16	34	21	35	8	7	36	2	34	0	25	25	1	14	22	7	17	12	20	29	19	42	41	29	33	34	
23	26	3	22	37	26	14	29	18	20	5	26	41	35	17	16	25	8	29	10	14	24	15	45	0	33	38	29	45	8	21	34	28	33	10	32	26	27	13	11	
15	8	27	18	29	28	35	4	24	44	7	23	43	30	28	28	30	18	39	35	6	11	11	33	18	0	42	19	25	5	26	29	30	21	11	3	5	29	15	26	
18	24	5	4	33	22	11	27	42	31	16	21	10	3	19	3	24	36	26	31	1	22	4	5	6	25	0	2	6	16	24	21	25	12	27	30	3	30	30	34	
16	5	6	7	34	35	29	38	26	2	14	21	22	26	17	24	22	30	28	31	21	22	27	44	1	24	18	0	4	14	22	34	23	36	5	45	40	32	26	34	
3	14	9	37	32	22	16	30	41	21	1	8	29	18	4	16	13	23	30	32	9	9	26	42	35	40	47	5	0	1	9	21	24	29	33	39	31	21	34	21	
40	2	42	44	16	6	13	31	28	3	22	14	38	32	19	14	13	34	16	15	10	23	27	25	20	9	34	21	28	0	13	3	34	39	40	5	22	25	48	16	
24	2	26	28	41	14	21	34	41	43	6	31	23	16	24	40	1	28	36	46	32	12	19	43	31	28	36	5	31	14	0	25	29	34	37	29	21	9	41	18	
7	5	24	36	33	25	4	22	36	8	18	20	8	26	17	14	28	28	3	10	15	6	21	30	9	40	48	22	8	15	26	0	23	4	25	35	14	22	8	29	
13	22	7	48	17	38	32	25	14	42	27	47	22	10	11	10	42	41	40	17	25	10	21	44	42	15	47	46	47	21	44	22	0	27	39	36	17	5	40	24	
23	37	17	29	34	26	21	2	15	13	17	4	28	5	34	46	14	32	36	5	6	2	18	40	41	19	45	2	36	25	42	27	40	0	5	14	32	23	15	37	
13	9	23	19	38	27	2	17	28	26	6	36	43	3	29	34	28	21	17	34	32	19	19	26	14	30	44	32	33	12	24	5	20	27	0	37	24	21	13	26	
16	1	6	27	21	13	19	23	30	29	14	3	25	31	17	22	23	17	13	36	15	22	36	31	26	31	27	18	4	14	22	34	20	17	28	0	18	22	25	24	
18	20	10	19	1	24	39	43	16	19	24	33	14	28	42	25	4	12	38	43	17	24	7	36	32	25	39	19	49	25	15	24	29	32	31	33	0	27	33	36	
38	30	26	13	29	16	38	42	37	2	28	20	40	40	41	16	8	15	10	39	6	2	38	6	13	9	4	35	46	41	46	13	26	38	38	23	40	0	33	24	
41	19	25	45	40	2	21	27	24	36	23	21	40	16	5	37	18	25	32	9	32	23	17	7	41	4	33	22	37	8	14	35	38	30	19	6	38	26	0	35	
14	25	14	40	24	9	27	32	16	34	31	12	17	17	18	17	41	3	23	23	16	17	21	5	37	6	29	15	36	27	46	29	3	34	34	23	24	12	19	0	
M4
0	10	39	10	40	38	8	15	25	34	18	14	2	21	28	24	24	12	18	26	23	10	25	30	23	17	12	27	21	24	21	1	20	22	30	15	2	45	18	14	
31	0	32	27	34	17	37	24	36	9	29	25	26	13	7	7	10	28	4	31	7	21	4	6	17	13	23	30	12	2	10	40	35	33	5	9	13	13	29	14	
23	19	0	7	12	32	39	28	8	8	27	38	29	12	37	39	30	4	28	9	24	14	13	46	25	23	12	3	6	10	39	5	27	27	33	21	33	15	16	1	
5	14	45	0	38	17	16	30	31	1	4	37	45	19	29	1	12	29	8	8	2	22	10	32	8	1	35	43	5	6	36	42	17	21	30	7	25	37	41	34	
32	22	19	6	0	14	26	13	13	7	17	3	23	11	12	15	8	35	35	19	26	30	22	42	41	9	37	25	6	10	10	4	33	23	5	13	32	25	28	20	
32	22	10	10	25	0	14	21	2	17	28	14	9	12	25	43	19	27	46	40	5	11	30	40	14	27	22	34	10	19	38	26	3	14	37	35	12	8	25	40	
18	19	40	49	28	29	0	21	13	40	4	5	25	42	16	3	33	24	32	11	27	41	44	45	42	11	45	28	30	31	41	39	5	34	36	39	39	3	48	3	
5	16	27	30	41	39	41	0	22	29	3	2	44	35	2	46	1	16	39	40	9	32	21	22	28	39	34	5	14	13	20	21	9	39	5	30	24	49	29	34	
13	20	41	20	40	39	31	16	0	38	9	35	40	33	2	24	21	41	33	12	22	3	28	25	45	31	40	13	12	26	14	34	16	27	39	7	30	6	5	34	
32	30	44	40	27	4	33	15	35	0	11	34	29	2	10	30	25	22	18	31	44	11	17	7	9	33	48	16	28	37	17	25	43	44	37	37	43	20	5	45	
5	27	43	32	5	20	6	33	35	3	0	18	18	1	1	19	7	28	11	30	24	21	13	16	31	7	23	38	27	34	26	18	8	33	29	32	13	24	13	29	
20	33	39	37	41	29	46	44	3	19	46	0	34	29	39	39	11	31	19	46	18	40	46	39	15	48	44	31	37	36	44	35	34	5	6	34	34	14	28	2	
29	30	40	17	6	46	18	12	26	19	34	17	0	30	20	14	37	10	2	3	45	8	36	43	1	36	15	41	33	20	16	37	5	30	8	8	21	1	31	28	
38	3	17	16	39	26	31	17	17	6	9	43	49	0	18	33	23	38	30	4	22	17	12	32	12	35	24	26	1	28	36	35	29	48	31	31	38	7	13	28	
33	14	1	18	26	42	20	8	10	39	22	6	40	14	0	28	28	28	11	11	5	37	17	43	4	45	23	37	2	39	12	45	28	41	33	30	35	6	5	46	
20	28	11	20	38	32	39	37	37	28	30	11	16	19	38	0	38	29	21	10	11	22	17	42	35	18	12	14	24	24	40	37	13	5	12	19	14	49	30	45	
23	10	45	5	33	33	30	5	26	38	27	24	24	22	18	11	0	28	2	18	30	2	3	34	22	4	34	34	27	9	21	43	4	35	23	15	33	39	7	1	
34	21	29	3	41	46	8	12	36	10	5	25	35	25	38	3	13	0	41	21	37	21	21	15	25	8	23	5	16	39	17	15	30	20	26	9	13	1	28	22	
24	33	18	23	9	15	34	42	12	36	22	24	28	5	37	27	38	23	0	24	1	25	33	3	13	15	5	41	1	45	4	15	14	39	18	32	19	25	24	12	
24	10	11	24	38	36	15	9	26	14	8	15	19	20	29	26	6	18	9	0	14	11	8	18	24	13	6	29	23	26	29	3	7	13	28	8	3	38	7	4	
4	36	41	24	22	18	23	10	6	10	37	15	34	21	33	20	21	31	27	42	0	14	42	6	19	7	35	37	38	43	40	46	20	6	38	18	33	36	23	5	
1	2	43	43	31	38	8	26	4	33	15	21	44	10	11	32	27	31	15	35	32	0	8	31	33	24	17	16	5	27	32	27	35	13	16	34	22	38	8	28	
15	25	42	38	12	12	16	2	35	19	28	18	20	15	28	17	18	27	4	9	18	20	0	20	33	27	22	31	21	39	8	22	22	32	2	35	12	37	28	33	
34	12	28	37	23	5	5	13	36	25	12	1	11	32	39	12	15	28	37	15	39	15	15	0	9	25	23	16	18	24	39	31	12	33	6	23	13	12	3	20	
24	8	1	34	6	41	4	2	25	34	11	15	10	43	21	24	21	18	12	14	10	32	35	37	0	10	19	19	13	2	24	6	35	4	7	14	24	38	3	15	
24	30	30	20	38	38	42	28	23	40	26	6	4	41	42	39	18	36	30	35	43	29	8	43	48	0	10	5	8	9	29	25	30	23	3	44	34	23	26	42	
21	22	27	18	22	8	36	37	20	20	7	2	30	27	13	17	31	14	30	8	31	16	27	26	19	18	0	20	29	9	34	9	15	18	21	19	8	23	11	43	
8	18	2	34	3	16	4	11	11	16	7	16	14	14	37	1	2	13	26	17	30	12	27	30	25	7	14	0	31	4	30	11	10	24	37	17	4	27	20	18	
23	10	33	18	6	15	23	11	29	32	1	15	27	13	37	40	26	28	3	24	20	10	36	21	34	28	23	24	0	28	22	32	40	33	38	2	13	30	1	7	
19	13	28	32	5	37	15	2	30	20	29	4	27	3	22	8	16	33	16	11	25	26	7	35	10	33	27	27	23	0	5	3	18	11	15	31	18	16	10	38	
14	13	28	36	43	9	36	33	34	34	6	3	14	39	29	17	26	3	17	18	43	30	13	42	36	37	19	22	28	18	0	23	3	23	21	8	22	47	5	5	
30	2	26	39	35	23	15	27	12	34	25	14	5	28	32	15	6	12	29	20	3	17	29	31	26	21	19	7	1	16	18	0	19	29	10	9	9	25	25	16	
25	16	37	3	45	42	14	7	27	36	16	16	25	14	7	35	5	12	43	32	16	12	27	19	23	1	14	9	21	16	18	1	0	24	27	10	4	11	20	14	
14	28	24	46	13	42	28	16	30	39	29	28	42	17	14	42	3	34	18	8	18	6	31	30	32	21	11	23	14	48	16	20	43	0	18	43	20	1	34	43	
24	25	4	14	9	49	31	10	27	41	5	14	9	33	3	28	3	21	16	1	32	3	31	43	45	39	26	18	28	16	40	10	30	36	0	15	24	14	15	26	
17	20	30	11	45	25	39	22	33	26	26	19	3	29	24	8	6	25	29	15	27	18	33	24	30	25	20	31	25	25	6	5	32	20	34	0	10	17	17	15	
15	8	47	24	41	41	30	23	17	38	10	6	16	13	30	38	37	9	35	22	20	2	17	22	15	9	4	27	27	27	20	42	47	14	28	17	0	44	10	45	
30	21	39	49	43	44	9	17	16	43	28	10	4	19	30	14	5	45	11	22	9	9	18	43	35	3	1	35	22	6	22	16	20	18	10	26	43	0	37	43	
26	19	19	1	38	1	26	10	28	28	21	5	11	24	18	27	16	15	31	33	31	7	28	10	8	20	15	11	29	31	25	37	21	24	11	22	5	41	0	27	
40	8	11	28	17	37	35	27	37	40	17	41	15	9	36	25	26	31	12	33	7	36	7	37	9	20	1	31	21	33	5	14	13	41	5	15	29	23	8	0	
M5
0	17	12	24	23	25	17	15	16	37	13	36	25	3	14	9	29	28	9	26	37	8	7	39	11	18	5	4	3	32	23	19	31	12	9	21	21	23	14	26	
5	0	20	3	27	29	15	28	28	6	4	21	11	37	22	20	2	23	29	30	5	32	35	22	19	9	13	7	11	26	25	9	14	20	23	14	1	17	22	32	
22	11	0	29	17	19	19	24	21	27	18	9	30	8	19	27	3	2	14	26	27	31	25	1	9	8	24	14	10	4	14	23	28	13	17	26	3	19	33	3	
11	18	7	0	29	15	17	13	8	34	26	17	46	26	15	23	26	31	28	10	40	38	21	7	10	16	16	4	1	16	20	19	14	19	5	5	19	22	25	12	
7	22	2	33	0	19	2	44	36	33	18	34	7	28	21	21	22	42	12	21	28	15	25	26	23	18	17	4	20	34	3	23	38	24	28	31	23	20	26	33	
20	1	42	29	37	0	7	29	17	26	14	33	42	20	21	6	31	38	26	20	32	36	4	17	35	21	35	48	23	21	3	2	17	24	24	10	2	25	39	20	
4	22	16	32	9	25	0	8	16	20	13	30	25	3	14	28	12	8	9	28	32	20	27	38	25	1	19	23	8	21	26	26	24	16	1	9	2	23	14	28	
31	35	22	39	44	32	17	0	34	24	36	2	38	26	32	33	22	11	15	6	22	6	17	15	33	5	36	43	34	15	28	9	22	35	22	21	35	35	26	6	
4	16	26	32	29	33	3	6	0	12	15	13	19	19	6	2	18	25	25	35	17	27	20	29	6	8	34	11	35	21	19	7	40	20	23	9	16	26	13	10	
13	31	25	18	3	28	37	22	26	0	24	27	19	29	14	18	24	16	31	41	38	31	34	11	26	14	20	5	25	15	33	22	36	17	17	3	29	16	28	25	
32	16	19	26	33	24	16	17	7	26	0	18	40	41	31	15	4	25	20	46	3	14	30	27	16	39	26	21	3	16	27	15	9	31	17	30	28	12	35	38	
29	15	43	23	21	12	21	3	24	2	28	0	44	27	7	20	21	43	33	29	12	25	18	21	1	20	38	7	13	31	17	16	31	33	33	19	16	22	8	20	
14	30	11	19	19	28	20	31	10	5	16	23	0	6	13	13	32	13	12	7	13	8	30	38	10	17	4	39	3	24	22	18	27	11	13	12	20	16	13	34	
23	19	27	36	22	17	9	27	8	43	5	37	17	0	6	24	21	20	1	26	29	40	19	36	21	24	20	35	39	24	22	21	26	27	14	13	21	15	29	39	
25	33	17	48	34	49	6	28	35	41	29	39	11	44	0	16	11	35	15	13	28	13	36	24	39	36	41	3	21	37	18	32	43	31	10	35	8	47	41	8	
18	31	20	39	11	30	9	34	30	24	32	24	1	40	27	0	11	3	38	43	36	34	3	23	28	27	29	35	34	24	32	25	17	30	1	16	15	29	15	42	
4	10	16	35	45	30	15	1	27	41	1	23	5	26	27	35	0	27	30	21	25	37	19	39	33	27	41	17	32	26	16	30	6	30	3	16	19	32	17	29	
15	31	37	28	37	28	26	17	32	20	26	17	5	32	16	24	26	0	38	24	32	7	24	38	27	1	30	6	31	17	7	24	33	7	18	5	28	22	16	23	
37	18	25	34	39	15	16	40	32	9	29	29	37	19	30	23	40	25	0	24	8	9	16	8	25	15	36	7	7	22	20	19	9	18	32	27	19	39	8	37	
21	33	33	9	29	37	32	39	28	39	1	43	44	22	10	42	7	26	28	0	14	41	34	33	36	37	42	25	3	32	36	37	40	36	15	31	13	15	10	4	
12	18	29	23	36	38	30	10	31	18	13	27	5	20	14	22	24	15	17	3	0	21	25	19	22	14	22	37	4	15	37	22	23	17	3	3	13	19	31	29	
12	14	18	19	13	24	26	21	24	3	8	26	43	29	13	3	17	9	35	13	37	0	8	5	1	13	25	36	24	14	27	21	16	16	16	2	3	19	17	12	
5	1	14	26	25	40	31	23	27	36	2	33	16	18	16	37	7	22	10	29	33	11	0	32	13	20	7	42	34	30	4	21	45	2	20	26	23	38	16	17	
26	1	13	36	33	31	6	3	14	39	27	24	18	43	27	21	26	16	7	39	43	27	25	0	32	26	35	48	30	28	21	1	32	30	6	16	21	33	2	1	
9	16	32	34	39	13	8	33	26	15	29	40	14	35	29	17	18	8	3	35	5	36	19	28	0	29	43	1	38	30	18	17	32	32	22	18	17	19	4	30	
33	14	34	42	23	11	20	38	30	3	20	46	41	33	32	12	16	8	24	11	15	7	17	30	25	0	28	38	29	27	16	15	16	28	1	23	15	33	25	28	
7	30	4	16	15	37	38	33	41	29	34	37	38	43	6	27	42	34	47	19	41	33	29	39	3	10	0	35	24	25	15	11	40	4	10	38	13	40	6	27	
5	9	29	5	31	6	15	3	25	26	22	4	31	28	29	14	7	12	10	17	12	23	12	25	29	7	31	0	23	29	11	10	14	17	24	18	10	33	10	28	
20	13	6	33	8	10	19	23	27	20	24	30	22	14	21	18	31	39	3	32	23	35	16	29	18	21	30	25	0	22	15	14	14	15	24	10	4	27	10	32	
24	5	7	9	2	2	11	33	21	19	15	37	22	24	25	10	20	36	30	21	23	3	8	21	24	12	39	15	27	0	7	6	10	6	28	14	6	28	25	24	
8	12	25	5	26	9	18	29	3	22	25	23	19	26	12	17	31	8	15	31	43	18	5	28	24	13	18	18	23	22	0	13	23	24	14	10	9	27	18	31	
7	18	34	22	8	15	16	10	30	8	16	30	42	37	5	16	42	25	6	2	17	12	21	25	24	23	37	6	4	29	9	0	34	9	27	27	19	42	38	37	
27	15	30	15	31	24	33	42	1	30	5	11	32	39	30	31	33	33	10	42	5	48	12	39	21	43	35	36	9	5	2	9	0	20	37	36	28	7	43	44	
13	31	9	26	45	34	36	8	40	2	24	16	38	30	14	22	24	36	35	36	15	34	3	3	4	14	28	43	17	11	3	22	13	0	17	3	7	18	29	29	
11	28	33	24	21	25	14	20	33	31	1	25	45	28	12	18	22	18	9	14	21	16	16	21	26	12	26	5	27	13	25	20	34	15	0	1	6	18	30	27	
1	32	23	14	34	29	32	10	31	21	12	15	35	18	2	10	12	24	24	29	26	25	26	24	16	2	16	31	17	3	34	10	24	5	5	0	32	8	20	17	
17	33	31	21	18	30	9	7	41	13	1	11	23	34	18	15	19	19	28	15	27	41	36	16	16	18	32	42	1	19	4	4	28	3	19	7	0	19	31	33	
18	20	15	23	26	17	22	2	36	21	29	19	25	25	1	25	11	26	31	29	7	14	23	1	8	2	8	7	9	20	12	21	18	15	19	8	21	0	17	18	
14	2	11	23	22	9	18	39	4	7	19	31	31	9	4	17	16	29	15	24	9	28	15	28	9	5	4	21	31	32	12	13	28	11	17	20	13	7	0	31	
12	5	9	15	20	2	11	1	21	6	18	19	23	18	11	10	27	5	21	24	14	32	8	21	5	15	2	14	15	5	7	6	21	9	15	6	6	23	4	0	
M6
0	35	11	20	6	5	29	14	11	15	46	35	16	25	2	6	10	33	34	4	25	30	36	20	19	15	43	40	13	28	1	10	32	33	36	11	14	7	30	12	
12	0	5	39	43	2	17	17	12	30	34	13	36	2	19	36	7	1	16	31	11	21	30	27	4	23	22	10	23	7	48	21	10	1	14	1	30	3	19	25	
16	36	0	20	7	21	18	13	35	20	2	37	20	3	4	36	18	19	25	8	5	6	27	28	23	19	21	45	17	6	8	25	21	25	35	2	7	29	2	29	
11	40	45	0	11	30	2	32	37	20	21	26	3	36	47	40	6	38	32	30	38	3	49	19	3	30	44	36	29	17	3	15	3	18	19	28	15	20	10	29	
3	36	46	29	0	7	30	36	18	28	8	31	2	48	11	9	15	18	29	5	29	45	15	4	12	16	10	40	14	1	30	43	28	11	31	1	15	28	31	26	
21	2	36	30	26	0	21	27	7	29	9	44	35	34	44	47	12	33	41	36	8	2	35	21	12	26	40	24	34	3	25	40	34	44	10	11	6	8	25	20	
37	42	21	6	7	3	0	26	30	36	7	1	29	2	10	16	32	18	24	40	20	9	21	13	9	2	25	23	14	18	19	10	6	20	14	28	21	28	16	42	
47	36	3	30	27	22	19	0	20	9	18	24	22	4	43	9	8	5	9	32	8	37	11	5	5	32	30	38	15	29	43	36	6	5	34	24	4	28	16	2	
2	48	14	35	17	29	22	42	0	33	6	34	28	18	28	17	26	14	35	16	13	27	1	42	28	21	25	27	17	33	35	24	6	40	7	44	18	20	36	35	
36	13	9	5	36	2	27	2	20	0	26	32	16	20	21	25	14	5	6	4	9	13	26	21	19	15	12	16	13	28	28	17	22	2	27	30	14	29	30	18	
16	22	5	24	36	32	16	29	19	32	0	28	4	44	31	29	7	39	48	31	3	27	16	19	46	31	33	10	6	25	25	35	31	34	33	43	1	20	8	26	
38	37	26	12	8	33	33	28	32	5	12	0	16	40	13	47	30	24	1	20	44	35	15	45	35	5	14	13	16	42	33	36	29	15	8	4	30	18	12	14	
5	38	39	14	22	38	6	36	17	24	20	42	0	31	8	31	35	15	38	25	30	22	26	2	15	8	41	32	30	24	6	2	11	30	47	9	30	44	27	7	
43	29	8	34	30	7	4	40	21	23	21	23	23	0	44	23	24	5	11	31	20	26	17	14	15	42	15	41	10	14	38	43	37	11	22	15	41	15	22	40	
3	37	7	47	32	27	24	45	21	31	5	28	26	9	0	2	3	25	31	14	7	26	37	29	29	25	22	7	22	17	27	31	3	29	29	3	24	16	24	29	
12	35	29	19	10	26	38	20	3	3	18	23	39	23	25	0	18	23	42	35	9	33	20	1	39	41	28	19	40	15	22	15	37	18	35	3	4	36	14	16	
18	13	18	44	27	16	4	34	13	21	23	22	15	37	20	19	0	11	31	3	18	39	31	29	18	3	17	9	12	22	48	7	32	35	5	33	13	6	16	5	
32	45	21	1	16	11	3	16	16	7	12	8	14	10	19	13	12	0	17	2	19	24	5	20	14	13	9	17	11	13	24	35	24	32	27	1	9	13	28	32	
5	25	20	45	42	7	6	3	18	26	35	9	26	21	1	6	8	22	0	14	7	39	22	4	21	25	39	30	23	7	22	27	11	19	34	2	14	7	30	19	
28	35	40	44	24	5	17	23	36	18	41	23	4	41	9	35	2	34	38	0	16	36	24	18	7	3	31	29	1	16	45	30	39	24	28	22	2	22	18	28	
2	4	19	38	2	6	35	2	18	14	34	5	23	20	17	25	15	7	25	39	0	22	22	2	21	38	41	33	29	45	25	40	17	21	36	14	20	20	28	18	
20	35	3	44	24	20	1	9	27	32	3	36	26	2	22	18	4	18	24	16	2	0	4	1	28	27	28	25	12	27	2	10	10	19	14	18	26	6	5	17	
34	3	22	3	34	6	18	26	32	37	35	37	12	3	17	8	29	19	21	36	2	14	0	24	6	23	29	21	18	24	26	38	19	11	36	9	1	29	24	36	
10	32	3	14	9	31	19	15	3	26	10	4	17	16	31	19	28	32	30	18	19	9	29	0	11	29	37	28	13	23	7	23	31	24	1	12	28	33	39	11	
5	35	13	43	40	33	39	23	21	15	25	42	4	41	32	20	21	34	44	20	21	28	24	42	0	8	35	19	2	30	47	3	19	21	1	10	30	8	38	39	
20	19	25	4	3	20	14	35	24	40	12	23	27	6	6	38	26	22	28	19	37	9	4	31	6	0	27	35	6	1	3	34	23	2	8	32	29	32	2	24	
34	31	14	3	34	38	8	28	7	15	29	17	26	27	6	45	24	12	17	25	12	9	35	11	4	36	0	33	34	40	18	23	15	9	5	9	24	14	33	35	
49	41	4	42	21	16	10	38	35	25	3	11	45	11	48	33	26	20	33	45	5	31	36	36	35	32	37	0	24	36	19	47	11	7	19	36	27	37	10	19	
7	40	25	20	12	24	11	18	41	18	14	14	2	20	9	17	40	36	41	44	37	9	28	16	25	17	25	8	0	2	32	29	23	2	32	32	30	46	22	34	
32	21	11	38	37	9	4	32	11	31	4	4	17	7	22	41	15	23	29	5	14	39	35	31	20	6	33	42	14	0	28	5	48	17	40	7	7	27	29	38	
7	7	18	36	16	20	16	1	34	24	10	32	13	2	18	15	12	18	24	7	23	29	26	20	12	13	16	42	16	27	0	31	21	20	32	28	17	15	24	17	
12	31	16	42	33	16	19	18	31	4	25	27	20	27	31	41	36	27	23	34	35	27	13	34	33	14	4	41	40	19	17	0	38	37	16	12	36	32	39	13	
25	32	20	20	16	34	16	3	3	26	14	14	30	21	6	26	13	6	26	26	14	40	28	6	22	37	47	19	16	6	20	33	0	22	30	41	21	7	8	19	
39	24	5	14	15	34	25	32	5	32	3	14	36	16	17	3	11	29	14	35	38	17	16	4	30	18	9	3	8	36	5	16	15	0	15	32	33	20	41	18	
19	46	13	3	23	28	25	29	35	31	35	36	26	31	36	6	29	3	42	19	14	26	44	33	4	25	8	4	28	34	26	11	26	3	0	3	5	8	8	38	
33	32	38	2	21	28	23	21	47	14	4	4	25	27	32	43	18	40	44	15	34	5	27	36	25	26	14	5	24	6	25	28	17	2	34	0	17	26	32	4	
33	49	35	35	4	31	41	42	1	1	8	23	25	42	33	33	28	38	37	18	13	14	5	13	33	29	36	40	27	6	41	23	35	42	45	48	0	2	6	3	
34	20	39	11	33	8	29	26	47	16	25	10	7	25	16	35	14	25	45	4	8	34	5	26	19	15	19	35	1	11	5	6	25	29	34	34	14	0	10	40	
11	30	15	17	15	23	29	14	29	22	45	22	5	14	15	17	20	8	6	10	31	40	39	33	25	21	25	39	5	33	8	39	34	4	42	18	20	7	0	22	
3	14	39	5	19	26	9	31	26	21	42	15	8	32	32	29	27	3	47	28	31	28	2	7	28	34	3	21	18	31	4	21	1	17	17	29	38	39	21	0	
M7
0	18	16	4	9	44	28	20	23	21	8	19	12	16	19	16	11	27	12	22	22	20	19	17	6	5	19	10	21	2	5	2	4	28	9	11	24	20	21	15	
24	0	18	22	17	6	15	19	11	15	23	13	31	32	11	20	5	9	10	20	16	11	24	25	5	20	21	26	25	21	22	16	23	13	15	1	15	12	5	19	
27	20	0	4	14	34	15	3	19	18	8	18	4	4	12	10	24	17	10	12	27	11	23	14	16	20	9	14	11	26	2	9	8	13	2	13	15	21	5	5	
33	19	20	0	5	40	25	26	12	5	13	1	36	26	18	1	11	19	13	13	17	18	30	22	1	4	15	21	17	9	10	15	13	18	11	12	20	13	18	11	
24	17	11	18	0	32	22	17	14	17	8	10	27	17	9	25	23	14	15	9	9	18	22	13	4	22	6	18	14	25	1	9	4	20	14	3	11	18	12	8	
18	22	13	23	13	0	20	22	22	30	18	3	22	26	14	24	36	15	21	5	26	2	20	10	14	32	11	34	19	24	18	17	16	11	19	5	1	8	17	13	
17	16	3	17	13	36	0	2	28	13	12	18	10	8	8	19	13	11	16	8	12	12	11	12	1	14	5	2	8	3	18	11	21	19	11	19	3	12	11	7	
29	21	20	17	7	36	16	0	8	1	4	6	7	22	2	1	7	15	13	14	20	18	27	18	15	21	11	21	12	9	6	11	4	14	6	12	20	23	12	7	
28	21	25	9	16	23	19	22	0	10	18	15	5	11	23	12	16	20	7	14	19	20	5	16	21	27	20	12	14	4	21	20	18	23	21	21	16	22	15	16	
24	17	15	12	2	31	16	17	11	0	4	1	27	21	9	24	2	10	11	9	15	15	26	17	10	18	6	24	8	4	7	6	4	9	8	7	15	18	9	2	
20	13	20	14	6	33	18	13	24	21	0	20	23	17	5	21	27	4	3	2	19	14	19	19	14	23	2	28	10	21	9	8	14	16	10	13	14	14	8	4	
32	30	18	8	27	14	39	25	24	27	30	0	30	18	13	23	18	31	22	6	19	27	28	38	23	12	23	20	31	6	26	21	35	21	26	34	18	11	29	25	
3	14	18	15	13	34	3	9	15	7	10	12	0	11	6	22	13	11	14	6	7	15	7	20	10	15	3	5	11	15	18	9	12	17	11	17	16	8	9	5	
18	10	22	18	21	37	19	17	23	21	13	9	27	0	9	24	2	14	14	9	29	15	10	17	19	24	6	33	14	25	5	12	12	17	14	17	8	18	9	8	
30	23	30	18	29	17	22	23	31	29	12	23	33	27	0	20	3	20	17	3	4	22	7	11	19	2	12	45	7	22	25	12	24	18	14	24	7	24	18	8	
23	22	13	20	27	25	19	28	18	21	29	23	36	10	20	0	13	22	7	10	2	31	32	24	16	1	31	24	22	1	29	9	8	1	22	7	22	4	34	27	
17	35	15	2	19	7	19	21	28	21	8	17	15	34	19	13	0	34	29	13	32	27	29	30	17	20	29	37	33	10	18	6	27	28	27	1	6	8	29	27	
22	2	7	25	16	44	16	13	5	10	2	10	30	4	18	10	1	0	24	11	7	4	24	11	7	3	15	27	2	18	21	19	6	23	21	21	23	27	21	15	
23	22	19	18	16	17	22	22	25	10	13	11	15	13	13	9	16	8	0	14	21	13	30	20	19	12	11	21	14	18	10	1	9	23	8	21	26	5	17	8	
25	29	27	25	32	30	24	35	37	26	15	11	22	29	27	13	32	27	22	0	35	12	13	25	31	24	36	37	38	10	13	10	30	6	28	26	3	36	28	32	
35	10	11	23	13	40	3	2	22	7	15	12	29	19	20	29	13	21	22	7	0	25	8	15	21	24	17	23	19	15	3	17	15	17	1	18	4	14	20	13	
3	23	14	19	14	14	12	16	30	15	23	9	13	5	13	17	21	22	7	15	23	0	7	21	18	17	18	22	9	6	19	24	22	10	26	9	12	30	2	20	
31	3	23	25	9	30	20	9	11	9	13	14	26	22	11	11	15	2	15	22	22	4	0	18	5	25	19	31	21	7	6	14	4	11	21	13	17	29	10	15	
24	25	13	11	4	18	16	25	7	25	16	7	10	25	17	26	22	18	17	17	17	3	30	0	12	27	14	26	9	33	9	17	12	20	22	11	19	10	12	16	
36	14	21	28	27	20	19	11	36	21	26	22	14	35	10	24	6	26	30	2	40	23	13	27	0	28	31	46	33	21	24	21	29	17	8	32	12	26	34	27	
26	19	23	1	8	9	6	19	18	20	11	16	29	5	11	5	26	7	18	11	2	18	33	24	15	0	8	30	15	24	13	13	16	22	15	11	23	11	14	9	
17	10	17	11	17	30	15	10	31	18	6	18	20	14	2	18	24	7	10	2	25	11	24	16	12	20	0	37	7	21	22	5	25	13	7	13	14	11	5	1	
12	16	9	11	7	30	15	6	22	7	12	12	26	2	8	13	13	13	10	8	20	6	5	16	12	23	5	0	7	12	12	5	15	14	5	14	20	6	11	1	
7	14	16	20	3	24	13	17	21	16	5	7	31	10	16	18	9	21	8	9	16	9	18	20	11	18	13	25	0	24	8	16	3	1	20	10	8	25	3	14	
21	7	4	14	20	29	6	19	29	14	1	19	19	23	7	27	20	16	13	10	33	15	12	19	15	26	8	19	10	0	25	8	10	19	10	22	2	20	14	4	
37	26	28	25	15	37	29	30	24	9	17	14	40	9	22	31	15	23	20	22	28	28	14	5	23	14	19	33	21	17	0	17	17	22	8	20	23	16	22	15	
12	12	7	13	14	4	22	13	29	14	19	15	5	9	15	20	20	20	16	14	27	10	8	10	19	2	12	3	14	19	19	0	22	21	12	21	10	13	18	8	
11	19	37	17	29	32	26	17	32	23	1	23	24	34	22	23	25	7	24	12	34	22	8	23	26	24	19	44	21	27	27	8	0	8	17	13	24	24	25	15	
32	25	23	3	10	8	2	23	19	4	12	9	32	24	13	3	10	5	19	17	23	23	24	7	18	21	14	32	16	7	15	1	12	0	9	15	23	26	17	10	
5	9	14	17	13	35	21	12	26	13	18	4	32	8	14	19	19	2	11	1	11	3	11	3	18	29	11	2	13	18	9	11	21	16	0	6	11	12	17	7	
21	25	14	18	13	24	11	15	10	14	21	14	29	7	2	16	20	22	4	2	26	7	12	25	21	12	14	5	16	5	18	14	21	4	8	0	11	15	1	10	
20	20	4	16	30	32	18	8	16	31	2	6	16	26	18	10	8	24	21	19	18	26	36	27	9	20	16	28	17	28	33	16	21	30	18	3	0	20	22	12	
19	23	10	14	13	23	5	1	8	7	15	12	33	9	10	20	13	7	17	15	26	13	12	6	11	21	12	3	2	15	11	12	15	20	7	6	2	0	18	8	
27	21	10	14	9	29	7	11	25	10	18	10	25	24	16	12	16	21	2	12	22	3	16	26	17	12	13	31	21	18	14	19	17	5	21	5	7	25	0	15	
19	12	19	7	19	26	11	12	27	20	8	20	22	16	4	20	26	9	6	4	27	11	21	12	8	19	1	34	3	22	24	1	27	15	3	15	16	13	7	0	
