40  8  1
8
	0	65	1	36	2	59	3	74	4	73	5	76	6	57	7	99
	0	67	1	64	2	57	3	45	4	97	5	41	6	4	7	26
	0	39	1	79	2	7	3	19	4	19	5	34	6	3	7	62
	0	75	1	36	2	2	3	43	4	7	5	17	6	97	7	22
	0	62	1	85	2	63	3	87	4	35	5	15	6	78	7	44
	0	88	1	12	2	47	3	88	4	30	5	53	6	8	7	9
	0	83	1	36	2	42	3	11	4	55	5	63	6	32	7	81
	0	85	1	66	2	35	3	8	4	19	5	38	6	62	7	45
	0	49	1	13	2	72	3	85	4	20	5	47	6	46	7	56
	0	77	1	52	2	84	3	84	4	19	5	6	6	23	7	86
	0	80	1	48	2	11	3	57	4	45	5	5	6	50	7	91
	0	79	1	37	2	98	3	55	4	31	5	86	6	16	7	72
	0	29	1	59	2	69	3	23	4	85	5	89	6	38	7	46
	0	78	1	52	2	93	3	100	4	84	5	40	6	37	7	27
	0	59	1	100	2	22	3	22	4	9	5	8	6	92	7	6
	0	5	1	35	2	13	3	39	4	4	5	9	6	81	7	47
	0	8	1	1	2	34	3	30	4	67	5	72	6	98	7	79
	0	97	1	70	2	47	3	27	4	79	5	58	6	55	7	100
	0	57	1	14	2	75	3	51	4	55	5	36	6	64	7	89
	0	72	1	36	2	49	3	43	4	33	5	17	6	99	7	16
	0	2	1	56	2	39	3	13	4	89	5	43	6	42	7	69
	0	94	1	50	2	60	3	87	4	90	5	28	6	5	7	79
	0	20	1	52	2	66	3	63	4	70	5	67	6	41	7	55
	0	45	1	7	2	21	3	74	4	45	5	86	6	32	7	25
	0	36	1	81	2	55	3	56	4	55	5	60	6	55	7	82
	0	90	1	28	2	96	3	25	4	35	5	83	6	33	7	35
	0	99	1	15	2	88	3	55	4	24	5	92	6	70	7	73
	0	48	1	1	2	88	3	66	4	1	5	54	6	63	7	25
	0	42	1	71	2	45	3	19	4	52	5	98	6	93	7	36
	0	61	1	27	2	61	3	15	4	66	5	18	6	6	7	43
	0	55	1	44	2	27	3	1	4	72	5	18	6	66	7	60
	0	62	1	62	2	54	3	81	4	95	5	24	6	92	7	64
	0	57	1	60	2	70	3	38	4	50	5	44	6	84	7	1
	0	43	1	61	2	7	3	55	4	68	5	93	6	14	7	80
	0	58	1	16	2	67	3	49	4	49	5	64	6	16	7	86
	0	25	1	23	2	70	3	6	4	51	5	63	6	45	7	96
	0	30	1	22	2	84	3	26	4	2	5	1	6	23	7	99
	0	28	1	32	2	32	3	72	4	58	5	32	6	62	7	23
	0	81	1	50	2	84	3	28	4	76	5	63	6	76	7	75
	0	35	1	5	2	31	3	56	4	28	5	3	6	63	7	74
SSD
M0
0	20	75	48	52	55	68	84	77	83	38	96	23	72	30	78	64	13	3	65	47	67	62	54	68	58	22	90	89	23	48	13	64	50	69	85	56	71	27	78	
38	0	61	45	34	84	45	27	23	37	46	71	22	55	54	36	11	74	54	67	78	20	55	21	57	82	54	71	56	75	52	72	28	60	53	25	30	51	28	44	
54	38	0	75	54	13	57	72	42	58	5	99	33	21	74	86	89	60	47	21	49	93	15	11	71	67	41	54	48	58	68	84	73	52	58	77	41	28	52	72	
64	32	51	0	1	55	22	20	57	40	34	63	37	30	60	28	29	30	46	13	5	38	28	12	42	30	43	50	44	19	24	40	22	8	59	25	25	21	24	40	
74	65	80	34	0	10	60	57	63	59	35	67	37	69	75	32	89	67	50	49	74	31	76	42	48	78	69	15	33	73	65	85	21	58	84	38	108	78	71	45	
72	20	66	59	58	0	80	32	58	66	2	87	14	68	83	52	40	72	59	59	59	49	53	50	52	86	46	80	31	19	42	80	57	62	52	65	59	62	67	62	
74	61	56	1	25	41	0	65	11	12	49	86	4	45	61	66	74	41	20	49	20	77	43	27	47	19	36	30	39	31	14	55	46	23	9	43	78	52	67	88	
72	64	6	51	27	58	59	0	18	30	50	14	15	40	47	31	4	69	31	43	55	13	48	14	56	77	35	63	74	64	41	14	21	57	46	44	23	34	31	37	
42	1	62	43	13	79	35	43	0	48	40	26	22	51	65	7	22	43	25	39	41	31	49	17	52	53	54	43	13	24	47	11	39	33	11	20	41	57	7	29	
4	63	63	3	64	44	47	80	14	0	64	57	25	64	8	63	61	58	31	70	83	70	64	71	36	1	56	55	37	21	8	71	75	68	30	33	78	73	66	85	
38	4	49	2	65	33	59	54	16	67	0	14	47	38	78	72	78	63	54	90	77	76	58	48	33	8	25	44	8	89	34	23	75	42	44	7	91	59	22	81	
22	53	25	6	12	39	32	68	62	51	69	0	58	1	58	43	73	22	57	34	63	62	55	36	49	66	64	5	5	33	66	75	69	66	19	56	64	3	29	51	
57	33	23	79	22	55	45	32	25	62	67	92	0	50	69	81	96	29	57	16	52	67	10	59	16	62	3	48	40	49	64	47	63	55	35	72	80	19	81	74	
60	6	27	82	24	68	46	25	33	37	45	12	33	0	43	18	66	55	36	2	46	75	4	28	44	56	60	43	52	55	40	18	78	44	36	13	7	80	46	40	
34	81	4	28	23	51	75	29	78	59	48	67	44	15	0	47	33	11	60	64	57	42	58	43	72	16	76	54	19	63	20	4	17	60	75	60	31	70	36	66	
37	51	50	75	1	67	23	31	26	58	28	30	10	39	68	0	52	33	13	38	37	61	49	5	40	41	42	31	47	36	35	55	69	21	52	8	71	57	41	17	
85	52	42	39	15	68	73	64	57	18	59	80	3	36	35	45	0	61	63	48	78	1	36	2	48	88	35	61	62	56	64	79	9	49	34	58	11	51	19	25	
45	69	58	69	60	13	33	63	75	82	32	6	71	40	48	85	60	0	63	13	55	11	78	62	48	16	77	62	72	64	43	40	26	51	33	16	52	34	41	23	
66	73	67	5	11	54	52	72	70	71	34	36	67	56	42	68	56	54	0	54	49	65	72	31	57	58	21	52	73	53	52	72	9	52	64	25	49	23	58	18	
52	59	52	69	37	21	38	58	62	23	18	61	46	42	56	31	88	53	12	0	73	63	37	41	12	77	35	38	34	39	38	58	35	46	59	11	61	9	12	30	
57	44	44	52	3	48	19	57	50	73	27	79	30	23	53	44	83	23	55	37	0	76	21	5	69	48	62	53	68	35	17	33	83	1	52	42	56	57	49	66	
88	41	35	88	57	27	79	87	55	43	79	86	66	95	97	51	58	42	69	92	93	0	89	61	82	34	17	85	85	54	29	79	75	77	74	64	55	102	40	28	
81	3	66	76	27	44	43	37	9	32	51	84	14	47	77	65	76	47	27	59	22	73	0	29	59	32	37	19	32	59	34	57	54	25	69	42	80	62	65	59	
50	28	71	58	46	43	36	78	60	55	12	99	44	67	18	64	33	67	82	38	42	42	65	0	19	66	76	35	57	34	17	68	50	45	2	64	52	7	10	66	
5	18	43	62	39	52	81	42	61	80	32	54	7	59	25	64	96	56	72	52	73	15	46	38	0	60	39	66	76	44	21	63	36	5	69	56	58	55	53	23	
55	47	109	69	41	50	55	63	31	74	2	66	62	73	46	63	102	44	57	57	66	87	28	73	36	0	6	29	76	56	82	87	93	69	54	76	85	26	82	8	
47	58	47	73	63	3	61	52	41	29	37	53	80	36	98	91	74	65	11	74	83	50	59	72	37	60	0	51	61	15	32	43	32	40	68	5	93	86	10	86	
64	2	60	38	31	90	49	26	56	37	58	60	40	69	84	25	47	63	4	68	67	56	79	35	23	71	11	0	77	25	29	33	16	51	82	38	66	84	28	47	
34	31	37	2	18	45	38	21	37	54	56	85	30	52	67	73	28	13	55	40	27	37	8	4	68	36	62	38	0	39	46	28	45	30	18	70	47	9	27	61	
84	56	39	25	32	30	53	80	64	35	50	51	20	53	52	56	9	57	58	65	32	18	35	19	65	82	52	6	79	0	51	26	26	35	51	69	28	68	36	42	
88	64	83	80	63	6	45	50	15	46	5	90	31	83	92	71	86	47	78	8	58	84	41	38	47	44	31	72	77	88	0	75	103	61	27	52	61	79	71	55	
45	29	19	8	9	50	31	39	34	33	36	38	5	47	12	3	30	41	21	46	25	39	44	4	28	42	37	39	55	44	43	0	47	28	51	16	17	53	49	25	
44	58	5	82	2	20	30	10	33	65	35	37	17	46	66	2	59	40	20	45	44	58	56	12	21	24	49	38	54	35	13	48	0	28	59	15	47	64	28	24	
81	61	17	66	59	4	64	13	62	62	61	56	8	11	82	84	91	66	68	53	86	77	47	67	40	65	40	54	41	21	18	55	83	0	72	8	47	56	5	41	
64	48	57	54	28	19	50	58	53	17	22	49	18	23	50	22	7	47	23	11	54	16	25	17	63	64	50	58	74	63	62	82	24	48	0	35	26	66	19	40	
48	28	17	75	33	34	31	22	72	66	61	67	50	6	68	87	101	35	53	65	53	44	71	60	7	74	80	21	31	74	2	22	53	10	84	0	91	69	8	66	
52	51	56	45	36	55	58	64	58	53	63	65	4	23	72	30	29	61	48	49	72	38	43	39	11	62	36	66	21	69	25	80	46	8	41	43	0	44	14	25	
15	22	96	32	77	8	1	75	74	20	71	72	44	86	71	74	72	70	53	3	73	64	56	59	72	54	60	1	22	2	35	62	65	71	82	86	33	0	77	88	
43	56	29	7	40	34	30	64	15	43	70	76	28	1	60	41	17	60	21	38	83	26	61	27	2	1	44	29	26	78	35	34	34	14	46	17	7	76	0	24	
25	61	98	59	58	64	101	26	17	86	86	23	49	92	80	73	76	1	14	80	103	70	61	50	19	113	68	100	54	69	76	44	80	41	11	78	42	88	73	0	
M1
0	39	22	31	37	18	18	55	39	32	7	58	56	53	56	69	19	16	22	16	27	25	28	54	52	39	18	7	26	34	30	55	31	46	35	42	18	6	17	49	
66	0	20	40	25	39	31	40	27	41	68	17	48	56	46	53	28	30	10	32	9	53	40	39	39	58	39	27	35	54	26	41	40	37	19	30	30	39	37	37	
60	68	0	65	3	38	59	63	72	66	16	25	67	73	78	68	53	44	56	57	31	69	44	35	77	44	62	48	59	30	19	53	34	18	68	76	55	28	58	52	
83	24	62	0	48	30	35	44	50	43	71	60	31	51	49	36	30	32	33	32	1	55	59	50	50	55	41	47	37	56	53	20	42	28	30	5	32	33	1	60	
22	43	24	29	0	27	1	41	25	35	33	43	45	41	50	22	22	24	8	37	55	47	42	33	38	52	33	46	29	53	45	12	34	28	57	10	24	41	27	2	
77	47	45	43	28	0	34	46	30	44	54	48	53	23	56	43	31	19	13	45	53	55	47	38	38	58	31	51	9	14	49	25	26	40	18	33	33	46	48	23	
37	26	44	35	28	35	0	49	8	62	51	30	8	38	13	53	49	31	52	64	72	74	9	45	45	28	59	58	13	61	56	32	39	26	25	37	51	71	21	56	
7	16	33	39	50	37	34	0	47	38	42	13	41	70	51	52	35	15	35	9	43	56	20	39	30	2	33	23	42	50	1	47	47	4	25	55	8	39	33	32	
35	5	57	58	32	24	65	28	0	59	78	9	10	59	79	32	46	10	46	54	74	71	75	67	39	45	54	54	6	50	46	32	18	5	47	66	40	51	63	59	
27	12	18	27	32	17	14	50	34	0	4	56	55	52	52	35	15	17	17	12	23	25	59	50	47	39	21	3	22	25	26	53	27	27	31	37	17	13	13	15	
19	52	24	33	1	3	20	57	41	34	0	63	57	15	58	58	21	23	24	18	29	42	62	53	53	45	32	9	24	29	9	40	33	51	33	44	19	21	19	38	
12	21	23	23	20	22	19	38	22	33	55	0	9	27	48	20	20	22	5	17	28	41	30	55	35	44	31	8	9	35	31	58	32	32	36	25	22	38	17	32	
45	63	34	43	35	33	8	58	51	1	57	40	0	57	57	66	31	33	34	28	39	47	39	30	30	43	42	19	38	46	39	32	36	33	10	50	33	64	29	58	
66	36	33	40	52	55	45	59	18	75	23	40	41	0	20	63	77	2	77	58	53	55	54	82	70	36	31	66	22	74	52	58	42	36	77	42	45	65	40	64	
27	47	18	27	33	17	14	51	35	28	33	42	55	52	0	22	15	17	18	12	23	36	41	32	48	39	26	3	22	30	26	43	22	6	31	38	17	47	13	2	
58	30	24	29	35	5	38	46	12	38	23	34	35	40	61	0	44	35	30	6	47	16	51	42	43	15	25	39	26	5	43	42	33	30	23	50	8	39	27	2	
52	31	51	11	17	31	23	35	19	12	60	41	39	48	36	49	0	1	2	48	32	24	43	34	32	29	10	45	6	57	22	61	11	29	56	22	1	32	30	29	
53	48	41	28	21	48	18	19	36	29	52	38	27	65	20	48	16	0	19	15	49	9	37	28	28	46	27	41	23	8	39	30	10	31	8	39	18	41	47	46	
51	21	35	16	1	15	7	19	3	17	44	25	26	32	29	33	4	6	0	33	37	29	48	39	16	34	15	50	11	41	27	45	16	13	45	6	6	19	35	13	
16	28	30	45	18	37	52	48	10	62	59	32	33	65	51	55	49	33	31	0	57	59	14	54	54	36	35	59	1	63	30	18	41	21	34	51	41	3	55	58	
32	32	46	52	65	66	1	32	45	62	55	60	26	1	50	26	67	25	70	44	0	46	46	82	75	15	46	75	30	57	6	61	68	59	62	70	32	63	13	45	
47	35	31	15	21	30	27	39	23	16	64	4	43	52	7	53	3	5	6	25	7	0	47	38	36	33	14	16	10	3	26	56	15	27	44	26	5	36	26	33	
58	45	29	4	31	32	25	20	33	26	17	9	8	62	44	27	13	15	16	45	41	38	0	48	36	43	24	41	20	58	36	52	25	43	62	36	15	24	3	7	
52	41	21	23	29	13	17	21	30	24	71	3	49	40	48	29	11	2	14	15	26	27	2	0	35	41	20	6	18	33	29	50	12	18	34	34	13	44	16	41	
60	3	5	31	16	30	22	34	18	31	59	30	41	47	44	48	19	21	1	8	52	44	29	20	0	46	30	33	26	56	42	28	20	28	60	21	21	13	43	28	
49	24	3	9	24	27	49	62	64	54	12	43	11	40	21	22	50	52	52	19	25	27	37	48	54	0	3	38	47	53	23	43	25	40	49	50	24	37	23	2	
31	6	35	26	6	34	31	44	52	36	61	25	40	64	64	63	32	34	35	29	7	9	34	36	36	21	0	20	39	47	41	53	44	22	31	54	6	19	5	51	
60	43	14	23	29	13	10	47	31	24	72	53	51	48	48	61	11	13	14	8	19	32	55	46	44	35	22	0	18	26	22	49	23	41	27	34	13	44	9	41	
48	22	10	33	34	23	20	57	41	34	7	35	61	58	54	10	21	23	24	18	24	37	46	37	49	45	13	9	0	36	32	30	23	22	29	44	23	47	19	47	
69	41	36	40	46	30	6	38	41	41	45	20	50	57	55	34	28	19	31	32	31	16	19	10	24	49	32	23	32	0	46	65	1	35	43	51	30	38	33	14	
80	48	64	22	22	55	61	65	64	64	13	47	4	76	31	17	55	46	58	58	59	57	46	37	65	67	64	50	62	57	0	11	56	28	73	40	52	61	59	54	
76	68	37	17	19	38	35	15	55	49	9	58	49	72	61	8	36	38	39	33	44	50	57	48	69	58	47	24	26	48	1	0	48	37	52	58	38	69	34	45	
70	44	11	34	24	32	30	30	26	35	38	48	49	14	52	17	27	29	9	36	47	52	11	53	39	57	38	27	32	18	47	5	0	10	53	29	12	42	32	7	
61	28	12	34	19	33	25	37	21	34	36	31	44	50	13	51	22	24	4	43	37	39	30	21	2	51	15	34	29	59	42	63	34	0	45	24	24	37	35	31	
61	40	32	20	26	24	28	32	28	21	64	14	48	51	31	40	8	10	11	26	37	33	13	4	4	24	19	17	15	44	15	6	10	7	0	24	10	41	27	38	
56	36	57	11	48	9	54	58	50	44	48	69	66	27	73	8	51	40	33	4	47	59	54	59	31	27	52	54	30	35	70	16	47	60	39	0	51	43	48	44	
77	49	71	46	40	54	46	16	39	8	64	61	16	71	54	63	34	23	25	25	47	38	75	69	55	42	45	63	41	79	13	68	46	49	84	32	0	9	65	49	
40	8	32	10	27	55	47	65	34	55	27	46	40	69	50	51	42	44	45	48	28	30	50	41	57	1	6	41	49	68	52	50	54	8	50	51	27	0	26	31	
44	44	41	75	60	30	42	67	26	63	55	48	49	58	82	71	63	49	45	56	31	25	87	80	18	55	52	80	45	56	50	2	57	44	60	65	54	56	0	65	
58	59	17	22	59	20	65	65	57	70	26	51	80	55	54	15	59	50	45	56	59	62	50	41	70	57	38	54	41	46	77	57	58	66	50	63	58	72	20	0	
M2
0	96	48	83	63	27	67	54	2	18	72	96	18	17	64	60	15	35	85	77	36	61	87	35	67	69	59	70	30	10	64	68	66	81	49	21	73	31	3	95	
25	0	26	69	15	70	41	57	72	50	56	85	29	40	52	42	5	35	49	5	13	10	81	16	48	34	27	44	21	65	9	55	47	69	10	89	50	82	59	63	
12	66	0	47	51	61	30	46	57	57	26	96	75	7	19	31	50	35	49	37	6	6	64	65	85	36	4	15	66	61	9	44	63	39	48	60	49	49	58	63	
75	17	66	0	48	15	77	43	98	59	82	73	76	42	86	28	35	65	45	45	34	79	67	45	77	58	32	88	27	88	63	48	76	86	69	71	47	33	89	80	
53	4	84	32	0	49	5	39	2	91	76	7	44	5	71	24	33	61	23	41	48	17	3	77	60	8	12	14	22	59	53	24	71	82	15	67	16	34	52	74	
66	28	47	9	32	0	54	27	64	56	46	84	87	36	70	12	26	49	56	29	45	60	52	56	83	42	43	31	38	65	59	32	64	38	39	61	58	44	50	80	
6	27	62	61	59	75	0	54	9	62	40	80	25	62	82	39	64	20	46	25	69	75	22	65	69	55	59	41	7	43	6	59	50	53	62	74	37	70	5	53	
57	56	38	37	15	5	45	0	37	47	16	83	80	52	37	29	40	42	22	46	51	51	54	63	94	46	16	32	52	55	10	36	53	29	18	50	32	72	14	71	
48	30	49	11	43	28	58	33	0	34	54	55	71	37	75	41	22	78	32	58	2	18	80	58	90	51	45	53	3	94	65	40	89	67	40	77	60	46	76	69	
36	34	17	31	52	22	38	52	57	0	50	8	77	31	27	55	49	59	71	55	8	30	47	36	68	30	28	32	41	49	33	50	67	22	20	10	26	31	56	51	
30	29	11	10	17	24	18	28	69	20	0	76	72	25	31	40	13	15	51	35	24	24	27	57	67	19	8	12	38	29	27	29	26	2	11	23	46	45	21	44	
25	51	47	32	50	49	30	57	81	54	58	0	59	41	5	52	66	28	46	69	36	33	63	22	54	46	58	48	14	65	47	78	53	38	47	82	3	67	38	11	
63	83	44	79	38	47	42	7	47	70	58	41	0	58	70	47	55	79	14	6	35	57	66	10	42	51	14	45	8	35	14	43	25	71	57	92	42	100	39	31	
38	28	19	9	22	26	26	17	70	28	52	11	5	0	45	2	21	39	43	12	32	32	35	56	2	32	26	20	25	37	35	44	4	10	19	2	58	44	66	8	
39	41	20	74	41	33	27	40	78	29	53	98	68	34	0	25	77	51	57	42	9	33	36	68	77	55	31	21	25	38	36	51	60	11	20	79	29	46	66	22	
73	23	54	74	7	42	55	2	72	63	53	77	71	11	45	0	77	24	59	4	44	58	70	77	70	17	53	55	56	51	47	73	60	45	54	78	69	104	51	62	
76	66	79	47	64	64	94	33	33	41	84	93	112	68	101	44	0	81	37	61	83	73	53	78	94	63	63	47	74	88	42	19	91	78	86	56	85	82	20	85	
17	37	17	71	38	30	24	16	25	26	50	14	70	31	43	55	74	0	3	41	30	24	33	85	5	53	28	4	44	8	26	68	81	8	5	7	71	73	65	44	
22	39	3	20	59	37	19	51	1	36	36	89	76	17	29	39	14	45	0	32	12	16	74	58	90	46	14	25	41	71	6	34	73	49	58	60	46	55	66	68	
50	61	65	57	45	74	2	40	53	48	52	63	55	49	83	25	44	24	44	0	53	53	54	67	64	55	56	3	24	11	50	54	45	56	54	78	74	87	37	9	
27	46	8	62	21	56	45	33	72	52	41	81	30	11	34	46	65	50	63	52	0	21	59	20	52	51	19	30	70	60	24	3	51	34	43	70	64	52	66	28	
20	53	8	44	10	54	45	41	72	66	41	33	64	22	34	36	57	40	9	52	21	0	18	61	19	51	19	30	64	75	24	59	76	48	23	45	29	64	65	78	
46	27	29	28	8	36	36	46	33	38	7	78	84	11	2	37	31	33	15	14	33	42	0	75	28	37	26	30	28	22	45	37	44	20	29	41	53	63	8	5	
52	68	50	49	7	66	11	63	48	55	81	77	78	31	76	48	70	73	74	44	63	53	70	0	11	58	61	38	29	85	59	76	10	83	26	95	86	84	58	58	
31	10	19	35	57	52	35	52	13	83	52	93	83	33	45	57	72	39	8	27	32	32	86	82	0	62	9	41	20	21	35	62	56	65	73	45	49	52	79	33	
47	46	28	27	10	25	35	45	31	8	6	50	82	35	48	57	18	32	68	50	41	41	44	72	84	0	25	3	55	46	44	46	43	19	28	40	28	33	21	61	
34	77	70	58	64	52	62	14	86	79	60	41	96	76	62	53	84	85	40	48	42	69	60	68	80	83	0	17	63	50	59	84	83	61	67	94	34	93	63	25	
54	64	35	53	57	49	43	64	23	45	65	98	66	36	2	49	44	40	46	17	26	48	9	30	35	72	46	0	30	4	18	46	56	27	16	80	53	53	28	14	
37	75	18	72	37	39	10	71	44	82	51	28	77	32	44	56	75	60	74	62	31	29	74	60	68	3	29	40	0	86	34	56	50	64	73	85	20	74	41	88	
21	68	2	56	60	70	39	30	66	32	35	98	1	16	28	40	59	44	29	18	15	15	71	74	48	45	13	24	28	0	18	20	62	48	57	69	2	15	17	32	
61	42	42	41	26	55	44	21	36	29	20	71	43	30	62	6	44	43	13	23	55	55	58	32	64	36	26	8	69	53	0	26	57	33	42	54	77	68	52	72	
33	76	14	68	33	27	21	42	55	23	47	24	75	28	40	52	71	56	40	38	27	27	30	5	37	50	25	15	41	21	30	0	18	5	14	73	12	70	68	16	
31	45	12	45	29	25	19	24	70	21	24	84	73	26	38	9	48	46	15	26	25	25	28	84	76	39	23	13	11	28	28	63	0	3	12	58	18	41	20	21	
21	75	2	56	23	15	9	55	60	11	35	93	63	16	28	40	59	44	42	26	15	15	18	74	90	38	13	3	29	20	18	53	72	0	2	61	58	58	56	35	
24	38	5	19	28	36	15	20	38	9	38	83	60	19	3	43	56	47	57	23	12	18	7	32	64	48	16	27	21	63	21	8	9	36	0	30	54	54	9	47	
36	57	17	71	35	55	49	64	75	51	50	31	3	31	43	55	47	9	59	30	30	30	58	66	7	25	28	31	69	60	33	40	62	33	42	0	8	73	82	75	
55	1	36	35	42	16	43	53	89	45	14	14	75	32	56	43	38	40	76	57	49	48	52	74	79	2	29	37	63	27	52	52	49	27	36	2	0	32	46	69	
52	80	33	73	61	78	70	59	47	83	52	86	70	43	59	44	30	53	53	61	1	46	24	60	51	37	26	55	38	52	49	8	15	65	11	56	13	0	84	34	
45	38	26	25	32	39	33	25	84	34	4	15	30	40	38	55	28	30	50	50	14	39	14	54	82	28	14	9	11	44	42	44	23	17	26	38	61	31	0	53	
54	72	55	95	73	67	6	27	57	54	74	97	65	20	48	62	93	68	4	67	13	13	55	72	24	91	66	31	46	53	54	55	90	46	14	65	85	81	53	0	
M3
0	53	46	59	18	57	22	6	35	42	56	39	42	17	24	52	24	43	44	46	26	41	39	52	40	27	51	60	6	56	17	61	41	35	56	49	59	26	73	55	
51	0	54	7	11	55	74	60	42	25	54	62	56	50	52	12	20	26	56	32	48	1	46	19	62	36	25	32	43	37	40	57	12	43	40	8	15	63	56	33	
25	64	0	38	48	69	60	67	42	86	86	18	67	58	69	80	12	60	32	22	43	21	31	23	57	19	73	15	65	43	64	70	58	5	83	58	15	58	60	54	
1	44	84	0	69	49	24	54	48	80	47	65	6	65	43	73	55	47	66	49	30	32	63	54	44	24	60	55	19	53	55	34	45	26	36	62	25	39	36	64	
56	66	34	22	0	75	63	77	30	92	81	13	45	74	37	53	53	8	60	36	57	54	66	63	34	22	70	41	52	81	67	39	20	58	43	52	64	30	38	59	
58	68	78	14	63	0	29	85	54	82	64	16	38	70	55	17	68	74	46	62	61	31	13	47	75	26	25	57	72	27	85	82	57	72	68	56	27	27	72	22	
27	44	74	50	67	42	0	46	44	70	54	67	76	52	15	84	56	65	38	50	66	45	65	19	41	55	57	44	33	82	45	87	71	32	47	60	54	44	40	83	
39	64	54	58	80	43	36	0	23	50	66	47	56	35	37	47	10	29	52	32	12	49	25	40	26	35	42	69	41	70	25	47	27	70	64	73	45	25	59	59	
45	72	62	73	8	93	61	100	0	49	57	55	16	43	45	83	73	60	26	59	76	42	75	37	71	43	37	77	49	78	33	37	50	3	46	74	70	54	74	71	
34	46	49	48	24	4	45	1	32	0	21	42	51	30	32	51	19	35	47	23	21	7	14	28	35	30	9	45	36	46	20	6	4	52	49	17	48	34	65	43	
19	92	51	39	11	68	39	20	51	29	0	75	42	61	65	75	38	49	71	59	40	68	53	33	54	63	40	33	57	86	53	75	55	75	26	93	73	24	67	34	
59	36	53	72	55	66	21	70	38	65	13	0	35	54	47	20	76	58	25	71	73	8	24	51	28	70	70	41	65	39	62	89	41	64	10	88	11	20	56	50	
44	49	88	67	77	68	67	61	67	84	18	44	0	64	32	44	62	54	55	20	37	3	36	80	51	68	44	59	66	68	59	59	42	91	7	75	40	57	77	52	
49	60	22	23	24	13	30	2	33	60	63	44	66	0	47	51	20	35	38	42	22	4	12	21	36	45	52	10	51	19	35	57	37	15	8	17	55	35	15	11	
22	7	37	13	30	70	27	78	20	33	49	30	39	15	0	57	19	28	1	62	66	8	56	34	4	18	42	47	12	45	8	59	34	41	10	23	17	32	32	46	
56	13	61	62	65	68	48	68	5	27	71	49	40	52	54	0	71	37	64	12	63	52	30	64	40	20	20	73	21	66	42	51	47	50	23	59	43	41	20	60	
61	82	88	71	47	27	78	89	30	95	86	20	89	77	65	74	0	58	60	31	75	76	66	12	75	55	56	46	42	41	75	36	26	37	72	40	52	55	88	19	
57	68	72	45	24	61	40	42	46	68	51	32	10	53	55	44	29	0	64	27	46	36	31	28	60	45	35	26	17	46	43	4	48	46	8	17	73	26	3	40	
15	2	19	44	51	60	15	50	46	26	42	23	32	11	13	59	43	24	0	13	29	25	59	28	39	11	35	45	17	22	1	55	27	43	45	50	24	6	2	23	
38	22	53	46	22	32	4	38	44	34	61	4	47	34	30	49	27	33	48	0	55	37	53	17	56	5	54	43	15	29	24	64	21	44	22	15	23	3	46	28	
27	78	58	33	55	18	43	11	42	58	82	24	41	51	49	52	12	4	45	51	0	67	44	54	1	54	17	57	48	50	44	35	2	52	39	48	46	7	34	41	
58	12	50	57	39	43	40	32	46	70	67	72	69	47	22	12	44	50	37	54	43	0	45	43	48	14	71	60	17	61	52	7	58	46	54	32	61	37	64	20	
26	51	41	3	18	62	63	21	5	37	36	34	42	22	24	54	20	38	39	17	41	36	0	31	50	22	36	46	28	44	12	69	2	52	52	20	16	37	33	41	
25	50	40	35	37	54	43	3	31	36	52	33	42	11	23	37	21	16	38	43	23	22	17	0	37	21	21	20	2	52	11	42	37	31	37	45	56	22	46	49	
74	53	83	67	67	38	64	79	52	80	65	62	24	46	32	22	72	16	51	31	55	50	74	71	0	64	60	64	60	32	62	35	34	82	33	60	71	69	46	7	
19	65	86	45	21	61	16	37	50	86	60	66	59	46	42	48	26	29	62	19	57	7	46	25	68	0	68	42	21	43	61	60	45	39	46	14	54	41	54	15	
65	57	75	27	5	1	72	71	55	76	76	36	37	61	63	32	77	67	23	57	59	63	70	69	4	61	0	3	26	26	51	68	40	55	43	65	34	46	76	67	
42	56	57	58	1	59	6	63	55	53	69	50	41	38	32	36	53	4	12	46	49	34	46	36	45	2	50	0	31	15	28	35	45	49	39	41	55	33	34	29	
35	51	50	55	31	71	71	85	10	46	31	36	52	31	22	58	36	42	45	48	61	45	25	35	48	31	55	35	0	31	21	52	47	10	33	24	61	1	52	59	
27	26	36	28	69	50	70	43	25	75	74	55	33	66	62	78	44	36	4	68	19	41	76	63	33	53	20	55	72	0	56	53	15	35	52	79	25	39	57	52	
13	38	28	46	55	71	50	71	44	24	40	21	30	9	11	82	41	48	26	53	57	23	59	59	37	9	33	43	15	44	0	79	25	44	43	48	50	24	65	37	
32	23	27	50	34	63	64	49	40	43	46	39	5	28	15	62	40	46	28	20	43	31	64	18	37	28	44	56	34	9	18	0	3	51	35	28	47	43	30	42	
53	38	68	44	50	22	24	51	3	35	72	25	39	24	9	25	35	53	21	48	43	39	64	33	35	49	51	36	43	26	39	73	0	12	41	54	6	63	51	1	
18	33	33	44	53	57	55	50	5	26	45	26	35	14	9	73	46	2	4	56	26	28	57	57	35	14	38	48	13	26	4	10	30	0	37	46	42	5	32	41	
17	25	32	50	51	49	54	19	48	28	44	25	34	11	15	73	37	52	7	57	39	27	52	63	41	13	11	47	19	41	3	74	10	42	0	52	54	2	54	41	
65	45	66	25	1	41	79	81	35	93	40	56	49	60	45	28	6	12	42	66	57	67	32	5	68	78	58	22	29	23	68	43	25	29	26	0	63	49	42	55	
27	43	53	35	18	60	45	35	1	68	72	35	50	17	67	39	53	21	21	75	36	58	52	75	50	61	37	4	51	2	65	52	20	48	56	65	0	56	19	13	
39	54	59	54	48	34	43	64	54	84	57	78	16	70	40	75	53	56	63	46	67	16	73	52	5	2	38	57	48	55	63	16	72	66	46	41	27	0	72	30	
41	81	64	14	60	30	55	20	45	56	68	1	63	35	65	61	38	26	73	58	15	45	53	44	29	14	45	79	60	78	53	35	30	78	28	53	53	35	0	54	
28	41	38	53	6	75	70	68	24	83	69	1	44	45	70	53	49	7	29	23	44	1	65	15	58	68	45	49	51	10	58	16	40	60	34	49	19	39	37	0	
M4
0	44	16	89	61	67	36	23	59	47	24	9	16	44	57	21	62	35	15	51	65	53	15	34	57	5	37	48	47	3	26	74	44	42	35	30	58	47	11	8	
76	0	77	29	51	61	19	60	18	58	50	51	42	48	58	25	65	39	38	14	43	65	62	38	56	18	41	47	29	57	41	56	25	7	39	34	54	3	47	46	
28	9	0	64	35	40	7	54	37	65	3	47	77	15	34	72	53	25	66	68	30	78	62	48	47	59	69	66	48	55	52	75	43	59	43	49	32	46	49	60	
58	20	51	0	33	25	34	51	56	49	73	41	6	81	34	70	29	5	60	70	66	42	62	42	66	64	40	23	27	33	63	94	53	35	30	24	69	55	49	47	
6	42	14	64	0	3	17	38	47	59	36	49	21	33	46	2	35	16	28	22	63	42	34	15	22	42	15	40	30	39	74	63	25	22	12	11	42	36	59	20	
42	32	57	62	31	0	46	35	49	27	59	25	59	32	18	43	51	53	41	20	50	26	46	26	11	9	24	7	48	8	47	66	26	37	18	20	44	38	56	37	
10	55	27	63	48	46	0	52	50	27	45	42	36	48	20	54	50	11	52	71	1	16	48	43	81	53	41	24	60	34	30	88	13	37	7	32	67	47	71	12	
2	2	20	51	19	39	39	0	21	49	39	32	5	31	25	56	58	63	52	9	23	33	53	17	31	53	31	14	5	46	54	59	27	44	25	14	16	5	33	42	
41	37	44	10	28	36	43	22	0	66	61	13	23	10	20	65	46	22	47	50	52	28	48	28	55	57	26	9	44	41	18	18	39	39	20	22	40	46	9	64	
22	49	68	34	24	44	55	46	4	0	44	37	47	34	32	61	66	7	62	25	65	24	60	35	36	26	24	33	37	53	42	42	32	57	27	46	21	1	27	71	
27	27	45	49	44	49	25	6	19	74	0	23	30	49	50	80	5	16	61	34	48	58	65	8	23	59	56	39	30	55	4	57	52	25	50	1	41	30	48	67	
43	35	58	49	31	35	64	36	19	69	59	0	60	49	19	65	27	61	46	55	51	13	47	27	17	36	25	8	49	18	48	57	38	31	19	21	71	60	48	58	
27	30	2	43	11	31	17	36	13	41	24	32	0	23	3	2	53	16	15	1	51	29	4	15	23	40	18	14	24	24	1	51	19	18	6	11	8	36	25	13	
57	38	10	46	41	35	9	72	63	63	32	63	35	0	57	18	71	32	38	4	56	45	52	31	46	64	34	72	53	26	81	25	41	12	27	27	58	52	5	24	
15	45	63	94	29	55	61	24	64	89	32	36	48	74	0	46	72	60	23	52	66	47	19	47	67	28	45	28	48	12	68	81	58	16	39	41	59	48	42	60	
58	64	85	68	39	47	11	50	41	56	59	43	45	27	43	0	49	10	35	77	67	36	53	9	49	42	12	65	52	33	71	65	19	59	10	5	36	30	53	44	
43	45	53	40	4	42	56	24	10	63	44	36	48	40	50	41	0	52	25	52	66	58	53	54	61	59	54	39	48	17	48	33	64	61	49	50	59	48	39	59	
59	36	54	32	20	58	54	84	42	70	60	69	8	52	70	57	14	0	77	58	75	73	73	53	52	54	70	62	9	6	59	80	48	74	55	40	37	2	43	75	
36	13	32	49	17	37	36	40	19	30	23	32	44	23	44	54	45	56	0	56	52	9	63	30	29	51	51	48	30	23	57	4	25	69	44	61	14	42	31	72	
45	36	33	9	4	41	19	58	64	65	55	26	22	67	50	41	45	21	14	0	19	49	15	19	9	80	54	39	43	49	66	73	4	51	37	40	76	68	65	44	
30	36	60	24	11	10	21	55	13	41	27	30	37	23	53	41	31	36	45	60	0	57	15	24	23	37	45	42	13	48	32	5	19	62	49	35	8	49	25	18	
40	40	48	34	13	18	48	19	23	51	41	56	27	24	48	50	15	7	36	47	61	0	76	34	33	55	17	52	34	38	61	61	29	44	60	52	18	43	35	64	
48	14	56	55	7	44	3	69	62	53	63	59	22	1	40	44	77	36	47	13	11	22	0	57	46	66	9	41	49	25	37	75	26	64	27	33	71	51	88	62	
45	72	53	80	4	42	56	55	50	36	73	43	60	59	38	41	71	17	65	48	43	46	66	0	61	22	44	27	37	59	63	21	57	57	38	40	50	4	67	59	
49	47	28	47	38	6	54	42	80	58	50	32	48	4	25	45	58	4	39	5	33	28	53	33	0	22	31	14	24	44	54	26	42	44	25	27	77	66	26	19	
54	15	37	88	51	83	49	79	63	73	32	81	83	65	63	34	33	48	28	46	86	21	35	2	83	0	50	74	84	65	6	68	57	88	5	43	68	51	51	59	
24	30	79	32	41	11	36	40	43	20	39	47	45	53	7	62	68	44	14	44	72	48	35	29	52	33	0	29	16	28	69	73	49	32	40	42	38	40	55	76	
34	48	49	72	23	26	55	27	65	60	51	17	51	57	10	56	43	70	37	46	42	18	38	18	65	47	16	0	40	31	39	84	29	29	10	12	62	51	48	78	
33	63	81	73	47	52	79	42	47	78	50	29	20	67	9	64	75	77	16	47	14	12	37	64	67	46	63	46	0	5	72	75	16	26	10	51	52	63	58	48	
14	66	84	102	57	53	57	45	74	70	99	24	55	56	74	94	48	28	101	68	53	68	102	81	72	64	80	63	69	0	48	53	69	19	64	76	80	46	6	74	
62	50	33	76	47	20	19	55	49	64	55	33	52	35	38	4	56	18	8	68	35	44	4	17	57	50	20	27	60	41	0	67	27	57	18	13	44	10	61	52	
36	36	54	43	38	73	44	15	18	11	48	20	20	48	58	75	12	7	8	1	53	54	49	36	43	29	54	47	6	48	56	0	38	40	57	48	50	31	31	76	
27	31	36	7	47	39	48	10	10	44	38	3	20	40	44	47	9	19	69	38	52	1	13	46	51	36	54	37	19	47	41	44	0	18	43	38	45	34	39	5	
31	42	50	15	25	45	56	23	27	55	12	35	28	19	21	62	51	27	53	51	52	60	49	38	37	58	58	41	2	36	61	32	33	0	33	46	22	47	39	69	
29	46	61	67	12	44	58	25	42	19	72	64	49	65	69	49	82	18	62	25	67	31	31	5	65	64	62	58	49	11	13	38	61	69	0	58	50	39	24	67	
60	43	46	69	31	8	53	53	39	38	62	16	19	54	36	68	69	56	55	57	68	44	53	38	49	47	17	25	17	46	55	51	30	55	36	0	39	58	22	75	
20	26	50	33	1	21	44	45	3	31	21	36	46	13	43	38	43	45	64	58	75	51	70	14	13	35	35	32	14	44	41	41	9	58	40	45	0	51	15	56	
67	28	76	35	27	62	29	63	32	57	49	13	48	60	46	64	71	47	33	82	49	50	67	54	59	24	52	35	26	62	34	70	54	32	46	48	45	0	32	82	
22	29	29	22	4	12	38	40	6	34	24	39	35	16	7	23	46	31	39	6	58	43	35	17	16	38	38	35	17	28	44	44	12	32	37	20	1	54	0	2	
45	19	34	64	37	31	29	54	34	11	5	42	23	8	21	14	26	1	53	55	83	54	49	27	41	30	30	58	50	42	54	57	37	37	10	23	34	31	51	0	
M5
0	41	34	46	18	42	36	49	3	33	53	9	45	25	38	61	2	42	7	15	40	28	34	53	41	27	19	23	47	48	16	48	15	7	39	14	2	51	49	34	
21	0	51	34	38	53	31	32	39	53	48	30	1	34	69	3	46	1	37	38	7	27	5	23	63	37	6	50	2	15	11	43	32	38	49	48	33	39	80	38	
37	28	0	39	30	6	23	30	64	26	19	28	33	14	66	28	59	35	62	57	47	24	28	55	32	38	34	21	71	38	3	35	29	30	25	35	79	59	44	50	
61	51	41	0	38	44	61	65	45	41	50	36	56	24	68	43	43	60	58	40	13	52	54	54	53	55	9	31	69	5	26	58	51	3	42	38	32	29	42	28	
56	65	3	58	0	43	27	16	72	45	38	47	16	51	72	47	35	47	68	55	7	40	1	48	44	51	53	57	59	73	40	72	48	47	49	54	42	18	34	69	
2	63	37	65	43	0	29	14	35	71	65	74	39	31	12	46	13	26	67	8	65	3	58	41	40	54	40	31	21	44	43	67	1	34	54	58	29	66	65	57	
1	33	53	65	35	74	0	62	61	52	45	39	38	69	32	54	54	46	8	45	52	52	51	51	73	59	51	51	41	76	8	40	35	39	46	61	34	64	74	65	
56	29	56	42	42	1	30	0	67	29	52	61	45	67	66	61	17	58	15	40	59	42	6	58	1	18	12	41	20	64	15	30	42	57	42	38	74	41	46	72	
24	34	51	26	36	9	31	12	0	13	6	15	39	21	60	15	29	32	65	44	47	4	52	42	51	25	21	25	40	15	9	41	16	46	17	22	67	39	10	37	
61	75	65	7	62	68	46	39	52	0	74	60	80	32	75	67	51	39	82	25	32	76	78	23	57	26	33	6	83	29	50	42	75	27	20	3	56	53	66	52	
13	48	52	15	34	24	32	47	40	2	0	4	65	40	49	4	59	21	56	33	40	30	50	31	42	14	10	14	58	30	41	50	5	35	6	11	56	54	74	26	
20	46	62	33	44	47	28	59	34	73	73	0	41	42	13	2	19	19	28	7	63	5	22	52	39	49	24	32	22	28	38	66	9	29	19	57	24	29	66	51	
62	87	59	34	41	64	66	50	67	21	94	45	0	44	79	94	44	52	46	45	47	22	50	49	48	27	17	33	24	27	62	13	53	36	44	1	53	51	90	23	
71	33	54	47	36	21	72	55	78	34	70	68	67	0	77	71	24	29	39	51	12	65	52	63	72	56	11	46	76	69	57	66	67	19	60	27	72	69	85	47	
15	50	41	62	23	55	26	38	32	75	76	70	49	29	0	31	29	6	71	5	45	13	39	38	34	34	20	11	1	38	53	64	28	14	34	51	9	56	45	41	
9	35	53	22	67	41	19	77	27	70	80	64	77	36	83	0	55	8	44	26	52	46	50	41	58	71	48	38	78	17	65	85	20	42	37	50	52	41	81	40	
18	35	11	37	37	51	42	54	15	24	47	56	29	45	8	47	0	22	69	21	54	29	53	46	43	50	36	20	17	54	10	42	37	30	48	33	25	22	46	57	
45	71	45	77	53	53	37	24	17	77	70	22	18	56	22	48	59	0	54	16	75	11	54	26	19	5	50	41	31	52	51	38	54	38	45	34	39	43	67	24	
47	40	60	27	42	35	66	59	17	14	52	61	45	42	80	61	71	34	0	45	52	59	58	10	66	38	53	11	70	49	15	47	42	47	40	23	76	66	30	72	
19	38	42	70	24	46	4	55	10	70	63	66	55	28	40	39	57	54	62	0	46	61	40	58	15	64	56	59	49	19	61	42	58	44	53	33	39	43	67	32	
33	48	39	35	48	44	29	66	35	22	15	24	59	7	22	24	59	31	70	8	0	39	64	37	22	1	30	34	31	27	61	38	25	36	26	31	39	51	62	40	
62	37	57	53	39	14	68	70	74	40	49	43	8	47	50	58	68	49	65	63	56	0	55	69	37	60	64	52	59	36	12	41	39	58	50	49	67	60	75	57	
32	56	49	70	31	64	22	62	10	70	63	64	47	36	40	40	24	44	57	1	53	57	0	62	24	29	21	59	5	17	37	60	23	9	41	46	4	41	51	36	
63	1	7	29	71	47	42	16	23	41	60	69	2	11	59	45	31	4	69	72	49	65	47	0	34	67	8	53	44	51	44	75	35	26	2	15	75	21	80	74	
22	4	73	79	55	27	20	25	32	66	59	68	17	18	68	48	80	46	35	42	37	72	14	61	0	68	41	26	47	48	28	60	55	49	2	45	65	22	39	35	
24	4	7	56	32	39	39	54	45	62	60	30	27	55	41	48	25	45	25	18	52	18	48	44	37	0	1	60	15	51	44	17	24	10	42	47	5	65	12	37	
20	14	59	11	41	31	2	54	44	9	2	11	56	47	14	11	51	28	63	27	11	35	6	38	49	21	0	21	23	33	48	57	12	31	13	18	31	57	67	33	
37	63	22	43	21	34	47	39	45	37	60	52	27	24	15	19	43	29	51	28	43	36	37	2	26	57	43	0	24	5	59	55	35	37	49	13	32	1	68	28	
61	31	6	2	33	17	31	64	64	40	43	52	36	43	53	44	34	49	54	41	32	50	49	17	5	62	9	50	0	24	6	38	15	22	44	5	51	36	61	43	
39	70	18	35	55	39	69	42	22	44	50	29	64	1	65	59	20	63	35	48	43	29	71	31	30	38	49	46	47	0	53	60	35	19	26	15	35	6	71	5	
37	7	27	39	9	48	51	40	44	26	19	28	12	44	73	28	38	25	41	55	26	26	25	55	59	38	34	38	50	50	0	14	9	41	20	35	58	38	58	39	
65	51	48	15	30	52	54	13	60	45	82	11	61	56	42	75	40	15	64	33	43	33	46	18	52	45	37	57	51	37	58	0	30	3	55	44	20	43	67	34	
28	49	54	20	36	35	23	29	29	27	20	29	64	47	57	29	41	46	81	2	38	55	52	9	32	39	35	39	66	35	52	61	0	26	15	36	21	59	47	51	
25	40	32	38	43	57	35	71	43	82	78	10	53	52	52	7	6	24	60	29	65	62	59	57	55	41	33	54	61	33	69	82	34	0	53	44	16	47	17	34	
16	84	34	17	39	47	9	35	70	75	84	24	70	58	75	59	18	48	80	66	47	60	55	47	46	51	43	65	38	39	60	9	32	21	0	29	53	57	46	62	
57	40	12	64	3	46	45	7	74	56	56	36	34	60	34	65	53	48	37	47	25	44	19	63	46	63	57	7	43	66	19	51	46	56	57	0	51	36	52	76	
48	67	44	66	26	75	33	57	39	65	79	88	42	57	35	58	19	39	61	12	48	52	42	57	38	24	16	54	44	45	81	71	18	4	36	41	0	59	46	31	
41	32	57	47	65	1	47	6	22	34	27	36	65	72	59	36	57	51	18	62	71	29	49	61	8	46	42	8	9	53	59	22	37	49	38	43	66	0	79	58	
24	38	49	22	31	64	35	47	41	57	50	59	43	38	1	40	24	15	66	14	52	22	47	47	43	9	21	20	10	44	13	45	23	9	41	34	4	64	0	36	
76	67	72	79	54	44	61	34	58	75	73	82	56	29	57	82	47	55	27	40	76	78	70	23	22	30	41	74	66	56	78	66	27	11	18	7	27	80	74	0	
M6
0	55	43	22	22	1	61	11	30	34	61	35	10	58	36	65	58	63	19	39	26	23	36	31	34	77	29	50	60	26	16	12	8	66	54	55	56	14	32	34	
41	0	16	27	32	79	29	78	16	27	48	52	34	35	47	42	28	66	37	60	17	55	68	62	53	56	52	8	33	62	62	24	65	7	54	62	52	22	10	26	
58	40	0	8	48	99	23	59	60	8	29	36	15	50	84	24	23	47	62	56	8	50	62	44	34	37	33	52	14	57	63	5	52	51	57	43	33	51	47	7	
43	2	22	0	7	85	35	84	22	33	14	54	40	41	53	48	30	25	28	62	23	61	3	54	19	62	58	14	39	68	68	30	10	9	56	68	32	27	16	32	
35	22	40	43	0	19	44	52	42	51	70	53	7	57	30	62	54	84	14	39	43	41	35	48	20	15	29	1	57	23	61	20	37	33	50	71	48	48	26	50	
8	49	34	45	67	0	52	55	69	25	52	26	4	49	27	59	49	57	19	30	17	14	27	22	25	68	20	46	51	17	72	42	50	60	46	60	47	46	23	26	
36	63	55	4	1	54	0	24	22	41	49	43	51	54	53	37	7	60	27	39	66	31	7	13	23	62	22	50	22	38	8	63	55	58	4	53	11	22	40	39	
52	8	28	24	43	76	32	0	28	28	60	6	46	26	37	50	2	27	49	45	29	28	18	64	39	64	34	20	45	34	63	4	5	18	63	52	34	34	22	29	
33	65	58	48	55	23	22	54	0	50	23	16	35	8	7	30	61	28	42	55	48	38	41	53	49	35	38	34	10	44	62	66	56	56	58	21	9	70	47	39	
27	29	5	16	46	68	31	28	49	0	25	5	4	45	53	32	31	51	54	42	16	19	38	13	30	45	25	41	22	26	62	13	27	40	55	12	2	20	16	15	
12	3	17	28	39	58	36	48	23	20	0	48	35	42	11	44	35	63	44	45	24	38	41	30	19	57	29	15	8	29	69	25	61	14	58	55	28	29	17	20	
56	59	29	16	25	54	10	24	64	18	44	0	26	41	67	28	41	49	40	23	40	6	24	53	17	42	12	41	46	12	41	37	27	56	41	30	42	38	15	7	
38	7	6	17	43	47	14	43	27	17	38	14	0	32	58	17	14	56	33	21	17	34	17	46	29	46	40	19	23	5	54	14	38	18	24	52	35	33	21	16	
58	20	13	24	56	42	39	58	40	24	45	52	31	0	67	5	39	46	9	69	21	55	5	60	50	53	49	32	30	62	17	21	68	31	70	59	44	42	34	23	
6	48	9	15	36	64	32	46	16	20	19	6	27	17	0	36	35	4	62	24	18	28	9	56	39	25	34	48	26	34	63	13	49	11	58	52	45	4	14	19	
19	48	45	50	36	3	63	50	68	36	63	37	15	60	38	0	14	17	30	41	28	25	38	33	36	13	31	31	14	28	59	14	61	11	35	25	58	52	34	37	
27	46	3	14	54	50	29	50	66	14	35	42	21	45	51	18	0	51	25	15	14	56	61	11	40	23	39	58	20	49	24	11	45	49	58	29	2	57	45	13	
34	53	52	5	74	90	59	9	24	63	79	33	8	78	77	6	45	0	51	67	63	55	57	77	9	29	47	63	69	51	75	60	46	54	29	74	37	47	62	56	
48	50	25	36	25	50	17	46	59	36	39	13	5	36	38	7	36	44	0	4	12	1	20	49	12	65	7	37	42	8	54	31	41	14	37	55	38	33	10	35	
55	10	30	41	44	66	11	52	30	41	50	38	18	49	7	56	42	27	2	0	31	26	45	56	35	40	32	22	11	33	32	29	10	21	47	68	54	36	24	4	
27	59	58	57	9	77	61	32	70	30	56	35	19	32	38	47	12	51	30	6	0	34	15	20	37	79	25	53	52	41	70	33	36	22	7	65	2	25	43	42	
45	49	19	30	48	44	33	40	53	30	33	7	15	30	56	46	30	38	30	18	30	0	14	43	6	59	1	31	36	2	59	27	35	60	31	49	32	27	4	29	
26	26	46	6	39	57	43	68	46	39	40	35	43	13	77	55	54	50	58	46	44	23	0	71	34	78	29	38	54	30	67	54	63	37	59	50	1	52	32	56	
46	18	37	5	13	48	37	7	38	29	4	25	33	48	8	49	48	51	22	36	39	13	32	0	24	77	19	24	16	20	18	18	53	29	49	64	36	44	22	47	
55	53	40	51	47	72	24	29	73	12	15	35	12	20	56	62	13	66	28	31	18	23	42	16	0	8	29	7	53	30	54	44	62	60	43	24	30	55	32	50	
33	12	3	14	48	53	29	4	32	14	22	32	21	51	45	30	29	53	25	27	14	29	23	50	40	0	20	24	20	11	13	3	44	23	2	49	34	20	26	13	
6	50	50	51	38	10	44	73	64	40	4	44	8	55	26	63	3	75	24	14	33	32	13	40	43	42	0	62	10	35	79	58	68	13	60	75	55	54	38	44	
16	57	33	15	15	8	59	50	77	5	33	33	20	65	43	20	24	27	35	46	33	30	43	38	32	13	36	0	50	33	15	17	55	66	48	7	30	48	39	42	
41	44	23	34	32	48	49	44	21	34	55	30	41	72	71	50	7	55	34	22	34	37	18	47	27	26	43	35	0	6	26	31	39	7	35	9	36	38	37	11	
49	41	11	22	62	36	37	32	57	22	43	50	29	60	59	38	37	61	22	10	22	50	6	35	37	51	41	23	28	0	51	19	27	52	23	57	24	26	25	21	
54	49	10	21	19	53	36	29	4	21	42	11	4	5	57	9	36	47	39	27	21	4	23	40	15	50	10	40	10	11	0	18	44	50	40	38	41	36	13	20	
48	52	26	33	27	90	18	32	72	37	58	65	44	69	23	6	52	66	55	67	37	59	57	63	63	7	50	64	43	51	53	0	16	63	32	20	26	50	38	9	
36	52	40	39	47	20	23	31	17	51	38	21	32	63	42	36	61	55	47	58	45	42	17	2	53	75	48	2	9	45	52	48	0	63	59	9	59	67	51	44	
20	23	41	52	11	78	56	64	43	13	52	31	40	62	59	68	54	50	56	39	44	53	58	49	40	53	50	35	58	59	88	49	44	0	33	48	33	27	37	51	
41	65	35	46	64	60	49	56	63	21	49	23	31	46	72	24	46	54	7	34	46	11	30	57	22	75	2	30	52	18	69	43	43	46	0	56	16	2	20	19	
52	56	26	37	3	51	9	47	25	37	40	14	17	31	63	53	7	1	37	25	37	2	21	50	13	66	8	38	43	9	15	34	17	67	38	0	39	34	11	36	
2	61	41	52	49	60	67	44	45	51	73	50	58	20	89	62	30	26	52	40	52	38	36	65	49	54	44	53	30	24	74	38	57	24	53	86	0	56	20	37	
58	56	43	47	60	42	67	79	55	54	3	72	27	61	64	2	65	59	37	60	30	60	77	72	49	68	47	18	60	67	24	51	71	35	46	13	74	0	69	53	
48	71	69	77	26	89	70	79	49	61	94	69	59	66	68	30	58	62	89	25	34	63	35	93	45	83	63	18	56	70	76	55	78	34	73	16	23	75	0	74	
60	36	56	25	24	84	19	1	28	33	49	16	46	73	18	32	29	47	35	55	57	38	56	26	34	74	44	48	39	44	59	59	10	26	28	1	38	46	47	0	
M7
0	2	42	13	31	22	26	36	48	2	51	35	31	39	28	12	45	14	41	37	12	35	65	22	59	37	46	40	3	29	20	20	9	36	26	44	47	45	54	44	
76	0	14	54	57	37	91	67	20	14	53	7	31	45	95	38	34	40	29	76	82	83	79	18	53	34	18	12	44	62	48	56	80	62	23	53	48	24	64	59	
52	58	0	71	37	93	56	19	24	5	79	91	58	66	57	65	99	94	75	56	42	16	53	49	88	92	92	75	66	56	80	66	36	87	26	48	14	72	25	49	
67	3	43	0	45	36	97	50	49	43	82	36	60	14	81	67	10	54	6	48	24	24	30	47	73	51	47	41	8	74	49	46	77	1	52	9	31	53	19	38	
60	47	33	60	0	45	45	52	61	71	11	68	26	27	15	35	78	62	73	24	38	23	74	24	46	60	23	43	12	25	25	57	25	66	22	27	16	55	50	9	
30	20	60	66	90	0	85	73	27	60	78	53	55	76	100	28	64	41	75	41	51	75	78	30	34	6	64	58	60	38	17	90	82	22	25	65	16	66	82	13	
54	37	67	12	31	15	0	84	51	11	78	43	41	48	74	42	44	63	40	65	58	58	59	24	24	30	79	75	42	5	41	71	71	35	49	43	40	40	4	37	
11	58	21	72	59	29	9	0	28	88	43	52	7	32	32	66	80	53	96	41	50	59	55	55	63	35	36	60	60	62	47	64	42	46	39	18	54	72	65	6	
56	44	70	96	79	40	29	43	0	84	70	77	20	64	52	20	57	55	99	61	68	30	47	60	49	12	66	80	33	64	66	54	62	65	59	94	51	82	48	8	
29	2	23	16	71	42	85	63	12	0	46	35	27	13	76	53	48	61	44	23	62	54	41	12	81	57	13	30	42	49	68	31	67	39	51	47	21	52	6	29	
67	88	46	63	78	79	100	46	78	64	0	39	84	40	102	68	18	34	53	69	102	88	30	27	80	57	1	76	88	87	21	43	86	86	83	62	57	79	73	50	
8	23	63	16	59	69	21	28	69	19	68	0	20	31	69	34	48	34	44	71	3	27	31	14	27	58	67	34	31	21	7	58	1	6	47	47	44	37	48	36	
42	28	33	32	36	3	26	33	39	52	73	50	0	8	66	40	35	53	60	52	47	32	2	19	46	18	72	47	36	12	4	40	6	34	35	54	28	42	12	25	
59	38	60	13	31	71	76	23	28	36	83	22	75	0	71	41	37	61	41	23	59	59	65	51	50	46	59	42	23	49	78	5	67	36	62	44	66	54	28	70	
39	26	12	46	21	54	24	31	40	50	18	48	5	6	0	48	70	41	58	3	17	30	53	17	25	61	39	22	22	24	55	38	4	45	1	52	47	34	51	46	
78	19	59	47	55	49	30	57	62	22	3	52	59	7	54	0	71	43	48	57	1	43	77	63	28	49	41	57	57	83	46	21	64	70	61	56	37	22	7	53	
49	43	63	18	73	39	76	83	73	76	16	27	54	33	82	55	0	48	46	51	60	19	5	70	77	5	78	70	20	29	23	16	60	41	17	49	49	40	59	17	
27	11	51	65	57	30	63	22	34	51	45	8	68	29	67	67	71	0	52	25	62	49	66	29	51	45	31	44	22	51	26	1	69	55	60	64	55	56	45	34	
60	13	53	21	25	21	74	73	57	53	74	18	9	40	84	58	51	35	0	55	67	46	10	53	26	36	57	33	46	22	47	72	61	44	47	52	10	24	62	21	
20	30	21	64	48	77	48	55	67	42	44	29	50	36	43	29	78	22	41	0	34	41	64	41	60	42	20	3	3	10	39	48	28	33	50	49	39	15	55	70	
9	42	14	61	36	39	54	52	55	4	32	17	56	57	45	74	82	73	29	54	0	26	7	47	60	30	42	73	29	13	27	74	34	52	50	37	64	3	34	43	
73	29	69	21	58	79	95	74	10	53	82	62	85	57	92	67	53	60	26	62	67	0	62	62	11	52	64	41	42	8	49	86	93	10	72	20	11	25	59	74	
62	40	50	15	59	23	62	66	59	79	56	63	43	16	32	51	20	35	34	41	17	3	0	55	54	38	34	37	45	50	46	40	42	38	39	46	34	66	56	29	
85	36	62	11	35	54	48	83	36	61	29	19	57	47	52	16	30	53	39	49	57	57	47	0	67	69	67	68	41	41	38	47	62	34	59	10	5	80	42	33	
29	29	60	57	75	67	66	67	28	69	54	39	21	17	87	39	12	16	70	28	41	72	69	52	0	74	64	13	45	54	27	49	46	8	78	57	49	59	56	9	
9	12	52	61	79	36	61	68	33	52	65	45	14	63	79	15	23	8	67	67	29	53	37	30	37	0	38	50	71	61	27	83	41	67	43	65	9	62	69	58	
44	34	58	47	38	5	28	39	40	14	6	5	34	42	40	2	17	55	31	47	50	38	40	11	6	20	0	21	28	13	29	69	12	36	39	33	5	5	31	27	
47	2	42	36	42	65	70	58	48	42	16	1	55	8	91	1	62	57	57	39	47	56	65	14	32	60	26	0	7	65	71	40	50	59	51	49	11	52	27	72	
61	52	7	39	46	66	53	60	65	48	63	72	17	61	57	47	71	56	39	66	4	23	65	37	61	17	52	46	0	40	37	9	33	54	64	25	61	13	42	75	
86	29	19	63	65	69	60	69	75	69	61	53	52	23	41	53	56	48	58	50	64	56	11	55	53	59	50	27	59	0	56	55	42	20	48	66	63	32	8	71	
69	28	68	72	22	52	75	82	74	62	60	61	3	32	65	67	13	53	54	33	21	7	51	64	95	34	47	51	52	59	0	64	55	55	72	19	77	41	30	55	
45	34	20	54	29	42	32	18	48	18	26	3	13	14	2	54	18	47	53	9	25	38	61	25	2	48	45	28	28	32	61	0	12	53	9	41	55	39	59	54	
63	21	61	48	57	70	19	26	67	45	66	54	21	29	67	45	67	69	53	69	40	25	69	12	52	56	65	59	29	19	59	56	0	50	70	47	42	35	46	41	
46	30	47	25	60	28	29	63	64	35	63	48	17	55	44	48	57	32	53	10	60	62	19	49	27	20	46	22	29	36	14	74	36	0	41	56	19	41	66	50	
73	29	69	45	51	64	30	37	69	48	63	53	32	40	52	41	64	32	64	61	51	1	80	9	56	67	73	51	40	30	57	51	10	51	0	44	39	46	57	52	
81	19	17	3	49	61	9	25	65	59	36	52	27	39	50	13	18	79	31	59	49	4	49	53	50	43	63	57	33	26	67	71	40	26	42	0	16	69	44	24	
11	32	28	59	53	44	30	37	22	56	17	37	32	40	48	56	78	14	44	57	34	36	58	23	63	47	59	70	40	30	21	25	10	29	55	54	0	20	11	29	
48	16	40	35	10	39	58	26	29	56	37	49	37	63	69	54	62	47	3	75	50	36	76	60	34	4	16	54	49	79	1	65	79	56	50	11	48	0	76	61	
11	33	19	53	3	33	31	38	31	57	25	36	12	13	1	32	77	48	65	10	24	1	60	24	32	48	46	29	29	31	16	45	11	52	8	59	18	41	0	53	
39	45	42	64	38	68	39	4	25	81	32	36	56	81	81	70	21	63	32	90	79	33	70	85	8	20	45	59	53	107	30	63	91	13	29	25	28	6	77	0	
