40  6  1
6
	0	3	1	54	2	69	3	66	4	82	5	68
	0	59	1	89	2	92	3	28	4	26	5	77
	0	24	1	21	2	45	3	35	4	92	5	56
	0	1	1	61	2	23	3	15	4	40	5	70
	0	15	1	86	2	44	3	50	4	62	5	86
	0	29	1	9	2	32	3	86	4	73	5	99
	0	43	1	100	2	30	3	36	4	80	5	89
	0	82	1	34	2	40	3	8	4	30	5	37
	0	4	1	92	2	39	3	12	4	74	5	45
	0	83	1	33	2	23	3	6	4	49	5	79
	0	32	1	82	2	2	3	17	4	39	5	74
	0	17	1	42	2	3	3	50	4	30	5	5
	0	63	1	31	2	75	3	43	4	54	5	99
	0	88	1	88	2	88	3	31	4	5	5	37
	0	39	1	34	2	5	3	89	4	76	5	26
	0	32	1	86	2	29	3	91	4	36	5	29
	0	91	1	1	2	3	3	44	4	85	5	80
	0	53	1	3	2	56	3	65	4	49	5	63
	0	56	1	76	2	23	3	50	4	43	5	4
	0	26	1	99	2	7	3	76	4	60	5	45
	0	92	1	78	2	35	3	19	4	82	5	2
	0	69	1	85	2	65	3	88	4	29	5	27
	0	98	1	65	2	63	3	86	4	31	5	92
	0	94	1	82	2	67	3	88	4	61	5	87
	0	74	1	74	2	21	3	32	4	53	5	80
	0	73	1	60	2	48	3	80	4	47	5	54
	0	56	1	70	2	64	3	22	4	47	5	97
	0	87	1	93	2	32	3	95	4	94	5	62
	0	18	1	100	2	46	3	12	4	43	5	45
	0	47	1	63	2	96	3	49	4	5	5	53
	0	34	1	65	2	38	3	41	4	79	5	42
	0	99	1	93	2	46	3	13	4	99	5	83
	0	29	1	27	2	65	3	18	4	61	5	73
	0	50	1	93	2	6	3	69	4	84	5	94
	0	71	1	24	2	48	3	47	4	29	5	73
	0	89	1	50	2	89	3	68	4	20	5	51
	0	76	1	63	2	70	3	64	4	82	5	15
	0	77	1	9	2	11	3	19	4	47	5	57
	0	39	1	16	2	7	3	88	4	40	5	67
	0	34	1	95	2	71	3	63	4	49	5	5
SSD
M0
0	3	14	32	28	44	47	45	3	9	34	45	13	32	27	8	48	2	61	13	49	8	53	11	16	32	47	48	10	38	56	46	10	48	15	41	26	48	40	40	
72	0	35	21	9	33	61	55	78	45	20	34	37	26	60	43	69	44	29	71	3	35	42	7	60	34	28	29	70	71	48	59	61	37	67	57	71	53	57	72	
68	37	0	33	43	45	51	37	32	38	63	46	36	33	66	4	10	25	45	40	21	47	47	47	41	55	54	57	11	44	77	14	2	46	36	27	52	10	3	41	
80	45	52	0	92	11	39	57	67	51	85	12	46	26	60	21	60	85	80	57	40	13	20	56	67	75	51	29	85	61	45	59	51	15	45	35	88	75	62	59	
88	67	81	28	0	40	68	63	75	41	13	41	18	2	36	50	84	20	65	58	31	13	49	85	36	42	4	5	99	66	69	68	80	44	74	58	67	29	73	84	
78	73	12	69	74	0	87	70	68	11	51	74	68	42	74	40	25	61	81	76	57	10	2	33	27	91	11	55	47	80	71	50	38	23	72	20	48	46	39	77	
64	52	31	88	56	6	0	73	33	39	64	26	43	63	47	7	59	49	33	43	76	16	37	59	62	61	14	53	66	47	59	45	45	48	45	49	13	65	58	45	
69	59	44	44	52	56	73	0	33	39	51	57	35	49	58	38	78	55	96	52	63	17	46	70	17	54	19	58	35	46	31	76	1	23	12	55	17	66	38	65	
32	38	7	64	21	52	54	68	0	2	27	44	6	26	62	1	41	37	70	15	42	43	68	46	51	51	40	41	42	31	58	39	33	59	8	58	61	41	33	39	
9	15	26	44	40	56	59	27	15	0	46	57	1	44	39	20	1	14	73	25	61	20	21	4	28	44	59	49	22	50	65	23	22	48	27	29	38	14	5	25	
85	27	43	68	60	15	41	80	77	42	0	51	56	71	72	28	69	90	80	19	59	54	45	77	22	82	37	78	76	21	62	40	61	67	80	15	73	72	70	39	
51	16	29	53	82	2	10	72	57	42	56	0	17	69	70	57	31	56	81	67	52	41	33	27	58	56	42	10	64	39	16	67	55	5	69	6	66	46	44	69	
27	33	44	38	58	46	7	75	33	39	41	40	0	54	16	38	29	32	29	8	37	38	8	41	46	49	44	31	40	1	1	49	40	54	45	63	56	8	70	52	
30	35	47	34	61	21	29	43	36	42	67	2	10	0	60	36	50	35	73	46	71	17	9	44	49	65	46	29	12	24	35	25	43	24	48	25	42	61	63	11	
67	42	37	50	80	28	36	20	73	54	24	9	33	77	0	57	57	39	7	1	41	33	59	53	35	13	37	36	57	41	42	42	43	31	61	32	55	5	35	71	
53	41	31	53	41	19	25	41	20	26	39	15	30	32	30	0	20	58	65	4	44	58	35	48	45	22	29	42	40	8	47	6	6	37	32	38	58	30	40	6	
79	2	54	28	62	40	54	46	43	49	50	41	39	34	17	16	0	57	63	50	46	42	49	48	50	64	46	58	12	56	10	6	11	44	45	43	51	15	37	42	
38	27	13	70	27	41	25	1	2	8	4	22	6	22	68	7	11	0	61	21	31	9	72	52	57	14	46	47	48	30	55	45	39	44	14	45	67	47	39	26	
29	35	44	11	47	23	47	19	35	41	62	24	29	23	49	33	36	34	0	8	34	25	32	37	16	19	44	38	22	64	51	49	42	27	7	47	58	7	71	8	
40	39	10	23	53	12	13	51	46	46	28	6	40	50	27	30	39	45	35	0	14	37	43	50	38	69	10	33	39	62	17	15	16	28	35	29	28	27	37	68	
93	79	18	75	62	87	93	72	57	29	88	88	67	71	67	46	52	40	46	59	0	89	82	59	76	90	81	82	53	86	89	47	37	81	69	69	94	52	45	17	
63	16	68	39	22	51	10	44	57	22	47	46	50	39	27	5	57	16	56	41	11	0	57	53	46	28	41	24	17	45	7	31	28	13	11	48	63	24	33	43	
68	58	65	65	52	44	51	27	61	67	51	25	59	65	36	66	51	30	74	29	67	79	0	56	8	78	65	52	43	81	58	70	42	8	73	48	61	9	55	56	
59	63	2	19	48	31	53	63	23	29	41	32	33	3	54	28	36	51	11	42	45	33	16	0	67	26	38	49	37	9	9	40	28	35	16	5	65	19	29	45	
100	85	52	46	3	11	86	81	93	51	26	59	36	20	54	68	65	38	15	76	49	10	42	73	0	60	22	23	77	79	78	60	78	62	78	33	85	47	77	79	
74	70	49	24	63	36	42	64	38	1	49	37	48	51	82	20	72	53	39	56	19	38	45	65	2	0	72	54	29	60	70	57	58	40	50	28	11	75	75	58	
28	34	45	22	17	34	55	3	34	40	10	35	24	34	58	39	65	1	52	44	48	36	43	42	47	38	0	37	41	25	68	46	41	38	46	57	26	39	18	71	
49	55	66	77	80	32	64	12	55	60	64	49	65	84	1	60	66	41	47	41	6	60	63	24	68	4	11	0	62	56	82	28	62	8	67	14	78	45	62	80	
75	50	56	4	77	16	44	17	52	56	69	17	51	4	65	6	58	80	63	20	45	18	25	18	55	60	25	34	0	28	50	41	44	20	50	13	74	31	67	12	
84	7	72	30	75	42	53	43	78	82	47	26	60	30	91	32	15	89	24	46	66	44	51	15	81	29	42	53	8	0	59	67	49	46	23	39	93	38	87	38	
84	49	56	3	89	15	10	48	64	55	6	16	9	19	64	25	24	58	31	57	2	17	24	60	45	79	55	33	89	37	0	63	55	19	49	39	22	8	42	24	
99	4	64	82	72	57	8	63	66	72	38	49	41	23	76	14	4	53	30	50	66	54	81	34	91	32	60	58	60	54	82	0	52	69	13	72	64	76	26	52	
39	45	14	27	22	39	54	6	3	9	34	27	5	27	37	8	48	44	77	22	44	41	16	40	10	24	25	42	5	38	60	46	0	43	5	36	66	48	14	35	
57	17	32	55	46	53	54	68	21	27	23	34	31	51	71	26	36	62	67	18	58	22	58	64	76	76	15	27	33	56	61	59	58	0	33	15	72	62	58	22	
63	39	24	73	43	83	85	3	27	33	58	75	28	57	93	32	18	68	67	46	69	71	79	26	20	7	45	62	59	61	89	11	50	24	0	74	91	58	8	7	
44	35	9	46	3	24	66	65	50	56	31	59	36	20	16	15	43	15	62	51	49	3	16	58	23	56	22	23	44	55	22	25	30	47	62	0	13	43	30	38	
96	23	63	39	4	47	20	25	72	49	12	28	37	21	55	37	60	17	50	63	3	32	60	2	19	24	23	24	31	60	2	75	75	10	26	51	0	44	78	60	
34	40	50	9	24	9	49	31	40	21	28	22	50	36	64	31	41	39	84	50	50	23	19	48	53	27	43	16	47	37	19	13	30	25	52	45	63	0	72	69	
84	68	59	49	32	61	89	51	48	54	60	62	28	15	82	53	75	38	36	67	78	35	45	76	55	69	37	15	50	14	58	41	16	4	50	27	59	27	0	76	
42	32	17	67	31	43	60	46	6	12	37	54	16	36	72	11	35	47	28	25	45	53	38	8	61	61	50	51	52	41	58	49	43	30	18	68	71	51	43	0	
M1
0	1	2	27	91	69	89	27	25	53	59	34	53	53	26	48	69	61	68	79	44	72	42	41	71	46	58	14	33	81	41	64	25	30	70	27	70	53	46	30	
64	0	1	22	71	53	2	26	24	11	20	33	54	37	25	63	62	78	72	56	39	12	53	11	9	54	1	4	31	71	19	13	44	82	45	66	53	17	61	58	
61	2	0	8	68	46	66	4	2	51	36	11	51	30	3	60	46	56	50	56	21	56	47	49	48	48	56	70	42	58	53	48	23	75	47	62	47	43	55	62	
24	21	23	0	42	52	30	18	29	59	40	50	46	36	28	41	54	11	18	16	40	35	58	23	8	6	69	38	20	42	36	45	43	55	44	25	61	16	20	32	
32	18	23	52	0	59	12	8	46	16	71	14	37	60	47	41	43	11	17	40	50	71	58	23	52	70	39	38	20	42	7	52	36	55	40	25	42	52	20	32	
79	60	37	47	55	0	25	43	59	80	74	69	58	19	61	5	33	32	39	3	62	69	66	31	56	47	8	45	10	44	44	20	59	69	25	27	50	50	1	53	
58	69	46	7	80	47	0	71	66	53	35	52	51	31	17	61	58	36	43	59	59	30	37	48	7	48	51	63	25	67	31	3	38	66	28	50	62	11	45	23	
23	50	53	42	50	35	57	0	64	81	29	56	76	45	15	36	28	41	21	25	68	31	49	53	10	37	52	68	40	41	15	10	53	40	31	55	9	69	45	26	
21	44	21	12	74	45	7	46	0	57	28	48	44	69	13	37	52	9	16	22	48	77	56	21	3	37	62	36	18	40	61	30	51	53	26	23	23	64	18	30	
50	25	38	65	34	15	49	63	60	0	27	51	57	20	15	19	51	56	62	27	54	22	56	47	31	40	32	69	17	60	23	38	30	38	41	22	9	3	17	77	
74	19	13	42	5	43	52	17	33	49	0	40	36	58	37	31	41	1	8	51	40	65	48	13	47	60	60	28	10	32	2	47	57	45	8	15	42	46	10	22	
15	16	56	7	26	42	74	39	72	41	45	0	41	21	33	38	4	79	80	14	30	40	44	37	61	57	46	35	25	5	41	54	13	57	7	14	41	21	14	67	
80	46	28	57	83	69	81	38	51	62	57	60	0	3	45	57	71	48	55	29	61	18	91	60	38	57	67	49	47	36	53	69	34	83	47	62	14	33	57	69	
68	51	51	47	55	35	14	71	59	76	4	65	49	0	10	49	33	39	46	40	25	45	52	51	85	69	52	66	48	46	88	10	48	20	36	53	26	74	45	42	
32	35	12	41	74	77	57	27	15	32	69	32	29	49	0	42	52	79	13	62	54	58	55	48	71	25	37	48	34	54	59	28	4	38	42	25	35	54	18	87	
25	25	64	1	47	62	92	80	66	14	74	2	71	65	31	0	48	52	22	58	59	25	11	48	70	53	9	79	61	28	49	59	57	85	47	58	48	50	58	53	
61	61	52	13	21	37	71	77	75	53	53	50	53	16	52	51	0	78	81	9	39	58	39	32	56	77	54	60	37	12	60	66	25	55	2	64	36	40	47	62	
83	32	9	38	62	45	48	34	32	45	66	36	32	57	33	27	40	0	4	50	36	81	44	9	43	56	62	24	6	28	49	52	53	41	30	11	55	68	6	18	
87	10	67	70	18	32	66	62	68	56	7	38	65	42	21	46	56	73	0	22	21	85	72	43	86	19	45	86	51	4	80	61	59	93	59	68	86	66	42	82	
1	33	10	39	32	59	69	35	33	11	67	42	55	48	34	4	31	20	27	0	18	15	47	32	66	60	76	47	29	44	67	75	54	57	34	34	51	47	29	8	
76	46	23	52	76	50	25	48	27	41	1	50	46	40	35	41	54	11	18	25	0	11	13	23	57	66	56	38	20	42	47	51	23	55	44	25	69	29	20	32	
64	43	20	25	33	49	59	7	43	44	29	47	43	28	44	38	11	8	7	21	47	0	26	20	51	1	51	20	17	24	56	47	37	52	14	21	48	52	17	29	
92	28	12	41	4	65	73	37	35	34	69	44	47	63	36	38	48	49	40	43	54	25	0	23	16	4	52	44	49	8	48	60	19	31	38	39	63	69	14	70	
64	64	55	16	24	40	74	80	11	56	56	37	56	19	28	30	2	53	10	12	42	61	7	0	59	49	8	63	21	15	30	69	28	35	5	53	39	43	50	65	
2	57	58	15	22	54	19	5	77	48	68	82	61	59	54	48	60	68	60	64	78	65	78	60	0	43	71	38	52	73	54	49	39	56	63	17	1	73	49	65	
63	58	47	57	65	1	35	53	6	49	32	70	35	29	12	15	43	42	49	9	62	69	39	41	13	0	18	16	20	54	1	30	21	79	35	37	7	50	11	58	
83	24	1	30	90	37	57	26	24	73	7	33	73	52	25	8	68	78	72	6	43	50	69	64	54	49	0	35	20	80	52	36	45	20	19	33	53	57	47	79	
51	64	52	42	7	49	83	32	8	13	58	72	26	54	6	63	42	81	14	52	51	1	27	59	76	65	4	0	17	55	13	23	27	67	14	65	48	34	58	47	
9	62	39	45	78	40	74	64	61	59	28	10	58	24	16	49	56	81	28	12	24	12	28	80	56	41	57	77	0	57	18	25	31	24	52	41	1	4	50	93	
42	36	57	59	74	85	6	51	80	85	34	23	14	10	81	83	69	72	62	74	95	63	5	84	83	74	48	47	76	0	98	81	78	88	72	79	59	78	59	18	
70	75	54	40	40	54	65	27	67	48	47	49	63	43	53	30	26	57	7	36	54	25	64	33	34	40	71	79	55	39	0	18	52	58	19	71	53	41	9	39	
69	63	47	52	57	1	35	21	69	68	9	77	68	3	41	9	38	42	49	5	48	48	76	41	64	57	15	55	1	11	49	0	41	64	11	26	31	29	11	28	
59	10	33	62	68	49	83	58	56	1	47	22	1	18	35	53	68	48	55	53	74	42	86	33	65	60	6	20	3	52	28	14	0	72	61	56	43	23	37	69	
44	80	74	4	33	63	95	83	63	35	34	65	33	54	36	52	73	76	9	1	66	58	104	38	73	7	79	32	28	77	59	46	56	0	29	19	63	39	39	62	
42	35	26	24	66	11	45	51	49	33	38	58	66	34	26	25	53	52	59	23	13	33	86	21	61	51	28	65	14	64	34	40	41	29	0	47	10	14	21	36	
24	56	40	1	55	17	51	30	50	10	62	72	17	37	58	31	59	58	65	3	25	26	51	57	60	16	34	71	36	22	66	46	56	44	51	0	10	46	27	79	
14	66	43	48	62	50	30	20	64	69	29	44	33	34	26	30	40	91	36	50	20	33	14	36	32	51	67	82	28	49	34	8	41	51	30	25	0	14	6	80	
38	49	26	55	81	27	61	51	48	46	15	39	45	11	3	41	69	68	50	39	42	10	67	67	81	28	44	65	5	80	11	27	18	61	39	62	72	0	37	89	
74	52	29	32	40	43	77	54	42	63	70	61	58	35	53	8	18	84	91	28	45	65	58	14	39	83	60	79	46	27	27	39	44	52	8	79	33	46	0	63	
46	59	47	38	46	42	76	53	70	40	78	24	50	41	71	56	24	35	42	34	64	83	64	47	81	94	55	62	44	37	33	63	22	79	27	44	61	65	44	0	
M2
0	16	12	10	1	29	51	30	59	62	21	66	10	40	57	43	5	37	24	64	42	23	61	48	11	30	25	25	13	52	46	34	5	11	5	25	26	43	58	38	
56	0	34	30	46	64	35	47	23	40	43	24	32	55	46	13	27	3	28	50	49	45	53	62	34	42	40	6	35	43	18	39	36	37	58	47	42	28	41	58	
37	38	0	61	50	33	46	11	49	18	43	67	71	34	68	58	66	59	33	23	39	32	26	48	52	43	38	41	65	62	53	75	60	31	15	47	67	65	14	40	
74	65	60	0	66	69	32	26	52	59	63	43	59	9	76	61	54	76	21	60	54	18	41	89	72	23	33	74	62	44	13	32	55	40	5	56	16	42	55	5	
60	78	15	14	0	57	69	5	62	69	76	53	9	46	75	42	67	63	34	75	56	55	72	64	65	60	36	84	47	38	50	66	51	22	42	4	15	44	68	16	
49	33	29	27	40	0	13	4	23	1	32	14	27	22	6	41	22	24	40	35	39	40	18	31	37	10	30	42	30	33	44	26	26	48	26	18	26	18	31	48	
39	48	38	42	46	46	0	28	23	28	43	84	42	60	76	68	37	45	33	55	32	3	15	58	50	62	51	51	45	26	28	66	54	50	70	39	40	11	46	67	
15	48	74	40	33	67	56	0	25	32	46	16	56	44	49	37	67	49	34	33	17	42	49	62	69	53	32	51	74	35	27	31	28	41	68	15	77	20	24	47	
29	14	10	8	27	31	38	9	0	35	19	64	8	26	65	36	3	29	23	15	35	21	59	46	29	14	37	23	11	36	8	32	18	23	18	23	26	41	6	32	
70	45	62	60	16	29	54	62	80	0	8	71	39	29	41	17	55	24	23	56	45	51	48	7	14	13	52	30	24	21	22	50	63	52	61	12	45	30	47	73	
61	57	53	51	6	19	64	52	70	52	0	61	51	40	57	48	46	14	13	47	41	41	38	25	35	42	42	20	26	35	28	40	53	42	64	2	65	20	38	64	
37	38	55	21	36	55	46	33	6	13	43	0	53	34	71	43	48	30	23	23	22	32	30	43	50	43	13	41	56	16	53	12	9	31	49	29	60	1	14	40	
17	35	23	19	48	4	35	40	46	37	40	42	0	2	22	58	43	14	10	20	40	17	22	11	26	38	9	1	51	30	47	42	34	28	16	20	58	46	11	37	
64	30	43	41	16	27	47	62	55	8	8	68	41	0	65	48	36	24	7	50	51	46	45	2	45	36	37	30	36	45	38	6	6	23	28	12	59	30	41	59	
77	57	63	61	48	61	8	56	46	53	40	37	51	63	0	58	75	56	55	63	57	41	29	64	26	11	53	62	68	56	58	15	49	71	15	7	78	41	54	37	
45	34	34	58	4	61	17	45	43	50	40	34	28	42	4	0	58	46	35	31	33	40	11	35	3	20	23	49	21	28	61	24	46	39	24	16	63	13	22	46	
36	8	4	2	21	34	57	26	67	67	13	58	2	34	59	63	0	29	17	58	42	15	53	40	50	46	57	17	5	50	38	26	44	46	30	17	20	35	51	30	
61	32	21	4	44	67	40	53	66	79	46	63	38	3	68	45	37	0	4	47	44	34	42	73	13	33	25	53	45	2	6	52	36	11	14	39	43	42	38	32	
34	21	17	15	27	40	43	39	46	54	19	38	15	4	72	54	10	35	0	20	33	28	15	46	56	6	20	30	18	30	16	27	35	6	41	12	31	15	11	29	
7	8	42	52	21	34	16	41	19	67	13	52	65	4	72	57	60	29	28	0	13	49	53	40	50	57	40	11	39	50	43	53	44	32	45	17	37	35	46	72	
15	16	37	55	18	42	24	13	14	67	21	60	55	12	80	63	50	37	36	1	0	57	5	48	58	27	1	19	47	58	51	61	52	40	53	2	45	43	54	37	
32	33	14	43	38	59	41	55	31	38	38	22	58	1	38	5	73	54	48	18	7	0	45	30	37	54	38	36	55	33	68	37	34	53	58	42	28	26	36	62	
34	26	63	71	44	61	43	25	31	84	40	79	27	31	53	20	68	38	35	20	40	76	0	56	52	62	15	38	2	60	68	21	12	22	8	4	45	54	62	46	
60	41	48	44	46	37	69	31	29	36	50	20	46	35	61	66	41	48	8	46	45	6	46	0	73	37	21	24	49	39	27	35	28	7	20	43	51	24	37	49	
60	10	69	51	10	37	19	58	59	70	16	64	4	57	44	11	64	22	31	46	10	52	50	43	0	60	46	38	44	35	40	44	66	37	64	20	69	38	54	70	
36	36	61	17	17	61	45	54	48	9	40	43	59	33	53	20	54	35	21	22	42	31	17	39	46	0	40	40	56	53	18	6	55	26	18	16	56	46	13	39	
28	27	23	21	40	43	37	45	27	34	32	18	21	25	78	64	16	48	24	14	34	23	51	46	53	17	0	32	24	37	44	7	10	22	49	36	39	22	5	31	
18	27	24	9	40	53	35	45	18	25	32	9	22	23	79	55	17	21	22	12	32	21	30	36	62	32	25	0	25	28	42	10	1	20	32	36	40	13	3	29	
21	22	50	29	35	48	30	54	33	71	27	60	48	18	86	71	43	43	42	7	6	46	46	8	41	14	42	19	0	55	57	22	8	45	57	31	51	40	28	33	
18	19	53	63	22	45	27	6	30	71	24	62	71	15	26	68	71	40	39	4	24	9	60	51	51	42	4	22	29	0	53	15	18	43	46	28	48	19	57	61	
37	54	22	10	36	23	4	55	22	35	42	19	60	11	61	64	55	52	22	39	44	37	40	65	72	51	35	27	63	38	0	8	31	32	38	23	17	23	36	38	
71	56	52	50	47	73	54	16	3	21	52	72	10	53	41	14	45	68	26	57	32	17	34	31	46	55	55	53	31	53	50	0	60	43	60	10	68	38	48	58	
27	28	59	33	30	54	36	52	25	32	33	16	57	22	41	8	52	49	30	13	33	21	48	60	40	57	31	31	58	35	63	31	0	17	61	26	57	20	33	10	
61	51	47	45	57	70	70	61	73	79	49	68	45	23	100	84	40	35	7	47	63	58	45	76	86	36	8	60	48	51	40	38	23	0	38	42	61	45	41	59	
38	34	7	15	13	59	47	25	44	28	44	81	12	35	84	51	67	60	34	24	44	33	60	56	19	12	6	42	21	67	51	53	61	32	0	48	54	66	15	41	
66	25	8	48	32	45	38	64	49	8	24	40	48	20	43	45	43	40	12	55	57	15	50	38	36	21	15	46	51	52	41	55	16	41	63	0	32	44	46	25	
41	47	56	17	55	50	55	66	26	16	47	63	4	25	54	56	63	56	30	32	26	39	27	46	53	52	62	50	63	53	53	72	8	59	11	51	0	67	64	45	
50	51	51	49	24	74	59	21	59	86	53	70	49	38	79	62	44	23	11	36	10	52	44	75	70	40	46	29	52	4	50	61	47	40	75	17	65	0	34	45	
16	17	51	42	30	43	25	50	28	76	22	61	50	13	81	52	45	38	12	2	22	11	50	34	59	22	24	20	48	45	32	54	39	10	54	26	46	44	0	19	
53	38	38	36	35	48	47	6	65	74	27	58	30	12	63	30	31	43	42	39	37	49	16	54	7	30	59	49	39	63	57	60	70	45	6	21	21	49	67	0	
M3
0	36	77	68	29	40	39	44	63	13	21	63	30	33	34	56	70	34	55	33	53	45	49	69	34	73	18	73	66	92	67	79	60	62	4	26	27	64	76	23	
42	0	34	65	39	39	48	37	43	73	81	63	82	47	42	27	40	71	67	42	1	46	61	34	34	37	12	57	23	51	30	47	43	64	19	78	45	22	49	60	
78	63	0	46	23	70	33	61	29	7	15	62	64	27	35	34	33	49	34	43	47	29	43	50	61	76	63	74	45	35	27	59	14	42	49	20	21	55	64	34	
82	54	74	0	35	67	45	73	43	19	27	74	76	39	64	54	46	61	61	2	41	46	43	41	71	60	59	57	23	44	36	29	43	71	44	8	33	54	4	37	
48	9	9	77	0	76	10	74	67	34	42	63	31	47	42	20	43	73	55	52	38	60	51	6	6	74	12	51	60	13	39	45	54	11	10	47	18	59	66	16	
52	53	39	36	42	0	42	42	48	61	23	48	48	60	25	39	23	32	8	52	55	30	4	40	51	57	70	25	35	54	51	38	4	5	56	1	65	15	42	61	
77	62	6	31	33	38	0	88	52	34	42	56	53	21	32	68	22	48	31	48	72	57	34	45	52	70	33	5	69	76	55	20	49	9	77	29	48	78	43	75	
9	34	40	20	34	45	47	0	78	41	49	45	37	61	69	33	20	77	22	37	7	71	52	21	40	21	47	70	58	78	46	64	48	19	62	38	35	28	39	26	
73	51	35	31	3	53	15	56	0	65	31	77	71	57	37	30	21	63	78	2	63	49	61	9	35	40	22	56	59	60	2	71	64	60	22	54	71	14	41	68	
65	50	58	54	10	68	20	48	44	0	2	49	51	14	44	50	60	36	36	57	34	26	30	63	66	70	72	61	72	73	58	60	41	65	70	7	8	55	57	40	
46	71	39	35	62	53	62	29	81	51	0	64	62	29	55	41	57	17	56	38	15	7	13	58	48	51	84	78	61	86	54	75	81	56	70	48	31	36	54	21	
72	76	77	53	33	69	39	58	87	87	59	0	46	15	4	58	53	61	69	70	73	17	60	26	62	87	47	17	91	96	82	46	84	33	13	74	10	80	58	68	
18	53	36	54	41	39	33	78	95	78	46	15	0	8	33	19	82	64	51	71	35	35	23	52	50	71	31	74	92	95	42	54	73	59	1	20	75	47	51	27	
34	60	45	52	2	23	3	59	56	73	13	4	39	0	58	63	43	47	70	68	45	37	21	57	24	54	55	44	58	64	36	15	38	48	25	28	61	65	12	51	
26	85	4	62	51	26	35	56	54	35	10	61	45	26	0	61	55	44	23	64	42	34	27	68	18	78	82	19	56	74	40	13	53	63	77	48	49	43	69	48	
7	34	58	31	66	63	67	94	67	65	73	28	10	33	50	0	48	23	41	48	25	55	14	71	11	61	65	64	60	23	44	74	29	56	53	31	64	46	50	80	
40	51	51	34	33	56	45	84	18	59	61	64	6	43	10	16	0	67	44	32	18	28	13	39	30	52	52	8	33	61	32	47	2	15	50	23	62	39	40	64	
57	1	47	54	11	25	39	48	12	60	2	69	58	48	61	43	45	0	28	26	17	26	32	33	50	50	41	11	52	6	26	56	72	47	46	9	19	38	3	40	
78	32	69	81	53	81	65	69	38	55	63	84	70	64	70	55	71	23	0	52	61	13	2	59	85	35	72	99	83	27	45	84	64	89	72	68	69	58	18	70	
22	45	24	33	47	25	60	5	65	51	17	58	34	59	29	46	3	51	35	0	20	41	5	10	22	34	24	55	57	20	55	77	49	32	75	20	48	41	52	39	
22	63	14	56	59	19	28	50	54	56	62	71	71	47	59	7	44	51	80	22	0	54	56	27	14	17	57	44	59	52	20	42	50	51	36	69	25	2	29	56	
2	6	56	36	15	26	63	8	65	57	54	60	53	65	58	49	36	88	38	48	23	0	58	37	41	37	30	57	45	56	2	80	37	35	46	54	51	44	55	42	
26	66	28	80	41	50	13	56	63	25	33	1	24	45	6	75	64	67	67	77	50	13	0	66	83	75	37	54	48	23	77	69	68	1	64	38	39	71	48	51	
59	66	10	9	11	38	69	42	67	43	51	83	87	63	66	25	62	41	46	26	57	39	21	0	62	71	37	22	47	64	49	32	50	12	47	32	40	78	28	61	
10	66	76	50	44	80	35	55	29	79	53	25	25	76	43	63	5	86	64	14	67	48	13	50	0	41	43	57	53	48	1	67	22	13	63	42	83	53	43	89	
73	51	7	40	46	70	58	65	31	49	57	72	65	62	29	41	27	1	50	20	37	34	25	26	55	0	42	53	19	43	45	11	8	36	14	60	58	17	44	69	
48	7	64	52	5	67	47	72	50	64	57	33	64	13	8	62	30	91	62	64	36	27	65	29	61	72	0	33	51	67	49	59	20	46	54	72	32	57	56	58	
24	49	55	35	28	21	27	7	20	54	55	51	47	74	55	48	31	45	37	34	22	44	21	36	42	36	54	0	21	49	34	7	41	34	42	53	50	43	54	41	
67	50	43	40	23	58	35	67	8	65	51	68	61	55	29	43	11	68	50	22	73	11	67	29	55	25	24	22	0	16	22	53	8	36	9	63	37	19	46	64	
2	56	71	68	34	55	35	40	53	71	45	14	51	1	11	51	51	42	22	37	55	33	53	7	40	69	29	67	33	0	67	40	53	67	15	60	74	64	44	28	
30	30	35	8	28	48	57	13	66	39	11	56	58	36	31	21	41	45	43	25	28	20	41	29	61	42	1	56	46	17	0	52	43	28	67	31	53	11	27	47	
93	59	75	71	43	46	55	81	28	57	35	75	60	77	35	35	61	25	74	42	52	24	1	49	75	61	62	47	77	78	30	0	97	55	62	36	71	54	59	52	
71	31	52	14	41	83	52	85	26	39	47	56	39	59	3	61	1	65	24	31	57	8	41	36	29	44	49	47	13	41	31	27	0	10	34	37	43	40	33	66	
49	5	41	54	1	46	55	43	34	29	27	42	26	36	41	5	49	4	60	48	8	26	35	54	41	8	26	59	26	54	47	21	46	0	47	42	19	29	51	65	
12	33	44	58	45	33	66	30	63	79	21	12	59	65	60	5	39	16	9	48	45	24	47	45	2	59	30	79	74	70	35	78	56	11	0	42	69	20	47	8	
36	66	29	65	42	63	43	92	33	46	53	44	79	9	6	68	36	87	65	28	60	36	61	54	63	14	49	31	13	12	47	55	33	61	34	0	60	44	35	89	
48	20	19	80	60	45	22	76	80	61	69	62	43	27	34	33	70	71	88	10	7	44	68	30	40	43	60	52	71	56	46	54	68	67	62	55	0	28	55	5	
46	42	5	35	57	74	27	29	69	47	41	61	74	26	38	5	57	30	59	18	44	57	70	6	51	23	36	68	73	31	17	72	43	30	53	58	61	0	8	35	
41	50	49	12	17	14	29	64	2	30	38	85	44	50	51	44	32	45	30	16	68	7	48	23	49	54	36	33	22	50	16	56	37	10	36	35	44	28	0	38	
56	8	37	12	57	66	59	61	48	41	49	80	65	58	55	37	15	45	36	22	37	44	21	38	70	55	48	59	50	57	39	7	57	62	21	35	55	13	28	0	
M4
0	24	7	21	75	35	18	65	54	32	65	61	4	10	45	83	79	57	57	71	39	42	71	54	26	77	21	36	67	67	40	27	31	36	38	52	29	62	43	41	
70	0	67	39	58	42	9	19	63	31	57	45	22	85	63	61	44	7	67	65	9	83	74	88	55	50	9	11	67	58	85	74	69	56	86	75	5	12	50	58	
48	28	0	39	12	14	1	58	49	36	9	16	51	14	18	2	19	15	30	54	43	83	68	26	16	51	25	64	49	21	44	31	59	40	57	42	33	66	5	32	
28	57	63	0	24	40	54	15	19	49	19	27	72	46	58	52	41	71	71	41	66	4	43	69	51	58	26	56	63	62	6	63	48	32	44	1	13	10	17	62	
27	68	42	59	0	63	49	89	49	77	73	16	41	97	43	33	54	1	35	16	44	17	56	98	39	70	71	85	75	65	47	44	53	47	57	46	9	59	2	75	
12	24	77	76	67	0	11	69	50	54	94	58	72	92	13	80	39	22	45	8	59	2	75	92	32	15	13	7	18	66	32	69	46	87	88	71	38	29	46	60	
56	32	41	43	65	16	0	50	25	32	26	54	26	18	6	54	81	14	26	28	47	87	78	52	53	56	29	45	75	82	27	35	69	44	76	60	14	45	51	49	
24	41	18	40	13	53	42	0	18	4	75	68	75	36	60	39	1	74	39	36	62	62	60	65	6	69	47	46	18	30	60	53	96	12	38	58	45	79	23	67	
86	62	87	31	65	81	56	84	0	68	28	66	77	48	21	49	73	21	62	6	18	75	10	24	59	6	59	46	54	78	42	21	61	68	43	67	67	68	76	71	
42	41	61	20	33	55	35	33	71	0	56	50	28	27	28	10	21	41	57	46	43	9	41	12	69	52	38	71	64	48	39	44	53	53	13	37	45	46	53	40	
52	4	40	54	36	14	37	37	55	1	0	46	52	29	20	6	58	37	26	58	39	59	66	11	64	80	1	16	62	54	59	46	51	1	57	33	35	42	51	50	
58	68	25	24	52	17	31	62	3	76	49	0	75	96	84	48	93	63	55	83	14	68	75	52	21	50	42	93	62	46	61	42	90	89	11	65	61	74	46	83	
19	50	58	56	50	35	56	67	22	47	7	3	0	75	11	52	62	67	4	51	47	66	13	57	7	56	47	34	78	73	11	75	61	36	44	74	52	6	67	58	
33	9	72	20	60	75	3	54	39	17	78	80	34	0	30	76	79	42	68	56	24	64	71	39	65	71	6	46	52	59	25	12	59	21	55	37	14	47	28	26	
56	66	34	15	24	26	60	39	51	26	47	49	14	52	0	72	32	22	12	46	32	59	71	77	34	42	58	48	31	3	40	69	86	78	64	47	68	65	53	16	
31	34	15	32	56	51	9	20	37	54	45	4	13	36	2	0	47	45	71	16	40	50	30	40	55	82	29	59	20	65	66	19	21	8	45	4	12	33	9	67	
14	65	39	30	29	31	59	54	42	66	62	58	1	51	35	69	0	85	17	53	8	16	30	51	55	47	15	29	36	8	46	65	17	77	34	71	32	61	58	64	
48	18	52	43	2	44	53	63	57	63	23	71	66	48	7	58	37	0	30	74	53	81	63	55	54	20	46	55	25	21	37	18	59	52	64	21	23	9	34	28	
1	77	68	9	3	34	62	20	61	54	52	57	66	78	55	17	51	61	0	69	8	53	63	56	56	48	7	58	52	44	26	40	61	61	9	50	38	37	62	38	
30	59	37	56	55	56	56	31	22	65	44	46	92	83	60	46	41	65	44	0	63	36	7	34	67	6	28	44	43	35	40	1	37	34	46	3	55	32	38	77	
61	43	54	32	47	30	45	10	25	44	49	79	80	49	13	46	41	27	38	65	0	28	94	53	46	33	50	35	57	29	58	37	72	52	6	73	21	81	37	80	
4	79	46	89	98	86	31	99	88	31	100	56	90	76	56	69	8	54	72	8	87	0	67	71	98	74	87	39	67	92	1	69	15	97	57	71	7	74	15	29	
53	45	59	70	38	65	18	43	16	31	89	25	57	45	25	8	32	78	77	60	42	82	0	40	76	21	56	82	64	69	50	62	65	52	66	48	50	72	53	65	
80	19	58	49	15	50	54	64	55	63	23	30	64	71	10	15	89	52	36	3	53	55	66	0	81	62	1	43	28	27	77	15	67	3	23	55	50	43	57	50	
52	74	55	7	54	79	49	23	48	3	35	44	53	76	42	4	54	40	8	51	59	51	1	63	0	11	46	90	60	83	1	59	43	48	60	44	52	42	49	54	
53	44	34	55	55	84	38	72	74	32	77	88	69	30	65	61	76	12	9	38	10	90	46	53	95	0	41	81	59	82	49	47	12	42	61	72	49	15	59	61	
46	75	37	28	7	22	67	52	7	57	60	56	34	80	50	57	58	50	15	72	60	39	18	32	33	42	0	4	34	6	69	58	19	50	30	19	46	48	9	2	
60	59	55	46	45	3	35	52	7	67	82	44	46	45	12	4	79	59	33	56	69	78	70	80	71	63	15	0	48	24	72	59	61	48	39	44	52	50	49	27	
30	70	22	15	11	72	19	70	58	2	57	25	32	56	79	61	72	65	70	20	69	47	32	42	76	84	60	61	0	61	61	14	60	66	51	35	23	42	70	76	
48	70	26	17	16	18	60	41	43	68	76	45	73	69	42	64	63	72	4	76	55	61	63	103	74	34	50	86	23	0	63	80	83	83	56	58	70	67	45	85	
79	3	57	48	47	17	12	46	14	60	86	74	30	72	50	83	73	36	35	88	38	92	44	65	82	65	38	40	42	26	0	15	86	71	82	52	34	41	9	76	
39	15	43	26	15	5	9	34	12	23	39	16	40	1	36	66	9	48	24	59	30	70	63	45	9	30	12	52	58	48	21	0	65	27	13	43	20	53	34	32	
65	69	50	41	40	42	84	65	12	66	26	57	72	93	66	71	55	11	28	41	22	39	51	76	22	37	66	81	43	19	69	30	0	37	69	62	75	67	69	45	
44	23	2	62	40	1	52	68	17	50	39	64	7	67	31	49	63	54	57	45	27	50	56	47	2	40	39	30	5	52	56	48	78	0	17	79	23	2	63	74	
59	57	37	28	12	13	71	34	54	54	14	56	78	80	53	29	65	23	15	63	1	31	59	18	29	10	54	69	22	6	54	2	56	54	0	69	67	51	28	47	
7	36	72	33	32	33	59	81	16	51	21	52	76	85	56	31	70	50	50	33	53	77	22	65	81	62	5	35	69	41	79	54	44	11	23	0	67	9	15	54	
56	37	72	46	43	77	18	37	20	45	45	49	26	23	58	54	18	65	13	20	16	81	53	67	73	15	34	43	16	54	53	40	21	21	65	29	0	27	56	22	
27	22	51	25	41	43	3	55	16	70	52	70	20	94	40	31	14	14	29	83	57	69	83	85	81	59	31	36	25	20	71	70	48	11	50	66	30	0	14	80	
109	88	95	41	82	31	82	96	35	52	92	50	91	74	1	86	95	31	76	49	83	85	47	107	101	94	67	59	57	67	37	56	106	42	61	82	55	80	0	46	
40	49	8	58	52	66	43	69	49	6	50	57	66	35	42	17	54	21	6	66	57	64	55	12	90	75	38	23	73	58	65	52	41	44	50	13	14	42	48	0	
M5
0	19	12	43	48	51	70	27	56	38	20	48	48	23	22	5	51	9	64	33	37	36	33	48	42	47	2	55	65	55	33	56	47	31	44	32	5	40	14	16	
62	0	53	42	17	11	70	63	48	65	41	40	22	17	55	77	56	20	65	23	36	47	29	47	16	46	7	36	57	34	34	48	70	59	43	1	4	13	35	58	
6	35	0	65	43	31	33	40	8	13	42	43	43	46	62	21	44	74	18	43	32	33	46	44	76	42	37	50	45	49	46	51	60	44	10	38	57	53	65	29	
64	15	22	0	12	64	35	47	49	70	3	41	41	32	21	75	50	42	63	1	30	61	8	62	14	40	37	48	18	48	33	49	67	51	42	54	30	45	64	36	
58	54	30	38	0	80	66	82	70	34	69	62	62	57	74	1	77	64	67	23	51	32	88	59	56	61	58	69	12	48	20	22	98	23	67	15	69	45	87	71	
24	60	88	62	75	0	42	4	7	88	38	64	9	63	83	69	74	61	57	18	77	52	17	44	41	32	29	71	81	75	75	36	53	74	66	53	45	58	64	59	
59	22	40	3	34	75	0	36	17	56	76	34	34	26	53	23	65	1	70	48	23	50	48	2	68	33	30	41	51	41	6	42	62	46	41	27	48	55	74	31	
70	68	62	55	46	27	31	0	31	61	21	23	15	48	42	28	62	37	16	8	65	11	55	3	50	53	35	30	40	46	48	31	55	37	42	36	70	82	54	60	
35	43	57	12	43	30	32	18	0	41	45	51	14	26	63	29	46	52	17	24	40	32	24	51	77	28	36	38	44	44	24	59	38	22	28	30	8	6	12	7	
48	70	44	84	17	69	11	5	73	0	9	65	40	36	74	1	75	22	58	50	67	32	83	45	56	77	74	72	69	79	90	73	44	30	76	37	62	62	52	81	
37	32	46	58	40	16	81	22	4	9	0	40	40	39	44	50	39	43	66	28	29	36	15	24	88	39	36	26	38	3	12	48	7	26	45	34	30	35	38	11	
42	69	83	27	63	36	46	54	3	57	62	0	45	41	14	43	43	26	31	72	66	46	72	19	43	33	10	2	12	45	20	3	69	64	67	8	43	54	60	55	
31	44	79	47	53	74	3	69	67	39	67	59	0	23	31	85	56	74	73	42	62	88	103	72	32	61	3	66	76	57	60	67	96	29	63	37	30	17	62	94	
63	26	40	11	34	44	58	9	42	25	63	34	34	0	1	25	2	65	43	54	23	56	43	42	14	31	30	12	47	12	32	42	51	51	3	47	26	12	60	68	
61	29	43	69	37	17	31	14	18	61	62	37	37	48	0	28	3	68	16	59	26	31	56	15	79	4	33	23	20	22	5	45	72	24	52	50	51	34	75	56	
79	40	23	56	25	50	36	62	56	4	66	48	43	59	67	0	53	79	37	55	37	2	68	70	26	47	44	55	39	55	63	44	68	66	80	56	41	32	87	51	
54	55	7	39	17	48	58	48	15	23	74	7	57	53	8	55	0	38	43	76	52	58	31	31	55	13	13	14	24	15	32	15	81	35	9	20	55	66	20	67	
80	70	49	66	38	81	76	54	77	67	72	69	78	42	75	34	54	0	92	9	67	3	62	44	4	77	64	8	40	49	43	58	69	67	43	60	35	16	44	52	
69	57	57	76	28	9	11	61	62	41	42	54	64	28	66	8	54	85	0	71	54	11	45	58	63	64	15	61	23	27	77	51	77	75	67	67	78	69	98	60	
46	49	60	38	41	51	29	69	42	25	54	34	60	35	29	50	26	61	38	0	49	53	76	18	77	59	46	41	51	67	18	4	80	38	56	26	17	34	34	69	
49	1	15	41	9	50	60	68	17	71	60	9	9	41	28	57	40	40	45	86	0	60	71	31	57	8	5	16	26	16	24	17	83	60	62	22	23	68	74	69	
50	70	88	69	8	91	58	33	74	56	84	66	74	53	78	75	24	84	86	39	79	0	39	48	73	62	65	71	10	26	39	53	39	37	86	30	67	46	83	22	
37	30	44	56	38	62	74	20	46	27	23	38	38	20	27	62	23	69	63	11	27	34	0	10	66	18	34	41	44	45	26	16	12	24	60	32	52	33	3	9	
88	56	70	58	59	27	42	39	45	56	23	64	5	59	1	23	30	95	27	78	53	38	8	0	55	31	46	50	47	49	32	7	12	51	73	77	62	61	37	61	
74	58	72	55	55	39	73	6	31	69	54	33	9	7	16	69	2	13	58	51	55	54	28	46	0	46	48	40	50	47	47	29	27	66	47	36	47	33	88	69	
60	21	35	28	54	21	2	53	4	43	48	13	54	29	32	28	61	44	35	36	43	45	54	37	61	0	28	20	19	3	1	7	73	54	48	3	11	55	61	42	
31	65	79	54	34	51	4	3	56	91	34	63	35	59	82	68	87	77	56	48	62	51	55	43	66	18	0	12	80	40	73	12	40	77	82	74	83	28	77	86	
67	51	76	13	74	74	18	27	80	37	53	74	14	50	40	24	27	36	80	56	63	55	13	67	79	22	70	0	86	36	56	82	6	48	40	62	80	63	55	39	
26	15	61	50	55	47	77	30	53	36	49	45	55	30	43	92	20	56	81	20	44	62	77	55	81	21	13	30	0	62	42	53	78	65	51	39	12	66	30	93	
85	29	83	52	39	57	71	54	7	93	62	70	35	73	14	65	40	5	56	48	66	55	2	55	68	33	21	12	14	0	45	78	67	64	80	8	60	42	30	59	
37	44	48	56	37	84	32	20	17	43	47	53	61	40	65	59	37	77	73	23	60	2	26	3	62	70	52	60	6	53	0	11	40	17	5	32	63	33	48	9	
29	8	55	48	37	56	68	12	53	35	63	45	64	22	57	3	61	59	54	13	58	26	16	51	58	25	44	4	41	1	6	0	32	16	53	24	26	25	84	1	
33	28	56	25	41	59	63	16	45	39	74	49	2	36	50	58	75	73	50	22	80	30	22	56	34	80	11	31	45	38	22	40	0	20	69	28	77	29	94	5	
87	52	66	64	31	75	52	70	7	13	25	60	33	61	79	74	84	17	62	22	49	77	76	36	84	59	5	67	37	67	73	63	60	0	9	38	43	36	58	59	
63	40	54	17	44	47	57	44	48	65	33	48	48	23	4	32	2	49	46	19	37	61	17	45	74	34	34	25	50	43	35	56	71	54	0	32	5	39	52	86	
34	44	57	12	37	26	18	17	34	37	3	50	52	14	30	25	53	40	13	23	41	28	23	23	34	51	32	47	40	44	23	58	37	21	54	0	15	30	88	6	
43	20	34	23	28	31	65	49	36	65	22	28	28	3	41	65	42	29	64	80	17	59	74	28	54	27	14	35	45	35	15	36	51	74	24	12	0	52	58	66	
37	86	11	3	11	86	3	28	62	80	76	78	80	85	94	88	74	93	81	30	99	23	71	6	87	11	1	52	51	49	15	68	85	51	62	68	76	0	104	54	
75	41	23	35	61	64	33	47	26	17	61	28	61	14	47	18	53	59	64	41	50	36	54	6	65	60	43	35	45	14	53	36	29	79	54	7	73	63	0	64	
23	73	61	42	31	70	74	6	47	29	64	39	58	26	51	48	65	63	59	12	70	20	12	46	77	77	38	46	56	72	12	47	26	10	59	18	67	19	84	0	
