40  8  1
8
	0	82	1	35	2	21	3	90	4	56	5	92	6	2	7	34
	0	53	1	44	2	66	3	19	4	81	5	28	6	34	7	44
	0	42	1	46	2	72	3	70	4	81	5	48	6	79	7	43
	0	70	1	42	2	55	3	6	4	89	5	48	6	40	7	47
	0	28	1	100	2	32	3	83	4	21	5	59	6	43	7	69
	0	84	1	2	2	36	3	2	4	21	5	89	6	63	7	42
	0	19	1	35	2	99	3	67	4	43	5	26	6	28	7	56
	0	4	1	56	2	34	3	42	4	63	5	95	6	11	7	95
	0	95	1	91	2	82	3	23	4	19	5	72	6	96	7	91
	0	73	1	11	2	48	3	14	4	90	5	57	6	30	7	67
	0	4	1	52	2	19	3	4	4	95	5	93	6	55	7	4
	0	38	1	94	2	63	3	60	4	35	5	59	6	23	7	3
	0	33	1	95	2	2	3	15	4	58	5	98	6	85	7	59
	0	17	1	90	2	77	3	69	4	58	5	20	6	71	7	35
	0	75	1	30	2	88	3	99	4	7	5	51	6	46	7	49
	0	71	1	93	2	14	3	66	4	16	5	38	6	48	7	65
	0	100	1	43	2	22	3	38	4	24	5	18	6	6	7	88
	0	70	1	45	2	45	3	11	4	29	5	33	6	43	7	67
	0	20	1	42	2	55	3	43	4	36	5	10	6	55	7	6
	0	62	1	80	2	7	3	90	4	51	5	93	6	76	7	77
	0	62	1	100	2	65	3	50	4	91	5	28	6	24	7	42
	0	44	1	71	2	19	3	10	4	38	5	14	6	22	7	85
	0	33	1	99	2	69	3	9	4	20	5	1	6	7	7	40
	0	26	1	71	2	4	3	91	4	17	5	48	6	21	7	35
	0	92	1	73	2	50	3	83	4	12	5	37	6	76	7	39
	0	7	1	55	2	9	3	62	4	55	5	44	6	6	7	12
	0	17	1	52	2	71	3	41	4	78	5	63	6	100	7	68
	0	37	1	68	2	17	3	53	4	26	5	93	6	14	7	39
	0	73	1	7	2	93	3	48	4	24	5	70	6	66	7	44
	0	88	1	68	2	73	3	90	4	82	5	70	6	11	7	72
	0	83	1	92	2	98	3	64	4	16	5	54	6	98	7	60
	0	25	1	67	2	99	3	88	4	19	5	80	6	8	7	89
	0	94	1	88	2	3	3	32	4	49	5	64	6	73	7	79
	0	71	1	76	2	14	3	44	4	52	5	1	6	77	7	91
	0	49	1	48	2	82	3	77	4	19	5	42	6	39	7	34
	0	79	1	49	2	51	3	32	4	74	5	27	6	75	7	87
	0	52	1	38	2	84	3	97	4	88	5	70	6	41	7	14
	0	100	1	29	2	78	3	98	4	33	5	12	6	60	7	97
	0	40	1	86	2	51	3	57	4	57	5	12	6	30	7	64
	0	47	1	86	2	17	3	51	4	98	5	14	6	10	7	37
SSD
M0
0	25	10	19	30	14	28	33	36	34	34	29	28	13	20	20	10	39	8	15	28	35	30	24	36	17	19	44	17	16	39	12	21	3	18	30	3	18	40	2	
14	0	26	12	22	24	30	22	7	23	22	18	17	2	14	1	20	17	28	28	2	24	26	26	27	6	18	14	18	29	28	44	21	3	26	9	29	14	5	12	
1	19	0	24	17	17	4	6	12	12	33	13	24	20	36	33	25	25	25	29	25	14	6	24	27	17	30	19	25	9	38	32	17	22	37	31	2	13	24	19	
38	37	38	0	7	16	13	35	6	18	42	31	21	39	11	5	1	40	37	45	34	16	2	4	30	19	36	6	24	24	11	35	34	3	40	32	33	18	16	32	
32	35	34	30	0	1	19	28	27	14	28	18	5	4	19	25	26	29	28	22	5	30	2	12	28	12	7	29	11	21	28	33	27	13	5	35	4	32	8	7	
3	3	43	27	29	0	6	24	13	37	30	29	32	16	21	7	35	35	39	42	43	32	30	1	13	17	19	18	10	24	40	28	32	39	2	25	21	26	33	14	
19	31	29	31	18	11	0	10	16	31	10	17	7	23	13	33	15	21	20	33	28	18	11	19	18	25	16	23	14	18	37	42	14	21	14	8	16	17	8	4	
27	37	34	38	7	7	41	0	2	37	47	3	14	16	31	25	15	34	15	19	15	4	2	40	24	43	20	9	15	4	32	30	7	32	38	28	39	3	23	35	
22	4	24	22	23	24	31	15	0	22	5	22	29	3	28	25	10	16	15	37	24	23	4	26	1	20	11	28	3	23	15	23	20	19	22	30	8	22	36	27	
19	35	21	19	13	13	12	2	8	0	2	9	20	15	25	25	1	13	12	25	21	5	8	20	30	17	8	15	18	3	29	10	13	28	5	8	31	9	29	8	
13	32	15	17	17	15	23	6	12	27	0	13	21	9	19	19	1	7	6	29	15	14	10	17	34	11	2	19	23	14	23	28	11	23	29	34	25	13	27	18	
34	21	30	21	17	17	22	6	12	26	17	0	8	14	26	35	12	10	25	9	25	14	12	2	31	3	23	19	15	4	12	3	17	27	35	26	26	13	32	23	
33	9	32	38	8	13	47	2	8	9	44	9	0	22	37	31	12	17	21	25	21	2	8	17	30	32	26	4	5	10	38	25	13	38	37	28	18	9	29	22	
11	25	33	22	23	13	40	12	6	4	14	19	27	0	37	17	6	13	16	35	28	20	12	7	37	18	20	25	30	20	9	38	6	35	39	19	29	11	38	18	
16	4	4	32	3	16	37	18	11	36	16	11	21	23	0	26	12	27	26	33	2	26	24	19	43	28	22	31	32	26	39	47	15	9	15	6	34	25	28	3	
33	35	7	28	14	4	25	26	16	8	16	33	32	20	32	0	21	10	26	27	5	22	11	25	18	31	22	36	38	34	28	15	31	22	7	26	15	26	9	13	
8	43	2	42	38	18	23	38	22	21	28	28	44	21	24	21	0	29	24	32	5	24	18	24	4	26	3	25	12	4	4	27	15	10	30	38	26	3	44	44	
1	37	41	30	8	2	22	30	28	17	42	18	32	23	3	9	46	0	22	44	11	32	22	41	14	14	1	16	26	9	22	23	10	42	7	7	21	26	39	28	
33	6	19	35	2	11	29	26	16	25	16	33	11	16	32	12	21	27	0	32	9	34	29	34	43	31	8	35	6	33	17	34	10	3	3	28	4	29	12	25	
42	12	39	16	9	23	30	12	18	38	28	13	18	17	22	16	20	10	30	0	13	2	14	35	4	32	9	3	31	20	30	33	8	3	36	21	19	15	39	19	
20	5	1	9	2	19	25	25	31	21	23	30	22	29	22	10	28	23	15	25	0	6	28	40	3	18	7	13	27	32	1	32	4	17	34	32	18	15	1	13	
38	13	21	40	40	40	19	29	18	37	21	30	43	28	18	6	26	27	25	29	37	0	7	42	39	35	27	15	43	37	19	26	33	40	40	2	14	36	29	24	
21	2	37	41	25	30	16	38	26	31	39	30	3	11	24	20	24	23	3	26	3	12	0	35	25	34	31	17	3	32	33	14	33	3	14	5	23	35	9	31	
31	37	35	21	2	22	27	11	17	19	40	18	29	28	18	24	30	10	21	27	19	18	15	0	8	29	6	22	21	19	27	5	22	43	22	28	3	18	34	3	
6	28	24	23	26	24	9	15	21	18	5	22	28	4	28	28	2	16	15	6	24	23	12	26	0	10	11	9	22	23	1	32	15	25	29	21	22	1	22	27	
37	16	20	11	9	20	17	9	15	16	30	5	11	29	40	34	28	16	15	26	28	11	15	21	28	0	16	22	5	17	17	41	8	27	38	16	16	16	32	26	
33	29	33	24	22	33	4	22	10	26	33	17	24	5	30	1	28	27	4	30	33	24	4	29	37	6	0	10	18	8	4	9	4	24	10	26	6	8	24	27	
2	40	14	3	25	1	13	34	40	42	24	34	16	37	8	3	3	25	14	6	21	19	20	17	31	22	20	0	6	5	2	36	24	29	37	35	38	35	1	32	
1	39	45	8	17	39	9	31	22	28	26	38	32	27	33	22	31	37	13	7	22	37	20	27	30	27	5	32	0	15	10	18	23	36	8	36	28	30	31	32	
18	27	11	22	20	31	28	20	26	5	41	16	22	39	44	1	7	5	26	37	39	22	26	18	33	4	27	33	14	0	28	14	19	38	31	22	27	27	43	24	
26	35	27	30	19	19	1	8	5	36	9	15	24	22	32	16	14	20	9	7	8	16	11	5	32	13	15	17	15	16	0	4	12	19	5	14	12	13	3	24	
7	17	39	21	29	37	12	29	24	19	41	24	31	42	15	32	18	2	19	24	30	6	20	30	3	13	36	17	3	20	37	0	21	13	42	30	34	24	23	35	
30	3	32	33	7	20	20	23	29	11	13	30	33	26	36	29	18	12	23	45	25	27	18	34	11	28	11	33	11	18	32	37	0	36	15	33	16	7	29	6	
33	34	34	21	29	4	21	27	12	20	24	25	1	22	15	1	29	5	11	23	25	27	25	35	25	13	30	4	25	14	32	1	5	0	6	35	2	34	9	31	
9	6	34	43	16	10	31	5	11	13	41	12	4	25	26	30	24	11	24	28	3	8	11	9	33	35	19	4	3	13	36	25	6	29	0	18	38	12	9	17	
39	26	40	36	22	28	1	17	2	5	30	24	21	30	11	20	35	39	4	15	26	25	9	39	1	42	29	7	21	25	19	35	23	27	1	0	28	12	28	4	
27	32	1	29	1	29	31	20	7	27	10	6	17	23	20	28	2	21	6	5	29	28	14	2	36	11	10	33	11	28	31	33	25	26	29	1	0	27	33	6	
2	27	11	40	12	27	46	37	9	29	39	41	7	8	20	32	6	8	19	22	26	19	9	32	38	42	25	32	16	19	3	40	14	28	2	5	20	0	23	37	
11	4	38	10	7	34	9	26	3	18	31	21	26	12	39	28	18	20	32	32	6	21	4	36	28	46	37	11	16	3	16	19	27	40	40	15	18	33	0	32	
26	25	16	28	36	14	19	34	12	36	48	9	26	32	4	22	15	6	14	20	10	20	10	43	44	27	10	3	13	2	24	16	12	37	12	12	28	11	41	0	
M1
0	36	28	27	10	32	17	31	6	21	15	9	5	14	27	40	14	18	30	18	12	18	38	43	37	35	40	23	9	38	14	17	17	22	37	44	34	27	45	19	
17	0	45	45	21	7	30	43	11	18	30	9	29	12	10	29	15	21	12	19	36	33	4	3	12	14	6	12	21	20	13	29	17	29	42	36	22	25	10	8	
20	35	0	40	28	14	37	16	18	5	37	14	20	40	5	24	2	28	24	24	12	4	2	10	19	21	34	19	41	41	16	14	12	5	1	10	23	32	37	38	
36	33	32	0	11	5	16	1	9	26	28	25	23	23	15	29	13	16	42	17	19	16	4	33	10	12	33	10	36	25	11	9	15	36	40	26	26	14	4	38	
13	33	14	10	0	10	23	4	1	32	12	4	32	8	1	33	18	20	26	22	28	31	9	10	15	17	30	15	28	38	14	36	12	24	44	35	35	6	42	37	
29	26	37	47	47	0	21	49	2	29	21	18	20	33	34	44	6	12	35	10	36	44	28	33	3	5	26	3	32	47	4	24	8	41	33	27	44	16	30	39	
27	45	6	17	35	30	0	16	34	24	20	36	39	27	41	33	19	27	35	14	14	14	2	25	29	29	25	35	47	19	2	11	14	27	31	26	6	39	1	22	
23	3	6	16	14	38	19	0	41	37	39	12	24	30	22	29	19	29	37	32	12	41	7	2	41	38	16	26	29	26	29	1	31	27	2	41	25	10	47	39	
33	26	15	33	35	6	29	33	0	14	23	26	28	13	5	4	13	5	33	5	8	23	25	37	11	13	8	4	11	34	12	19	16	24	40	27	33	15	6	14	
8	19	16	27	48	33	34	17	35	0	38	36	4	44	11	8	31	46	8	8	16	13	26	32	23	12	44	5	46	34	23	1	8	1	21	12	44	27	29	31	
11	17	32	37	19	40	36	36	16	34	0	25	13	17	9	2	24	32	34	38	16	35	49	14	19	41	41	34	23	23	23	22	20	14	10	31	38	7	39	33	
29	27	36	41	5	6	23	28	10	31	29	0	1	37	31	28	14	20	7	15	4	41	13	4	11	11	10	11	35	3	12	21	8	13	40	35	28	10	9	44	
33	28	9	18	33	3	26	9	3	14	13	23	0	3	2	32	4	10	33	15	16	13	10	7	8	10	20	8	1	35	9	9	13	14	23	16	8	6	17	11	
17	12	43	21	13	26	36	25	17	16	15	32	11	0	18	12	17	6	35	18	18	11	32	35	13	24	34	12	3	33	32	2	28	16	23	25	28	27	29	13	
32	2	16	5	32	11	14	29	15	13	6	21	28	32	0	11	19	25	25	18	37	29	11	9	1	2	15	16	22	47	17	25	17	24	30	36	26	23	34	32	
2	29	12	17	16	1	5	23	5	23	17	21	23	15	8	0	9	15	13	13	31	7	31	36	6	8	12	6	35	22	7	27	11	35	28	27	31	19	33	40	
26	8	34	5	49	9	32	35	13	7	16	1	19	7	1	14	0	23	17	21	25	31	39	39	14	4	17	11	20	46	1	19	19	19	30	30	7	27	25	30	
28	37	47	9	36	33	6	32	37	23	22	6	1	48	22	19	31	0	24	25	21	22	7	33	6	40	37	32	10	2	22	18	24	23	32	18	35	13	30	20	
2	35	18	32	3	31	38	23	1	13	20	20	25	23	35	17	29	13	0	23	23	20	35	43	29	36	39	29	8	3	24	16	22	21	19	17	17	30	34	18	
31	12	39	38	47	5	28	29	9	12	16	25	24	29	16	31	13	16	22	0	17	19	35	4	10	12	33	10	7	20	11	15	15	14	39	29	26	23	37	17	
29	2	5	41	21	39	10	13	12	10	45	32	12	7	32	22	19	20	29	14	0	1	24	5	1	23	43	26	41	48	44	21	14	6	2	25	10	18	40	12	
10	21	42	38	2	31	42	8	35	21	22	14	1	38	3	24	16	29	24	1	35	0	13	34	25	35	2	2	20	15	37	28	30	6	49	5	30	5	35	6	
9	2	28	26	42	31	42	27	17	21	47	32	10	30	19	18	25	11	9	19	19	27	0	9	36	33	11	36	49	7	15	33	32	32	45	13	15	35	27	11	
11	48	21	34	24	40	28	19	29	38	19	7	28	36	44	25	1	13	47	14	13	46	6	0	9	31	11	44	38	28	36	35	22	15	11	32	44	39	31	45	
21	23	32	27	20	10	25	33	3	5	31	6	20	12	27	5	16	24	22	13	12	15	28	28	0	17	38	15	37	27	16	17	20	17	24	26	31	11	4	19	
7	26	44	26	33	29	46	5	33	38	20	43	45	30	28	26	5	29	41	41	30	1	6	46	34	0	29	26	28	12	35	4	39	24	7	3	6	45	32	38	
16	30	3	24	48	30	31	29	30	20	19	5	16	20	42	38	1	4	19	22	22	19	36	13	35	37	0	29	7	3	19	15	30	20	12	42	24	10	22	17	
32	28	30	16	20	1	24	17	5	20	24	21	4	36	25	15	9	15	28	13	29	20	31	21	6	8	12	0	35	26	7	2	11	30	36	6	23	18	3	34	
25	20	33	24	34	16	32	15	20	6	5	36	10	36	28	24	14	2	25	8	8	5	22	35	21	23	24	15	0	48	22	1	25	6	36	28	18	17	46	3	
42	28	28	39	6	30	40	47	26	39	27	34	31	18	4	6	16	37	47	21	37	23	16	42	11	7	46	25	42	0	12	44	11	34	1	41	49	25	6	45	
31	30	40	9	19	13	27	37	9	23	32	10	8	24	5	2	21	14	42	25	8	16	6	14	6	1	9	18	43	27	0	24	4	28	31	29	19	16	34	37	
31	39	25	10	27	38	6	33	42	12	27	48	8	7	8	31	36	24	31	30	30	27	16	41	8	9	33	28	15	43	29	0	7	12	8	29	1	11	33	25	
25	41	1	38	19	46	12	39	18	15	35	47	3	28	9	22	26	32	11	9	38	33	45	29	40	26	17	31	23	27	2	27	0	26	10	4	25	20	2	23	
31	31	17	11	43	3	26	21	2	28	10	23	25	24	39	6	11	17	26	15	15	38	2	19	8	10	27	8	26	32	9	2	7	0	38	31	41	21	18	12	
3	33	7	18	9	23	45	39	27	30	29	21	20	1	1	16	31	6	35	32	20	29	2	35	19	30	46	17	17	7	8	25	14	30	0	41	42	41	18	14	
34	30	13	45	43	13	36	2	9	31	30	30	19	24	48	44	7	6	45	17	3	22	19	25	18	20	22	18	18	46	19	25	13	31	37	0	43	31	45	9	
29	27	18	41	8	3	26	42	7	31	2	9	16	35	38	12	11	11	27	15	3	37	9	2	8	10	19	8	31	40	9	17	8	22	9	8	0	9	11	27	
27	33	9	10	49	13	32	36	5	8	18	22	3	34	14	11	21	12	27	25	28	30	24	1	18	8	5	14	27	3	8	2	23	20	23	31	45	0	32	31	
22	3	35	7	27	36	35	38	3	29	28	6	31	22	33	4	4	13	37	31	11	12	37	6	41	6	36	38	16	23	1	24	43	1	13	36	27	7	0	26	
25	5	3	12	13	26	17	32	8	6	16	46	7	14	28	25	9	31	25	20	7	18	10	49	28	29	33	22	22	40	24	18	19	11	22	28	24	41	3	0	
M2
0	18	17	23	34	21	16	21	29	20	18	9	27	3	4	26	33	14	21	7	18	26	34	17	25	6	30	35	16	22	23	12	20	5	1	26	32	23	3	17	
29	0	9	27	33	7	14	36	29	24	34	10	34	19	35	3	7	21	28	37	25	35	31	26	33	17	25	33	24	30	33	16	20	14	21	20	46	26	33	16	
2	10	0	3	1	11	11	29	10	23	24	8	26	26	24	20	29	9	22	12	22	12	22	21	25	24	11	1	5	9	12	16	1	21	23	17	23	7	26	15	
10	13	15	0	29	12	6	7	7	11	5	3	6	10	23	23	2	27	1	24	16	14	6	15	23	4	11	20	6	2	13	18	2	22	19	12	18	8	26	16	
20	9	21	27	0	15	4	15	18	34	18	18	36	8	7	12	32	30	16	30	7	22	21	3	10	10	19	22	15	18	38	18	11	27	27	17	12	2	18	25	
18	25	30	18	26	0	3	32	24	28	24	8	20	20	11	16	4	17	1	2	4	21	7	15	23	24	20	8	14	24	18	33	15	35	39	33	25	21	7	23	
17	25	31	33	36	25	0	5	18	20	6	17	13	14	6	19	9	34	12	26	27	22	8	30	20	33	15	10	19	38	31	26	15	35	33	15	29	21	20	28	
24	4	25	31	30	32	4	0	20	36	17	5	35	6	18	19	13	35	26	34	26	11	26	25	28	14	4	5	24	14	35	28	28	16	5	8	30	25	35	39	
3	8	20	23	3	17	17	18	0	2	25	14	2	11	28	2	15	6	5	26	6	11	29	20	8	9	7	16	9	25	32	23	7	27	3	19	3	13	27	17	
5	24	12	13	1	23	13	23	7	0	25	12	2	16	20	20	15	33	5	30	16	11	29	11	14	23	7	16	9	27	16	12	13	30	27	18	20	19	29	17	
22	20	18	28	22	17	15	3	20	36	0	20	36	10	21	14	28	25	3	10	7	21	8	5	13	11	23	18	17	21	6	25	13	31	29	24	13	19	2	11	
8	17	37	47	42	33	10	5	36	39	1	0	31	30	14	20	37	38	14	30	27	27	28	25	33	31	15	27	4	20	9	3	33	21	30	37	33	22	22	31	
2	20	27	22	35	19	19	19	3	32	21	16	0	20	27	31	11	31	1	30	12	7	25	22	15	29	3	12	5	33	44	35	9	28	24	36	37	15	26	13	
8	4	18	20	32	3	7	2	14	6	26	12	17	0	16	37	30	35	1	27	12	13	30	33	34	22	15	22	9	9	22	9	5	1	11	22	8	11	4	19	
18	16	8	14	1	13	19	19	16	22	22	16	34	6	0	10	8	27	10	20	21	20	1	1	9	13	19	11	13	17	12	27	9	29	25	20	21	3	15	19	
16	22	34	35	28	23	29	19	17	17	32	17	17	2	19	0	30	4	20	28	8	26	29	11	19	23	8	31	23	13	16	37	19	27	12	3	36	25	29	32	
13	15	35	25	5	14	14	32	13	7	39	10	20	8	24	23	0	3	23	26	13	21	10	38	37	27	14	4	8	26	26	7	4	14	26	19	23	10	33	6	
21	36	32	17	38	33	29	39	10	31	34	36	37	26	37	15	19	0	21	46	17	40	11	21	29	33	37	17	24	1	4	21	29	38	10	32	42	1	3	34	
19	23	31	4	30	22	20	33	11	12	25	20	28	19	13	3	11	18	0	3	25	22	23	16	24	20	25	2	20	6	19	34	16	6	23	20	27	22	15	16	
9	17	21	25	23	16	10	23	15	28	15	13	31	11	22	15	27	8	28	0	18	12	22	6	14	18	16	21	10	15	9	32	6	26	30	25	21	12	12	20	
17	16	17	8	18	13	18	23	16	31	1	15	27	6	11	10	4	28	23	24	0	11	11	1	9	13	18	26	12	17	13	1	8	5	22	20	1	14	6	14	
26	23	1	33	13	7	27	5	35	35	22	15	30	30	35	37	33	29	13	32	29	0	37	28	36	17	35	41	1	33	18	29	31	8	14	29	22	6	20	24	
9	14	40	26	8	13	7	14	7	26	43	10	25	25	18	13	35	18	1	25	18	20	0	35	37	29	13	33	3	20	3	38	3	3	1	5	21	9	22	17	
13	11	19	25	13	8	14	25	11	27	17	11	29	1	12	5	25	23	22	26	16	15	14	0	4	8	14	28	8	12	35	22	4	24	20	15	33	10	28	18	
13	31	19	32	17	19	34	30	8	3	34	20	25	5	24	20	35	16	22	18	6	34	22	31	0	24	18	1	11	29	24	14	26	3	10	7	26	13	22	17	
14	3	2	8	19	14	1	28	14	28	23	12	21	7	10	11	31	26	6	11	3	18	20	2	10	0	15	26	1	7	23	5	5	13	26	21	39	11	30	19	
17	15	15	19	32	2	14	29	18	23	7	17	13	6	23	24	17	19	16	6	16	19	33	15	15	4	0	27	14	20	6	18	18	18	35	2	34	24	25	28	
3	18	17	20	34	13	16	22	23	18	18	6	18	18	6	2	26	20	4	24	18	25	4	17	18	6	23	0	4	11	32	20	20	18	25	15	8	3	14	33	
4	16	33	28	19	15	4	3	14	22	18	12	30	15	7	11	9	14	8	16	16	22	14	10	18	22	15	35	0	4	19	20	5	25	26	28	15	11	28	19	
9	27	14	31	6	21	20	19	17	4	25	10	12	21	3	18	15	4	15	3	3	21	25	16	16	27	6	4	18	0	2	11	16	32	13	34	16	19	22	12	
26	19	9	13	27	27	17	4	24	20	31	5	22	23	20	9	35	19	22	24	19	22	36	18	11	7	13	36	17	16	0	21	21	21	35	7	24	25	8	1	
18	29	19	30	18	12	37	24	34	41	10	22	36	24	19	18	12	13	12	31	7	10	5	19	20	31	31	22	9	32	15	0	27	24	18	20	40	33	31	11	
6	8	34	20	25	7	7	25	6	20	41	4	22	30	30	40	35	29	25	19	20	14	28	32	39	33	7	36	1	25	35	34	0	17	28	24	38	3	30	11	
12	20	25	15	35	2	24	13	13	13	26	3	8	8	33	22	18	23	11	17	22	17	15	18	25	14	13	19	15	30	7	28	19	0	3	7	37	16	5	20	
7	12	4	14	19	11	11	6	9	24	28	8	26	10	4	31	1	19	6	23	19	18	32	34	14	24	11	27	5	7	34	30	1	20	0	21	21	7	31	15	
19	20	30	10	8	9	9	24	19	8	27	8	24	5	18	16	5	30	18	32	27	26	22	7	15	19	17	19	14	20	29	33	10	21	15	0	44	16	39	24	
3	19	12	24	30	25	10	28	12	11	30	25	7	16	26	22	6	14	10	20	4	8	31	13	21	7	12	12	14	23	31	11	18	29	25	2	0	13	27	12	
41	13	29	8	37	3	28	2	14	32	9	18	43	34	17	38	35	28	31	28	30	32	28	29	2	18	5	41	19	15	34	32	32	30	20	31	35	0	8	39	
18	16	4	23	37	2	26	4	6	28	16	32	39	3	27	24	36	31	15	36	18	10	20	20	9	16	22	40	8	15	37	30	28	34	4	39	23	9	0	14	
12	21	12	2	9	9	19	21	6	30	29	20	8	23	2	12	21	1	11	18	22	17	27	26	25	15	13	22	15	22	24	29	19	3	20	23	37	20	10	0	
M3
0	32	40	27	34	30	25	33	22	28	16	31	30	36	5	35	36	18	30	30	33	26	23	34	27	14	16	6	27	9	34	3	24	12	12	19	39	6	21	22	
3	0	10	10	17	1	4	7	12	25	34	13	17	23	23	6	7	26	5	20	35	4	25	13	18	22	13	14	2	22	17	19	7	7	3	14	17	25	9	9	
26	17	0	19	7	22	5	17	14	8	8	19	15	28	11	1	28	12	9	19	9	6	15	34	19	15	12	5	14	11	8	2	30	14	23	22	19	19	3	14	
6	12	14	0	27	17	22	30	12	20	18	11	24	31	20	22	23	10	17	4	19	1	25	29	21	27	24	24	21	6	1	3	12	23	14	26	14	37	23	7	
20	3	2	25	0	16	19	29	12	28	18	28	30	3	9	21	9	32	3	15	22	7	25	28	8	15	24	36	15	28	21	34	21	22	25	17	5	37	19	8	
2	12	27	7	25	0	17	14	9	22	31	10	14	25	20	3	4	23	2	17	32	1	22	10	18	19	10	37	33	19	14	16	22	4	23	11	14	22	25	6	
3	11	25	34	7	27	0	31	33	27	41	5	16	2	7	32	33	39	17	6	37	23	15	13	28	9	14	36	18	28	7	41	37	7	8	40	7	46	33	27	
18	28	5	21	35	14	6	0	25	13	44	17	30	31	36	9	20	37	18	31	16	17	34	14	4	17	17	36	47	17	20	30	16	20	28	1	13	36	3	20	
14	16	18	12	27	10	9	26	0	29	27	4	11	24	23	15	16	22	14	22	37	13	12	1	30	3	22	15	4	13	19	10	25	7	32	23	26	34	9	18	
31	32	8	33	8	27	35	19	37	0	33	17	33	17	29	32	33	19	31	23	16	26	15	32	33	42	6	16	44	41	40	24	8	21	1	35	31	32	38	16	
19	17	20	7	21	15	5	19	2	20	0	24	10	16	19	20	21	23	10	12	16	6	3	26	7	5	2	28	11	6	14	16	25	19	17	23	19	15	1	2	
9	29	23	24	13	15	32	31	26	1	28	0	3	2	33	7	21	13	15	18	16	18	20	27	35	16	19	3	31	11	4	26	22	21	16	3	2	36	20	6	
3	24	19	18	10	14	19	18	16	8	10	26	0	16	24	19	14	34	4	26	30	13	2	26	20	7	16	27	16	4	25	10	21	11	23	10	20	18	2	14	
5	15	15	10	27	1	7	17	8	25	2	13	16	0	4	6	6	26	5	18	4	4	9	13	13	11	3	28	6	12	17	19	25	6	23	12	17	21	1	8	
23	22	21	12	12	20	10	24	7	22	1	29	15	21	0	22	4	28	15	17	21	11	8	1	7	10	7	9	16	5	15	21	18	23	7	3	18	20	2	3	
13	19	21	1	34	16	25	32	4	27	16	18	30	35	17	0	16	17	20	11	21	8	21	6	21	25	22	29	28	13	8	10	9	13	12	14	21	13	21	4	
18	20	28	8	39	14	29	15	12	21	20	25	25	35	31	19	0	11	18	7	5	15	21	1	20	5	26	17	35	20	11	17	26	20	25	9	11	32	25	12	
15	21	21	3	20	26	31	36	21	26	26	20	3	13	9	29	26	0	10	13	25	10	20	11	27	25	14	33	26	15	10	12	21	27	23	10	23	33	20	13	
9	19	34	14	30	5	3	21	16	28	30	17	5	31	27	10	11	30	0	4	10	8	17	17	12	7	8	11	20	24	15	23	7	11	13	14	21	29	9	13	
10	13	10	19	2	18	17	31	13	23	8	26	8	23	21	23	24	7	18	0	22	2	15	29	14	17	14	4	23	5	12	21	1	20	29	28	15	6	13	14	
14	9	26	15	14	29	25	35	24	38	18	32	15	25	17	34	32	1	18	25	0	22	25	22	16	3	4	31	7	27	22	14	7	35	31	22	35	37	20	14	
10	1	26	15	16	6	24	19	1	11	29	14	22	20	9	11	12	15	10	8	30	0	26	18	10	27	18	34	22	20	4	18	27	12	23	19	3	28	29	14	
7	13	8	12	9	3	20	7	13	8	24	15	19	5	13	8	9	27	7	20	19	2	0	15	9	24	15	16	25	24	16	21	23	7	23	16	15	27	17	3	
12	12	15	36	34	28	28	3	3	31	40	30	36	30	30	30	21	38	24	43	4	27	16	0	6	25	26	7	30	2	34	5	28	32	7	27	22	30	35	5	
18	24	11	6	27	29	25	29	24	27	24	21	17	11	32	20	32	21	12	16	31	13	23	16	0	33	30	36	32	18	3	6	24	1	5	20	7	42	29	15	
17	16	18	22	11	13	9	17	16	10	34	2	29	15	18	18	19	36	17	12	29	12	1	25	19	0	21	26	6	34	26	31	15	11	17	26	25	37	4	13	
3	23	31	11	27	28	7	38	5	31	31	28	10	41	28	33	34	19	21	21	12	12	27	3	21	19	0	41	13	23	16	20	23	11	2	10	25	19	15	3	
20	16	12	31	29	25	39	29	35	17	31	17	12	27	35	20	31	17	29	25	20	24	13	37	20	34	24	0	37	31	6	12	18	12	32	18	27	21	3	23	
26	12	30	15	29	22	27	29	17	26	18	3	14	6	25	17	28	17	13	8	34	6	13	34	26	19	13	28	0	13	1	21	33	28	34	35	19	31	17	9	
9	4	24	26	9	24	11	30	24	34	35	36	40	8	32	16	27	38	5	28	45	13	41	6	10	6	12	37	16	0	1	35	30	9	26	16	26	21	32	20	
13	6	1	22	12	26	20	2	17	8	11	37	25	31	17	16	32	17	11	16	15	21	18	28	22	13	15	37	26	19	0	17	14	20	23	23	23	5	16	13	
6	27	26	17	27	21	15	25	12	17	6	18	13	23	29	24	27	11	20	3	26	16	9	21	15	15	12	7	21	16	24	0	35	25	27	32	29	13	11	12	
21	12	22	15	14	17	13	21	3	22	4	5	18	19	27	21	23	31	18	20	9	14	5	3	15	13	10	19	6	14	20	10	0	21	25	1	23	23	9	10	
23	1	26	21	35	21	19	1	13	15	10	27	24	1	33	26	1	37	24	10	29	20	17	1	18	19	16	11	8	20	17	27	21	0	14	34	33	7	5	16	
5	15	30	10	7	1	20	17	12	25	34	13	17	28	14	5	7	26	5	20	32	4	23	4	8	1	13	3	17	4	17	19	24	7	0	10	17	22	28	9	
12	15	1	13	6	13	28	4	15	18	28	25	3	15	21	18	19	29	17	22	20	4	1	7	9	25	22	26	34	1	18	22	17	15	3	0	16	5	5	13	
36	34	37	24	24	32	22	36	19	37	13	30	27	4	10	37	23	24	27	18	16	23	20	4	24	16	12	39	28	21	31	22	3	11	34	18	0	31	18	16	
16	14	30	17	8	12	15	28	12	30	6	2	15	21	16	17	9	33	1	15	14	15	13	20	17	7	12	38	21	6	24	26	22	18	27	3	28	0	3	12	
18	24	10	6	17	25	5	31	14	32	8	23	22	27	31	2	3	16	22	13	27	13	15	14	10	9	14	22	15	13	13	15	23	16	23	27	5	27	0	14	
29	29	3	19	33	25	17	22	14	32	8	36	22	28	31	1	31	35	7	24	28	18	15	7	19	17	14	32	23	18	11	9	37	31	22	17	31	26	13	0	
M4
0	14	34	1	27	21	31	32	43	17	36	18	9	12	20	22	22	23	34	39	16	36	27	16	38	29	5	39	33	29	17	20	29	33	1	43	3	34	30	13	
22	0	29	24	16	17	37	32	16	35	8	12	23	7	28	35	13	24	27	25	30	33	9	5	6	6	1	16	14	38	27	37	13	1	19	31	40	1	4	30	
3	27	0	27	3	23	18	39	8	28	34	27	34	19	33	6	32	27	32	28	28	34	39	8	31	2	48	22	35	25	37	7	8	27	17	30	29	40	8	29	
30	12	17	0	17	17	37	13	33	41	28	31	40	5	41	44	33	42	33	8	4	12	17	30	15	14	19	26	8	31	20	19	12	8	37	13	34	6	38	6	
35	14	36	8	0	20	20	20	24	13	15	20	27	42	9	29	28	7	25	29	26	21	18	1	34	36	44	7	34	1	30	42	15	24	22	13	23	37	25	28	
33	32	37	21	7	0	11	9	8	5	30	30	36	24	23	19	24	26	39	11	42	3	11	11	18	6	9	32	20	26	16	1	27	11	7	23	15	9	24	23	
2	32	2	20	4	21	0	22	28	30	2	4	17	46	10	12	28	18	6	15	37	16	8	8	10	38	12	26	24	19	31	38	19	15	32	1	16	10	32	27	
29	4	11	35	43	30	11	0	24	33	32	7	49	13	19	39	12	17	23	26	11	11	18	34	19	7	14	11	22	37	24	15	2	34	27	38	6	22	38	27	
25	24	11	14	32	16	9	18	0	28	7	34	23	11	6	26	22	1	22	23	25	32	20	18	4	15	37	20	8	36	25	38	5	10	15	11	23	20	34	22	
28	25	35	13	8	8	20	38	17	0	27	15	13	20	9	29	21	24	30	30	1	31	28	7	22	16	18	9	5	30	36	30	9	5	2	26	11	23	18	9	
9	16	20	24	11	23	23	21	26	3	0	41	32	4	12	32	14	26	10	7	5	30	18	27	36	28	23	27	23	33	4	44	21	27	12	5	29	39	21	14	
21	30	15	13	35	19	35	45	28	18	10	0	40	29	42	12	14	7	45	26	21	40	29	18	35	18	21	6	35	17	2	18	27	38	9	41	30	13	17	31	
2	17	23	18	19	19	20	35	22	21	2	8	0	6	9	17	25	28	23	13	23	33	33	24	28	6	36	20	9	33	36	17	14	23	7	32	8	8	6	26	
22	29	26	25	9	8	32	16	24	3	31	22	13	0	39	40	9	5	28	26	2	32	13	31	35	35	26	29	3	31	11	30	25	20	15	4	19	34	8	33	
29	44	30	17	32	4	4	24	33	15	11	22	34	38	0	13	24	27	36	14	24	25	17	8	22	21	34	31	18	43	35	26	2	8	22	23	10	34	48	14	
31	37	39	19	17	1	11	31	30	27	16	32	38	25	17	0	10	35	33	6	40	13	18	28	40	28	31	8	34	39	37	23	13	23	5	22	22	31	33	30	
26	40	34	18	18	24	23	11	4	36	6	7	28	17	23	7	0	12	7	3	6	10	27	28	27	15	40	8	18	40	28	16	28	33	12	12	10	1	39	6	
3	8	35	6	42	37	38	49	27	38	23	9	4	35	46	20	18	0	14	25	34	47	42	39	32	45	13	31	49	35	46	19	11	22	17	20	22	27	38	19	
39	32	25	20	12	25	25	17	36	20	31	10	43	31	14	34	23	24	0	31	40	10	29	22	18	4	27	7	38	16	38	8	23	28	40	26	31	34	31	30	
3	38	25	27	23	23	8	38	19	34	3	24	2	35	12	26	24	32	46	0	30	29	22	18	41	34	11	36	37	25	10	12	4	27	41	35	23	38	10	33	
11	24	5	16	13	28	31	40	3	27	3	30	22	25	28	18	11	11	28	32	0	5	22	26	14	26	22	19	4	33	23	42	26	29	17	32	1	24	20	16	
25	37	23	18	2	33	3	22	6	36	32	21	5	11	22	31	33	4	21	28	18	0	37	24	29	40	46	30	10	24	37	49	30	35	11	14	36	24	31	34	
41	14	25	1	39	30	33	41	5	39	20	20	39	21	24	41	33	25	33	38	30	35	0	31	20	29	15	36	10	24	41	10	29	30	34	31	36	36	33	5	
17	25	33	3	20	3	23	21	32	16	30	2	9	38	12	13	39	2	11	27	28	27	35	0	25	18	26	26	37	42	12	25	21	7	18	22	20	27	48	10	
9	10	11	6	27	2	28	14	6	28	1	32	31	30	31	27	6	26	37	7	36	26	19	33	0	29	28	4	28	30	9	24	30	34	10	13	35	4	41	35	
32	11	25	12	17	26	35	40	30	8	27	4	13	48	36	9	32	11	35	5	25	34	35	7	14	0	3	19	38	30	35	38	29	8	28	1	16	30	44	34	
25	33	15	23	15	35	35	34	27	39	15	10	39	23	24	35	10	31	5	16	27	6	2	26	30	32	0	12	9	37	27	14	10	2	3	37	30	17	37	22	
7	7	6	31	6	23	22	33	39	32	37	34	25	34	36	39	40	1	43	19	7	19	25	15	39	31	26	0	33	28	22	11	37	31	47	23	27	38	19	5	
36	12	35	33	24	13	15	30	6	23	6	2	12	20	20	27	8	26	1	21	8	25	12	16	29	20	43	22	0	35	33	35	29	1	30	11	2	10	44	6	
27	26	15	21	33	6	27	18	17	32	28	35	27	19	16	36	13	37	10	34	36	15	31	31	15	33	10	31	17	0	24	26	25	4	34	34	31	31	19	37	
33	12	5	29	42	14	36	27	43	15	18	22	22	41	25	39	31	6	32	15	37	35	22	9	34	39	3	30	32	18	0	25	9	33	21	32	21	26	22	36	
19	25	39	1	12	21	37	29	9	15	10	21	16	4	27	32	39	21	30	36	36	30	13	2	32	33	40	40	36	6	21	0	7	1	37	4	30	14	4	3	
34	23	25	4	34	26	22	34	26	9	37	25	32	16	35	23	30	6	34	4	15	32	1	6	41	19	15	35	15	38	4	14	0	30	8	16	6	44	26	14	
28	25	3	20	33	27	17	36	31	42	7	33	33	27	43	12	31	8	22	32	7	31	12	14	13	40	6	29	18	35	14	34	4	0	7	2	41	7	46	17	
7	31	34	4	7	24	25	42	23	37	16	23	30	1	22	34	39	23	25	25	30	33	7	4	25	32	39	28	16	29	25	26	31	28	0	41	30	17	24	6	
37	6	6	25	32	27	9	36	29	38	22	25	39	8	33	10	1	10	13	4	3	33	26	33	37	15	38	13	36	20	22	12	9	16	31	0	17	3	2	31	
30	19	41	8	26	16	5	36	32	19	1	16	8	29	5	13	34	26	26	13	34	37	16	10	18	24	44	25	2	31	33	6	14	20	34	29	0	20	12	9	
1	8	29	23	34	22	32	14	29	2	31	6	3	7	38	5	1	35	26	17	3	19	35	17	48	9	32	13	40	28	13	3	21	5	10	19	14	0	18	20	
18	35	45	33	38	11	40	41	34	37	22	7	43	32	38	36	7	10	36	27	21	17	12	30	22	31	36	38	42	34	35	15	41	35	12	26	32	32	0	15	
35	30	23	22	17	17	14	7	30	28	1	33	40	28	6	10	36	24	4	9	22	21	29	19	21	34	21	26	7	33	2	39	11	21	9	23	16	37	26	0	
M5
0	1	21	31	37	23	45	9	1	32	24	6	20	17	39	22	27	21	24	3	21	23	17	12	37	3	35	38	20	6	16	4	36	26	8	8	22	15	23	32	
34	0	25	2	23	16	33	18	7	21	22	5	5	32	25	24	24	23	10	1	30	18	35	30	20	24	17	23	31	24	3	18	25	25	37	4	24	36	33	3	
42	2	0	32	26	20	34	9	19	22	13	29	9	34	27	11	16	20	37	28	17	12	6	26	1	38	29	25	4	30	18	26	19	32	8	7	17	5	13	11	
6	23	26	0	30	9	9	1	1	32	17	21	13	6	40	15	12	25	27	33	11	16	10	5	30	41	27	24	28	32	10	29	9	23	7	16	21	26	26	16	
26	23	27	16	0	11	18	26	4	22	24	6	25	26	19	28	10	8	12	8	4	6	23	25	30	25	25	29	26	10	34	22	27	40	5	24	8	36	21	28	
27	1	2	21	33	0	33	19	3	5	16	13	19	11	12	10	22	18	9	24	18	16	16	21	22	1	27	18	10	4	27	30	21	33	1	3	17	14	8	32	
41	16	31	38	26	30	0	20	18	22	15	22	16	29	17	26	16	1	2	17	14	27	21	7	1	11	1	19	35	2	15	31	17	9	13	13	12	29	18	16	
16	23	29	21	13	23	32	0	9	21	21	9	27	20	28	15	27	17	13	23	5	9	27	28	31	27	9	30	36	27	41	10	12	15	29	20	24	37	8	31	
2	5	21	31	28	7	3	11	0	18	15	5	4	35	30	8	18	16	26	27	16	4	8	23	15	2	21	29	42	22	5	2	9	37	7	19	19	29	28	23	
22	15	32	35	14	13	25	16	22	0	20	6	16	40	21	18	20	18	6	12	4	19	13	38	24	20	24	12	22	31	37	26	21	47	10	21	24	33	42	22	
40	16	30	13	29	15	33	19	16	19	0	21	7	29	20	11	19	10	5	20	13	6	16	23	1	16	10	7	27	24	11	38	20	8	5	25	17	2	23	28	
41	18	27	38	21	19	33	8	14	27	3	0	8	13	7	10	14	6	1	16	17	11	5	2	10	9	12	2	34	29	27	20	11	22	1	11	7	14	26	28	
8	16	6	36	19	17	31	6	28	7	10	23	0	7	33	8	13	32	34	31	15	9	3	13	34	32	16	24	29	13	37	25	22	32	5	14	14	24	22	30	
8	13	22	38	27	10	30	18	23	27	7	1	3	0	14	20	1	5	7	22	10	11	17	25	25	21	7	24	2	21	30	22	22	5	11	22	14	23	13	7	
5	14	23	16	18	15	29	4	29	23	8	3	4	29	0	6	11	18	16	30	13	7	1	2	13	30	25	3	12	12	2	12	21	16	1	12	12	22	30	28	
36	30	8	6	38	19	39	21	26	29	15	33	21	12	18	0	22	30	39	25	30	13	18	30	33	20	32	10	23	15	40	9	17	37	20	29	4	29	14	15	
39	17	11	21	37	19	17	16	33	25	15	25	12	28	20	1	0	14	17	7	15	23	17	32	35	22	35	20	27	2	11	13	9	12	19	28	21	34	43	28	
16	12	8	4	33	3	15	20	24	17	22	18	17	28	31	22	15	0	38	23	29	7	17	26	39	24	4	25	16	25	3	26	27	38	19	8	28	35	2	29	
33	13	20	27	14	29	39	18	6	16	8	18	4	24	5	20	4	30	0	5	27	18	15	37	8	4	8	7	23	24	29	35	5	34	17	15	26	17	36	28	
25	26	11	25	23	17	20	14	7	1	20	29	16	39	3	18	8	10	27	0	25	19	13	24	25	5	32	34	45	28	18	24	34	22	15	13	23	5	39	24	
34	26	13	23	34	42	1	16	37	25	6	28	23	32	35	5	5	16	23	6	0	9	38	28	28	13	17	40	32	9	34	36	3	35	17	4	25	36	24	31	
30	3	10	13	28	43	38	26	36	2	27	9	5	33	12	25	26	16	37	9	32	0	34	5	44	12	24	18	24	4	34	23	24	32	15	15	13	22	34	8	
38	12	21	32	19	13	27	2	27	21	6	28	2	27	29	4	9	35	30	28	11	5	0	24	30	31	23	20	43	23	33	21	20	39	1	10	10	20	28	26	
9	34	29	45	38	35	30	10	30	34	26	21	7	34	4	40	26	28	14	24	31	18	38	0	31	2	25	3	9	28	13	22	29	26	8	20	28	40	27	7	
32	10	23	9	29	27	1	17	23	25	8	15	17	23	22	19	1	4	7	18	7	9	14	2	0	21	19	21	14	21	8	9	22	2	16	19	11	24	36	1	
17	17	31	6	25	34	10	23	21	15	15	2	24	30	29	4	28	11	14	29	2	12	21	18	32	0	15	17	13	5	20	37	13	9	13	26	4	31	13	26	
12	32	16	18	29	33	10	3	18	21	25	25	22	32	14	6	6	19	11	14	31	15	19	25	26	1	0	26	21	2	17	21	26	31	17	30	22	4	6	6	
3	4	11	18	11	26	15	15	34	31	19	25	6	11	18	17	22	32	35	33	17	18	12	37	9	26	10	0	13	32	35	34	23	30	2	23	17	29	40	26	
33	16	15	23	39	6	39	26	30	16	4	22	29	36	14	36	19	31	15	17	10	12	31	31	1	29	33	16	0	30	29	30	2	40	27	35	1	16	42	17	
39	40	15	27	34	41	23	30	3	30	34	36	30	46	19	25	33	16	43	6	26	28	27	23	35	41	27	35	28	0	26	16	37	40	24	38	20	13	43	17	
42	42	17	16	22	41	35	28	31	33	38	6	35	39	5	10	9	15	28	9	14	27	32	38	39	24	42	45	21	14	0	11	2	34	16	43	18	17	27	39	
30	20	20	29	4	9	12	21	32	19	25	26	21	32	21	2	24	21	38	26	8	3	18	22	5	29	5	8	3	21	23	0	27	36	20	14	29	18	14	25	
20	11	24	21	21	16	11	5	20	6	9	29	5	30	23	7	12	1	33	23	14	6	2	17	23	27	26	23	19	24	36	24	0	42	1	13	1	23	31	28	
31	7	21	37	26	24	24	14	20	30	5	12	14	20	19	16	18	1	4	19	4	17	11	19	22	18	22	21	37	21	34	33	19	0	13	16	8	21	33	38	
35	4	25	31	30	6	6	12	24	20	9	16	18	24	4	20	1	5	8	23	8	21	15	16	20	3	6	9	28	21	28	6	18	3	0	6	12	15	5	35	
29	20	2	30	13	17	35	5	28	27	14	22	10	1	35	12	17	2	24	11	19	13	7	32	38	22	2	28	18	30	7	29	28	26	8	0	5	28	12	28	
12	23	32	42	24	22	29	13	7	23	1	26	13	5	39	15	20	21	30	34	8	16	10	27	28	21	2	1	6	8	19	32	26	27	12	21	0	6	11	28	
42	16	25	36	23	17	31	6	2	5	10	12	6	22	33	8	13	3	20	29	15	9	3	9	10	34	27	20	37	27	1	25	20	15	1	14	6	0	32	30	
42	34	24	44	19	28	13	18	10	3	8	7	10	14	29	40	26	28	31	27	30	30	35	36	33	42	40	11	16	17	25	12	21	26	37	24	35	41	0	41	
17	18	8	24	19	38	16	4	24	17	5	24	20	31	12	26	7	31	26	3	20	1	34	13	41	27	4	6	39	7	32	1	17	37	29	30	28	19	22	0	
M6
0	12	19	24	37	15	13	30	24	16	19	30	19	11	4	13	33	3	30	30	10	25	9	18	25	10	27	3	9	17	23	17	24	17	22	3	13	17	20	14	
31	0	8	28	30	28	38	22	25	18	28	31	19	19	22	8	26	33	17	41	30	4	27	36	7	21	32	30	18	33	19	26	8	24	8	30	34	5	38	12	
10	24	0	36	9	14	25	5	2	6	2	1	27	17	16	8	17	15	4	29	17	15	18	19	2	20	23	15	18	14	7	28	20	28	9	15	17	26	28	20	
5	19	14	0	16	22	20	28	18	16	15	18	26	14	11	6	7	10	2	18	17	3	16	21	17	17	34	10	12	16	30	24	11	24	18	10	1	24	9	21	
29	21	33	15	0	10	26	21	12	8	30	26	28	2	35	15	31	6	29	27	25	6	34	24	22	9	26	9	38	17	29	37	14	17	28	34	31	3	31	8	
29	3	20	10	25	0	21	32	13	11	5	13	20	25	15	6	2	6	35	16	31	32	10	17	24	37	29	10	20	18	30	21	32	32	13	11	5	18	21	21	
19	7	17	23	24	27	0	15	14	3	17	8	17	2	25	1	29	16	24	24	26	21	7	18	19	4	21	17	29	15	27	18	2	12	4	4	1	15	7	18	
23	17	12	23	31	12	19	0	26	11	12	19	12	17	14	3	21	16	24	24	25	5	2	3	19	4	21	17	6	6	18	13	4	12	21	11	1	10	13	13	
11	21	16	27	35	13	15	24	0	29	16	8	1	24	8	26	24	16	8	31	23	21	6	18	13	11	28	16	3	8	1	17	25	19	34	9	26	14	17	17	
20	4	10	41	35	18	21	23	16	0	30	23	31	7	26	28	12	25	41	45	16	16	21	31	11	32	4	20	21	18	1	24	21	36	23	16	35	29	15	28	
4	18	17	7	16	21	19	33	26	22	0	2	25	17	10	19	15	9	11	31	16	29	15	10	31	16	2	9	15	23	21	20	24	23	26	9	19	23	26	20	
12	17	26	27	36	29	25	14	24	30	20	0	28	22	12	27	13	17	29	29	24	28	22	16	24	9	14	17	13	21	3	25	23	17	24	17	23	10	13	27	
34	29	24	3	26	25	22	8	16	29	24	16	0	25	14	16	5	30	34	21	43	24	14	22	30	23	24	10	14	22	30	17	23	14	16	15	11	22	14	25	
22	15	6	25	32	2	5	30	4	14	14	20	14	0	28	32	9	18	32	1	33	37	4	15	20	29	30	17	22	12	18	15	26	27	20	13	28	12	15	15	
11	19	25	9	23	28	9	42	10	17	25	17	24	24	0	12	6	16	14	16	23	11	15	23	19	23	11	14	22	11	5	17	26	29	17	11	26	7	25	26	
26	12	15	26	34	30	20	28	23	14	15	31	15	27	30	0	29	31	15	36	3	4	5	3	15	38	10	10	28	13	30	16	9	28	4	14	29	2	16	16	
31	18	13	23	17	28	33	31	5	20	13	5	13	17	28	24	0	19	31	33	32	34	3	17	26	37	30	2	12	11	22	14	25	24	5	4	22	11	14	14	
1	15	22	16	25	18	12	4	26	18	22	15	22	12	7	9	36	0	24	24	13	20	12	11	14	4	21	6	6	20	24	20	18	12	25	6	16	18	23	13	
5	19	8	31	7	1	6	25	2	14	23	24	26	18	5	20	30	10	0	35	17	13	16	25	13	17	32	10	10	23	18	11	27	22	24	10	2	24	18	21	
28	32	1	25	26	9	17	25	19	18	23	19	11	19	5	10	8	18	22	0	33	40	17	24	21	6	4	16	23	19	25	11	15	14	19	8	28	8	22	28	
19	25	4	35	35	26	21	3	12	25	10	23	22	25	25	17	12	11	8	31	0	7	16	12	15	18	6	20	14	14	16	2	18	14	23	22	15	5	27	21	
26	5	13	6	25	18	28	11	13	7	2	5	13	18	32	23	8	9	9	35	20	0	8	19	22	16	30	4	21	16	7	9	25	10	19	17	23	16	13	2	
21	8	3	14	22	18	23	21	17	27	3	28	3	23	18	24	17	26	21	39	22	29	0	7	16	29	20	8	16	1	18	4	15	16	27	2	17	1	4	4	
2	15	23	28	22	18	13	4	15	20	23	23	23	15	8	13	12	7	15	34	14	1	13	0	29	14	29	7	13	14	27	21	16	14	16	3	15	21	5	2	
42	12	14	17	15	17	25	8	31	17	17	31	23	2	12	17	20	20	28	3	35	24	21	22	0	8	11	21	25	10	5	31	5	16	13	24	20	9	1	32	
38	35	37	13	34	17	11	47	17	26	31	36	13	7	44	39	38	6	14	14	21	34	46	22	9	0	11	7	40	40	27	43	8	2	26	33	16	17	28	31	
11	25	16	24	12	28	26	35	3	22	21	22	27	1	17	26	11	16	26	1	23	5	20	18	22	23	0	3	21	14	23	9	25	21	22	16	26	24	9	27	
17	24	25	7	28	34	32	26	18	5	10	45	38	6	23	29	34	22	23	17	29	23	28	1	36	29	32	0	28	36	6	36	9	13	5	22	32	11	27	24	
3	17	7	13	40	20	18	34	9	3	21	35	7	10	9	4	35	8	16	28	7	30	11	20	2	15	4	5	0	19	23	22	2	22	1	2	18	19	22	19	
27	20	15	21	28	6	29	31	16	28	22	16	2	28	33	19	5	30	27	40	30	28	14	6	4	39	9	9	22	0	23	10	6	11	15	12	33	19	3	25	
1	3	22	25	26	18	16	23	27	10	16	16	1	14	7	1	36	6	16	8	13	17	12	19	3	13	12	4	12	20	0	20	27	20	23	6	3	20	23	17	
9	15	30	34	29	19	11	18	22	27	4	22	17	15	15	14	11	14	9	41	21	29	20	7	5	21	13	13	4	4	6	0	8	4	21	14	18	9	18	11	
23	19	14	9	11	18	29	18	21	35	14	6	14	26	29	16	10	26	18	30	5	9	4	18	7	14	18	18	19	6	3	15	0	19	21	13	19	12	15	15	
3	14	18	26	21	20	18	28	9	21	4	26	16	6	9	2	15	5	34	35	15	16	8	20	3	15	14	5	8	16	17	19	28	0	24	8	18	16	15	11	
22	20	32	17	38	26	32	31	29	21	6	19	17	35	28	32	20	27	9	11	26	28	28	6	1	28	31	19	17	25	24	13	29	13	0	21	37	30	5	16	
21	24	26	36	30	19	26	28	18	9	18	1	13	13	12	32	7	3	34	14	12	34	16	29	27	20	2	15	25	12	27	27	3	23	18	0	32	6	11	11	
13	21	15	2	27	30	28	16	5	31	16	7	16	26	19	18	30	2	9	1	25	8	6	20	21	25	28	18	13	14	24	17	6	29	2	15	0	14	17	17	
28	30	3	3	30	1	12	19	8	35	25	25	25	20	33	32	14	19	12	27	34	6	15	13	22	7	17	20	8	23	16	26	15	15	25	9	29	0	20	26	
21	16	24	14	14	19	35	19	16	21	10	15	24	11	11	6	5	26	26	33	13	28	14	28	36	29	4	13	16	22	1	25	23	10	16	4	20	22	0	3	
36	3	30	24	13	6	28	7	3	29	17	24	30	13	32	11	13	19	13	32	8	15	20	21	23	22	31	21	21	22	30	23	22	2	24	23	19	25	31	0	
M7
0	2	13	16	12	14	8	41	10	42	23	14	29	24	24	31	32	43	19	25	12	5	14	38	34	33	4	40	4	1	23	17	27	28	36	4	25	32	28	12	
12	0	10	12	37	33	18	31	13	41	4	25	17	24	23	8	1	7	14	19	19	8	13	18	29	31	9	17	11	15	30	24	18	15	45	14	14	29	39	16	
14	33	0	17	17	33	10	24	12	48	16	13	2	28	47	10	22	16	26	24	27	22	1	8	27	28	13	33	6	30	28	14	19	5	24	26	23	13	27	23	
19	31	20	0	22	22	11	4	19	31	14	12	11	5	22	15	14	8	1	23	26	20	16	31	27	18	23	32	21	30	22	15	9	2	14	10	17	7	5	17	
9	2	13	20	0	27	22	41	6	44	20	16	17	7	1	12	13	42	30	23	20	5	17	37	16	3	15	14	27	4	4	24	6	26	15	19	29	20	23	32	
23	24	19	7	19	0	33	15	14	29	13	3	26	24	42	20	25	32	23	14	12	19	7	12	27	22	19	15	20	11	43	11	12	17	18	2	37	15	4	17	
26	27	22	10	4	29	0	5	17	39	16	6	17	36	2	10	27	22	26	17	20	14	10	14	27	25	45	4	23	11	28	14	28	20	2	6	12	15	16	28	
3	29	18	16	25	29	12	0	13	19	12	12	24	30	43	16	24	15	22	22	22	18	16	29	48	31	5	20	9	22	20	20	26	8	20	22	36	8	11	24	
21	22	17	5	13	23	13	26	0	32	11	1	5	12	23	18	3	30	2	12	15	8	5	28	28	19	25	26	10	6	28	9	10	15	24	11	32	19	15	7	
22	14	18	6	21	10	22	40	13	0	12	2	25	32	6	19	8	31	22	9	16	18	6	29	29	19	21	12	19	11	2	3	26	16	25	21	36	12	16	24	
6	13	2	21	29	25	17	30	5	36	0	17	9	16	27	11	8	39	6	11	19	2	18	13	32	23	25	29	3	12	29	25	10	7	38	6	20	35	31	8	
17	18	13	1	20	20	28	41	8	47	7	0	20	27	38	14	19	26	17	8	11	13	1	24	37	16	36	33	14	23	37	5	21	11	20	16	31	31	11	19	
12	24	22	3	26	30	3	44	25	37	27	27	0	20	43	15	17	11	34	3	20	14	11	24	16	1	12	13	33	43	22	7	23	24	46	29	23	18	22	6	
28	35	20	20	1	26	16	29	16	21	18	16	1	0	22	33	9	20	5	3	30	24	20	30	31	22	30	19	4	1	42	24	11	27	37	14	38	17	30	21	
42	27	38	4	7	35	35	6	18	45	32	49	15	42	0	39	19	20	38	10	35	37	18	44	4	25	10	24	8	43	25	9	8	43	40	18	9	7	19	40	
25	22	17	21	25	8	17	17	9	22	15	17	16	16	7	0	19	44	6	28	6	21	7	23	17	22	31	19	1	31	11	25	9	26	38	15	16	9	12	22	
13	10	13	5	24	22	7	1	9	40	7	1	5	25	28	18	0	30	15	12	15	13	5	24	18	19	24	32	5	23	40	5	21	15	24	17	31	12	15	19	
28	5	29	17	36	23	9	26	24	32	23	13	12	12	9	20	15	0	2	24	17	3	17	12	3	11	27	19	24	28	32	14	10	24	3	11	24	28	27	18	
20	26	21	9	28	15	5	18	16	24	15	5	4	4	15	22	7	34	0	16	19	21	9	28	20	11	19	27	16	31	31	13	2	16	26	3	39	25	19	10	
19	20	8	27	16	33	19	44	31	1	34	26	17	24	45	17	19	20	34	0	6	16	14	11	17	3	21	12	26	5	18	18	1	23	19	20	2	11	12	46	
5	17	6	26	12	24	2	1	30	15	21	22	21	20	32	12	24	29	11	33	0	26	26	18	8	28	21	29	28	13	41	30	19	26	34	20	25	25	36	27	
35	16	13	39	29	10	8	24	3	5	45	46	7	13	23	18	19	25	39	25	28	0	9	30	25	32	29	19	10	49	26	38	31	23	43	5	10	26	11	21	
27	34	6	22	24	36	24	3	8	41	17	34	1	14	46	17	22	28	27	8	24	18	0	10	47	33	44	45	1	25	26	19	31	17	21	13	35	25	13	27	
27	34	23	12	43	25	38	32	13	13	17	29	30	34	5	32	28	45	27	32	40	23	22	0	31	44	46	29	24	21	14	36	16	17	9	27	30	38	17	17	
30	39	16	30	27	27	26	11	14	35	36	26	12	5	19	5	1	45	15	36	38	19	30	33	0	16	39	1	9	9	22	34	23	5	22	21	22	11	17	12	
12	11	21	30	45	28	44	37	16	31	39	40	2	9	30	2	4	31	38	42	26	1	27	45	26	0	27	5	20	34	9	27	27	11	35	31	27	5	9	47	
30	19	33	36	4	26	32	8	9	27	42	32	31	31	26	23	26	22	21	16	37	31	31	28	16	36	0	16	7	32	10	37	29	35	34	19	1	28	45	37	
16	22	7	14	37	5	41	20	7	15	24	14	17	43	6	21	36	21	34	25	28	13	18	41	12	27	8	0	11	10	33	22	16	24	32	22	33	31	28	36	
19	10	10	11	30	24	14	27	2	27	9	7	10	13	11	23	16	9	3	18	21	15	11	10	2	9	19	23	0	20	24	15	11	20	30	12	8	26	21	6	
6	21	5	6	32	26	16	29	10	34	26	16	15	15	9	14	18	9	5	18	4	23	20	8	18	22	6	7	27	0	19	24	13	9	34	14	3	13	30	21	
21	19	17	5	24	12	26	8	12	5	11	1	4	9	19	18	6	20	21	12	7	9	5	1	19	20	38	10	18	27	0	1	25	14	22	13	4	22	15	23	
25	20	21	3	33	29	19	13	24	13	15	19	18	4	2	21	17	5	8	19	10	21	9	32	19	25	33	19	22	12	20	0	16	23	23	6	4	39	33	7	
31	2	27	15	18	31	39	21	15	39	21	11	26	36	3	20	5	4	31	18	25	13	15	38	12	15	36	18	1	8	19	19	0	14	22	2	3	31	25	33	
30	13	38	28	19	48	7	32	10	39	49	41	5	22	4	25	44	31	46	15	48	5	7	29	38	28	30	14	31	42	30	23	42	0	24	3	23	32	5	17	
3	35	30	18	24	8	14	4	10	33	24	14	12	6	17	16	10	36	3	3	28	30	18	37	1	20	12	25	25	38	28	22	11	25	0	12	26	22	28	19	
3	23	47	19	43	27	34	30	18	1	41	38	10	35	45	9	30	21	28	43	10	27	17	46	21	14	35	31	23	30	27	36	24	21	47	0	45	31	9	40	
28	4	40	33	15	17	22	42	31	22	34	29	28	28	39	28	27	19	18	1	22	35	16	47	1	22	20	1	23	44	2	22	26	20	19	4	0	39	33	30	
30	33	29	42	1	22	25	3	28	27	30	38	5	37	9	19	16	36	32	45	13	16	39	47	14	24	20	39	12	2	13	29	33	16	24	32	46	0	23	11	
12	7	21	24	17	35	30	30	5	18	15	25	25	32	41	25	27	38	25	16	5	21	14	6	6	11	44	4	18	31	25	18	29	26	31	25	35	7	0	19	
16	9	2	11	30	1	27	23	15	20	6	7	19	26	5	21	4	21	16	2	21	12	1	13	42	9	7	11	13	7	11	1	20	17	30	10	30	26	1	0	
