40  6  1
6
	0	45	1	26	2	91	3	26	4	89	5	89
	0	53	1	51	2	34	3	38	4	36	5	53
	0	94	1	73	2	67	3	94	4	77	5	72
	0	82	1	17	2	26	3	95	4	19	5	13
	0	26	1	69	2	55	3	33	4	81	5	58
	0	43	1	80	2	40	3	43	4	99	5	88
	0	25	1	52	2	60	3	87	4	96	5	23
	0	87	1	91	2	46	3	96	4	7	5	78
	0	26	1	49	2	11	3	32	4	30	5	44
	0	41	1	81	2	91	3	32	4	54	5	40
	0	77	1	41	2	27	3	48	4	80	5	56
	0	47	1	56	2	40	3	35	4	8	5	3
	0	45	1	52	2	99	3	2	4	1	5	48
	0	57	1	94	2	65	3	21	4	18	5	68
	0	77	1	5	2	5	3	51	4	44	5	9
	0	6	1	97	2	55	3	13	4	58	5	55
	0	34	1	47	2	36	3	78	4	58	5	1
	0	91	1	6	2	97	3	39	4	16	5	45
	0	50	1	15	2	20	3	4	4	93	5	15
	0	29	1	86	2	59	3	72	4	63	5	30
	0	3	1	33	2	52	3	52	4	45	5	65
	0	76	1	38	2	78	3	38	4	64	5	78
	0	87	1	24	2	72	3	53	4	23	5	83
	0	29	1	8	2	13	3	43	4	23	5	73
	0	16	1	98	2	63	3	22	4	49	5	53
	0	41	1	75	2	46	3	22	4	80	5	79
	0	11	1	50	2	41	3	37	4	98	5	91
	0	23	1	57	2	18	3	94	4	86	5	52
	0	56	1	73	2	72	3	3	4	46	5	45
	0	12	1	65	2	46	3	74	4	36	5	91
	0	5	1	67	2	33	3	96	4	6	5	87
	0	24	1	81	2	49	3	89	4	35	5	92
	0	85	1	5	2	2	3	92	4	24	5	15
	0	38	1	64	2	82	3	89	4	26	5	72
	0	37	1	95	2	51	3	47	4	6	5	89
	0	57	1	83	2	65	3	52	4	3	5	55
	0	75	1	24	2	60	3	87	4	88	5	64
	0	57	1	47	2	41	3	20	4	84	5	36
	0	60	1	4	2	1	3	100	4	48	5	98
	0	17	1	81	2	6	3	33	4	27	5	88
SSD
M0
0	13	13	17	17	16	27	16	31	2	11	7	25	42	10	15	22	25	7	23	10	33	15	11	12	18	28	8	11	3	32	23	14	20	5	33	40	29	20	31	
23	0	21	15	26	20	24	35	37	16	22	2	31	25	29	12	7	24	27	6	19	8	12	27	18	13	26	40	24	23	7	41	21	15	14	32	39	1	24	44	
6	27	0	18	23	3	6	27	31	33	22	6	41	23	4	29	19	22	34	22	40	39	35	22	31	11	36	7	34	40	17	36	7	25	31	12	18	18	31	15	
22	16	12	0	21	18	24	18	9	5	18	24	23	21	21	8	11	23	8	20	18	35	21	4	7	20	27	4	25	5	8	20	22	16	20	28	16	22	20	4	
15	14	1	18	0	23	7	9	16	38	25	25	37	18	2	11	7	4	26	7	19	4	19	34	24	31	5	37	27	20	10	20	19	17	10	24	26	30	15	30	
21	19	14	32	20	0	4	38	3	31	12	30	37	6	3	17	17	2	32	22	17	20	15	28	32	10	38	36	2	28	36	24	10	28	49	18	25	37	4	13	
20	41	17	3	1	19	0	28	26	32	22	1	41	13	25	5	17	8	15	21	18	8	18	28	21	25	26	24	24	16	7	23	16	4	27	12	39	32	17	15	
30	23	12	17	33	22	26	0	21	11	24	37	23	15	27	21	15	7	24	6	26	41	10	18	23	41	22	12	26	32	9	16	2	17	1	31	19	10	19	16	
18	38	11	23	19	16	5	35	0	31	30	31	11	31	2	15	27	32	30	12	14	21	6	18	17	32	13	32	26	26	15	28	18	17	24	35	11	34	27	38	
9	45	25	28	7	7	5	36	39	0	32	31	34	23	2	29	20	25	4	11	28	34	4	7	11	30	6	35	10	23	20	4	14	28	19	1	27	28	9	13	
23	16	21	7	23	23	15	32	6	36	0	17	40	10	29	9	36	23	19	34	31	27	19	6	30	29	43	18	9	20	27	38	26	20	39	16	27	34	21	4	
14	10	32	27	19	25	25	19	11	6	9	0	9	31	22	20	15	20	25	4	12	15	10	4	36	16	1	31	6	14	28	16	16	12	6	40	22	26	31	22	
32	43	24	41	9	25	36	12	45	40	36	36	0	22	4	21	21	34	14	35	34	19	28	13	17	21	40	5	3	25	45	34	10	31	6	29	36	27	14	31	
28	33	7	18	21	24	26	37	25	7	24	15	22	0	33	27	7	30	19	39	24	37	29	28	7	16	26	26	6	35	30	36	18	4	42	7	5	24	8	16	
22	1	18	15	14	20	24	10	24	21	22	31	18	25	0	15	10	16	6	11	37	23	15	10	21	29	26	29	24	23	7	41	6	15	20	25	15	32	27	16	
20	36	6	27	21	8	40	17	19	21	22	10	30	37	14	0	24	24	9	19	16	21	7	17	31	14	31	22	26	5	47	38	20	5	33	14	39	33	6	33	
26	22	15	32	29	17	38	6	19	30	23	14	39	26	5	3	0	21	18	28	23	9	16	26	32	3	40	31	35	14	24	25	2	14	42	1	15	17	3	4	
23	29	5	11	26	12	29	21	16	36	27	33	34	7	1	24	16	0	3	9	19	36	24	46	26	31	2	33	6	16	12	17	23	20	29	24	23	27	33	27	
24	9	2	11	28	29	39	9	47	31	39	33	4	27	15	28	32	26	0	37	35	22	5	44	42	37	43	7	9	22	37	32	33	33	32	6	7	22	39	22	
26	31	23	18	31	21	27	10	29	39	11	38	4	28	28	22	2	9	29	0	28	12	33	37	24	6	5	38	12	22	10	20	8	18	30	23	26	15	24	30	
1	42	17	30	4	10	30	18	30	32	33	21	39	29	7	5	35	29	16	30	0	32	2	28	22	25	31	18	34	16	40	42	1	16	40	25	27	22	17	35	
34	40	20	14	18	15	4	32	20	27	7	30	20	24	31	18	39	21	7	38	30	0	17	11	20	24	25	32	23	29	6	14	20	14	4	30	31	29	8	21	
28	24	26	23	17	4	35	22	28	33	14	18	34	16	31	22	1	26	31	4	34	23	0	14	24	24	7	26	18	9	34	2	11	24	23	11	28	1	26	11	
1	17	17	29	8	13	18	22	13	10	36	25	25	33	10	9	22	27	20	21	1	21	6	0	7	1	8	22	18	19	21	23	5	20	41	7	27	24	21	33	
5	20	21	25	8	1	3	22	12	36	29	25	11	33	10	9	14	9	20	34	1	28	6	5	0	3	22	8	34	12	17	37	5	5	22	29	26	1	13	27	
13	40	29	31	16	4	40	2	22	42	27	12	34	26	19	17	44	36	3	22	9	44	7	33	34	0	38	30	1	25	29	28	13	9	21	10	14	23	19	8	
10	42	24	24	22	19	29	19	26	23	23	28	21	34	13	12	3	8	13	2	16	39	21	35	30	21	0	23	33	6	16	4	20	23	31	32	10	14	23	14	
5	19	22	25	17	23	16	31	35	29	17	8	11	36	20	10	31	11	25	7	10	20	5	33	35	30	21	0	26	21	30	6	14	3	38	23	21	35	22	43	
4	46	16	4	15	18	29	15	23	31	12	20	33	18	16	4	11	6	19	20	8	31	13	25	11	20	31	19	0	15	12	19	6	7	14	24	25	19	9	43	
33	36	24	10	4	1	33	1	20	30	5	31	13	38	14	22	7	10	29	12	31	25	14	35	14	3	14	5	17	0	36	29	17	24	20	24	31	19	5	16	
28	45	9	3	33	8	12	30	28	28	10	23	36	13	27	7	28	18	22	27	26	34	20	30	9	27	14	33	12	18	0	29	9	3	15	27	27	20	19	39	
8	30	25	32	26	5	38	41	22	7	7	35	10	42	26	19	1	41	21	21	36	44	12	19	38	23	43	43	11	30	24	0	2	20	26	36	12	20	31	35	
30	16	31	5	33	32	12	32	10	35	14	9	13	13	36	34	38	39	37	42	26	43	31	44	42	34	35	17	31	19	41	19	0	11	9	30	29	6	1	14	
8	33	10	37	11	17	25	25	23	13	33	21	7	22	14	5	15	31	20	30	4	32	6	24	6	18	38	9	31	16	32	10	8	0	44	25	15	8	15	29	
14	49	6	17	29	21	49	38	40	23	30	32	32	3	22	30	6	13	41	37	22	3	8	12	42	5	42	42	47	25	48	24	26	30	0	34	5	40	9	17	
38	47	34	22	29	22	16	8	34	17	7	26	16	23	24	36	17	35	13	33	34	28	16	14	17	16	20	21	39	13	31	23	8	15	38	0	13	22	27	13	
24	3	43	8	28	25	11	12	14	31	24	33	25	10	13	31	14	27	32	21	28	19	30	32	11	27	8	2	27	12	30	23	20	13	44	35	0	28	8	33	
19	15	35	37	14	28	14	32	26	18	11	24	5	29	14	23	17	11	30	19	15	18	20	37	40	10	6	24	8	23	32	21	2	4	12	15	16	0	23	31	
7	9	11	23	7	15	14	10	7	38	34	25	26	35	13	11	26	30	22	9	3	37	8	16	9	28	37	24	28	17	19	30	7	22	39	7	21	16	0	33	
15	17	29	23	22	17	30	29	29	46	2	16	27	11	24	23	35	36	32	20	15	32	11	32	11	9	34	33	22	16	15	30	5	23	35	40	14	14	18	0	
M1
0	10	22	22	25	19	3	30	13	34	27	20	13	35	29	16	16	19	8	29	25	11	14	1	19	1	20	13	38	27	21	12	19	11	30	28	7	37	5	26	
22	0	39	11	6	21	16	19	6	32	26	18	28	3	11	5	17	6	22	30	11	12	6	2	20	17	21	10	20	14	31	21	26	16	25	18	1	27	15	33	
13	19	0	21	29	7	16	8	4	20	19	10	41	31	24	32	49	19	7	10	8	27	23	35	26	15	26	11	27	27	7	15	11	31	38	31	28	6	19	3	
36	22	28	0	11	28	16	39	28	6	30	13	38	21	25	21	33	22	21	2	26	14	20	19	33	8	32	14	20	30	6	33	36	10	1	32	5	31	14	39	
31	9	3	32	0	6	35	13	43	34	39	32	9	11	25	2	32	41	42	12	29	1	18	41	37	4	42	10	34	8	35	42	42	5	5	17	34	25	36	20	
12	2	22	22	13	0	30	15	13	35	28	8	18	8	1	1	23	20	9	29	22	18	13	8	12	38	23	20	10	28	26	27	26	30	15	8	10	17	10	4	
13	6	19	23	14	24	0	13	20	29	16	9	19	9	2	10	28	25	2	33	19	18	14	13	21	39	10	21	11	27	14	32	13	11	9	9	11	10	18	10	
28	13	8	29	21	30	6	0	27	8	6	24	24	6	24	7	2	47	23	15	29	6	6	33	40	27	33	45	17	41	26	32	43	31	1	31	33	6	16	41	
16	10	26	28	12	16	20	15	0	33	12	12	12	12	5	13	24	27	9	9	18	13	17	9	11	42	8	21	14	2	6	21	30	2	19	12	14	18	2	4	
17	14	38	16	28	23	7	26	6	0	2	21	1	26	19	24	33	19	21	22	6	7	18	18	1	22	32	22	28	6	30	1	6	40	29	26	21	15	14	28	
34	11	16	46	17	2	26	36	13	35	0	13	34	36	45	32	18	48	41	4	33	36	11	38	6	44	39	46	9	16	22	1	49	17	39	45	21	16	42	36	
25	34	14	36	46	2	3	34	17	19	26	0	35	41	34	36	37	21	22	44	8	26	18	22	24	33	7	24	1	19	4	13	41	8	10	36	34	17	30	40	
24	5	11	38	37	37	27	12	27	5	25	12	0	34	30	32	47	17	7	38	2	34	26	32	26	3	9	27	7	25	29	11	41	33	5	35	28	13	23	5	
38	11	21	27	21	37	26	16	44	4	24	28	5	0	29	16	3	16	21	11	38	10	3	25	2	39	9	23	13	24	20	34	43	4	8	36	29	32	25	7	
6	24	29	18	7	20	28	9	13	30	29	2	12	2	0	3	35	18	34	31	44	25	7	20	24	32	17	19	4	26	27	39	20	32	9	2	4	11	27	24	
9	10	22	13	16	20	16	4	16	36	21	11	21	11	4	0	30	15	5	18	22	19	15	15	9	32	22	19	13	23	27	30	3	34	18	11	13	20	11	12	
13	14	21	25	3	22	27	6	19	24	36	9	1	9	2	10	0	25	5	27	3	8	14	27	8	3	24	26	11	26	5	10	25	1	16	9	11	13	8	23	
18	11	27	15	19	17	4	16	25	24	32	6	24	14	7	9	44	0	10	34	27	14	19	31	23	17	15	10	16	2	19	19	32	28	21	14	7	23	3	28	
2	9	2	32	26	15	27	13	16	34	25	15	31	12	14	22	38	24	0	16	2	12	4	24	4	29	4	16	23	32	17	19	31	28	26	21	21	30	1	3	
22	26	17	34	24	23	3	26	30	23	8	10	29	14	12	20	40	33	25	0	42	29	24	28	33	29	34	16	19	41	7	37	26	42	26	19	21	28	18	30	
23	21	23	8	32	21	12	25	26	31	7	23	12	27	26	32	33	19	6	27	0	4	25	18	25	23	13	5	25	27	27	5	13	24	22	23	30	42	21	9	
4	9	3	25	18	8	7	1	7	13	36	13	23	13	6	14	35	29	8	5	25	0	14	31	11	3	26	23	15	35	38	8	15	20	20	13	15	22	23	21	
17	15	36	25	27	22	28	32	38	36	13	30	15	11	34	29	10	21	35	31	15	13	0	3	21	13	11	15	32	13	24	22	34	1	43	24	34	41	28	34	
23	4	31	31	16	11	20	21	27	25	18	22	33	30	23	18	7	10	26	20	43	2	32	0	10	25	11	4	32	18	25	11	23	31	37	30	23	34	19	23	
21	12	21	14	26	21	6	31	17	20	35	24	34	20	17	25	32	18	4	4	15	5	15	28	0	33	23	12	26	24	28	9	4	1	31	24	26	28	12	4	
26	10	26	24	2	16	35	37	27	8	9	17	33	7	26	10	25	25	9	38	26	8	26	13	26	0	10	25	9	20	18	19	14	22	1	25	22	26	2	19	
21	9	4	11	4	18	38	28	14	18	34	17	21	13	14	22	4	32	6	22	17	17	13	25	2	19	0	17	23	5	9	25	1	22	3	21	9	11	6	23	
2	16	32	32	34	22	28	39	15	9	2	21	5	19	31	1	23	18	15	9	32	19	16	10	28	29	5	0	40	26	4	10	26	35	9	27	21	41	8	33	
28	19	12	31	35	7	22	9	12	33	43	19	6	23	23	28	28	28	11	33	28	22	27	38	30	39	29	10	0	9	15	22	21	16	28	11	31	26	11	29	
26	15	33	13	27	24	12	24	20	32	21	14	26	5	15	17	22	2	18	32	31	20	19	10	28	9	23	12	7	0	4	19	7	36	29	22	15	31	11	29	
22	2	33	12	24	19	31	9	15	30	29	22	32	19	15	23	18	21	16	3	26	13	14	3	21	28	9	2	4	14	0	22	2	28	29	22	24	19	9	19	
21	35	19	14	14	20	18	8	35	26	43	14	19	37	30	14	5	40	11	19	28	38	30	30	13	39	30	33	10	45	27	0	47	40	32	34	23	29	27	3	
19	3	27	5	17	12	36	22	8	28	35	15	25	15	8	16	34	26	10	24	19	11	7	19	19	24	21	11	17	15	19	22	0	32	22	15	17	24	3	17	
19	12	19	8	21	18	19	30	33	31	36	19	35	26	19	17	25	28	2	11	19	13	14	10	9	10	21	3	28	28	20	23	41	0	26	12	13	18	4	20	
8	26	25	26	34	30	19	31	3	38	3	18	1	24	22	24	20	9	25	45	17	12	26	20	38	13	10	25	3	3	34	30	43	11	0	16	12	24	18	16	
14	17	1	19	31	26	19	3	2	28	2	29	16	11	22	30	26	29	24	17	17	15	21	11	29	38	20	23	31	11	28	25	9	46	7	0	31	4	17	31	
17	9	39	17	29	22	5	34	5	25	1	2	36	25	20	28	21	14	22	23	25	5	19	31	4	29	8	2	24	14	31	21	7	16	34	5	0	24	15	29	
25	23	25	30	36	2	34	36	30	27	9	24	2	34	27	18	21	25	8	39	25	28	27	25	18	34	27	28	1	33	24	32	41	15	38	34	10	0	24	26	
20	4	20	27	32	10	36	31	34	44	28	11	27	27	20	28	47	34	3	34	20	7	20	42	20	47	14	30	29	30	12	15	45	25	34	19	16	30	0	21	
37	28	18	19	38	36	23	28	29	19	11	6	35	33	26	28	43	13	25	23	38	33	9	36	39	36	34	20	35	1	20	33	20	21	8	21	19	3	22	0	
M2
0	29	26	25	25	30	28	14	8	20	28	35	12	10	22	22	5	22	22	29	34	19	7	29	10	29	20	15	24	21	16	28	24	29	21	2	42	2	23	15	
21	0	28	1	20	6	8	21	5	17	11	14	13	8	2	19	12	11	13	8	20	12	15	9	15	24	1	16	10	23	12	8	3	18	18	24	22	20	19	8	
4	26	0	6	30	14	28	19	9	19	6	36	22	32	28	6	19	17	15	32	31	38	7	5	28	17	26	23	24	27	29	11	27	37	22	4	16	18	20	15	
9	21	5	0	34	6	37	4	21	10	10	21	7	13	37	25	39	33	29	15	44	37	19	20	16	2	21	14	29	28	25	43	22	28	28	31	34	18	15	24	
8	11	17	4	0	36	21	18	11	12	20	21	24	17	18	33	29	25	14	17	36	28	9	13	6	15	11	23	19	20	11	3	12	12	24	21	15	9	5	28	
21	23	11	19	23	0	31	5	19	15	23	27	26	14	7	16	23	7	26	22	25	17	4	8	22	26	14	14	9	9	14	13	17	27	30	21	19	33	27	6	
9	15	29	18	4	4	0	28	8	3	5	24	21	10	3	3	26	14	17	18	21	13	24	10	5	28	10	28	16	13	22	9	13	17	21	21	21	1	23	24	
7	18	37	13	25	5	23	0	6	22	16	19	1	13	18	8	4	19	15	13	32	5	16	20	1	17	18	17	15	15	9	24	8	39	11	28	24	23	12	13	
26	29	34	23	35	32	33	25	0	29	9	29	2	23	8	14	7	3	18	15	26	18	27	15	30	27	15	37	22	7	27	14	18	23	2	24	34	22	23	29	
25	24	22	6	12	33	25	25	2	0	22	17	15	25	10	27	20	16	27	16	18	12	5	2	5	20	11	5	18	20	10	16	20	25	15	27	35	35	30	10	
22	24	24	26	24	36	6	26	3	2	0	32	8	26	22	28	21	17	32	26	39	26	28	29	4	4	24	15	12	21	5	28	21	37	9	27	37	5	31	7	
19	8	17	13	13	39	13	1	20	25	15	0	16	15	27	32	19	20	5	16	38	32	23	26	23	8	8	27	18	7	7	5	11	24	25	29	27	8	29	27	
4	28	10	8	28	40	20	38	11	31	19	12	0	11	16	25	7	25	26	3	34	24	20	16	7	31	23	34	18	29	20	22	11	34	24	21	31	31	36	26	
12	1	5	13	21	32	9	32	17	34	26	19	19	0	24	39	26	31	26	14	23	5	15	19	24	21	17	27	25	35	21	8	18	38	30	27	30	38	11	27	
18	21	21	10	22	33	20	20	7	17	11	16	14	10	0	12	25	6	20	10	13	5	16	2	17	20	2	24	9	25	14	1	5	39	20	26	25	21	15	16	
11	44	10	31	39	41	10	17	20	3	37	9	33	34	32	0	38	34	32	26	9	42	4	35	9	27	20	5	36	38	23	38	38	6	15	23	35	47	38	30	
26	38	38	20	26	16	2	23	24	22	18	6	20	15	12	12	0	23	28	9	7	11	18	19	34	37	19	30	26	29	30	18	22	16	37	3	17	38	32	22	
34	2	35	13	29	2	29	11	33	28	30	16	35	22	21	11	26	0	5	6	38	4	16	24	11	38	15	27	6	23	40	13	31	41	9	19	29	30	34	20	
19	23	23	3	4	14	19	4	22	29	5	17	35	11	28	27	1	31	0	7	13	25	14	14	17	15	29	2	12	31	15	20	6	16	34	4	26	30	44	22	
24	7	31	13	13	41	23	11	19	21	6	19	20	13	7	21	22	18	20	0	2	17	17	14	20	29	14	20	15	12	17	13	8	42	32	26	28	33	27	12	
7	10	29	6	22	35	26	5	10	13	19	18	12	16	18	32	27	24	19	12	0	28	8	12	18	2	5	17	11	1	14	6	11	2	18	20	15	32	4	9	
14	17	27	13	16	12	26	29	13	26	19	22	23	1	4	21	13	15	18	16	22	0	11	11	23	17	11	14	18	11	7	10	11	22	10	13	30	18	11	25	
28	4	31	15	32	14	24	27	17	16	21	26	22	20	5	22	8	16	26	20	21	11	0	1	23	2	12	13	19	35	3	11	15	1	30	14	32	29	25	22	
25	28	28	1	29	18	10	31	28	2	22	19	34	17	45	20	11	39	12	23	18	31	25	0	30	5	28	30	23	34	27	44	18	34	39	36	24	24	22	34	
9	12	4	8	30	2	4	1	12	23	19	22	22	17	3	14	30	14	16	18	21	13	10	10	0	16	10	10	17	30	16	9	13	33	23	22	25	22	6	23	
9	29	2	22	33	39	42	20	27	2	37	8	23	1	42	32	22	28	33	28	48	37	35	37	13	0	4	7	5	31	21	41	29	6	4	8	22	38	41	27	
8	11	30	7	28	39	26	26	11	27	5	21	24	16	8	25	29	19	20	16	26	18	9	13	19	15	0	19	18	25	7	14	11	32	24	11	24	34	5	27	
31	21	24	11	16	24	35	9	15	27	14	33	27	27	17	31	21	15	9	3	35	27	32	12	34	4	10	0	29	16	7	16	22	7	28	33	12	28	28	38	
26	29	9	23	22	42	24	13	27	14	2	38	33	3	24	17	35	13	35	35	42	34	12	11	28	15	2	44	0	27	33	30	30	21	31	30	11	11	23	36	
6	17	23	18	5	40	26	5	15	25	19	24	22	18	3	20	27	14	6	5	20	13	24	10	25	28	10	10	17	0	11	9	13	9	11	12	33	29	23	24	
8	9	27	16	11	8	26	26	13	23	17	22	20	16	1	10	8	9	20	12	19	11	22	8	6	26	8	23	15	2	0	7	11	22	26	13	3	27	21	22	
7	10	29	6	24	38	26	17	7	25	3	11	20	15	20	23	25	21	15	16	34	2	8	12	18	14	10	15	18	25	3	0	11	13	16	20	23	30	4	22	
16	15	34	3	15	35	13	30	24	23	6	9	36	3	36	19	34	31	13	3	28	33	10	16	10	19	21	22	5	23	7	42	0	36	37	19	18	26	41	14	
20	10	29	7	19	18	17	27	14	14	10	2	27	7	33	23	32	19	17	7	10	25	14	15	14	22	25	13	9	26	11	39	2	0	24	23	12	13	33	5	
25	24	8	12	23	38	22	18	20	22	15	3	14	8	8	22	1	19	19	12	26	18	19	7	9	19	15	25	14	32	16	14	7	40	0	28	27	2	25	23	
8	11	17	7	20	39	12	26	11	28	11	14	24	3	28	24	22	7	18	8	33	11	9	13	15	2	10	27	10	10	6	19	3	26	24	0	14	9	5	19	
39	6	43	20	7	21	29	17	22	21	16	20	20	32	17	34	22	28	1	28	33	17	19	6	38	2	20	23	4	24	16	1	27	24	35	18	0	11	37	32	
8	11	5	1	14	29	18	5	11	10	11	21	24	6	30	33	29	7	20	17	33	12	9	13	19	15	11	23	19	5	15	9	12	32	7	12	19	0	5	18	
2	5	24	1	23	33	21	20	5	22	14	15	18	11	24	27	23	19	14	11	36	30	3	7	13	9	5	30	13	23	9	30	6	26	18	15	18	34	0	22	
9	11	44	13	11	23	23	16	31	3	16	19	27	13	30	28	26	35	23	13	26	36	15	26	20	24	30	2	3	33	17	36	8	24	37	29	28	36	25	0	
M3
0	22	2	22	42	5	3	37	7	4	31	38	45	35	20	26	22	11	24	32	9	27	37	32	4	25	29	3	20	33	27	27	18	21	15	30	34	21	39	18	
46	0	8	40	22	19	35	17	42	21	31	32	26	6	30	31	8	12	32	6	3	43	35	28	45	24	15	12	41	4	33	13	33	33	23	26	8	40	29	23	
12	9	0	28	24	39	1	22	39	18	22	42	38	28	28	9	18	28	40	37	22	34	8	40	7	13	19	30	39	41	29	21	3	44	11	11	38	25	20	36	
22	28	31	0	12	1	31	35	39	35	19	34	43	19	36	17	11	3	20	28	21	23	20	37	30	21	37	20	16	47	11	3	11	37	17	3	44	21	9	22	
3	10	28	24	0	30	19	20	13	11	11	38	7	12	11	20	18	32	20	21	16	13	6	10	1	1	26	19	29	5	14	10	14	4	6	27	16	22	23	8	
41	16	24	34	41	0	24	25	27	14	20	19	12	9	16	10	15	28	25	9	21	17	23	16	26	17	39	31	35	16	2	25	1	14	15	16	6	26	14	36	
23	23	9	15	11	7	0	24	29	28	15	22	30	15	22	24	41	3	9	17	39	26	2	4	39	12	3	18	43	42	20	39	14	34	29	16	7	6	20	36	
14	14	3	7	42	8	27	0	11	9	13	8	6	11	10	21	15	11	6	14	7	9	6	23	11	7	37	6	2	35	13	24	13	22	4	13	11	7	14	1	
23	32	29	18	36	15	22	15	0	20	21	6	25	29	29	27	27	23	18	10	19	21	7	4	27	8	29	18	14	8	15	43	25	9	42	19	24	1	14	31	
25	22	14	3	37	10	28	15	19	0	15	3	17	19	21	23	6	4	8	16	4	11	21	25	26	9	1	1	4	36	2	4	15	33	12	15	32	9	28	39	
35	18	4	6	31	46	14	46	2	10	0	40	35	33	13	21	23	14	48	33	11	22	41	35	25	18	43	28	46	5	5	31	15	14	33	32	4	19	29	9	
41	3	27	17	17	10	38	31	33	25	23	0	39	27	2	22	25	21	16	24	17	19	10	8	26	17	35	14	12	10	42	14	6	20	8	14	15	17	37	14	
48	6	39	22	34	21	19	11	33	21	6	29	0	3	2	24	9	35	13	21	7	27	9	17	30	40	31	29	49	42	5	16	30	14	47	20	37	39	14	30	
45	18	16	32	11	33	8	23	35	33	18	5	10	0	14	4	21	23	25	30	19	29	8	1	34	23	21	5	41	18	17	28	6	6	27	32	17	15	2	6	
27	24	20	11	23	12	14	17	32	13	17	24	33	21	0	17	19	15	10	18	11	13	4	27	2	11	41	10	6	36	25	25	17	48	40	17	10	11	31	21	
35	17	27	44	43	35	19	14	26	47	25	28	27	32	6	0	35	6	35	19	29	12	25	40	35	6	41	8	39	42	12	34	33	35	10	20	20	3	9	33	
22	26	16	16	29	17	4	30	31	30	22	13	18	23	21	7	0	20	15	23	16	18	28	14	33	5	34	15	11	28	25	2	21	34	2	22	38	16	29	46	
19	29	6	16	4	17	10	18	2	24	10	9	31	16	5	30	24	0	15	23	14	8	9	32	16	16	46	15	11	39	28	39	22	10	5	22	30	7	6	5	
39	10	44	5	39	32	30	11	18	32	3	16	19	7	23	11	30	30	0	4	28	36	29	24	26	30	27	22	48	46	25	31	34	34	34	3	39	27	17	29	
39	14	32	4	9	34	36	29	31	7	40	33	34	7	32	13	6	32	38	0	31	30	15	29	14	5	26	33	38	27	30	37	31	8	19	24	12	25	2	34	
45	10	41	24	36	28	23	21	9	27	16	13	15	4	19	10	26	7	15	23	0	18	26	26	41	24	17	30	43	1	22	7	8	31	22	22	32	24	24	9	
1	15	22	10	18	9	21	16	23	10	8	21	24	12	28	16	35	10	1	6	3	0	34	17	31	35	32	6	38	33	30	9	39	6	17	8	28	22	5	3	
3	20	20	10	7	11	29	19	21	16	7	23	12	9	16	8	18	14	9	17	10	12	0	12	15	10	32	9	5	21	19	30	16	18	26	16	33	10	8	36	
1	4	29	3	31	28	20	21	6	13	25	9	26	31	2	43	20	13	35	5	12	28	12	0	31	39	32	30	46	36	5	32	7	23	6	32	27	4	41	34	
26	17	16	6	16	17	20	30	37	30	22	29	38	26	30	30	12	20	15	16	16	8	28	32	0	16	18	15	11	12	1	1	22	30	20	15	38	16	13	37	
40	15	5	20	21	30	28	18	4	30	15	20	7	12	11	9	18	28	11	19	16	29	17	14	30	0	27	10	36	14	10	25	39	23	20	11	11	25	2	30	
43	25	33	18	17	12	33	33	17	12	11	21	27	6	1	25	31	9	18	2	1	10	33	20	26	6	0	15	18	2	34	41	29	16	28	10	14	12	18	32	
6	31	25	14	13	22	27	42	34	35	34	5	31	28	35	20	5	32	27	4	25	6	9	17	10	9	39	0	23	17	33	33	13	28	43	14	24	28	8	17	
34	15	12	2	44	3	23	16	23	16	8	15	24	12	28	16	10	6	1	9	2	4	14	18	31	2	32	1	0	38	27	36	8	39	39	8	25	2	22	32	
33	13	33	27	15	20	11	27	2	16	23	35	25	21	20	28	24	2	30	38	32	23	2	27	42	28	12	31	27	0	32	41	2	38	38	27	1	1	41	11	
40	28	40	9	14	24	11	29	36	8	21	26	37	25	12	12	3	30	14	22	18	27	22	14	32	22	15	27	25	23	0	4	5	7	21	21	11	28	27	4	
26	20	44	15	8	21	10	10	28	6	13	6	17	17	5	21	28	39	6	14	26	37	6	26	15	30	36	18	30	9	23	0	37	7	44	2	29	35	11	29	
38	22	19	9	21	10	7	23	30	23	15	22	15	9	19	2	7	6	8	16	9	11	21	25	3	9	13	8	4	36	14	26	0	31	9	15	32	9	12	5	
12	16	3	6	4	37	31	30	37	26	41	29	34	3	14	3	12	22	35	8	28	26	6	23	38	22	34	23	31	14	17	47	28	0	12	36	18	19	16	30	
33	15	31	21	27	22	24	30	30	16	14	12	43	19	24	5	14	11	20	28	21	17	6	26	8	21	11	20	16	18	30	31	27	13	0	27	9	21	27	40	
16	10	35	12	31	25	23	15	28	25	10	28	2	7	6	28	13	13	17	4	10	31	13	21	17	12	35	30	36	37	9	20	27	8	3	0	28	5	18	3	
37	14	27	27	14	8	10	24	29	43	5	1	32	14	2	33	3	17	18	15	15	31	20	4	36	3	15	3	24	7	3	47	17	2	28	11	0	23	27	11	
12	12	12	21	35	12	1	17	3	27	2	32	4	9	8	19	15	19	12	20	13	15	15	23	36	36	27	21	41	31	11	22	21	20	31	8	3	0	20	10	
4	7	12	7	46	8	27	21	25	21	6	7	29	17	33	21	15	8	6	14	7	3	19	23	8	7	37	6	2	26	3	2	13	15	30	1	5	7	0	37	
42	30	31	21	22	4	34	7	42	12	6	34	22	27	3	35	14	25	20	28	21	23	29	37	2	21	17	20	16	1	25	6	21	15	28	27	22	21	9	0	
M4
0	7	19	28	11	10	26	1	18	12	5	23	3	15	14	8	9	7	9	31	11	4	17	10	25	14	12	22	15	9	5	4	26	6	24	24	30	12	26	30	
15	0	11	8	14	29	29	4	4	14	18	26	16	16	16	15	5	13	29	21	14	12	19	2	7	17	14	6	17	17	7	12	27	14	3	14	15	16	20	19	
31	14	0	15	33	10	34	23	28	22	16	19	14	26	21	19	20	31	30	14	14	2	10	14	14	8	15	33	25	11	15	20	12	15	36	7	30	22	2	35	
15	9	31	0	30	2	14	23	6	17	7	32	5	27	2	8	11	33	34	4	15	11	20	12	27	16	15	19	31	11	28	11	25	8	23	20	6	14	21	7	
40	5	10	7	0	28	11	9	3	1	33	7	31	23	28	12	29	18	16	2	19	24	20	15	37	22	7	21	24	28	25	22	25	32	32	32	29	20	13	6	
22	7	17	11	34	0	32	33	36	26	11	23	9	25	24	14	15	38	37	24	19	15	24	16	24	38	6	28	24	2	25	15	22	12	40	17	15	18	12	9	
33	31	20	32	29	9	0	24	20	24	35	32	33	13	33	38	28	18	43	1	34	19	18	28	8	34	31	20	34	23	24	23	21	31	36	38	18	35	19	22	
28	30	24	20	3	40	35	0	22	12	20	15	18	7	18	20	13	26	18	23	3	24	21	8	23	6	16	28	8	24	9	24	18	21	16	16	28	27	18	31	
27	6	23	16	3	36	9	4	0	4	2	26	28	18	29	31	18	6	29	17	7	14	32	19	34	17	27	29	15	33	20	28	29	26	15	27	15	22	29	14	
13	21	25	34	40	16	22	43	21	0	7	27	39	36	19	24	38	33	28	6	22	45	22	44	33	23	25	43	29	44	40	21	49	42	37	38	7	36	21	44	
14	10	1	14	22	25	2	12	11	25	0	14	27	20	27	6	29	14	20	16	22	21	1	25	9	22	25	18	27	25	18	24	13	15	4	24	16	6	14	5	
42	33	9	41	7	29	29	16	24	17	22	0	28	30	21	33	32	19	37	10	26	26	5	26	28	11	26	46	29	13	19	7	34	24	37	21	30	10	13	9	
26	15	45	49	24	25	33	37	42	36	1	38	0	21	16	4	5	32	39	37	9	5	14	6	35	28	9	18	38	5	29	5	40	2	42	39	47	8	36	38	
33	6	18	17	16	38	32	23	28	22	19	1	24	0	24	29	6	28	18	14	14	22	14	22	5	20	15	9	25	19	15	16	20	15	36	7	30	19	13	6	
37	12	7	3	16	2	26	21	26	20	15	1	22	24	0	27	28	5	17	13	18	28	14	20	13	1	8	3	23	22	13	6	26	21	30	13	17	5	3	18	
19	24	5	17	17	3	28	15	31	25	12	22	27	28	9	0	24	12	3	17	17	33	16	25	17	3	18	21	28	22	18	11	23	18	7	10	3	8	16	23	
26	19	12	24	21	27	1	11	32	26	26	16	25	25	3	2	0	7	36	26	21	21	12	26	28	24	34	28	26	31	27	31	36	25	14	34	2	15	25	30	
21	22	17	19	25	26	37	16	21	3	8	31	6	19	17	11	12	0	15	35	16	12	20	13	13	10	15	23	18	12	8	12	41	9	9	29	21	15	35	25	
14	22	42	42	34	11	39	24	20	11	11	28	31	32	39	34	37	9	0	5	34	22	20	27	31	33	11	46	15	10	30	7	41	32	34	47	37	17	23	1	
23	4	4	1	3	19	34	9	14	8	5	14	3	12	10	8	9	33	13	0	13	9	13	8	16	12	8	7	11	9	1	9	5	6	32	9	26	12	15	26	
25	33	16	23	5	22	20	21	23	12	29	6	36	9	2	25	23	23	30	6	0	30	13	34	26	22	32	27	5	14	27	21	4	24	13	33	15	24	27	14	
15	15	23	15	21	27	23	26	34	27	3	6	1	8	18	3	7	15	41	18	11	0	16	8	31	21	11	20	24	7	31	7	34	4	18	33	30	8	27	23	
23	5	18	21	12	1	1	10	15	9	13	25	11	10	11	16	17	8	11	34	6	17	0	9	7	23	9	30	12	17	2	3	32	14	32	33	41	8	13	27	
10	20	26	33	26	30	4	16	23	17	5	21	19	2	19	8	25	26	10	34	5	25	6	0	25	1	5	26	9	25	10	25	32	18	28	27	38	28	19	9	
20	20	16	14	12	10	36	16	35	29	6	27	4	26	15	9	10	18	3	6	14	5	19	11	0	4	14	22	29	10	22	10	32	7	8	39	1	5	28	24	
35	24	10	20	15	24	39	5	18	3	10	22	8	11	14	9	14	7	11	17	15	14	17	12	5	0	12	27	15	14	5	5	23	11	28	10	9	5	16	25	
19	28	43	37	28	29	1	22	40	31	43	28	44	25	37	11	6	37	36	36	32	36	18	35	9	28	0	40	6	2	35	28	35	10	45	29	34	39	32	12	
33	7	9	20	28	31	20	29	4	23	14	23	33	4	32	15	28	21	19	23	23	4	7	31	23	16	22	0	1	7	24	33	12	24	21	16	33	26	12	15	
30	29	22	28	13	28	11	3	19	13	15	10	15	17	15	20	14	28	10	28	13	21	18	13	26	16	13	16	0	21	6	21	28	18	18	22	14	24	1	27	
28	21	19	33	17	6	39	23	28	22	26	2	24	20	22	4	30	29	1	14	14	30	15	22	14	21	15	37	25	0	15	17	20	5	23	7	30	20	13	19	
30	17	10	29	12	29	28	2	7	1	5	17	3	5	3	8	9	29	27	32	12	9	6	1	14	15	1	22	4	9	0	9	27	6	25	25	37	12	27	19	
14	18	10	12	12	8	25	10	21	16	20	3	18	12	8	23	23	12	8	17	20	24	3	16	28	18	6	4	19	22	9	0	25	2	2	21	14	15	10	3	
25	9	23	31	8	29	6	11	31	15	11	33	36	18	36	28	9	25	31	19	7	5	33	26	29	24	34	28	9	24	27	4	0	34	34	33	24	4	17	3	
20	2	27	28	25	10	23	16	24	35	40	10	41	30	1	26	14	28	41	9	26	41	19	31	38	29	23	22	31	23	32	15	26	0	27	31	28	18	26	24	
6	31	2	4	12	25	22	2	21	15	19	24	17	16	17	22	22	4	27	20	12	23	20	15	28	15	15	8	17	23	8	23	27	5	0	25	6	7	27	10	
38	11	21	31	23	40	39	13	18	12	16	9	14	16	14	19	20	21	20	4	4	20	16	12	4	26	5	33	15	9	5	20	10	5	26	0	20	23	3	26	
19	30	13	32	25	44	18	18	28	27	19	18	30	6	2	27	30	8	31	6	18	20	20	20	13	2	4	33	21	36	32	33	25	33	25	31	0	36	14	20	
16	3	31	37	32	24	44	23	39	21	9	34	18	37	16	17	24	2	21	19	24	24	25	25	31	8	28	5	11	24	26	14	44	21	27	31	34	0	37	43	
10	1	12	38	22	2	31	12	17	11	15	16	13	15	13	18	1	17	27	5	5	19	16	4	11	15	11	32	11	16	4	19	7	12	33	4	27	18	0	13	
18	13	35	38	34	13	27	35	1	27	33	31	36	34	22	33	32	17	1	7	26	40	3	22	16	32	27	42	30	31	27	23	25	4	28	19	28	34	25	0	
M5
0	25	42	18	35	37	32	15	19	31	20	30	29	28	15	18	38	20	6	24	6	7	18	36	31	21	2	14	9	37	28	21	14	9	24	31	37	27	35	29	
11	0	4	39	17	13	34	14	22	35	6	7	25	45	31	36	35	32	21	23	8	23	11	29	39	40	22	40	17	28	32	34	18	24	28	29	28	4	22	27	
21	25	0	14	16	34	19	23	32	23	4	17	27	45	2	2	23	26	4	25	3	21	21	23	18	28	19	33	5	24	20	31	17	13	22	10	28	14	21	30	
14	20	25	0	13	38	36	15	18	14	42	3	21	41	29	10	29	31	32	23	2	33	7	37	33	1	18	19	37	24	9	29	15	24	1	13	40	7	12	23	
21	12	22	13	0	38	2	24	29	37	11	26	15	22	23	16	29	21	5	12	9	19	1	28	25	23	20	24	29	30	21	47	22	30	23	30	34	8	27	46	
29	28	27	2	21	0	29	16	15	28	37	11	29	21	7	20	32	10	32	30	17	1	15	13	8	16	24	34	46	29	9	35	23	14	16	28	40	15	27	17	
7	3	32	10	11	32	0	26	9	12	17	1	17	10	7	32	4	26	25	23	25	6	5	3	8	24	16	7	4	17	21	22	13	5	9	6	18	5	34	27	
27	3	45	38	24	3	10	0	29	6	2	14	32	1	30	21	27	21	20	20	18	29	18	26	30	18	19	8	35	27	30	44	3	38	32	9	38	18	24	38	
33	21	31	16	34	19	27	19	0	19	23	29	5	32	14	39	11	20	4	8	16	3	11	19	15	7	10	26	33	36	7	38	35	46	16	13	19	25	41	10	
21	4	37	18	31	41	37	27	29	0	27	21	26	10	32	15	38	27	8	22	24	33	6	46	22	32	20	32	25	1	5	47	28	34	24	33	17	25	8	27	
35	23	1	9	26	22	38	14	24	21	0	25	25	32	16	22	13	11	22	23	24	21	25	21	17	5	33	8	29	25	16	7	37	44	18	15	27	9	24	37	
33	14	28	29	7	32	30	34	12	25	38	0	15	35	28	35	25	25	26	35	37	27	1	32	29	35	12	36	41	18	22	27	9	34	23	19	36	1	30	23	
7	30	41	22	7	29	23	7	31	7	24	16	0	21	1	23	43	25	5	17	22	22	19	13	17	36	18	31	7	13	19	39	28	18	22	15	39	13	8	29	
32	25	13	35	11	31	13	37	3	12	5	32	37	0	27	6	24	15	18	10	44	40	2	27	22	31	16	35	33	37	9	37	8	41	5	26	25	17	29	19	
41	21	35	14	16	23	13	16	21	12	40	6	16	34	0	20	34	15	21	14	12	12	10	12	7	28	8	32	34	13	9	29	18	26	12	22	41	3	39	19	
10	12	31	13	30	14	21	18	8	10	8	20	15	22	5	0	2	22	26	5	26	8	24	10	6	15	2	1	39	27	1	11	9	15	7	4	16	17	5	29	
21	9	46	10	27	28	24	21	10	7	12	17	12	24	2	27	0	21	32	20	23	23	21	7	3	24	19	14	36	24	20	37	23	36	4	1	13	14	35	26	
30	21	9	3	29	23	5	26	2	5	29	19	29	35	19	6	16	0	24	24	18	34	20	24	20	17	34	31	32	12	25	44	14	21	17	18	30	23	24	30	
42	14	21	15	20	18	34	4	43	36	4	30	17	48	15	38	49	9	0	24	30	11	19	36	15	22	31	16	40	28	7	48	35	29	3	10	19	6	27	34	
40	21	21	24	11	38	23	26	19	2	21	4	14	16	6	29	32	22	7	0	27	9	8	5	21	14	19	32	42	10	24	16	16	8	10	26	41	8	8	4	
21	18	43	19	9	19	33	11	14	10	21	26	21	20	11	14	8	15	26	29	0	16	1	16	12	33	21	23	22	33	9	28	22	41	13	10	16	23	35	35	
31	24	30	27	21	30	17	26	26	17	26	11	8	10	19	33	16	31	7	17	32	0	10	24	20	41	26	31	25	6	29	29	7	37	21	18	5	15	28	13	
24	5	45	23	12	13	29	5	29	26	31	14	18	27	21	10	18	36	20	29	20	6	0	26	12	25	29	33	30	2	39	37	26	18	23	20	16	18	27	10	
16	29	24	30	25	37	3	16	30	21	26	27	13	12	33	41	30	25	7	25	45	5	25	0	18	44	16	33	25	3	29	46	17	24	16	12	13	6	38	6	
5	22	47	31	5	38	17	38	17	12	4	17	35	41	47	24	44	11	19	12	27	18	21	41	0	43	13	16	12	38	2	6	29	45	29	9	43	21	7	35	
27	7	25	16	31	26	10	26	16	13	18	21	18	12	6	29	5	11	12	26	12	27	25	13	9	0	23	15	13	28	24	27	3	24	10	7	19	18	19	32	
40	11	42	28	24	31	33	15	30	11	22	39	2	10	24	33	21	22	47	10	15	2	27	15	25	24	0	7	28	23	31	18	33	6	24	23	23	13	4	40	
1	5	6	6	32	41	18	34	23	24	28	22	18	21	34	2	42	48	33	1	21	40	26	6	46	20	1	0	22	2	28	30	22	28	20	13	21	26	21	13	
39	33	42	12	26	10	30	8	30	31	26	26	29	48	11	19	23	9	41	31	27	32	15	18	8	17	11	30	0	6	29	23	31	6	23	4	25	23	27	39	
30	22	40	23	1	29	2	17	23	20	25	18	5	35	3	1	12	20	23	18	24	24	22	5	16	37	20	27	21	0	2	30	6	20	17	14	16	15	27	1	
14	16	46	38	7	12	29	21	21	22	22	29	24	21	29	31	45	15	22	20	10	2	18	28	13	1	25	32	37	24	0	14	5	31	40	19	23	33	26	9	
16	8	44	18	11	27	22	27	41	40	23	33	2	9	24	8	32	6	8	14	33	34	37	18	13	20	41	2	37	18	30	0	27	33	26	18	4	29	16	36	
9	2	35	32	19	8	9	21	24	2	21	9	27	28	32	11	36	23	2	11	21	17	13	8	12	39	24	12	17	30	12	39	0	21	20	6	32	13	6	35	
11	27	43	6	7	18	1	34	33	28	24	22	38	15	28	17	25	27	21	30	15	30	19	21	29	20	3	29	7	14	28	31	34	0	20	17	36	26	15	42	
29	35	32	2	5	44	41	30	33	29	39	18	36	3	32	1	37	19	42	36	17	48	22	1	38	16	3	34	46	13	24	44	25	30	0	28	35	22	1	23	
16	4	5	22	30	29	27	16	10	26	21	20	15	27	5	32	42	17	2	28	26	19	21	16	21	36	22	33	48	27	23	43	32	40	9	0	36	17	21	24	
23	11	30	12	4	30	6	23	12	9	14	5	14	2	4	29	1	2	9	14	25	13	9	9	5	26	20	2	33	26	22	1	17	6	6	3	0	9	32	28	
2	1	37	20	1	46	24	5	32	15	12	17	35	26	36	34	33	28	13	44	31	1	21	11	37	31	30	32	4	38	23	23	29	48	27	12	2	0	21	13	
18	35	27	41	24	43	42	30	33	18	30	18	8	45	33	9	30	24	11	11	40	37	22	11	2	21	33	22	9	19	33	42	30	42	29	13	28	22	0	15	
43	24	33	20	17	42	40	30	13	35	43	7	8	44	24	24	30	7	31	45	35	18	11	3	9	34	16	30	5	13	32	9	19	2	33	29	29	11	28	0	
