40  8  1
8
	0	45	1	66	2	66	3	25	4	98	5	100	6	63	7	94
	0	42	1	76	2	89	3	9	4	28	5	92	6	27	7	35
	0	38	1	5	2	64	3	82	4	26	5	47	6	62	7	72
	0	81	1	76	2	21	3	82	4	6	5	66	6	95	7	32
	0	99	1	44	2	7	3	5	4	78	5	46	6	85	7	96
	0	8	1	37	2	93	3	52	4	92	5	24	6	53	7	30
	0	53	1	56	2	66	3	90	4	20	5	81	6	86	7	17
	0	78	1	26	2	2	3	10	4	67	5	96	6	29	7	2
	0	27	1	14	2	20	3	97	4	18	5	62	6	49	7	33
	0	80	1	86	2	16	3	6	4	4	5	57	6	90	7	19
	0	16	1	38	2	81	3	40	4	15	5	69	6	5	7	84
	0	9	1	74	2	96	3	41	4	33	5	76	6	64	7	37
	0	54	1	39	2	12	3	81	4	97	5	93	6	54	7	42
	0	30	1	14	2	9	3	63	4	10	5	56	6	51	7	95
	0	82	1	61	2	41	3	25	4	60	5	84	6	79	7	9
	0	49	1	31	2	52	3	56	4	89	5	79	6	48	7	6
	0	14	1	24	2	86	3	12	4	80	5	93	6	71	7	10
	0	85	1	3	2	67	3	40	4	87	5	49	6	66	7	53
	0	12	1	71	2	70	3	12	4	84	5	16	6	39	7	84
	0	32	1	99	2	63	3	61	4	55	5	39	6	47	7	81
	0	47	1	10	2	41	3	21	4	13	5	35	6	40	7	79
	0	33	1	24	2	32	3	83	4	47	5	30	6	87	7	91
	0	76	1	56	2	91	3	48	4	99	5	66	6	86	7	47
	0	47	1	67	2	69	3	88	4	85	5	57	6	48	7	33
	0	2	1	78	2	72	3	17	4	26	5	2	6	71	7	38
	0	18	1	38	2	91	3	63	4	33	5	55	6	86	7	4
	0	52	1	42	2	20	3	54	4	3	5	53	6	89	7	91
	0	43	1	16	2	54	3	98	4	63	5	97	6	59	7	37
	0	36	1	50	2	68	3	85	4	31	5	93	6	47	7	31
	0	42	1	92	2	75	3	78	4	22	5	45	6	56	7	95
	0	25	1	93	2	69	3	27	4	73	5	6	6	91	7	61
	0	26	1	13	2	48	3	77	4	7	5	87	6	7	7	67
	0	13	1	85	2	14	3	86	4	23	5	22	6	19	7	54
	0	66	1	25	2	63	3	52	4	25	5	85	6	9	7	62
	0	89	1	13	2	47	3	44	4	72	5	70	6	3	7	50
	0	60	1	17	2	25	3	37	4	68	5	18	6	39	7	1
	0	5	1	81	2	90	3	58	4	80	5	14	6	8	7	50
	0	7	1	65	2	76	3	36	4	82	5	25	6	78	7	10
	0	45	1	47	2	55	3	54	4	43	5	4	6	7	7	7
	0	67	1	74	2	7	3	17	4	31	5	48	6	25	7	17
SSD
M0
0	18	19	15	8	31	6	3	10	20	13	41	4	26	36	9	17	1	22	34	21	7	28	26	14	14	10	26	20	6	19	26	18	31	18	14	19	7	32	36	
5	0	1	7	22	28	28	9	29	21	20	9	19	23	32	31	18	33	23	29	29	14	29	22	15	9	6	3	14	16	30	27	24	12	19	12	32	20	25	23	
10	24	0	28	19	11	6	23	13	18	11	6	28	17	29	27	22	25	29	21	6	15	2	6	25	15	6	13	19	14	10	28	1	31	7	26	15	20	22	17	
5	13	19	0	27	27	27	12	8	5	20	14	22	26	37	29	29	21	18	28	19	15	15	14	27	8	25	29	27	21	14	35	14	20	27	23	4	7	19	28	
14	6	23	21	0	3	20	24	18	27	32	38	12	2	30	23	11	33	16	13	16	26	21	8	8	1	22	3	13	24	25	17	24	26	12	15	16	13	20	2	
16	12	25	23	9	0	12	30	7	31	34	31	14	24	19	25	12	27	18	2	25	23	17	22	10	14	11	22	2	26	17	30	21	21	14	7	22	15	27	13	
32	25	16	26	29	12	0	4	10	8	27	27	2	32	7	24	5	3	36	22	36	3	20	1	30	9	2	25	5	33	5	14	16	16	1	2	30	25	20	14	
24	14	15	11	19	25	25	0	12	16	9	43	26	22	40	28	18	2	23	14	17	6	26	16	23	6	10	16	23	28	15	9	14	31	25	25	15	3	30	19	
43	32	14	37	24	41	13	30	0	23	22	11	34	25	34	6	19	44	35	37	31	46	40	5	37	27	27	39	4	27	9	8	36	34	28	29	33	40	8	3	
7	17	16	14	15	2	22	19	15	0	16	5	5	18	23	30	4	28	9	8	20	12	15	2	1	17	1	13	7	12	15	9	17	14	5	4	11	6	19	18	
28	9	25	5	36	22	8	10	22	8	0	23	1	24	33	6	3	21	6	23	2	30	14	28	33	18	26	12	32	3	5	42	8	18	36	11	22	13	12	28	
37	12	23	23	4	31	26	10	32	3	2	0	19	32	14	24	21	24	15	25	11	38	28	37	35	25	12	30	41	21	23	19	19	33	9	29	28	28	7	5	
1	24	13	25	35	23	13	23	19	23	4	40	0	26	13	26	23	16	26	8	8	7	26	25	41	4	25	9	32	4	11	33	28	13	13	5	15	29	30	8	
27	12	13	9	25	11	25	21	10	25	1	26	18	0	5	23	20	30	21	21	3	3	24	3	21	19	23	28	17	20	13	28	12	22	25	6	13	1	21	30	
25	1	34	32	10	1	16	23	16	20	24	13	23	22	0	34	21	35	6	11	33	25	10	26	19	23	20	31	11	28	1	16	22	30	23	11	29	24	25	22	
18	23	14	25	26	26	6	22	26	28	30	47	16	35	17	0	15	11	20	20	2	30	12	24	12	20	33	24	18	19	25	12	28	30	16	11	14	17	29	21	
13	20	22	18	21	20	20	19	19	27	27	37	1	14	36	12	0	26	25	21	24	13	22	20	26	1	10	37	16	15	4	35	21	1	20	18	11	10	1	26	
34	12	12	7	34	19	19	1	19	25	1	40	18	12	15	7	7	0	23	29	18	34	10	10	30	17	23	16	18	20	22	18	5	19	34	28	19	10	9	35	
10	8	27	19	21	4	16	19	5	20	10	37	12	20	31	21	24	28	0	6	26	17	1	10	22	17	22	21	14	29	27	40	4	27	26	16	11	15	26	10	
7	17	8	14	15	19	22	26	15	20	12	8	5	13	20	11	4	14	9	0	20	8	15	4	1	19	28	13	7	11	18	27	16	16	5	14	18	6	19	20	
24	14	3	11	27	31	25	20	9	25	1	18	18	18	41	23	20	32	23	18	0	25	26	25	23	21	32	29	5	14	15	22	14	31	27	21	15	3	15	9	
9	3	18	16	3	18	34	24	17	26	24	19	7	27	25	20	6	20	11	28	22	0	17	10	3	21	13	14	9	35	3	5	19	21	7	12	16	8	3	2	
15	33	44	13	29	29	23	40	25	34	23	34	10	32	34	38	12	36	13	31	34	18	0	1	34	19	4	26	8	9	1	16	20	27	9	30	34	32	7	4	
12	22	21	19	15	4	24	31	3	18	8	41	10	4	9	10	9	37	14	12	2	28	20	0	6	12	23	18	12	18	23	38	22	24	10	6	23	11	24	25	
4	14	13	11	12	16	29	23	12	29	22	45	2	22	20	27	1	32	6	24	17	28	12	10	0	16	25	10	4	30	15	36	14	16	2	11	15	3	16	28	
22	15	19	3	13	1	1	13	16	8	22	20	23	14	28	4	21	20	20	2	9	22	17	16	19	0	20	29	11	7	10	16	18	22	1	16	6	7	8	7	
24	17	13	34	25	31	33	16	25	31	24	20	17	4	31	21	33	21	18	34	23	24	19	18	32	14	0	21	21	5	21	10	14	7	5	30	8	27	23	4	
33	23	28	14	15	14	8	19	29	14	13	2	6	19	25	35	17	27	26	24	13	22	28	27	32	23	21	0	5	32	9	30	3	31	20	29	17	22	2	16	
10	20	19	17	18	4	24	6	18	17	16	5	8	18	26	8	7	12	8	14	9	23	18	16	4	22	14	16	0	35	3	33	20	17	8	9	21	9	21	19	
21	12	5	28	19	19	13	25	29	18	12	6	9	26	26	34	16	34	15	1	26	37	8	18	15	27	17	27	21	0	27	4	10	10	19	8	21	20	22	20	
13	17	18	14	21	15	31	16	15	8	7	8	13	6	29	28	2	25	17	25	8	24	6	18	9	14	22	21	5	26	0	12	17	17	13	4	8	6	17	4	
27	20	36	23	2	29	29	23	6	33	35	35	5	22	5	32	6	35	30	21	34	12	27	4	22	21	30	8	6	35	24	0	29	2	26	21	19	24	20	34	
17	10	12	14	21	4	8	9	15	24	6	37	19	3	17	26	16	11	15	14	16	17	12	11	22	7	5	30	14	21	18	32	0	17	26	19	1	6	16	17	
26	9	35	12	34	30	28	3	22	11	4	25	21	10	4	26	23	2	19	37	22	11	22	9	20	22	26	27	23	23	17	36	13	0	14	14	16	25	22	39	
11	7	3	13	19	20	20	25	14	18	17	6	17	24	2	13	18	34	25	21	19	14	28	8	25	1	7	32	4	22	8	7	16	28	0	9	17	5	18	20	
12	21	2	19	20	15	32	14	11	27	30	46	10	22	27	35	9	32	12	20	17	33	20	18	6	20	24	3	12	29	23	17	22	24	10	0	23	11	24	10	
11	4	18	21	32	20	20	3	26	18	11	31	13	33	35	20	30	12	9	21	10	11	6	5	38	1	39	39	30	15	28	26	22	11	20	21	0	26	10	26	
19	4	5	1	17	21	19	13	2	25	21	38	17	12	34	27	16	22	13	22	7	21	16	15	13	11	22	20	13	25	5	26	4	21	17	15	5	0	20	22	
9	18	18	16	17	20	22	28	17	20	14	26	7	27	19	21	6	13	11	7	22	21	8	14	3	3	27	11	4	4	20	37	19	21	7	12	20	8	0	28	
33	20	31	27	6	32	37	13	13	29	34	42	38	24	23	1	36	36	16	25	33	42	2	35	34	32	17	45	39	22	9	43	16	17	18	38	26	19	11	0	
M1
0	38	16	2	37	34	30	35	29	29	18	31	24	25	36	20	11	27	27	5	16	10	33	19	20	2	30	10	31	32	19	16	7	1	2	22	28	7	36	42	
21	0	1	30	13	1	32	23	21	17	27	16	10	16	24	23	18	15	12	4	24	12	9	20	14	11	32	25	6	17	10	35	27	9	13	7	28	4	39	28	
40	36	0	24	22	36	26	43	16	13	25	34	14	10	26	21	27	31	6	7	31	33	35	24	25	5	26	26	20	11	32	41	37	3	7	25	22	4	33	34	
45	25	21	0	21	20	23	29	42	39	23	13	8	12	38	32	32	40	1	33	27	28	24	22	27	31	17	43	41	34	38	43	5	18	20	38	32	30	46	13	
40	21	28	5	0	10	1	32	22	23	24	40	7	30	4	36	29	32	4	27	37	25	21	1	14	33	18	22	24	37	42	3	10	4	32	17	21	14	25	28	
5	19	18	34	26	0	11	33	26	22	11	16	13	8	3	36	20	14	9	15	17	22	3	28	11	28	24	1	12	30	26	3	6	26	25	17	18	23	7	2	
29	34	22	26	40	43	0	23	29	1	24	19	9	1	26	3	26	17	7	26	4	28	25	21	27	15	15	27	36	10	22	32	18	23	9	20	16	9	16	30	
16	17	31	24	32	27	32	0	15	1	3	11	18	18	2	24	21	4	23	8	2	15	24	7	21	13	13	14	36	12	2	17	13	21	17	27	11	31	14	10	
19	19	15	34	41	22	41	20	0	14	35	4	25	17	23	23	31	14	26	14	1	25	8	18	18	12	19	21	40	1	6	36	19	2	27	37	1	24	32	27	
26	13	22	31	39	33	17	20	26	0	28	15	28	1	10	1	26	14	33	32	23	25	33	31	27	32	17	24	27	20	27	22	33	20	14	34	8	24	20	42	
29	44	5	15	32	28	36	40	16	23	0	34	24	20	18	31	31	33	15	8	31	40	38	25	3	15	36	30	26	21	23	44	14	13	8	35	25	3	17	26	
31	17	3	32	25	10	24	35	13	21	33	0	22	18	32	3	13	38	14	15	28	36	8	32	31	13	34	11	15	19	19	34	14	11	15	17	28	5	38	40	
3	35	4	7	31	18	3	30	10	22	24	6	0	19	32	30	5	23	12	16	25	25	32	26	28	14	32	33	16	20	30	25	7	3	10	34	25	13	12	1	
34	39	7	31	25	45	32	28	28	22	27	17	26	0	13	33	11	22	18	19	9	26	31	20	12	17	2	27	32	16	24	17	24	15	19	31	17	16	36	33	
8	36	22	15	37	41	25	25	5	19	32	21	30	22	0	33	5	19	10	20	6	30	11	6	13	17	24	10	18	20	11	37	24	17	32	43	18	24	7	14	
16	38	15	34	32	45	4	22	31	29	30	32	34	1	20	0	25	25	20	27	18	18	40	6	27	25	17	20	2	31	23	9	32	23	27	4	1	24	11	42	
21	39	6	9	25	41	23	1	27	24	24	24	25	15	29	12	0	31	6	18	29	20	15	23	24	16	31	32	31	20	7	8	13	14	6	22	20	15	1	19	
9	22	38	17	26	34	27	25	9	19	40	21	11	22	6	33	14	0	16	28	6	8	21	23	41	17	24	7	33	24	10	24	24	25	31	38	18	29	24	32	
24	35	2	26	8	25	15	10	2	7	6	20	12	17	22	4	11	25	0	14	12	7	8	1	32	10	30	33	24	5	14	11	30	10	14	15	17	6	16	22	
12	38	20	40	22	27	28	37	19	36	15	19	35	16	10	28	22	21	14	0	30	32	12	2	37	8	32	8	35	16	33	22	45	28	23	36	34	29	17	16	
15	20	27	23	32	38	33	9	15	3	38	5	14	6	12	17	20	3	21	12	0	14	12	7	32	1	8	13	39	30	16	30	8	9	37	44	2	19	21	16	
13	26	15	15	14	9	6	29	7	23	25	17	15	26	10	6	4	1	20	27	10	0	25	24	25	21	28	5	12	22	14	28	28	23	7	16	15	3	22	36	
18	6	29	3	27	5	19	22	22	24	25	9	23	13	30	37	20	33	6	40	36	11	0	22	15	8	16	40	30	37	33	4	4	26	38	18	27	31	36	37	
29	11	23	18	33	8	25	32	29	30	31	9	17	2	26	41	7	17	24	4	25	11	16	0	10	22	18	15	36	26	30	10	30	14	35	24	11	32	20	22	
3	19	15	18	13	6	18	13	24	33	25	17	8	24	25	16	30	16	15	27	23	27	3	24	0	14	16	26	40	5	29	43	17	18	7	24	27	20	31	18	
24	36	33	19	12	38	12	29	24	34	19	26	26	16	21	2	4	12	31	43	21	5	1	34	24	0	32	22	10	39	24	26	10	38	30	17	32	31	29	15	
32	20	20	23	31	1	47	28	17	21	24	12	26	7	32	16	29	31	18	32	20	32	9	23	24	30	0	32	1	32	37	38	32	23	6	20	32	29	37	36	
10	22	27	42	11	39	4	23	33	29	37	20	42	42	32	49	42	28	30	8	37	27	22	24	43	37	17	0	14	21	9	49	41	30	25	34	18	6	29	39	
31	41	22	1	8	4	24	32	14	15	26	24	37	7	16	11	26	29	23	22	29	40	36	25	12	10	20	33	0	29	9	9	32	25	8	23	29	31	15	36	
3	10	10	39	33	39	25	34	14	20	21	21	29	25	39	36	9	39	21	22	29	27	29	13	26	20	33	26	15	0	15	10	23	8	22	24	7	19	8	13	
10	41	33	3	27	34	6	10	8	3	10	12	40	35	28	20	3	36	31	1	23	27	30	36	38	34	36	43	43	2	0	17	38	9	33	24	23	7	28	12	
24	38	19	36	10	29	2	17	28	7	8	34	24	34	25	20	13	16	1	31	25	25	40	20	28	29	43	23	13	21	29	0	10	24	27	1	10	18	37	20	
43	44	26	25	8	2	17	1	37	27	30	5	27	26	28	32	35	31	25	18	29	12	40	29	30	18	19	30	14	39	29	11	0	9	12	25	34	14	11	25	
28	17	22	29	19	8	33	32	3	12	30	21	21	1	28	35	16	27	32	3	18	5	25	30	19	7	4	15	17	18	14	18	28	0	30	16	18	31	40	44	
24	28	1	4	26	37	32	30	22	17	5	29	18	10	21	27	10	12	12	13	21	23	18	4	5	11	26	13	26	17	23	39	17	4	0	31	28	10	33	36	
11	29	25	24	12	41	16	1	10	26	30	16	18	29	13	2	4	4	23	25	13	15	28	30	10	24	31	5	9	12	17	31	31	23	15	0	25	24	29	34	
9	36	10	15	37	25	12	26	23	22	40	25	10	25	20	10	28	11	21	10	20	22	19	18	18	20	26	11	35	24	24	38	14	10	22	40	0	4	29	3	
21	19	15	12	28	35	13	28	32	27	19	36	10	5	32	29	24	26	26	20	28	2	32	11	19	21	21	12	36	31	34	24	3	18	1	10	14	0	39	31	
44	7	22	11	43	44	22	8	29	19	18	18	41	26	36	11	17	36	26	34	36	11	11	38	13	16	14	36	44	38	11	41	14	13	30	42	3	31	0	8	
4	28	16	45	27	4	19	7	11	24	25	19	18	3	24	11	28	25	18	28	26	36	33	27	5	4	19	35	30	26	1	4	27	8	28	18	26	8	32	0	
M2
0	17	23	14	35	28	22	6	33	10	11	15	21	27	21	17	13	11	6	23	29	14	32	10	19	30	9	21	10	23	29	25	10	15	3	31	10	16	29	30	
13	0	22	45	17	28	28	38	21	29	35	30	26	29	7	20	25	24	37	19	46	11	22	32	39	9	31	23	42	9	27	25	34	14	8	23	26	40	26	19	
2	8	0	37	43	19	7	37	11	36	17	5	18	33	22	16	8	12	9	37	30	34	10	35	32	9	14	27	7	16	20	20	27	17	15	6	3	24	3	1	
30	19	26	0	33	26	3	4	33	8	19	13	8	25	20	19	33	19	16	17	27	15	10	29	17	8	7	21	8	21	19	30	18	29	15	29	8	14	2	33	
3	23	20	21	0	4	15	30	4	34	11	11	2	25	7	1	16	31	36	25	25	19	34	21	16	43	7	28	30	21	3	25	16	28	30	23	25	29	2	6	
20	26	18	29	22	0	15	27	5	31	8	17	23	9	7	21	3	18	18	21	30	19	41	4	19	23	4	4	27	12	25	25	31	19	36	30	24	9	19	6	
11	23	12	15	38	21	0	31	13	3	27	15	15	33	25	39	27	8	4	23	9	43	3	27	18	36	27	37	22	6	18	21	6	31	43	36	27	21	25	27	
24	13	25	6	27	20	23	0	32	2	22	7	13	19	14	29	27	13	10	19	21	25	24	24	11	24	1	48	2	18	35	27	12	23	18	31	2	8	29	27	
26	1	23	24	16	16	7	19	0	23	34	2	5	28	29	24	10	34	31	26	5	34	26	34	19	37	22	4	23	4	26	42	33	22	33	12	23	9	16	29	
17	4	28	10	33	2	28	35	32	0	8	38	28	31	14	20	9	31	39	13	3	34	6	42	33	32	22	33	21	2	17	18	13	25	33	20	26	28	28	27	
21	12	24	10	31	9	15	2	15	3	0	11	17	23	18	21	16	17	14	6	22	29	18	28	1	5	5	2	6	21	25	25	16	27	22	19	6	12	30	6	
4	14	28	6	32	5	24	31	4	35	13	0	19	1	14	18	15	14	24	13	29	11	1	26	11	17	34	2	20	14	15	5	24	39	27	30	21	24	12	15	
22	9	6	7	38	21	31	32	38	36	34	38	0	11	13	28	21	24	44	11	11	17	38	17	2	36	16	36	30	15	31	36	23	40	16	9	11	18	30	42	
2	39	20	11	22	33	35	26	24	30	14	35	21	0	4	8	41	4	33	3	34	1	23	32	1	35	29	35	10	13	32	36	39	35	38	20	30	14	31	32	
11	12	39	34	20	20	34	38	7	8	16	15	22	19	0	28	17	21	31	30	27	1	27	18	29	6	15	4	32	10	4	28	13	17	3	39	41	12	22	27	
7	25	22	23	34	12	31	38	20	14	26	33	4	3	16	0	32	16	9	8	22	13	32	33	13	41	21	1	22	4	23	17	21	15	30	25	12	23	27	22	
24	24	21	2	38	9	26	23	31	27	32	10	3	14	19	6	0	5	30	26	26	7	33	24	17	31	1	33	8	13	2	1	20	25	17	21	26	27	25	19	
11	27	39	37	27	20	23	45	6	31	21	23	21	30	19	35	25	0	32	23	15	10	38	23	23	9	35	27	5	26	5	21	6	23	33	21	38	21	13	26	
23	25	22	20	13	5	7	12	24	16	29	21	4	27	27	9	27	20	0	27	27	1	3	26	3	3	3	29	16	23	23	36	22	21	25	23	16	22	22	17	
20	23	27	24	23	2	14	16	13	20	37	13	22	14	12	14	8	12	17	0	10	3	34	32	19	37	19	37	20	20	10	24	30	18	23	36	3	26	29	5	
34	20	21	39	24	14	39	31	30	16	15	11	31	39	30	32	41	7	11	18	0	9	33	36	10	26	13	7	20	31	34	31	16	25	45	24	34	31	33	37	
13	6	13	29	3	12	23	26	14	20	5	20	10	16	17	4	26	29	32	22	33	0	23	26	5	2	3	2	26	30	13	25	10	2	5	31	26	25	12	16	
20	16	17	19	33	15	1	40	43	10	34	16	7	14	1	20	8	27	13	7	29	24	0	5	21	34	35	33	33	20	24	2	39	29	25	25	8	28	29	5	
14	21	31	12	4	15	26	18	15	17	22	14	13	4	17	9	27	11	1	16	36	14	11	0	14	24	18	25	22	16	14	13	25	21	38	31	22	27	13	17	
8	32	21	10	32	17	13	33	41	13	30	15	11	34	10	15	3	29	5	19	6	16	9	8	0	13	18	2	5	8	23	3	2	28	38	29	18	11	21	4	
12	25	30	29	27	29	21	43	4	47	43	23	14	37	15	1	19	22	17	5	26	24	49	19	4	0	23	14	25	27	6	25	10	36	8	35	37	7	15	12	
3	3	4	11	30	25	15	3	29	7	11	12	18	24	19	8	8	14	9	24	13	30	29	3	6	25	0	32	3	7	25	22	7	4	12	14	7	6	26	6	
31	31	3	26	36	21	9	18	47	17	31	27	32	22	20	14	36	7	30	19	36	32	14	31	25	44	8	0	4	8	19	47	32	5	38	34	22	28	21	34	
20	30	27	29	22	32	3	27	25	14	32	36	23	9	22	25	21	16	23	21	27	1	36	30	19	8	7	35	0	31	32	23	8	31	22	5	21	23	27	29	
5	1	36	31	12	6	10	31	23	25	30	12	18	15	26	16	11	18	23	4	2	19	12	1	17	28	26	2	24	0	20	2	35	1	31	9	35	24	21	1	
22	6	27	18	34	14	22	10	40	7	31	1	23	31	19	28	3	11	22	11	6	37	29	36	23	28	13	8	4	25	0	10	19	35	30	43	14	20	33	13	
22	25	18	28	19	14	2	31	30	25	23	5	24	39	16	25	26	2	12	1	26	2	8	20	38	6	33	36	22	31	7	0	31	36	39	24	21	39	28	16	
22	22	19	20	43	22	9	39	49	39	45	18	1	24	5	19	17	25	36	3	24	30	40	15	15	31	29	31	14	17	26	1	0	31	29	22	18	1	5	7	
32	7	36	42	22	32	20	38	31	33	21	35	28	39	36	30	15	47	41	24	12	9	18	38	16	18	15	43	7	5	28	11	42	0	24	35	1	15	16	24	
13	33	31	18	33	39	13	33	35	37	25	21	19	2	15	5	35	15	24	14	28	12	24	6	12	25	10	44	3	2	40	5	4	34	0	18	19	19	5	25	
2	1	29	11	12	23	22	28	18	13	28	11	21	5	18	18	9	18	34	17	15	3	24	11	8	36	5	30	24	27	22	32	32	29	18	0	8	1	21	13	
16	30	1	9	32	34	32	20	39	16	17	12	11	34	28	38	33	9	4	6	32	40	13	5	25	25	21	16	13	20	10	19	13	45	27	13	0	28	32	23	
13	26	11	24	17	28	24	30	12	34	16	34	5	22	19	25	13	35	31	24	26	32	44	19	7	15	8	24	10	20	27	22	7	29	33	9	28	0	26	28	
11	22	28	15	1	4	3	7	12	11	19	16	10	9	12	9	4	22	19	21	27	13	17	29	19	27	9	36	1	27	5	20	21	31	27	31	11	5	0	14	
8	31	28	29	43	35	2	35	40	32	42	4	10	33	35	8	3	18	40	33	30	28	37	31	24	30	31	39	39	8	12	12	41	17	28	31	33	16	17	0	
M3
0	25	34	40	33	39	35	16	4	19	39	37	47	21	18	43	22	39	24	36	28	15	6	2	27	16	28	27	2	21	25	37	43	20	34	10	38	30	25	30	
24	0	29	20	21	22	14	15	5	21	19	30	13	21	18	42	2	8	10	35	27	16	4	20	20	43	25	26	11	15	40	20	10	17	20	26	14	5	7	26	
26	2	0	31	19	28	21	12	16	5	8	15	24	31	4	34	13	19	15	14	24	9	15	5	3	45	3	23	9	22	25	23	8	19	2	34	25	16	15	5	
2	19	16	0	7	31	24	15	5	8	16	15	32	24	19	11	14	30	38	32	20	28	8	26	13	10	15	24	8	2	2	9	31	15	12	26	16	33	3	33	
35	7	4	36	0	22	29	15	5	29	4	46	27	12	7	17	2	18	26	20	8	16	20	25	12	43	3	12	27	18	36	24	26	33	27	14	7	21	23	21	
20	20	17	43	8	0	31	22	18	36	4	26	6	22	20	28	15	31	34	33	7	1	23	11	25	39	16	14	40	8	41	37	8	25	40	4	6	12	2	15	
22	12	18	7	31	28	0	16	15	30	21	49	1	35	14	2	23	29	31	9	21	8	13	31	34	30	6	27	28	27	13	31	31	38	34	1	35	26	28	13	
21	25	20	41	14	27	20	0	6	4	23	33	34	9	25	17	12	20	29	10	2	26	8	22	30	44	2	1	34	13	24	18	31	15	31	31	25	11	14	12	
34	32	23	25	39	43	38	39	0	32	3	36	29	9	34	9	43	10	39	20	47	30	44	25	18	30	12	36	12	35	44	38	20	39	8	13	37	21	1	7	
30	17	31	31	25	17	10	1	17	0	34	23	32	20	29	28	13	31	26	21	13	27	19	12	40	34	13	12	25	21	14	12	36	8	21	42	29	22	4	23	
16	6	27	24	18	19	25	20	20	13	0	30	27	35	14	16	17	19	18	23	31	24	19	27	14	43	22	29	26	19	9	17	25	27	2	37	29	4	7	5	
30	33	28	28	38	43	11	15	31	29	32	0	23	5	22	32	27	5	20	35	4	5	8	47	18	5	27	26	19	31	13	1	13	31	31	14	27	36	36	28	
9	16	13	3	4	7	30	23	1	34	13	31	0	21	3	26	11	27	18	12	16	5	29	17	21	31	6	21	18	27	29	19	35	33	7	15	16	30	23	6	
20	13	10	21	1	28	12	21	11	18	10	34	33	0	13	16	8	8	29	26	14	17	26	31	18	22	9	18	31	24	2	7	6	19	20	9	13	7	28	27	
5	9	23	18	39	40	11	33	23	39	21	41	22	13	0	42	20	4	28	35	20	30	9	26	29	31	8	17	29	21	26	38	25	35	36	31	32	18	19	17	
25	29	17	10	28	21	22	11	16	25	24	18	17	21	26	0	33	33	35	8	23	37	28	11	2	46	3	22	26	25	23	31	6	12	38	20	40	24	14	29	
32	1	16	26	7	8	24	1	15	15	15	33	23	10	4	28	0	15	13	21	13	2	14	18	24	29	11	12	18	4	35	10	20	26	30	25	19	15	17	23	
20	28	31	18	32	31	25	28	19	38	19	42	16	1	4	24	31	0	37	45	14	17	24	6	8	45	37	24	32	22	1	13	6	16	30	35	37	35	26	37	
15	27	32	4	23	13	30	33	26	26	15	46	45	13	22	33	30	44	0	30	16	44	30	17	27	21	9	4	17	16	46	14	26	3	19	7	2	5	36	40	
27	16	33	2	34	12	30	10	26	22	2	4	4	29	27	15	27	31	20	0	4	28	28	4	11	36	14	21	15	32	22	38	33	13	44	32	25	12	14	18	
32	32	8	22	24	27	5	5	21	19	7	25	25	24	2	20	27	30	6	10	0	26	23	25	34	29	17	16	15	7	21	32	8	6	32	25	2	23	17	3	
16	15	36	19	38	20	33	29	29	22	30	21	37	28	29	19	26	32	3	45	30	0	24	26	13	9	24	19	29	31	16	2	12	18	10	22	17	5	13	33	
11	30	26	2	29	5	2	9	25	23	1	21	22	18	6	36	31	6	29	29	21	10	0	38	3	34	21	20	14	32	31	32	1	23	26	42	25	21	11	31	
37	5	22	34	16	5	15	9	19	2	25	31	19	26	28	14	16	22	24	22	21	30	18	0	17	37	21	20	25	11	17	20	22	16	28	22	28	2	12	11	
6	10	6	30	9	30	3	6	19	13	18	42	32	25	7	31	16	27	29	24	18	18	9	31	0	47	17	17	7	29	22	12	29	4	39	28	21	14	1	28	
29	31	29	24	32	1	6	15	14	8	13	10	7	12	11	17	18	35	8	35	16	22	2	26	6	0	27	12	17	34	28	10	27	22	26	13	5	25	18	12	
2	19	33	23	35	42	11	11	27	25	12	42	30	3	16	1	23	35	25	31	23	10	18	29	10	41	0	22	29	25	14	27	15	20	27	1	38	32	28	8	
31	21	24	41	27	28	28	4	8	18	30	3	16	23	3	25	8	1	32	16	16	22	22	9	8	47	16	0	32	13	30	5	37	9	45	8	16	25	26	26	
26	28	5	24	16	33	18	20	26	34	7	40	28	33	28	19	23	18	8	22	25	31	2	15	23	35	10	8	0	4	38	34	5	23	18	9	22	25	41	26	
5	33	13	16	31	37	31	22	10	15	2	32	22	32	23	9	34	32	28	7	15	5	36	5	44	22	12	33	12	0	1	26	42	29	42	32	3	35	25	22	
19	5	12	25	15	34	24	22	11	15	22	44	19	32	27	15	16	22	9	35	19	30	8	31	32	42	23	25	25	5	0	29	24	24	18	28	23	7	21	9	
19	14	20	38	44	12	37	34	28	27	28	7	19	7	41	20	25	31	22	24	22	34	27	1	27	6	25	38	6	23	17	0	1	17	23	41	31	11	30	25	
6	28	8	1	36	14	3	12	15	5	33	24	3	9	4	39	24	27	26	17	5	5	30	23	15	28	24	23	23	10	25	23	0	19	32	25	1	33	15	23	
1	14	27	24	20	21	31	1	17	15	28	3	36	20	17	28	1	22	23	12	13	15	19	1	37	33	13	12	2	17	12	23	33	0	31	36	32	20	12	23	
24	1	3	21	5	28	2	24	15	24	14	40	23	13	17	19	12	18	5	19	18	26	14	30	1	10	13	21	9	25	40	30	14	20	0	24	9	15	17	9	
28	35	31	17	26	15	5	2	18	15	18	39	9	14	11	29	24	32	1	3	14	25	14	30	8	34	14	13	12	25	35	13	39	16	20	0	15	17	25	24	
38	25	20	1	19	9	10	9	15	2	19	17	5	28	31	7	21	4	34	29	14	14	3	16	36	27	19	19	32	29	22	20	31	16	29	19	0	1	12	22	
21	1	5	3	9	32	22	24	2	17	12	40	23	7	21	7	12	18	20	16	20	25	14	24	26	25	6	26	21	23	37	30	20	27	4	19	21	0	17	2	
8	13	27	19	26	3	24	2	18	12	31	41	6	14	16	2	14	23	4	22	14	28	4	28	4	37	14	13	5	25	32	30	32	19	35	18	8	21	0	24	
18	12	9	41	35	43	35	28	16	21	23	30	5	13	10	36	23	10	31	9	24	6	21	5	40	25	31	12	9	36	20	14	31	35	41	38	13	26	28	0	
M4
0	38	37	34	33	10	21	22	19	38	25	5	36	30	19	30	33	28	25	41	7	2	34	18	4	17	30	24	1	27	32	29	11	2	12	17	6	38	36	31	
17	0	33	25	12	35	1	8	25	21	24	32	24	38	35	6	10	35	14	23	30	4	35	34	30	34	27	6	10	27	3	27	12	27	35	40	22	38	38	5	
12	14	0	17	25	8	20	25	17	13	12	22	13	1	7	3	7	12	19	30	5	34	13	12	15	22	13	22	24	15	24	7	9	16	22	27	8	23	19	6	
6	14	11	0	5	17	7	21	31	26	8	6	13	15	6	13	33	18	3	31	15	30	26	8	29	3	7	22	18	17	20	4	8	13	4	11	5	17	16	13	
8	12	18	33	0	20	11	28	11	6	12	22	21	1	22	8	21	26	24	10	23	20	13	12	15	25	13	15	24	9	29	12	4	8	4	29	1	23	21	12	
24	15	28	20	27	0	13	22	32	31	20	32	18	25	15	13	33	23	20	9	2	29	18	9	21	13	32	19	29	7	9	9	4	8	19	18	17	11	21	26	
14	2	15	4	15	17	0	2	4	3	3	16	3	25	16	10	36	14	13	26	25	22	29	16	9	13	10	3	21	6	29	14	18	6	14	20	1	17	26	16	
40	13	11	28	10	22	39	0	20	15	26	40	18	38	11	18	37	23	21	31	20	3	3	11	6	28	22	24	10	21	34	9	34	18	31	38	21	3	4	2	
6	7	12	40	9	25	17	25	0	21	20	30	21	9	26	11	29	5	7	39	5	21	32	20	2	5	23	22	32	23	7	12	7	10	23	1	8	19	19	15	
25	2	8	23	20	10	31	20	1	0	10	30	20	25	12	5	29	24	21	29	24	32	22	9	21	15	3	5	14	17	26	19	15	7	12	20	2	30	31	9	
2	20	34	17	25	30	30	11	29	24	0	5	1	36	29	4	48	23	12	8	28	7	41	23	37	26	22	6	27	34	14	17	31	16	11	2	13	7	25	16	
12	14	25	23	22	14	2	4	17	13	8	0	21	1	14	20	21	26	21	26	3	30	17	12	15	19	5	12	16	15	29	12	1	21	14	23	19	22	21	11	
32	3	15	30	26	17	15	24	8	3	15	23	0	32	18	12	34	22	20	28	28	25	9	16	28	21	9	9	15	1	33	17	21	14	18	5	9	6	16	15	
1	3	14	25	17	14	9	17	6	2	1	11	10	0	15	10	10	15	13	24	12	23	14	1	4	20	9	11	20	4	18	1	10	10	17	18	8	12	10	1	
17	26	32	20	21	28	33	25	12	20	23	3	15	21	0	18	30	31	23	8	5	5	23	18	26	29	4	14	15	34	14	27	16	25	13	5	22	22	4	2	
26	13	23	14	10	6	21	1	12	11	17	13	6	35	10	0	25	16	22	36	21	33	30	24	17	23	13	4	21	9	24	10	4	19	22	29	17	12	22	19	
2	24	27	45	18	27	43	41	38	36	15	35	23	26	28	17	0	11	21	27	25	26	35	3	40	33	28	11	38	40	2	14	10	16	37	31	26	37	26	11	
25	33	20	13	15	8	26	34	32	39	27	13	32	34	17	32	13	0	9	41	34	25	28	4	11	22	26	6	13	36	29	23	9	3	23	19	8	36	26	32	
15	15	20	3	14	18	16	30	24	19	4	10	14	8	15	14	9	8	0	27	16	16	16	17	22	12	16	25	25	1	29	5	17	14	13	12	14	10	1	19	
31	16	28	19	1	15	21	39	11	38	33	31	16	26	5	14	25	34	28	0	34	16	14	27	29	28	13	44	24	11	22	29	25	34	22	30	24	22	28	14	
9	23	26	37	21	32	29	7	23	18	5	25	21	10	26	24	30	13	5	21	0	27	14	9	15	31	17	4	14	16	31	21	29	29	24	9	4	27	30	11	
9	10	34	23	24	9	23	27	39	34	25	3	28	30	16	22	21	26	5	3	7	0	21	21	29	32	7	24	15	36	39	28	19	28	16	16	24	34	18	13	
26	4	17	21	26	21	12	34	24	19	33	30	17	38	22	3	10	22	20	2	19	34	0	11	41	25	26	16	10	10	4	8	35	17	16	38	21	31	20	19	
6	20	6	12	23	14	5	18	19	14	26	7	22	33	24	22	20	14	21	43	19	25	37	0	16	21	18	22	29	31	20	13	24	11	22	11	20	5	25	24	
8	17	18	36	3	10	27	20	7	20	19	12	16	8	21	16	5	11	19	29	18	28	29	19	0	26	25	29	8	22	2	7	18	4	18	6	26	30	6	7	
25	26	9	26	36	34	39	5	25	20	21	38	10	26	35	29	42	3	21	2	3	10	30	25	31	0	26	20	30	18	28	30	6	31	33	10	20	28	15	27	
27	33	33	21	14	36	34	23	32	27	27	33	21	42	6	12	23	37	25	40	19	35	16	11	19	30	0	33	8	44	42	23	9	18	6	38	15	24	35	3	
15	9	15	30	4	6	18	27	8	3	16	30	15	21	5	12	7	31	4	22	31	18	21	16	14	18	10	0	21	24	19	26	5	14	19	21	9	31	8	16	
6	16	14	2	13	24	9	7	15	10	16	14	4	23	9	19	1	10	6	35	23	36	19	16	18	5	15	18	0	20	28	12	16	21	12	19	13	14	20	21	
18	11	17	18	25	19	25	27	10	5	1	21	17	31	17	14	14	25	24	5	8	2	25	2	10	24	8	14	9	0	30	28	20	16	16	16	11	23	12	14	
21	16	8	38	24	13	29	10	22	17	21	31	10	10	20	15	30	20	18	31	17	16	32	21	24	6	23	13	34	16	0	6	30	5	5	31	14	32	10	21	
26	3	12	25	11	6	32	24	20	15	22	35	2	27	7	2	37	7	5	38	4	28	31	26	30	12	22	21	29	33	29	0	34	2	31	26	15	42	5	28	
19	13	28	34	14	26	40	14	5	16	2	22	18	32	27	21	47	27	17	13	24	24	3	3	25	3	23	2	34	37	25	13	0	22	4	19	22	24	3	29	
34	22	40	33	8	33	9	31	10	32	32	20	32	37	38	39	37	18	35	22	33	11	9	1	30	33	39	19	41	35	35	40	31	0	12	6	8	46	42	23	
13	19	20	4	15	27	17	15	23	18	18	16	5	15	10	1	21	28	13	22	7	13	29	18	14	13	15	24	4	27	26	14	18	11	0	21	15	27	26	21	
10	19	3	24	6	28	33	33	22	26	25	25	12	14	26	26	4	18	29	35	24	5	28	25	15	19	25	35	8	8	42	17	30	1	28	0	4	29	16	25	
22	9	11	30	39	45	19	31	37	32	5	1	7	35	12	24	1	34	8	28	16	5	35	6	13	39	22	4	6	11	17	37	21	24	15	20	0	27	41	28	
21	14	16	9	11	17	3	25	27	25	23	4	24	23	21	15	18	28	18	41	17	9	7	1	32	11	17	26	28	14	11	19	23	6	19	26	20	0	31	23	
21	9	37	36	31	39	16	30	30	25	4	9	20	30	18	16	11	39	25	17	40	24	34	6	10	4	20	15	26	42	33	34	32	20	6	13	23	26	0	26	
27	18	5	25	27	26	31	19	17	12	10	30	22	20	27	21	38	27	25	33	24	32	27	25	22	6	19	21	30	25	8	13	24	4	23	17	18	32	25	0	
M5
0	25	47	38	5	8	15	10	31	37	31	8	30	19	4	42	6	43	23	12	18	42	41	28	35	27	24	15	33	45	10	24	32	30	34	16	26	17	21	22	
22	0	20	34	44	13	30	26	14	30	8	8	35	27	22	29	37	42	1	4	27	34	21	36	26	36	6	29	13	24	33	40	21	11	13	21	8	12	22	24	
40	1	0	30	37	3	14	41	33	34	40	46	10	12	43	39	22	43	39	2	30	37	41	28	30	9	2	25	3	4	37	12	30	4	25	40	19	25	42	42	
22	30	45	0	36	9	36	3	32	38	23	9	49	12	29	4	26	2	30	38	18	40	39	29	36	32	17	15	34	6	11	10	41	31	7	39	27	18	22	1	
17	21	29	37	0	6	4	27	21	27	19	9	8	2	18	19	22	21	27	31	16	34	42	31	29	1	17	25	23	35	32	38	38	20	2	42	19	10	11	12	
29	10	26	28	34	0	30	33	26	7	13	33	31	19	16	12	30	18	13	20	20	10	15	1	3	2	3	26	28	15	10	34	28	16	12	13	24	10	16	15	
17	27	43	16	36	26	0	27	23	21	23	32	27	7	26	29	10	9	13	29	18	37	34	2	20	27	19	29	7	23	2	31	33	22	26	30	18	3	13	14	
32	30	14	34	41	33	29	0	25	27	24	31	32	20	5	9	9	6	11	40	10	36	28	39	23	39	26	39	37	6	21	38	11	34	32	24	5	26	25	19	
1	24	5	8	28	13	1	31	0	3	27	33	21	30	31	15	8	16	26	13	37	9	29	17	21	28	30	30	30	33	21	34	44	10	5	4	29	6	32	31	
13	14	13	3	14	35	7	7	17	0	32	5	13	8	24	21	1	30	31	38	27	28	36	2	38	11	8	31	23	21	36	3	37	25	4	35	28	40	22	1	
6	16	38	42	21	27	19	2	19	19	0	6	19	10	37	8	24	3	17	32	17	11	33	33	15	32	20	13	13	27	22	23	37	4	24	37	29	21	25	15	
38	3	26	35	24	34	15	14	28	20	17	0	37	21	15	10	3	29	17	20	8	9	4	36	24	14	8	42	13	22	31	11	27	33	18	38	17	1	33	27	
22	21	34	14	40	24	29	29	33	18	36	27	0	30	29	23	17	17	1	31	4	20	30	30	14	8	31	17	31	24	21	37	3	28	23	5	13	21	26	24	
25	19	19	19	19	24	24	29	30	9	5	39	18	0	17	7	29	42	4	10	25	23	10	27	12	29	26	32	32	18	9	37	3	16	13	17	25	16	20	21	
34	24	24	15	37	30	13	12	21	6	3	34	28	24	0	8	30	38	25	8	29	32	24	16	19	28	13	35	10	26	26	34	22	33	28	4	1	16	24	20	
1	30	29	33	17	5	19	24	15	21	15	30	2	23	25	0	23	13	34	33	10	27	22	27	23	19	9	5	2	15	15	24	6	14	8	38	13	22	5	13	
12	22	28	25	7	37	40	42	14	33	38	7	22	4	26	1	0	5	2	24	1	42	34	10	29	42	18	1	9	12	36	23	22	28	15	49	11	7	28	2	
16	24	19	15	6	12	17	6	10	13	7	7	5	19	23	24	36	0	6	17	8	30	23	1	21	17	9	3	15	10	16	19	24	12	22	36	11	23	3	14	
5	4	44	30	41	19	24	29	20	20	20	39	25	39	30	32	45	37	0	27	15	34	41	32	23	24	16	12	22	7	30	23	4	19	29	41	18	30	10	7	
22	17	18	28	17	31	32	15	28	30	7	33	31	31	38	33	6	28	14	0	23	39	21	22	26	16	4	42	30	33	33	6	30	27	35	36	8	4	18	16	
8	35	1	9	8	13	25	23	33	8	33	10	3	31	11	35	22	22	15	38	0	6	23	38	40	11	8	43	26	4	22	37	35	32	31	47	25	29	23	15	
26	17	3	43	43	29	7	37	27	12	30	16	34	22	1	16	33	17	25	4	25	0	9	15	25	6	26	33	15	17	13	40	11	29	22	41	7	20	20	6	
32	8	6	34	26	13	15	10	21	5	29	31	43	17	23	10	28	39	22	18	18	20	0	17	1	18	25	41	22	13	8	36	24	3	9	36	16	8	19	20	
34	12	28	26	36	16	27	35	25	9	13	11	32	21	31	14	15	39	27	22	4	12	23	0	5	13	4	22	30	17	12	5	27	6	14	4	5	12	23	10	
29	5	21	34	29	10	30	28	26	2	26	28	40	14	36	7	25	38	24	15	15	27	16	23	0	15	22	42	28	10	5	33	23	12	7	33	21	5	16	17	
25	26	19	26	17	20	14	16	2	8	17	35	38	14	26	28	3	18	24	13	17	44	37	2	19	0	18	38	24	31	5	39	38	1	28	23	16	12	12	17	
34	14	30	36	38	19	39	11	2	11	35	20	1	16	31	11	26	4	33	7	1	36	25	9	7	24	0	45	11	19	14	33	19	21	16	42	30	7	25	26	
10	15	35	33	21	38	4	4	45	19	33	3	38	25	1	35	21	36	43	22	27	22	24	16	26	5	38	0	25	21	24	7	6	5	32	11	28	31	35	17	
16	15	31	13	17	20	33	22	22	12	7	36	29	9	28	1	8	25	34	13	25	7	25	4	8	25	3	23	0	20	15	35	24	22	8	1	2	15	25	27	
32	27	28	23	47	32	38	29	1	24	8	19	43	20	36	19	22	17	11	11	14	29	5	43	34	2	41	34	5	0	41	30	31	43	43	45	25	41	37	34	
18	30	39	44	40	18	19	19	15	21	15	24	37	3	25	32	14	27	13	21	10	33	26	12	23	19	11	41	17	29	0	29	32	14	18	22	10	1	5	6	
34	10	26	24	34	9	30	33	31	7	27	33	9	19	41	11	30	43	17	20	20	20	21	15	3	20	27	15	25	15	10	0	14	17	4	23	13	10	21	19	
3	20	36	10	15	24	25	4	21	17	21	34	10	25	18	13	19	36	28	30	7	19	31	33	13	25	17	35	23	24	20	12	0	20	4	29	18	20	11	32	
17	19	38	6	16	17	18	13	14	8	14	28	39	17	24	24	28	15	9	1	9	14	35	6	22	18	7	17	7	28	8	12	29	0	23	36	12	15	4	20	
20	35	8	33	21	17	38	35	19	15	38	37	40	38	14	37	42	25	30	3	2	43	34	26	28	10	29	4	39	27	31	39	38	42	0	24	41	21	42	22	
12	2	13	4	37	26	14	41	16	10	14	31	43	30	9	23	36	45	15	29	31	43	7	16	14	6	38	39	8	14	21	35	22	14	6	0	37	7	32	33	
22	11	26	40	22	16	23	28	6	8	19	28	13	10	26	13	15	44	30	21	14	17	9	26	4	21	7	20	20	11	11	19	8	18	13	39	0	11	9	23	
20	22	29	29	14	20	12	26	17	19	17	4	11	2	27	24	25	43	2	32	12	33	33	10	15	16	13	30	18	14	10	3	22	7	15	38	15	0	7	22	
9	21	30	39	32	9	10	15	6	12	6	30	31	26	16	23	33	46	36	31	1	32	27	18	14	10	2	38	8	20	17	30	23	5	15	29	4	21	0	29	
27	28	39	1	12	27	26	7	24	25	18	35	28	22	34	20	9	38	9	38	7	19	23	9	21	28	20	37	26	30	28	29	28	23	26	8	6	24	14	0	
M6
0	3	24	2	22	15	13	45	26	13	4	22	4	13	8	18	18	16	11	17	22	16	12	9	32	16	15	10	1	19	4	2	18	3	27	3	27	19	15	7	
35	0	18	19	38	19	8	46	34	23	29	21	33	16	3	22	20	3	20	14	35	6	47	28	29	30	9	19	2	37	38	35	10	46	24	15	29	31	18	38	
11	7	0	38	22	22	21	22	4	33	6	26	10	2	1	11	29	19	13	16	6	3	21	3	27	4	18	10	21	12	10	23	20	34	22	41	1	21	17	10	
7	30	13	0	35	12	7	3	15	17	10	31	23	9	13	26	26	14	17	21	37	7	26	16	10	15	29	17	25	26	2	9	24	20	5	1	16	25	16	25	
23	33	10	20	0	6	19	26	12	20	11	28	1	15	30	23	41	11	18	5	45	23	25	17	7	15	22	20	23	2	22	12	25	23	2	8	13	26	22	20	
5	38	25	30	35	0	36	3	17	37	27	15	23	13	32	24	29	1	5	22	13	34	34	16	6	11	30	23	5	6	16	29	16	29	32	45	14	17	32	6	
31	27	32	18	32	19	0	48	26	20	7	3	21	17	34	31	17	26	12	10	26	19	32	13	11	18	1	19	22	3	14	16	21	17	38	14	21	5	18	30	
27	24	26	1	7	12	19	0	10	23	23	22	27	1	11	5	4	12	21	6	11	28	3	29	23	8	15	35	20	26	14	49	2	16	18	36	29	22	12	31	
5	34	36	38	22	30	45	11	0	32	24	15	19	34	19	10	30	37	31	5	31	19	17	30	25	31	30	23	36	30	18	15	28	24	34	1	26	6	25	11	
39	27	6	31	5	28	12	1	29	0	33	8	32	13	38	9	34	28	15	25	8	22	6	4	5	11	40	38	40	10	18	30	12	30	19	35	29	13	27	31	
28	23	22	33	20	11	24	47	28	30	0	33	21	18	23	22	39	35	2	16	30	7	30	1	28	26	23	7	10	22	27	29	9	24	26	30	18	10	6	27	
17	20	18	23	31	33	23	27	7	4	33	0	25	13	9	32	13	10	35	11	40	39	42	34	18	32	39	31	3	11	17	44	12	25	22	31	22	3	21	20	
14	26	7	34	35	27	39	4	27	31	37	34	0	24	37	32	17	20	27	6	33	4	16	31	41	30	18	44	2	25	25	47	16	17	36	32	35	34	45	10	
3	27	18	29	28	15	32	11	17	1	3	26	16	0	27	17	12	19	10	19	24	10	27	4	26	30	11	15	18	30	16	29	5	28	28	38	7	11	14	15	
3	34	15	12	31	22	35	31	17	11	6	35	27	29	0	28	12	16	13	10	10	18	18	12	12	29	31	18	21	8	2	19	20	30	7	22	18	19	17	5	
12	27	14	22	13	5	17	30	16	23	30	24	22	10	10	0	18	15	21	22	25	8	29	4	11	22	16	14	4	7	26	6	38	17	6	6	17	17	7	26	
15	5	26	31	2	6	19	18	17	32	26	39	23	11	22	14	0	35	12	26	25	31	46	7	30	6	5	18	28	21	4	44	13	17	35	3	29	33	8	38	
10	30	5	22	22	4	28	37	16	19	19	27	15	20	34	16	34	0	26	21	41	31	24	9	20	29	12	15	14	16	1	16	33	27	15	36	6	34	30	15	
30	21	17	4	30	18	43	33	19	22	16	15	24	21	4	26	31	18	0	22	23	8	10	22	14	24	29	22	30	43	17	27	1	11	9	16	20	22	27	22	
4	8	28	20	13	28	31	36	27	25	17	21	30	32	13	27	34	32	8	0	37	29	44	23	18	29	31	21	7	20	33	13	4	22	28	10	30	25	15	30	
15	23	5	20	34	25	36	20	8	7	26	34	14	23	10	16	7	11	33	18	0	1	7	8	7	24	19	22	16	38	22	31	19	42	2	23	13	2	28	7	
10	12	8	9	23	28	37	31	38	38	23	21	36	12	35	10	25	24	12	43	7	0	10	19	20	3	12	8	30	28	3	26	34	2	30	11	28	38	34	6	
22	15	12	7	13	13	31	28	14	12	16	38	24	4	21	25	39	13	23	20	22	28	0	22	9	9	4	10	25	1	6	37	30	16	4	25	15	2	27	24	
12	13	19	16	33	16	6	24	21	18	35	13	1	5	19	23	24	15	11	27	11	10	23	0	1	17	19	9	32	27	24	1	29	12	11	32	22	26	34	31	
36	19	29	29	33	35	40	33	35	21	26	8	20	19	20	24	5	33	11	23	14	23	28	26	0	7	33	31	16	5	7	38	5	9	37	45	26	26	10	22	
27	16	29	2	16	28	6	33	11	32	46	36	32	15	22	20	27	25	24	19	8	27	39	28	27	0	15	17	5	44	20	19	45	14	22	43	33	44	17	15	
30	10	22	29	29	20	33	5	17	26	4	23	12	11	26	4	20	11	10	25	35	15	18	6	6	14	0	11	19	29	29	26	5	1	24	3	20	3	15	16	
40	36	31	15	9	34	20	22	23	17	33	29	26	36	15	33	40	46	33	29	39	40	6	33	33	33	7	0	31	36	44	19	20	26	42	3	39	41	11	39	
28	25	6	47	37	36	29	30	22	25	25	6	43	8	46	44	9	32	28	37	35	18	14	20	9	43	14	14	0	7	29	34	32	45	45	8	34	24	35	43	
23	10	24	6	33	16	18	16	23	15	16	11	21	12	19	22	33	1	6	9	23	4	5	22	17	17	28	9	31	0	11	1	14	12	34	12	13	3	27	15	
15	19	5	23	43	35	18	30	10	17	29	8	43	19	20	24	32	4	19	21	17	22	44	1	9	22	2	29	34	21	0	26	12	9	37	21	43	23	40	28	
22	14	25	48	25	8	23	48	21	10	37	26	32	14	11	17	27	41	14	34	26	14	39	21	37	9	36	1	25	34	26	0	43	4	32	40	25	18	29	34	
34	3	5	5	18	18	26	37	22	2	2	31	21	15	10	29	11	9	9	12	21	14	36	8	18	18	9	14	17	27	10	35	0	31	13	34	24	2	13	10	
35	1	12	36	46	17	36	35	29	35	36	13	25	1	31	6	14	28	1	35	25	5	26	8	24	4	37	28	19	37	34	29	30	0	19	27	25	45	43	26	
18	32	5	15	29	20	49	21	7	15	21	35	17	44	26	18	36	6	28	13	42	28	20	20	2	19	21	17	18	39	17	30	35	41	0	18	8	27	29	17	
12	17	13	25	23	4	14	34	12	19	3	27	2	17	20	12	30	19	10	17	30	15	22	8	5	15	19	10	18	5	11	2	17	7	10	0	2	4	4	11	
2	16	3	31	13	15	34	37	2	31	5	21	1	28	30	2	20	10	12	7	40	17	12	4	18	15	9	1	20	23	1	14	19	25	13	34	0	20	16	1	
34	32	4	42	29	12	25	13	8	14	4	10	10	19	28	31	24	35	6	4	15	16	16	10	37	34	1	16	14	31	25	23	18	22	35	19	27	0	15	21	
26	24	32	22	31	34	23	34	34	17	30	42	8	38	10	34	27	33	37	11	46	29	36	27	15	15	31	32	13	48	26	37	34	37	24	36	30	33	0	24	
5	32	6	19	29	19	36	13	11	7	21	5	17	19	4	18	14	10	22	16	40	8	5	20	6	22	25	17	22	6	15	30	20	41	1	15	8	21	32	0	
M7
0	12	21	20	22	9	1	20	8	17	22	12	19	7	7	18	6	2	8	23	8	15	10	14	12	5	14	27	1	18	24	10	20	12	5	2	25	2	21	23	
8	0	44	11	15	10	32	20	17	18	19	12	27	4	26	10	23	20	21	25	35	28	2	19	15	12	1	9	3	20	37	22	16	25	25	31	22	21	7	28	
20	34	0	17	30	17	19	21	21	12	13	14	16	11	10	4	14	18	19	23	28	20	20	17	11	30	26	13	13	6	27	24	26	16	21	28	16	15	5	5	
16	17	34	0	23	38	14	8	17	10	15	10	22	14	4	7	22	22	21	1	33	16	23	15	14	12	31	16	10	17	10	28	3	22	33	31	19	18	23	17	
35	13	20	4	0	17	26	26	11	8	23	30	1	14	20	27	28	24	15	21	9	15	20	3	13	6	20	22	17	6	27	6	6	1	29	12	35	38	11	32	
7	33	21	24	7	0	6	22	9	26	23	33	31	25	12	25	13	10	14	5	17	2	35	5	16	26	9	17	19	6	7	25	25	3	10	31	5	26	6	14	
29	21	3	25	22	29	0	2	15	5	15	28	16	23	29	18	11	20	17	5	6	8	26	9	2	18	23	12	7	14	34	26	2	7	16	18	30	24	7	11	
25	21	40	29	26	38	25	0	19	2	14	34	12	22	28	24	12	17	13	5	30	6	40	5	21	14	34	24	3	27	43	32	29	23	23	33	26	22	13	7	
4	31	34	39	28	11	18	37	0	20	27	20	25	13	6	26	29	24	29	9	22	4	4	24	18	30	29	35	29	36	23	4	30	30	1	21	31	5	24	44	
23	21	26	17	20	22	18	35	19	0	10	14	28	11	9	4	23	27	23	31	39	5	20	2	11	14	15	13	19	14	26	29	21	11	31	32	16	15	35	5	
17	18	24	14	17	15	23	18	27	22	0	15	20	9	1	5	24	19	23	25	29	26	21	23	12	27	10	1	20	12	10	1	14	20	31	18	17	16	11	27	
23	9	35	23	35	33	15	12	27	16	25	0	19	28	13	33	26	11	6	19	25	7	13	19	14	22	35	16	17	12	29	15	9	33	22	23	14	1	27	21	
24	33	29	26	7	30	26	19	11	23	4	23	0	20	4	13	1	22	27	25	29	10	29	26	20	35	23	13	1	23	21	31	5	12	10	31	25	14	30	13	
30	3	15	24	2	24	16	35	20	21	5	26	15	0	3	17	22	7	2	28	17	29	21	2	1	15	25	26	4	16	20	6	27	23	26	13	28	6	30	43	
25	32	33	24	13	30	13	32	19	25	12	21	10	18	0	11	14	9	14	16	34	25	20	29	18	28	18	20	15	21	8	27	31	15	31	19	16	10	18	41	
17	27	34	7	30	39	30	28	25	20	3	4	30	1	11	0	30	22	15	30	29	22	10	24	1	20	38	3	9	4	28	21	16	9	21	28	6	5	36	37	
25	29	18	15	6	31	33	12	1	16	11	12	26	9	19	2	0	30	23	19	18	20	18	19	9	28	12	11	8	12	31	20	16	1	24	20	14	3	27	21	
24	4	7	20	19	14	24	18	14	7	19	4	27	10	24	15	3	0	20	20	23	21	13	14	12	14	17	13	13	19	32	5	20	14	33	5	23	16	2	6	
27	31	34	17	25	38	18	34	1	2	13	14	36	11	21	4	40	32	0	16	22	26	20	23	11	26	36	13	3	14	31	14	26	19	31	31	15	15	31	26	
12	13	21	21	29	20	17	27	9	18	28	9	10	14	11	21	13	29	2	0	12	35	9	21	13	6	30	10	17	1	8	33	2	24	24	25	29	3	17	35	
29	18	24	19	2	9	29	3	13	7	15	16	17	7	23	6	17	19	2	10	0	11	7	10	3	11	11	15	8	16	21	10	26	12	28	2	1	16	18	11	
13	31	40	19	33	33	20	31	18	21	18	29	13	23	34	33	21	2	23	3	28	0	39	11	17	24	3	27	35	26	34	3	35	32	27	38	13	6	39	2	
25	10	33	15	36	22	25	29	13	28	11	9	23	9	19	2	27	5	11	13	16	27	0	23	9	8	23	11	1	12	34	16	10	3	14	11	14	13	27	29	
29	21	28	3	35	11	8	27	24	30	16	14	11	18	15	12	19	2	30	30	13	20	21	0	19	22	17	3	21	22	28	11	18	23	11	13	24	23	18	11	
12	12	24	20	41	15	25	19	10	12	35	24	20	13	19	26	28	31	14	26	2	27	2	4	0	5	36	28	7	2	30	32	12	31	6	24	32	33	18	22	
25	3	33	11	32	26	16	17	1	21	26	27	11	4	10	17	31	28	5	24	39	25	23	11	3	0	27	25	7	9	27	23	11	22	19	15	25	28	21	25	
12	24	33	32	29	13	13	1	22	4	13	28	15	8	9	27	15	20	16	8	3	8	26	8	24	17	0	2	6	16	10	35	24	26	3	36	29	25	16	10	
10	12	16	3	27	13	14	26	10	26	22	17	18	7	12	26	18	19	14	2	18	18	10	8	1	5	14	0	10	18	29	10	10	12	28	2	25	11	23	28	
40	1	22	12	28	4	16	33	14	26	23	33	27	8	26	23	19	20	20	10	1	12	11	27	4	12	15	3	0	25	29	11	27	11	6	3	10	15	20	22	
38	9	48	20	24	1	29	26	31	14	8	33	29	30	21	23	20	19	4	33	36	33	28	12	25	42	23	32	24	0	38	24	31	31	19	41	35	28	37	26	
14	32	27	28	41	32	19	26	32	21	36	27	31	26	21	40	37	12	38	16	30	3	26	25	8	30	20	35	29	5	0	29	19	31	27	21	8	6	24	35	
29	19	23	27	21	14	8	27	14	30	17	13	27	5	26	17	5	13	14	18	13	19	11	9	5	12	6	23	11	12	21	0	27	13	35	3	14	18	14	11	
15	28	27	25	19	48	32	42	12	17	3	25	10	2	31	29	33	21	36	10	24	20	17	16	15	27	27	29	38	22	30	28	0	44	21	37	36	2	26	14	
6	1	23	32	13	19	28	6	19	10	4	22	20	13	31	32	20	25	21	12	31	14	16	13	7	17	20	14	11	16	9	16	29	0	31	8	15	15	21	14	
19	20	30	27	6	19	19	29	19	2	23	16	30	13	28	14	20	21	24	33	7	24	16	19	20	15	7	15	16	24	6	16	8	18	0	8	26	24	26	1	
37	15	21	23	24	10	28	29	10	29	19	37	23	4	22	27	15	16	16	27	36	15	7	23	15	8	11	30	7	21	39	7	23	9	31	0	22	28	33	32	
7	15	31	23	35	38	11	28	13	32	20	21	20	16	22	11	19	7	11	3	34	35	16	23	15	8	20	11	19	12	35	15	12	26	18	27	0	22	12	8	
22	16	47	36	25	36	31	34	26	5	33	13	36	23	19	24	27	36	30	15	14	25	25	9	3	21	37	21	32	23	18	33	19	35	11	25	36	0	25	29	
17	32	30	11	37	29	18	9	9	13	10	28	20	23	15	25	23	6	24	11	33	17	22	5	3	25	14	4	14	35	23	12	19	12	24	18	26	33	0	18	
1	32	21	15	18	18	1	20	13	18	23	22	34	21	30	14	2	22	19	15	24	26	24	16	2	28	24	8	20	7	24	30	20	13	18	32	26	6	20	0	
