40  4  1
4
	0	96	1	31	2	93	3	29
	0	93	1	98	2	13	3	99
	0	7	1	46	2	22	3	40
	0	50	1	86	2	65	3	5
	0	46	1	77	2	36	3	59
	0	16	1	93	2	15	3	91
	0	98	1	27	2	66	3	14
	0	67	1	24	2	13	3	100
	0	75	1	79	2	4	3	45
	0	22	1	31	2	92	3	79
	0	31	1	42	2	20	3	45
	0	93	1	55	2	95	3	13
	0	96	1	47	2	51	3	23
	0	62	1	33	2	84	3	53
	0	50	1	98	2	72	3	62
	0	98	1	46	2	26	3	59
	0	23	1	91	2	48	3	90
	0	93	1	45	2	63	3	48
	0	31	1	73	2	76	3	52
	0	41	1	11	2	62	3	44
	0	39	1	70	2	93	3	96
	0	42	1	86	2	48	3	41
	0	56	1	65	2	79	3	55
	0	40	1	54	2	16	3	63
	0	65	1	32	2	35	3	43
	0	85	1	84	2	26	3	42
	0	78	1	32	2	38	3	54
	0	39	1	17	2	78	3	92
	0	28	1	57	2	91	3	71
	0	3	1	26	2	69	3	92
	0	91	1	38	2	37	3	73
	0	79	1	19	2	31	3	81
	0	33	1	4	2	67	3	58
	0	62	1	2	2	52	3	50
	0	100	1	99	2	5	3	68
	0	66	1	3	2	74	3	50
	0	27	1	54	2	73	3	14
	0	75	1	44	2	76	3	95
	0	87	1	20	2	38	3	22
	0	37	1	77	2	37	3	82
SSD
M0
0	69	50	43	68	63	63	60	12	76	46	16	38	32	60	2	16	4	48	45	71	64	40	59	62	36	1	22	35	45	28	20	40	22	52	59	41	44	77	23	
19	0	74	32	60	37	79	48	33	63	37	57	56	63	70	32	22	72	47	51	71	48	46	35	86	28	48	30	4	51	36	17	61	14	39	8	47	54	77	59	
59	49	0	13	57	9	55	3	51	35	44	29	56	23	19	3	28	70	23	12	43	54	22	5	5	45	59	43	10	17	30	30	59	44	45	24	29	36	33	65	
41	35	17	0	43	21	43	27	48	47	13	41	42	47	11	27	52	59	47	11	47	46	8	15	29	18	58	40	34	3	20	31	56	45	39	22	15	22	57	21	
71	1	84	36	0	49	9	30	19	36	42	8	29	16	82	75	71	44	73	54	46	62	53	88	18	51	84	89	96	77	54	28	72	82	56	72	15	81	74	70	
54	56	52	42	37	0	31	61	54	10	19	4	56	59	17	42	70	70	20	25	53	39	22	33	45	43	71	49	69	17	5	5	53	52	52	72	29	21	32	59	
61	54	30	50	7	23	0	40	30	23	51	6	5	55	6	40	14	34	59	15	29	52	24	42	42	55	46	38	47	43	33	44	74	57	79	50	19	60	11	18	
16	60	37	2	16	35	70	0	47	22	27	55	30	7	32	22	70	14	38	56	1	6	56	49	49	27	24	65	54	55	56	44	36	38	51	63	52	59	42	58	
79	49	73	41	63	56	80	74	0	60	20	68	38	17	62	10	11	43	59	36	9	60	43	53	36	62	43	43	16	38	48	11	64	49	51	27	36	57	27	48	
37	62	43	21	67	43	75	51	38	0	64	28	39	54	69	53	59	97	50	40	90	7	44	50	13	11	80	75	60	51	41	14	83	32	52	64	39	60	21	59	
66	20	77	72	20	63	46	57	4	50	0	65	54	9	26	49	20	74	58	49	3	68	54	46	84	58	52	52	24	49	56	73	38	9	59	61	22	8	32	57	
56	2	6	26	25	22	13	16	54	48	19	0	36	7	23	16	41	79	29	25	30	22	19	18	6	10	3	35	7	30	39	43	26	41	42	37	42	49	46	74	
43	37	23	43	60	27	49	33	44	3	9	47	0	12	15	33	36	7	45	31	43	32	28	35	25	30	4	24	2	23	6	27	36	36	37	10	35	10	46	73	
48	56	65	8	54	48	44	54	36	49	41	68	35	0	67	22	1	62	12	25	75	73	35	39	65	35	6	33	57	30	41	4	61	57	31	62	26	49	5	38	
66	50	67	7	4	50	58	58	29	73	43	58	55	54	0	11	21	12	30	40	61	59	15	61	68	68	53	53	69	32	45	71	35	17	62	55	44	51	8	18	
73	63	7	24	64	23	35	17	42	21	43	16	62	37	10	0	42	12	37	26	41	19	36	19	19	54	73	57	24	31	44	35	38	44	8	38	43	50	47	53	
65	32	41	61	30	24	53	50	12	50	42	44	11	18	43	51	0	52	35	6	53	49	11	20	41	38	9	9	58	6	17	45	37	48	42	38	2	25	50	14	
55	52	43	63	30	59	59	26	58	51	80	54	24	57	69	45	44	0	69	14	55	29	48	2	24	15	51	30	60	60	6	19	4	1	2	63	46	47	23	81	
5	58	54	16	41	36	1	64	27	30	71	56	68	29	28	10	60	19	0	51	71	46	26	41	65	63	67	22	62	69	57	57	20	14	1	23	65	51	6	87	
50	12	13	33	52	4	45	23	7	30	39	24	25	2	37	23	48	64	14	0	34	59	42	25	25	22	6	63	30	37	25	3	65	1	46	44	49	14	45	60	
71	25	77	32	28	53	63	61	52	12	55	62	15	64	15	7	36	32	57	43	0	41	40	79	47	45	22	68	43	60	51	48	69	20	56	62	12	30	55	64	
72	13	63	60	25	2	49	18	47	28	37	22	64	50	20	60	40	48	38	37	64	0	40	8	63	49	65	60	42	35	23	20	70	70	3	15	13	11	50	10	
26	32	9	29	34	25	45	19	62	2	60	45	54	39	35	2	42	20	20	23	32	4	0	21	21	35	30	59	24	15	46	23	27	1	14	40	27	11	45	28	
56	29	33	36	32	45	54	43	17	14	80	12	41	50	59	43	46	26	50	51	55	43	6	0	19	32	49	67	50	52	43	50	61	26	37	64	4	5	48	59	
9	8	44	53	38	29	38	54	59	10	44	49	50	39	14	37	42	72	26	19	53	11	16	37	0	30	2	66	61	11	50	33	16	2	15	33	23	30	16	57	
72	34	38	33	15	38	68	48	55	16	73	29	32	34	48	21	36	8	36	28	53	45	25	50	22	0	19	68	27	20	9	4	79	50	29	31	32	20	14	55	
65	50	25	44	3	30	54	35	62	6	65	23	56	53	51	35	59	52	55	31	17	35	28	37	35	39	0	62	23	23	8	11	19	46	58	10	19	34	49	14	
48	9	69	58	76	54	44	15	70	15	36	28	7	40	60	53	87	17	12	44	70	44	41	19	38	48	85	0	67	36	60	51	51	9	44	50	48	17	41	77	
43	11	54	62	66	60	47	30	72	70	78	80	65	51	49	56	67	65	15	61	55	16	58	58	65	59	87	68	0	78	4	44	48	6	7	9	52	22	45	59	
56	57	32	52	37	15	55	41	52	41	50	35	36	48	48	42	67	58	51	5	60	40	2	29	44	33	52	52	49	0	36	36	56	39	33	63	9	16	60	64	
71	68	16	1	59	6	33	26	22	32	41	12	56	46	39	26	22	48	35	35	25	33	14	28	28	7	26	54	33	39	0	27	9	46	67	47	47	17	20	25	
43	71	28	48	40	44	46	26	22	42	79	4	20	40	54	38	19	12	14	47	17	70	41	40	40	48	45	39	45	48	51	0	50	35	46	59	12	28	49	56	
34	36	6	26	18	22	63	16	40	48	43	40	25	36	32	8	7	67	36	7	18	7	28	18	18	16	14	39	23	23	24	31	0	49	47	26	12	35	46	44	
67	56	23	34	84	39	72	33	23	8	72	58	54	49	49	33	58	36	40	42	65	34	37	12	31	41	89	8	40	47	60	17	61	0	63	12	56	8	13	50	
43	46	77	67	24	15	39	3	65	41	50	35	13	32	48	73	30	84	51	51	54	70	29	64	31	38	62	62	35	43	13	36	84	40	0	15	55	52	6	67	
36	10	39	47	44	6	35	48	59	21	41	26	43	55	15	38	69	3	42	12	18	47	9	36	13	31	59	26	56	4	27	27	63	46	38	0	16	23	28	49	
74	48	45	65	1	14	24	24	16	40	49	34	71	25	47	49	39	57	50	44	24	56	41	47	57	9	57	47	62	36	12	35	30	78	72	61	0	51	45	28	
3	34	44	31	22	30	37	34	37	6	58	20	36	31	63	23	2	55	5	20	44	21	17	38	41	39	34	32	61	12	21	42	5	50	37	59	24	0	15	39	
50	28	59	54	29	15	62	6	21	11	50	3	29	42	48	59	27	9	51	5	18	40	41	20	46	44	2	36	18	36	6	36	71	3	51	51	18	46	0	64	
71	47	16	36	52	30	3	26	42	50	51	35	51	46	42	26	51	1	46	11	66	4	17	6	28	15	18	66	14	12	46	32	52	48	39	35	24	31	44	0	
M1
0	48	53	20	57	63	58	83	23	56	78	39	31	62	70	7	13	34	28	42	20	60	76	45	10	43	29	60	44	41	11	47	33	50	58	63	27	29	62	7	
34	0	66	26	27	51	2	8	60	51	44	3	49	38	53	33	25	58	40	47	33	62	9	56	16	53	31	25	54	48	24	55	44	29	54	67	41	35	41	15	
43	38	0	44	49	21	3	28	45	56	57	29	50	3	58	36	30	17	41	42	34	34	49	35	60	47	37	38	34	33	37	37	23	40	50	54	13	23	10	40	
37	57	25	0	52	60	28	69	56	59	28	25	75	51	40	35	41	8	33	45	59	8	75	43	71	47	62	34	48	43	9	53	42	59	25	38	35	43	55	65	
25	20	28	4	0	72	53	43	27	13	6	11	25	34	42	19	20	17	17	30	32	35	33	17	15	37	42	49	16	49	11	19	5	22	17	49	39	12	1	30	
37	15	23	36	28	0	60	32	51	5	47	37	43	28	37	45	31	44	57	52	41	49	49	7	57	37	40	38	42	8	62	39	31	19	5	45	49	65	48	6	
40	31	43	51	27	61	0	14	57	54	37	41	20	44	33	6	6	49	11	40	4	51	37	47	30	24	7	59	46	44	37	26	35	52	25	38	12	6	77	10	
2	27	58	13	12	63	59	0	28	19	15	18	39	6	48	8	8	26	30	47	40	46	37	24	15	25	49	41	23	46	39	26	12	15	39	40	45	47	54	36	
48	1	46	54	22	1	25	49	0	53	17	16	15	42	17	6	48	15	24	55	28	32	58	16	42	17	26	3	2	26	46	7	40	57	42	59	1	20	19	32	
29	24	40	64	9	32	63	35	31	0	38	15	48	14	11	23	24	9	54	47	74	13	56	21	50	1	13	49	20	64	48	10	9	26	36	65	24	55	51	32	
32	37	36	32	30	40	15	50	7	48	0	16	45	28	37	19	16	42	8	34	40	43	48	37	31	40	42	25	16	8	10	19	28	21	18	27	30	11	9	49	
51	33	42	43	24	47	63	57	20	56	43	0	39	23	44	22	54	42	51	42	67	4	45	50	64	24	27	42	50	15	48	4	39	15	58	35	42	55	39	23	
10	62	61	39	55	82	14	55	64	79	65	40	0	36	30	47	47	61	52	70	11	15	30	37	51	65	48	71	58	50	52	45	47	46	38	63	53	47	75	48	
55	30	43	27	28	28	24	65	43	29	21	12	44	0	30	45	27	46	35	38	27	44	60	45	68	11	26	2	33	25	1	49	35	52	46	31	37	8	23	50	
30	35	41	49	26	29	47	12	23	38	45	37	8	42	0	44	44	51	12	24	9	42	47	49	51	51	5	44	9	36	37	51	37	17	5	45	39	37	65	66	
41	9	35	31	29	33	5	46	43	38	26	27	45	50	34	0	36	35	33	24	32	42	36	33	28	37	27	7	12	5	24	35	21	38	40	17	44	37	28	42	
19	18	29	49	29	34	41	16	25	19	48	9	5	32	18	17	0	17	24	18	31	36	50	15	55	35	38	47	14	33	44	15	3	20	30	11	20	31	45	51	
60	24	57	49	8	64	25	35	3	41	39	46	35	52	47	4	48	0	49	27	56	45	41	34	48	72	54	38	10	46	63	34	40	11	43	48	21	40	59	62	
9	13	51	11	36	41	41	54	45	66	32	14	57	49	44	37	38	37	0	52	58	16	56	35	15	47	60	45	34	15	12	37	23	33	50	52	63	2	38	47	
22	17	19	20	28	33	12	42	24	3	40	8	43	31	37	16	11	16	11	0	43	7	43	14	57	34	39	38	13	8	43	16	2	19	5	10	45	2	44	49	
36	31	30	50	36	35	7	48	38	33	30	11	32	45	59	30	30	30	28	19	0	37	57	17	43	48	41	31	27	38	31	30	16	27	23	12	46	27	52	37	
47	19	67	16	27	19	36	21	7	51	46	56	42	30	54	6	21	6	59	37	32	0	20	32	60	44	57	45	52	56	28	64	50	18	52	58	10	50	66	46	
15	36	36	34	37	38	31	1	43	22	40	27	32	31	35	18	28	35	30	8	6	26	0	33	34	38	23	36	32	6	53	9	21	33	24	28	48	21	9	23	
23	18	56	29	29	48	52	40	25	43	20	9	44	27	45	17	18	17	48	29	67	20	50	0	46	34	36	47	14	48	61	17	3	20	30	42	21	22	36	11	
24	72	87	55	31	72	39	75	78	24	74	49	68	60	66	47	68	41	77	76	14	68	64	69	0	20	66	77	6	71	55	65	57	74	71	69	36	70	62	39	
57	50	49	49	32	32	51	63	47	3	40	18	45	40	45	52	50	31	50	28	53	26	11	31	7	0	31	51	16	21	57	13	41	52	44	41	57	11	22	62	
38	34	4	43	45	52	42	51	20	33	51	25	3	16	49	14	34	33	41	19	47	37	26	31	34	51	0	50	30	20	50	20	19	36	28	40	2	32	44	49	
42	17	31	34	9	9	5	46	49	33	2	53	25	39	11	34	33	42	43	35	8	25	43	26	49	38	39	0	58	6	26	37	47	64	27	43	44	30	4	42	
28	23	51	46	26	65	21	12	28	35	45	14	5	37	53	22	23	22	43	21	52	39	47	20	51	40	45	44	0	40	66	22	8	17	10	42	47	17	25	56	
10	11	29	2	13	6	26	16	17	32	23	21	38	40	3	29	30	10	27	18	29	30	46	27	23	6	28	4	26	0	44	5	15	32	34	11	58	31	25	15	
28	23	4	7	8	40	44	70	30	38	41	14	41	37	50	6	23	22	33	24	37	42	55	20	33	28	45	22	19	35	0	22	8	25	35	17	44	37	43	56	
35	70	40	70	65	65	47	35	15	36	36	39	39	16	67	20	32	19	58	55	57	6	62	67	70	48	4	39	63	56	25	0	55	72	43	69	38	57	60	36	
16	11	65	51	22	66	61	64	18	54	41	2	37	25	49	10	11	10	41	53	65	35	43	8	57	28	33	40	7	51	54	10	0	13	23	54	39	64	38	44	
63	16	50	36	7	51	46	50	42	39	26	44	22	39	34	35	42	38	46	46	50	64	28	46	85	60	66	25	54	36	50	57	43	0	61	39	28	59	46	58	
1	61	40	3	53	45	12	39	45	63	66	34	39	46	72	39	45	49	50	49	27	5	58	67	42	8	4	64	38	56	13	11	55	61	0	53	18	4	80	39	
21	16	15	35	27	20	27	57	23	18	46	7	42	30	52	15	16	15	13	4	58	22	48	13	62	33	38	45	12	23	30	15	1	18	20	0	44	17	43	49	
19	26	3	29	37	30	37	27	33	28	56	6	30	9	62	21	24	10	23	14	50	6	28	23	60	43	38	44	22	33	40	24	11	28	21	7	0	6	22	23	
42	31	5	26	5	41	17	40	44	39	27	28	22	50	49	36	22	36	27	25	38	43	10	34	74	54	51	31	23	44	51	29	22	13	41	18	29	0	52	39	
51	8	7	26	55	51	41	71	42	32	68	37	72	15	46	45	9	45	20	18	11	14	19	43	58	59	68	50	42	37	48	45	31	48	24	28	66	6	0	44	
24	2	39	40	30	30	26	6	6	12	23	28	46	13	32	36	3	36	31	9	8	27	35	5	38	44	56	4	33	27	18	36	22	39	25	30	65	22	25	0	
M2
0	45	38	27	66	33	13	51	39	50	2	45	27	37	62	40	63	42	16	46	14	8	57	22	17	74	4	9	8	45	2	21	2	23	63	16	27	53	1	37	
9	0	38	42	32	60	10	17	85	9	65	12	54	83	33	67	32	47	42	20	60	69	51	57	67	49	58	45	38	31	29	36	12	27	78	74	57	8	41	37	
40	61	0	20	57	20	40	42	55	69	5	47	52	40	49	7	51	3	41	16	50	45	60	24	30	14	53	7	45	41	49	54	38	54	60	14	58	56	47	29	
46	44	37	0	24	61	26	9	38	66	30	33	48	65	25	13	25	3	45	40	13	37	60	34	33	40	21	25	86	48	27	43	10	30	67	44	15	40	60	14	
2	30	68	25	0	25	10	3	24	52	46	28	44	53	19	37	56	39	28	29	23	1	37	5	70	53	12	21	50	42	36	42	34	70	52	38	41	19	12	35	
57	62	51	32	22	0	7	7	56	36	6	16	58	41	23	35	16	49	59	38	50	36	50	25	57	26	25	25	10	46	14	19	16	41	61	43	58	30	43	25	
50	31	35	53	12	56	0	28	28	53	33	35	43	7	44	20	60	43	69	59	62	49	39	53	21	66	37	39	47	67	65	67	56	5	74	47	7	52	60	56	
40	57	67	12	2	54	4	0	58	52	41	50	75	75	3	59	72	46	39	18	30	39	46	27	73	37	28	16	70	26	41	44	18	71	74	60	77	18	50	70	
24	2	53	41	31	26	25	16	0	24	47	25	16	28	32	39	46	11	57	34	30	68	66	46	42	34	5	45	51	46	44	51	27	42	81	52	72	23	45	52	
40	18	65	36	47	48	38	46	42	0	36	2	54	19	42	66	63	50	17	40	31	17	38	64	71	35	41	19	33	42	35	14	3	58	24	11	24	1	61	57	
31	47	77	54	44	11	15	29	41	50	0	42	61	15	45	48	42	23	81	28	34	51	35	51	70	52	50	51	36	53	40	45	13	29	56	69	48	56	60	50	
46	53	48	38	28	73	30	13	54	9	42	0	54	71	29	13	70	19	65	44	50	58	38	23	73	42	46	42	50	38	15	49	44	64	58	34	17	40	49	11	
42	20	55	26	58	38	27	43	62	28	26	17	0	51	12	54	54	35	32	30	55	50	28	31	59	23	58	16	56	32	53	25	45	19	14	54	11	41	49	63	
30	8	29	45	9	46	31	38	36	30	45	9	56	0	6	58	5	4	46	41	11	46	37	33	76	46	45	23	15	16	18	44	33	48	33	18	38	29	57	16	
41	27	60	33	17	32	43	26	43	49	9	41	43	8	0	8	63	43	35	37	51	53	35	18	6	54	43	30	55	39	11	32	18	58	21	27	53	42	44	44	
7	62	57	35	28	38	30	13	83	42	59	31	41	76	16	0	48	71	65	14	17	64	29	52	34	63	20	42	63	44	19	67	13	41	56	77	76	23	37	10	
8	54	72	22	20	57	11	5	55	30	59	32	43	35	21	21	0	42	14	5	48	57	62	45	66	55	39	34	17	44	15	6	36	54	48	20	45	36	10	49	
42	20	13	26	63	38	17	48	28	10	26	23	45	22	57	42	3	0	65	2	13	73	28	59	25	47	23	42	63	32	13	8	45	60	14	6	47	41	61	28	
6	50	8	33	38	46	35	33	44	56	16	18	26	15	49	11	2	29	0	37	28	44	15	13	23	8	53	37	66	31	8	48	49	50	58	44	29	10	20	47	
43	21	5	47	54	47	5	39	26	43	30	46	46	21	18	25	26	18	15	0	46	43	16	51	57	23	21	34	62	38	63	63	13	39	85	1	46	8	5	10	
33	51	41	52	60	54	23	45	65	3	23	47	44	58	61	57	24	56	47	44	0	51	20	34	62	26	45	54	18	13	6	56	3	72	45	14	43	12	2	73	
36	39	55	11	48	42	45	44	33	61	31	25	27	50	60	34	37	48	62	17	39	0	35	2	60	68	5	44	63	57	28	39	17	51	46	35	41	51	28	45	
57	35	44	35	25	53	27	10	64	51	41	57	52	76	26	30	63	51	62	8	53	62	0	50	57	41	51	33	54	44	41	15	41	42	29	31	54	41	23	58	
18	21	47	4	30	45	44	35	15	43	43	7	35	32	51	16	62	30	44	8	49	19	45	0	61	50	24	40	70	39	16	21	46	61	31	17	51	42	10	27	
2	53	37	59	36	21	24	43	47	11	42	52	37	7	36	66	52	2	35	67	62	56	79	61	0	62	2	43	30	56	50	23	23	74	65	49	27	1	58	37	
37	40	43	4	49	64	28	36	34	50	62	26	12	44	31	5	79	47	13	27	31	10	60	3	10	0	43	59	50	58	35	14	44	70	50	36	18	28	22	21	
30	68	60	46	36	48	2	21	63	56	17	58	81	41	20	83	21	56	72	52	22	67	72	61	80	54	0	3	28	16	58	20	50	66	62	40	30	28	18	38	
41	48	81	28	3	43	49	42	63	17	64	7	17	73	23	76	41	56	67	68	60	40	12	44	31	84	51	0	68	59	30	20	60	87	62	57	16	50	51	60	
49	27	4	30	20	9	22	5	48	49	30	40	45	37	21	26	2	29	32	36	3	4	1	44	13	15	46	33	0	39	38	29	36	65	21	40	54	33	13	49	
41	22	73	55	39	24	45	30	16	25	45	14	36	48	46	8	55	31	17	48	50	37	63	57	62	46	19	47	47	0	53	58	6	62	54	55	40	7	23	15	
60	71	66	9	90	53	42	75	65	11	37	75	7	50	70	37	84	55	28	42	78	23	74	73	90	54	68	49	69	46	0	37	7	51	66	52	69	14	43	73	
31	17	52	23	45	20	40	38	18	5	23	11	38	49	18	61	51	5	72	27	15	71	25	54	29	44	27	57	43	29	49	0	42	57	11	50	8	18	39	12	
30	9	60	28	54	69	23	39	39	31	51	13	33	56	33	40	34	54	53	9	73	43	36	8	61	25	48	64	60	53	1	29	0	49	45	41	36	30	34	33	
30	36	67	62	26	45	48	50	30	47	62	59	50	62	12	56	41	45	12	49	29	44	28	59	52	68	8	19	41	37	32	61	8	0	50	5	71	18	64	84	
23	1	36	7	46	19	24	31	46	23	7	26	43	42	42	59	46	42	56	11	36	64	9	57	48	28	55	59	44	13	34	6	26	41	0	35	45	22	55	49	
55	39	48	42	17	18	36	40	33	48	39	49	11	5	26	68	49	48	47	21	33	54	64	58	72	59	42	58	33	66	47	12	37	37	54	0	20	5	6	55	
24	66	68	9	26	3	25	11	62	4	24	34	59	31	27	49	34	39	48	42	45	54	33	43	2	44	18	40	28	50	32	37	16	59	68	12	0	38	20	37	
28	6	56	23	51	59	4	36	57	19	62	31	32	64	13	20	51	29	23	26	54	41	35	65	46	67	40	45	6	35	34	8	31	46	50	89	47	0	41	51	
12	55	89	55	45	43	11	30	51	43	60	12	27	61	46	81	25	16	16	53	65	11	63	58	45	66	5	14	68	25	58	60	6	82	49	25	3	27	0	58	
28	42	54	25	39	56	51	34	36	64	64	28	6	53	50	17	43	51	52	19	60	40	42	5	77	71	23	8	60	39	37	42	50	16	52	38	29	20	31	0	
M3
0	17	55	64	62	11	42	59	52	60	67	79	30	19	32	67	66	11	14	5	72	10	28	21	13	74	61	63	63	74	19	54	7	78	30	2	55	59	72	51	
39	0	42	54	48	77	58	11	69	17	62	39	64	2	31	44	22	17	35	50	25	11	13	56	27	45	43	38	34	74	45	60	40	39	13	55	22	37	9	10	
35	31	0	19	35	9	45	50	89	36	27	15	13	64	69	41	21	34	36	6	54	54	80	30	53	22	44	29	55	24	50	20	28	40	43	42	32	29	10	54	
11	51	43	0	50	51	60	55	67	60	3	53	18	49	72	48	61	51	18	45	30	50	68	6	53	63	45	5	56	64	55	7	42	16	48	18	43	72	11	30	
33	28	46	17	0	34	60	55	68	63	25	73	21	71	78	58	64	47	40	67	52	72	86	28	63	66	63	27	70	75	58	29	60	38	51	27	46	28	29	48	
2	36	75	27	59	0	60	7	60	61	35	84	50	22	49	54	32	4	45	36	62	30	29	38	12	58	42	37	10	4	32	39	38	48	61	33	39	22	43	62	
17	35	48	38	43	12	0	8	69	56	46	33	61	65	10	59	62	57	15	14	68	6	36	35	21	34	59	7	34	72	53	50	43	45	19	12	11	45	37	58	
52	14	9	55	6	47	21	0	39	35	7	40	46	18	45	66	69	6	26	49	77	41	71	57	34	30	41	4	21	71	49	62	39	49	31	47	7	13	33	78	
8	5	17	9	6	30	68	40	0	58	17	67	32	46	69	23	70	30	20	42	23	8	56	20	40	77	59	19	18	26	6	21	44	30	61	32	57	40	25	23	
29	7	58	32	40	62	47	69	87	0	40	17	55	43	71	37	46	16	51	63	56	67	28	34	39	57	8	42	67	63	69	41	56	42	62	55	34	22	25	54	
72	3	35	73	22	6	57	47	19	52	0	67	10	16	50	47	41	69	56	75	28	40	77	40	52	28	17	34	48	19	44	62	23	25	29	17	35	49	30	60	
18	3	48	2	36	43	17	39	74	67	10	0	25	50	41	13	16	50	25	43	37	37	67	4	36	27	18	12	37	71	46	11	36	23	50	25	4	76	18	37	
61	26	2	61	15	51	67	14	67	19	14	57	0	28	34	14	20	40	31	48	34	43	44	72	19	22	42	25	32	66	14	44	34	70	7	63	2	46	28	27	
20	18	7	33	49	56	36	48	42	1	41	44	11	0	60	48	32	3	56	13	68	45	61	44	19	56	13	43	43	19	43	5	56	42	41	12	36	5	49	61	
34	44	39	34	52	4	59	51	34	56	42	50	14	56	0	51	48	62	57	32	56	37	54	27	56	59	69	15	12	30	51	32	3	38	27	57	39	76	50	62	
48	49	74	52	62	67	61	20	56	46	60	81	75	95	37	0	29	71	45	65	20	76	23	5	84	9	52	18	68	69	27	54	67	73	24	44	35	72	41	9	
37	67	52	21	26	31	60	77	69	76	29	71	44	69	37	16	0	36	41	23	56	76	9	32	21	65	53	3	47	68	18	7	50	42	74	44	69	66	19	56	
44	44	23	28	7	12	52	55	50	9	36	75	51	82	76	17	25	0	51	15	24	16	71	39	8	82	51	38	21	68	35	40	56	49	56	51	65	64	34	63	
32	12	8	49	60	14	86	59	64	25	22	63	22	58	38	32	56	63	0	54	6	71	28	60	64	67	56	59	43	47	15	61	68	70	52	63	47	72	44	49	
6	52	39	72	35	26	57	10	46	36	51	62	14	32	67	46	56	41	49	0	71	45	34	7	40	55	20	62	66	51	51	19	42	29	44	37	33	22	59	64	
33	18	1	17	51	50	32	28	18	47	16	2	40	38	37	28	31	45	40	47	0	27	58	19	25	42	7	27	15	9	4	26	48	38	51	40	19	42	33	52	
61	48	17	47	39	56	30	48	84	9	49	32	70	81	54	58	61	65	50	45	21	0	14	49	65	55	12	51	52	25	60	56	64	68	12	56	32	8	54	39	
57	49	41	50	52	10	26	32	93	12	53	35	16	41	50	10	25	63	30	54	73	42	0	34	53	36	58	47	25	55	50	53	4	45	10	52	32	23	58	7	
46	47	50	64	2	70	44	5	62	34	24	60	25	47	56	13	34	57	43	72	79	44	10	0	67	4	47	57	20	58	62	12	27	85	44	31	23	53	49	1	
36	38	28	23	6	31	5	27	5	75	17	29	46	69	29	33	10	54	34	18	58	25	55	34	0	37	11	26	26	56	56	35	46	44	38	1	14	55	39	46	
44	62	61	28	24	40	15	4	66	8	14	52	51	52	10	52	71	62	42	43	33	35	48	39	50	0	1	11	46	78	62	40	18	49	48	28	40	63	44	63	
19	24	23	23	57	59	38	60	84	64	31	8	37	22	59	19	31	7	4	53	50	29	33	25	36	48	0	7	25	87	7	32	55	44	61	46	25	72	39	33	
22	1	26	6	22	55	71	45	31	17	4	51	8	59	45	45	31	52	29	56	41	47	42	3	39	29	26	0	39	68	26	18	38	27	38	29	6	77	22	41	
19	9	48	27	17	59	54	60	53	27	28	24	50	28	58	50	53	29	50	6	16	23	11	20	54	64	30	37	0	82	67	33	18	48	39	50	41	72	43	18	
76	42	2	60	12	51	62	26	74	55	61	45	55	79	34	54	63	45	30	48	61	45	16	62	60	5	48	46	62	0	51	21	35	29	3	16	57	54	17	78	
25	34	49	9	60	31	36	11	53	47	17	18	32	63	58	32	43	29	32	33	44	50	10	20	67	46	2	19	12	27	0	21	17	30	62	9	35	46	25	44	
44	29	52	28	40	32	43	48	96	61	35	13	51	76	47	39	42	4	50	67	63	49	60	30	60	28	35	38	41	28	50	0	40	23	9	29	8	18	24	9	
45	30	26	29	16	1	44	38	48	16	37	14	1	26	58	32	4	1	17	54	35	25	50	12	43	34	43	2	14	88	38	29	0	41	31	4	26	60	45	1	
34	26	46	18	34	51	65	2	65	65	26	64	23	72	41	60	66	48	41	12	37	43	2	29	17	25	2	28	35	87	44	30	34	0	53	41	2	68	28	33	
26	17	58	10	50	42	31	53	52	8	18	1	33	58	27	27	30	7	33	26	45	18	73	7	4	41	32	20	51	79	48	22	13	31	0	33	18	67	26	45	
58	11	23	43	63	24	58	46	26	67	51	28	25	18	28	54	25	58	66	8	31	22	13	40	67	22	9	32	60	74	62	2	64	47	4	0	32	30	58	49	
76	10	30	60	18	77	61	55	84	59	55	85	72	83	25	49	64	32	38	76	56	27	66	71	52	9	46	21	19	90	28	51	18	54	67	79	0	71	12	77	
44	55	62	28	58	9	57	77	57	50	13	48	44	2	70	60	52	45	40	68	46	72	77	39	9	54	63	28	54	74	52	37	34	25	40	26	31	0	44	60	
42	26	11	26	70	51	27	49	69	54	34	66	49	49	51	15	34	29	4	55	22	47	72	37	21	73	12	7	23	71	71	38	9	20	42	49	52	80	0	61	
21	19	53	5	32	32	6	28	77	61	13	3	28	29	30	29	24	61	28	34	3	11	56	16	33	43	34	15	33	15	9	17	39	26	39	28	20	4	21	0	
