40  6  1
6
	0	77	1	62	2	47	3	10	4	93	5	24
	0	68	1	93	2	93	3	29	4	80	5	62
	0	41	1	13	2	44	3	28	4	22	5	22
	0	55	1	30	2	1	3	14	4	92	5	40
	0	4	1	12	2	42	3	58	4	17	5	79
	0	94	1	39	2	86	3	58	4	12	5	55
	0	60	1	13	2	47	3	95	4	36	5	49
	0	37	1	41	2	73	3	16	4	92	5	73
	0	84	1	3	2	91	3	6	4	51	5	90
	0	17	1	58	2	88	3	20	4	15	5	74
	0	58	1	90	2	48	3	3	4	37	5	92
	0	78	1	67	2	60	3	42	4	16	5	74
	0	90	1	75	2	2	3	83	4	11	5	12
	0	9	1	99	2	32	3	6	4	89	5	74
	0	46	1	33	2	5	3	31	4	79	5	86
	0	11	1	40	2	29	3	86	4	81	5	14
	0	95	1	16	2	91	3	13	4	12	5	42
	0	12	1	52	2	62	3	86	4	65	5	66
	0	38	1	52	2	44	3	87	4	58	5	26
	0	18	1	12	2	70	3	4	4	52	5	86
	0	88	1	12	2	14	3	21	4	56	5	27
	0	76	1	29	2	30	3	20	4	93	5	36
	0	16	1	57	2	43	3	6	4	18	5	51
	0	58	1	97	2	69	3	53	4	66	5	20
	0	62	1	100	2	43	3	77	4	91	5	80
	0	26	1	99	2	88	3	85	4	58	5	13
	0	96	1	37	2	37	3	5	4	19	5	34
	0	20	1	54	2	57	3	45	4	86	5	63
	0	83	1	29	2	61	3	8	4	55	5	95
	0	64	1	83	2	49	3	100	4	20	5	1
	0	59	1	51	2	67	3	98	4	4	5	83
	0	17	1	36	2	38	3	1	4	90	5	3
	0	50	1	27	2	3	3	64	4	1	5	78
	0	91	1	1	2	38	3	67	4	98	5	58
	0	75	1	24	2	47	3	59	4	37	5	41
	0	6	1	93	2	8	3	21	4	81	5	62
	0	24	1	73	2	15	3	37	4	5	5	73
	0	78	1	83	2	16	3	7	4	70	5	38
	0	99	1	42	2	76	3	52	4	24	5	2
	0	39	1	31	2	44	3	46	4	47	5	37
SSD
M0
0	24	36	25	20	26	4	24	12	39	6	9	33	27	26	33	4	10	11	21	13	28	19	14	32	19	29	28	20	5	17	6	3	6	27	27	1	33	22	9	
26	0	4	21	19	34	15	31	20	22	18	27	19	25	31	9	5	26	8	24	18	12	13	14	7	26	28	13	33	10	7	31	5	10	15	1	18	20	35	3	
4	21	0	23	16	35	9	22	21	24	28	15	26	24	23	21	12	21	22	30	22	23	4	31	33	5	26	39	5	6	38	17	1	30	6	23	10	24	2	8	
15	22	42	0	38	25	7	25	22	39	5	29	26	27	16	24	13	29	40	33	14	26	7	7	9	11	20	39	9	10	36	32	13	19	33	33	25	15	1	1	
10	26	12	3	0	29	4	22	20	16	13	17	25	4	8	11	28	26	2	10	16	5	15	22	16	13	29	23	10	31	39	31	13	10	3	3	4	22	32	8	
25	37	34	16	30	0	6	3	11	26	41	22	9	19	7	30	27	7	23	34	13	20	25	4	37	28	34	3	29	26	17	11	29	20	15	25	28	9	43	14	
25	28	11	6	20	37	0	43	6	1	37	33	37	20	32	30	6	41	26	34	23	20	39	40	36	37	4	34	29	22	32	21	26	27	27	27	16	8	8	32	
25	30	20	18	11	34	7	0	25	24	28	32	30	19	18	23	16	24	7	15	31	20	16	6	18	18	4	35	25	42	41	20	4	25	8	18	19	18	34	4	
24	22	22	17	10	11	4	33	0	27	27	17	35	18	22	14	2	31	13	15	15	19	29	17	12	4	34	21	20	9	29	33	25	14	8	17	4	25	31	22	
27	34	26	16	13	28	2	33	20	0	30	15	24	2	25	22	18	23	19	18	5	2	29	22	23	30	13	21	27	29	29	32	25	10	20	17	21	11	33	20	
11	31	28	28	39	36	32	21	2	44	0	11	18	36	20	27	30	28	19	17	45	8	14	36	31	22	26	22	11	15	4	10	6	18	44	19	17	38	42	34	
32	32	22	18	18	15	26	11	42	38	17	0	47	26	30	33	5	34	24	32	31	18	35	43	38	16	43	32	13	47	6	35	32	2	25	25	18	15	1	30	
1	18	4	21	14	24	20	3	15	34	8	35	0	22	9	25	40	20	15	5	34	23	15	24	34	6	24	28	1	19	24	24	6	28	2	21	22	40	30	26	
16	31	18	5	2	31	10	22	19	3	19	4	13	0	14	11	34	27	8	16	10	11	21	28	12	19	27	10	16	18	42	21	14	8	9	9	10	23	26	14	
12	4	7	23	20	31	28	19	33	21	10	12	30	9	0	29	44	32	24	12	12	21	35	20	30	37	31	24	21	28	13	6	17	26	27	27	1	41	3	26	
18	9	17	11	4	23	12	30	28	6	16	14	33	12	16	0	26	6	10	18	24	13	23	28	7	21	36	29	18	33	23	11	2	18	11	11	12	29	15	7	
17	2	34	5	18	12	26	22	17	19	35	20	25	7	30	21	0	20	4	32	26	23	4	31	28	9	26	26	14	4	18	37	30	6	6	25	26	21	34	15	
6	18	15	7	26	20	15	24	23	30	23	10	28	18	38	14	8	0	13	29	31	6	6	21	32	18	28	31	30	16	6	36	16	1	33	6	23	11	40	17	
2	29	9	11	4	23	5	13	23	24	9	25	2	12	11	9	35	17	0	18	24	13	23	17	13	21	17	2	18	25	35	31	4	18	3	11	12	30	1	4	
25	41	27	18	11	1	17	23	27	27	28	19	29	15	23	24	35	20	17	0	31	20	30	1	31	28	1	5	17	15	18	13	17	15	18	18	4	29	7	23	
16	3	25	1	9	17	17	23	33	18	12	26	23	17	21	1	28	8	15	23	0	18	26	23	15	26	6	2	23	25	26	18	14	21	16	16	17	10	7	1	
18	6	30	17	14	34	21	34	31	2	17	16	2	3	4	23	37	39	12	15	9	0	33	34	9	31	8	22	28	30	25	29	26	20	21	21	18	22	37	8	
24	1	29	20	16	26	24	2	1	18	28	19	6	6	28	1	24	6	22	15	25	3	0	11	19	14	6	25	8	33	24	23	14	17	17	23	24	29	27	19	
10	40	21	24	17	1	7	3	41	31	19	37	23	25	23	20	43	37	4	31	3	4	24	0	13	19	10	11	23	25	24	3	22	20	16	12	6	31	6	23	
5	27	18	4	22	1	6	2	38	24	26	22	31	27	34	7	36	24	16	21	19	19	21	35	0	39	36	21	3	10	7	16	19	22	22	9	30	16	17	17	
39	17	6	13	32	7	40	24	23	30	30	24	5	28	7	22	12	21	18	13	37	1	6	11	36	0	28	23	27	38	39	23	24	17	28	39	32	44	17	12	
36	27	32	28	34	22	26	36	38	36	34	38	39	32	11	19	6	36	30	6	36	40	21	1	30	26	0	1	15	24	13	4	16	11	23	23	10	21	21	37	
27	19	11	29	22	1	16	15	31	24	18	31	18	18	1	7	15	18	9	15	34	22	14	28	25	5	11	0	20	3	14	29	12	15	2	2	5	21	33	19	
21	6	11	14	7	2	15	19	18	13	1	21	4	15	8	10	27	8	9	16	27	16	1	11	19	24	14	21	0	2	26	32	12	9	14	2	4	21	32	19	
23	22	16	16	9	6	17	10	3	5	24	8	28	17	21	15	35	18	14	23	27	18	6	21	22	5	28	36	21	0	8	22	17	4	16	7	17	21	12	7	
6	33	19	9	3	20	11	5	24	23	20	3	11	11	15	17	35	31	7	17	23	12	22	17	23	20	26	7	17	18	0	18	20	17	10	10	11	29	32	15	
15	29	15	7	15	26	5	30	29	35	13	36	19	23	3	29	40	34	21	29	35	24	12	23	9	22	29	5	22	5	4	0	32	18	18	22	23	25	26	17	
39	23	23	2	29	20	23	25	24	24	24	7	12	29	33	14	30	29	35	21	9	1	7	32	32	13	27	35	6	18	34	13	0	20	13	36	24	19	10	32	
28	10	11	23	16	24	14	26	27	24	27	25	32	12	16	18	35	15	17	20	17	25	10	36	18	28	32	3	30	23	33	26	9	0	23	10	24	29	36	28	
22	22	17	15	8	23	16	7	20	19	25	27	27	16	20	2	28	8	14	4	12	2	5	5	20	25	23	20	16	36	1	24	15	1	0	8	16	27	24	5	
19	22	3	21	14	30	8	24	23	19	11	27	16	22	26	2	25	19	1	17	33	22	6	20	20	31	21	36	28	46	36	24	4	7	21	0	22	13	28	20	
33	36	16	4	26	14	30	5	39	16	18	34	8	34	34	16	45	33	23	20	38	14	22	39	34	22	22	36	21	19	11	14	26	1	33	16	0	31	4	34	
18	6	5	2	4	23	12	20	5	14	11	14	16	2	16	19	27	17	10	9	21	13	23	27	23	21	26	21	18	29	9	32	5	18	11	11	9	0	15	16	
26	19	28	19	12	25	20	12	13	23	29	24	29	11	24	15	30	10	9	26	30	15	24	23	32	29	21	8	26	28	12	35	3	21	2	19	20	16	0	10	
21	27	13	22	22	28	3	23	21	11	11	25	3	20	14	7	11	3	28	26	9	5	14	26	17	23	33	25	15	31	7	29	20	16	2	21	11	26	29	0	
M1
0	2	19	31	28	8	19	33	4	35	7	28	27	33	29	30	17	38	14	40	18	1	16	9	19	4	9	15	33	18	24	9	9	36	2	9	36	13	33	1	
19	0	7	11	7	10	13	30	6	20	32	20	22	8	21	7	11	21	16	2	17	20	22	15	1	28	11	11	28	27	26	11	7	30	27	38	12	7	21	27	
18	42	0	38	45	31	33	10	27	39	36	36	42	33	23	41	31	38	36	34	28	1	22	25	43	43	6	20	8	7	30	2	32	44	42	36	14	17	1	40	
2	5	16	0	2	27	2	4	38	17	22	2	4	30	28	30	17	14	15	28	9	3	23	33	20	21	2	13	31	14	19	1	12	25	30	36	19	30	11	21	
27	20	2	27	0	13	30	25	30	17	24	14	34	29	14	16	26	40	37	14	10	5	26	35	36	34	13	35	23	13	37	17	15	11	25	23	5	22	16	33	
36	29	16	24	2	0	10	35	25	6	14	14	10	17	18	29	21	25	1	12	24	13	2	18	28	17	13	7	14	13	22	25	5	11	25	18	19	22	29	5	
13	11	16	35	34	21	0	14	38	25	48	22	25	15	41	38	2	13	21	37	19	21	8	26	5	7	21	15	30	13	4	19	21	19	15	21	28	15	27	10	
36	42	38	32	29	9	19	0	5	26	4	5	13	33	33	30	9	31	15	41	19	25	9	14	26	19	10	19	34	4	25	10	4	23	9	35	32	21	20	26	
28	38	35	28	21	1	14	26	0	42	49	35	49	31	31	23	10	34	7	45	11	20	13	6	26	25	2	11	26	26	17	2	2	36	30	29	38	20	35	18	
1	35	2	27	34	27	16	25	32	0	42	7	34	39	9	44	31	42	29	25	42	7	37	6	21	12	21	3	5	18	13	13	10	44	18	21	29	32	16	15	
9	29	28	26	25	10	19	33	29	14	0	1	37	20	23	15	1	32	20	25	18	12	36	38	10	27	12	3	34	12	8	9	20	10	23	9	19	21	23	30	
33	2	2	5	27	31	35	25	42	45	17	0	28	8	27	38	37	14	35	34	30	16	32	37	24	36	21	25	23	22	35	17	7	41	3	44	29	28	16	18	
28	15	28	21	32	32	2	29	28	18	24	29	0	22	23	18	17	28	35	4	23	22	16	28	1	22	18	26	15	7	18	25	7	34	16	31	35	2	18	18	
16	27	22	6	20	15	21	14	23	19	14	16	14	0	2	28	3	38	22	31	20	15	29	20	39	3	15	37	28	15	23	20	22	13	25	32	22	24	19	8	
27	42	3	27	19	9	20	1	5	21	15	32	20	12	0	28	2	31	15	45	10	17	21	13	34	9	10	19	14	23	25	8	3	29	24	37	16	28	13	4	
18	9	9	14	2	27	1	13	23	31	31	4	26	29	15	0	16	27	33	28	19	19	22	22	19	4	27	4	23	23	18	24	27	25	29	35	19	29	23	24	
18	26	22	18	31	19	2	16	36	23	40	20	31	27	29	26	0	28	3	35	1	19	19	26	20	22	19	30	17	19	19	1	3	17	6	36	19	28	30	25	
12	34	13	40	24	23	34	36	19	5	34	37	36	3	18	18	32	0	22	31	32	27	32	28	47	31	24	13	33	15	2	24	24	39	11	44	18	17	10	33	
7	35	24	20	28	18	23	18	35	22	19	17	30	29	31	30	26	14	0	34	3	15	21	14	24	39	18	8	32	18	3	12	24	16	28	7	11	9	13	30	
24	34	12	19	16	27	27	22	28	6	22	39	8	11	7	34	11	40	30	0	7	6	10	12	44	31	2	14	32	32	24	27	28	39	13	32	21	28	26	14	
5	32	37	5	37	8	8	3	37	32	45	29	39	14	16	15	23	34	23	26	0	10	6	36	26	28	8	36	40	24	25	25	9	26	34	30	34	36	26	15	
5	15	39	35	42	10	19	33	18	40	6	26	12	27	41	30	1	8	20	40	18	0	34	1	13	39	10	17	34	11	33	18	16	34	23	29	29	21	47	30	
27	18	23	28	32	15	1	8	11	23	43	20	5	29	9	12	8	27	10	25	25	8	0	20	19	17	16	25	38	5	18	7	16	17	29	31	26	28	34	24	
1	9	29	28	15	15	45	10	32	4	49	16	10	19	28	13	32	42	35	16	35	15	1	0	37	15	15	28	29	13	19	37	30	13	26	9	22	8	16	4	
4	30	29	27	26	13	13	27	20	8	2	14	41	8	40	39	28	20	29	22	12	13	15	29	0	14	13	34	30	13	1	25	19	11	20	20	1	22	43	33	
16	21	20	10	6	13	12	18	9	20	15	13	27	18	15	2	22	11	19	32	9	2	11	18	1	0	6	23	15	5	26	14	14	14	28	35	17	25	24	30	
2	20	19	17	16	3	20	22	20	7	31	4	33	12	19	38	2	4	15	17	16	3	30	16	22	24	0	17	24	3	30	19	14	1	15	1	10	7	8	5	
8	6	28	16	37	14	22	24	13	29	37	21	18	7	38	8	26	40	23	19	20	21	29	22	40	29	4	0	4	4	7	18	16	42	43	15	34	36	42	34	
34	39	11	11	10	27	15	20	41	31	8	4	24	36	24	12	29	41	14	19	21	16	14	24	15	26	10	26	0	31	32	26	7	33	35	15	27	21	12	21	
34	23	4	18	16	8	25	27	17	12	9	9	23	26	22	43	7	35	26	3	18	8	25	26	11	29	8	20	9	0	35	8	22	6	20	10	15	17	18	18	
16	19	17	18	3	5	19	23	9	32	39	18	4	24	14	31	1	31	19	21	13	6	25	18	23	37	14	13	7	28	0	6	14	26	23	38	20	10	22	20	
5	18	10	27	26	6	1	28	2	14	17	14	15	29	33	28	15	13	12	29	16	13	18	11	17	21	7	16	1	13	18	0	7	11	25	3	20	22	24	23	
18	26	12	23	22	9	21	3	16	13	38	10	26	2	2	36	16	23	1	16	30	9	26	3	27	30	9	18	4	9	14	21	0	7	1	42	16	18	23	13	
27	18	17	15	14	1	35	37	18	5	36	2	31	26	29	42	18	28	28	17	32	1	28	27	30	22	1	32	38	1	28	23	21	0	13	39	8	10	31	21	
8	27	5	5	8	22	37	28	40	32	29	2	1	30	15	11	37	41	14	14	30	19	5	32	19	48	16	21	26	25	43	14	2	27	0	17	25	14	19	40	
23	8	4	23	26	9	6	21	5	8	3	13	4	14	32	22	18	21	15	35	6	18	21	14	24	26	4	19	25	19	23	10	10	17	31	0	9	28	18	9	
21	8	36	25	25	24	7	12	36	27	15	19	34	35	29	32	22	33	34	21	34	6	22	16	19	19	24	21	14	12	20	24	6	22	9	41	0	33	3	30	
15	28	31	20	32	8	4	25	12	23	19	20	19	32	7	28	19	8	22	31	26	17	21	21	22	24	11	13	38	19	13	17	17	17	31	18	21	0	43	11	
20	3	21	30	16	11	3	2	42	9	39	11	21	4	41	40	18	25	31	40	35	26	14	7	21	22	26	7	42	15	20	19	14	24	12	12	33	31	0	26	
32	23	20	19	19	6	10	12	19	3	21	7	28	1	34	38	22	26	25	22	18	6	31	15	28	5	6	33	8	1	18	24	24	4	3	14	10	2	1	0	
M2
0	11	23	7	2	21	22	7	23	13	30	20	13	1	23	9	22	33	31	27	17	15	16	13	22	18	2	25	25	11	19	32	18	19	25	22	10	14	13	17	
13	0	2	21	16	3	3	6	21	10	23	2	6	11	3	12	20	14	22	26	12	3	12	10	21	24	26	22	22	7	3	27	26	24	18	15	3	5	19	15	
30	31	0	28	15	41	26	45	34	26	18	41	34	23	32	34	22	43	23	23	20	32	31	24	29	14	3	12	10	7	39	27	39	21	26	12	21	6	26	36	
12	13	15	0	22	23	14	16	15	21	22	12	5	1	15	11	14	25	23	19	20	7	19	5	14	10	35	17	17	8	11	27	10	19	17	14	2	6	5	9	
3	15	17	1	0	21	16	18	17	23	16	14	7	3	17	13	12	27	20	17	22	4	21	7	16	12	3	19	19	10	13	29	12	17	16	15	2	8	7	11	
12	8	22	6	22	0	21	16	22	28	22	10	5	8	22	11	1	25	21	26	8	14	15	12	21	2	35	7	16	11	18	13	17	19	24	6	2	10	12	16	
19	9	34	27	29	15	0	23	35	44	29	19	12	17	42	18	12	4	9	26	27	17	30	32	21	33	42	37	19	36	20	21	38	22	36	9	18	16	25	17	
12	7	9	13	36	5	11	0	28	19	12	12	19	15	29	8	9	22	25	3	17	21	3	5	11	24	37	20	12	15	11	24	7	25	13	21	1	20	11	1	
13	22	10	18	10	1	9	11	0	17	5	20	24	17	30	24	10	20	17	12	15	24	14	3	9	29	12	20	12	13	9	22	5	32	18	19	21	25	7	28	
9	7	21	18	20	8	12	14	29	0	20	10	3	8	27	9	17	23	7	22	22	26	11	19	20	19	33	2	22	27	2	37	29	22	27	12	2	1	16	14	
12	31	3	20	22	23	20	16	36	20	0	12	5	10	31	11	19	2	27	31	31	28	23	19	3	27	35	18	24	29	27	5	23	14	18	14	23	10	14	19	
4	2	5	5	21	10	12	1	21	11	8	0	4	7	10	2	13	21	17	22	14	13	15	1	12	16	5	11	7	14	12	13	8	23	6	12	8	9	8	15	
5	27	23	13	15	16	21	9	29	35	15	5	0	3	29	4	12	18	20	24	24	21	16	19	26	20	28	24	17	22	25	36	24	17	31	7	16	3	11	12	
9	20	4	6	19	20	4	8	19	21	19	9	2	0	22	8	8	2	9	6	27	14	20	12	21	17	17	15	3	15	18	20	17	14	3	11	9	7	12	16	
14	9	23	22	23	25	22	18	13	18	18	14	7	12	0	9	15	6	21	23	4	30	25	8	22	21	26	25	17	26	5	19	18	20	10	7	16	12	20	17	
4	22	23	8	30	32	7	22	18	30	31	21	14	2	13	0	23	24	32	11	22	16	28	14	23	19	3	25	22	17	7	5	19	25	5	12	6	15	4	16	
6	8	6	3	26	5	5	7	3	4	26	9	9	5	15	9	0	16	18	15	11	11	10	9	5	10	33	16	8	4	5	18	1	23	17	15	6	1	9	3	
16	12	11	25	24	34	12	14	1	20	27	23	16	21	4	1	4	0	11	8	13	33	12	17	12	30	30	23	13	3	10	20	8	29	19	16	25	21	7	26	
21	19	22	8	31	32	21	23	23	28	23	1	14	4	5	19	9	16	0	27	13	16	23	14	2	19	29	11	13	15	15	9	17	28	20	17	11	14	14	18	
16	26	1	14	26	5	14	20	30	18	19	9	9	11	12	15	23	18	3	0	12	22	27	11	10	11	26	32	26	23	22	16	19	26	27	18	17	14	20	23	
19	18	13	24	12	34	15	17	12	14	27	16	16	17	4	18	16	15	30	25	0	26	20	17	9	9	19	17	16	19	14	1	11	5	15	6	15	21	23	26	
17	3	35	25	7	7	33	21	24	42	11	15	10	15	41	16	6	8	15	3	31	0	22	22	28	13	27	14	24	21	7	6	34	6	42	19	12	15	23	24	
14	19	11	23	32	47	10	12	26	18	16	36	29	24	31	3	11	1	12	20	16	31	0	29	1	30	29	14	12	14	10	3	6	29	30	20	5	30	29	5	
24	19	29	27	13	33	17	28	21	25	28	24	17	22	5	19	16	16	18	33	2	28	34	0	25	11	35	20	2	33	15	17	25	21	14	17	23	22	30	27	
22	25	25	11	26	35	15	28	16	7	16	24	17	8	27	23	24	37	22	9	26	13	30	14	0	22	37	6	28	20	23	31	22	14	6	22	6	5	6	21	
15	20	36	22	3	29	35	36	12	38	30	33	28	22	37	7	5	32	18	27	29	12	14	28	24	0	39	5	9	29	34	41	31	2	23	37	7	22	28	17	
15	30	14	26	37	1	1	15	38	21	26	6	32	22	29	28	10	22	2	2	19	2	18	26	13	3	0	21	16	17	6	26	9	24	8	11	2	29	16	32	
12	20	8	22	22	36	33	29	19	29	26	9	18	11	6	7	4	17	14	2	15	30	11	19	33	18	33	0	28	15	16	9	29	23	21	18	25	23	28	9	
4	18	20	4	27	28	4	21	17	9	27	17	10	6	20	16	19	18	17	24	25	12	24	10	19	15	10	22	0	13	16	6	15	19	22	6	7	11	10	14	
4	36	6	32	5	5	19	21	10	12	17	8	32	24	27	34	1	5	30	4	20	28	6	14	18	39	38	30	22	0	19	32	15	30	36	29	22	30	15	23	
12	11	9	21	32	21	8	10	22	16	27	23	16	21	4	18	9	15	30	18	13	3	13	17	8	28	24	19	11	7	0	21	4	29	19	16	11	21	27	26	
14	23	5	21	13	15	13	35	27	18	41	34	27	23	26	16	21	26	13	23	22	10	27	20	25	32	17	38	29	30	6	0	30	31	37	36	19	2	1	6	
5	18	2	14	33	38	1	3	30	9	37	27	20	16	22	16	2	12	38	11	7	22	6	20	1	21	29	12	4	5	1	14	0	24	21	11	17	21	20	24	
4	21	2	7	19	4	13	13	23	23	12	8	2	7	20	6	11	22	24	8	10	15	3	1	22	6	6	22	21	16	19	16	18	0	25	11	3	7	8	7	
14	31	11	22	24	5	14	9	26	20	14	7	7	12	19	4	15	25	21	10	2	18	19	28	14	6	21	25	17	18	9	17	10	21	0	16	12	12	20	21	
17	27	26	15	36	31	9	32	31	35	24	28	21	3	31	21	8	37	30	35	36	23	18	21	30	26	46	20	2	24	27	21	26	5	28	0	1	22	9	16	
1	16	32	42	20	28	16	35	21	38	18	31	27	32	15	11	4	26	29	23	24	12	29	28	33	41	42	4	36	16	25	20	29	9	29	27	0	12	17	19	
12	22	4	23	9	22	4	32	12	33	33	29	22	5	10	13	3	21	1	5	5	10	9	2	7	28	16	36	30	27	20	20	30	13	25	22	26	0	11	32	
17	23	19	9	26	33	18	20	25	14	10	22	15	10	23	9	19	27	27	8	22	17	23	15	18	20	22	20	21	18	18	15	14	19	24	24	1	10	0	19	
32	20	24	41	33	1	23	30	3	14	42	2	36	24	36	31	7	19	26	19	18	12	14	44	18	40	25	16	13	4	14	33	24	11	16	38	21	41	23	0	
M3
0	25	20	25	28	20	24	14	24	10	13	20	17	17	26	19	31	24	6	28	33	20	31	31	18	20	11	23	9	33	17	21	16	24	19	18	21	37	22	16	
26	0	27	27	17	25	17	5	14	33	23	31	31	21	40	26	31	32	23	22	17	13	21	5	40	30	25	13	25	34	18	33	18	26	22	27	26	29	15	22	
31	13	0	23	19	12	28	10	17	16	17	22	4	23	19	23	7	17	22	18	21	13	23	11	35	14	4	16	24	8	10	18	1	21	4	11	21	32	25	19	
34	15	20	0	17	2	16	26	13	15	36	26	22	15	35	18	15	3	11	15	32	20	20	34	34	31	23	16	25	10	15	32	3	10	21	22	26	28	25	29	
34	1	20	26	0	12	23	33	13	32	38	17	11	36	10	18	1	9	17	20	25	17	20	23	36	12	25	15	1	15	24	13	18	16	16	11	15	28	15	17	
13	14	19	30	28	0	20	30	25	22	18	14	13	15	29	15	32	28	14	21	22	30	32	20	7	9	22	16	8	28	21	10	4	13	13	17	16	12	11	24	
21	25	19	27	9	33	0	27	23	34	32	25	25	30	34	24	40	9	25	36	32	11	30	31	16	34	19	27	33	28	19	21	16	15	24	3	24	24	28	39	
5	20	6	30	17	15	15	0	17	20	2	19	10	8	19	8	17	16	10	1	15	3	21	18	24	9	4	18	4	16	3	16	10	5	7	8	10	32	22	15	
15	7	9	7	13	5	23	20	0	13	21	11	18	20	24	17	11	17	14	9	13	27	1	15	29	12	25	19	16	16	15	13	11	16	2	16	8	9	18	10	
24	8	18	16	19	14	8	27	3	0	24	19	20	12	4	20	1	26	19	18	22	17	10	2	31	2	19	17	3	25	24	15	20	18	11	13	15	11	20	19	
24	20	6	29	19	15	10	13	18	20	0	14	11	3	20	3	22	18	5	23	28	14	16	26	22	4	5	16	4	26	11	16	20	19	3	12	5	28	21	19	
34	5	13	22	21	1	12	14	26	23	25	0	19	5	12	22	23	8	26	13	17	22	5	7	24	8	13	21	12	15	19	24	18	23	19	20	11	21	12	28	
34	20	9	23	24	15	9	13	30	7	26	20	0	26	14	7	28	25	20	23	15	19	30	26	16	17	28	18	4	31	27	16	21	16	19	6	28	13	9	11	
31	15	22	22	10	22	1	10	15	12	15	5	8	0	17	21	28	15	20	17	28	11	22	26	13	22	2	10	22	24	8	16	12	19	13	9	20	19	12	25	
24	1	6	17	20	2	10	26	22	28	23	6	6	10	0	4	12	31	2	4	6	14	29	21	29	2	18	17	7	23	8	11	13	14	10	11	26	35	14	22	
23	15	15	6	16	13	17	28	2	18	21	19	15	27	27	0	17	18	18	17	7	33	9	23	8	9	27	1	8	7	22	20	5	23	10	18	16	8	17	13	
23	10	20	24	25	12	29	24	17	27	31	25	24	22	12	29	0	23	14	16	27	3	15	28	28	9	18	25	18	24	22	24	18	27	22	4	1	23	31	23	
16	14	19	24	18	5	13	11	20	8	20	14	13	26	15	15	3	0	14	28	22	16	27	15	26	25	7	16	12	29	13	10	29	10	13	14	17	10	17	12	
30	25	13	21	29	3	16	24	45	22	25	15	9	30	17	22	25	15	0	13	15	7	5	9	15	7	33	8	9	22	19	21	15	23	19	19	12	34	13	19	
26	30	1	39	12	36	32	39	38	39	27	30	33	25	20	22	12	36	22	0	32	26	27	37	31	26	33	28	34	30	2	46	5	11	2	3	26	30	17	39	
28	1	16	38	29	4	26	7	40	33	25	34	33	31	25	13	35	9	33	20	0	26	35	3	21	5	27	27	27	30	26	30	29	9	26	27	33	31	33	38	
22	5	10	28	19	6	10	1	24	18	19	5	6	3	22	6	21	19	5	5	13	0	11	11	22	18	11	7	21	28	7	1	14	4	4	8	18	12	8	24	
24	25	2	17	18	4	27	13	35	15	14	4	23	20	17	11	14	10	22	2	6	30	0	8	22	5	22	33	21	11	8	33	7	12	8	9	1	35	23	18	
8	11	13	20	25	18	1	20	7	11	4	11	6	10	8	10	10	17	11	22	11	21	14	0	11	4	12	13	11	20	18	7	24	3	10	14	12	1	10	8	
31	10	6	24	17	15	3	22	23	18	22	15	20	28	25	10	5	21	27	1	17	21	5	6	0	16	14	13	29	22	7	23	10	12	7	8	12	35	15	13	
26	7	12	27	21	15	13	22	16	28	19	7	8	22	14	2	25	7	2	19	15	23	11	5	16	0	14	2	26	28	14	3	24	6	3	10	12	31	10	32	
24	13	17	21	16	19	19	3	8	27	8	13	1	14	10	14	25	8	13	20	21	4	15	19	33	15	0	15	15	17	1	9	25	12	6	2	13	23	16	24	
6	6	10	21	16	12	10	16	21	23	21	12	8	27	23	19	5	18	4	10	14	6	2	16	23	13	8	0	25	19	14	18	3	20	13	15	9	36	6	26	
30	8	11	22	22	3	14	24	29	29	29	8	9	29	13	9	26	19	8	11	16	25	18	14	30	15	16	6	0	19	15	4	9	7	7	2	23	20	11	8	
34	8	27	16	26	13	28	13	18	31	18	22	1	24	20	3	35	15	22	30	10	14	25	15	28	22	5	24	12	0	1	18	4	21	16	10	23	33	25	9	
32	1	10	32	4	14	16	26	31	31	31	10	11	25	27	11	21	13	10	26	18	14	32	15	33	12	18	4	33	31	0	6	29	9	9	4	15	31	13	27	
25	3	8	36	17	11	9	19	24	24	24	3	4	24	20	4	21	24	3	19	11	20	25	9	43	31	11	5	26	33	10	0	22	2	2	6	18	28	6	40	
9	5	10	13	19	2	11	7	19	23	12	5	6	18	22	6	23	22	5	14	13	22	6	11	34	17	13	3	19	23	3	1	0	4	4	8	13	13	8	30	
1	13	27	14	33	24	27	17	24	13	20	23	19	26	19	5	6	1	6	32	1	21	31	16	6	27	22	20	13	13	25	25	27	0	17	9	6	7	16	9	
8	19	12	3	25	14	20	19	10	10	22	9	9	28	27	21	24	20	9	9	16	24	4	18	21	15	15	15	8	21	15	20	17	22	0	8	11	25	7	1	
35	6	21	15	22	12	13	22	14	16	19	17	18	6	29	13	28	17	5	21	8	23	13	27	25	10	14	19	16	6	2	28	21	31	22	0	20	6	15	24	
14	17	13	34	18	28	8	16	21	18	21	11	8	24	14	5	6	21	20	33	25	11	28	26	42	28	8	21	18	30	14	16	18	19	19	15	0	8	17	6	
31	19	15	23	19	14	17	20	10	3	6	9	5	12	24	12	24	9	14	22	27	20	17	25	28	13	12	6	3	30	18	15	20	18	12	10	12	0	2	11	
35	2	17	31	27	8	10	22	29	31	8	6	18	14	20	14	10	4	16	20	19	25	15	23	4	15	16	15	1	21	22	13	18	16	14	10	16	25	0	17	
7	21	21	32	19	13	16	28	24	1	12	12	21	18	25	13	22	33	20	32	10	10	29	20	35	19	20	23	13	1	26	17	30	20	18	23	20	32	24	0	
M4
0	18	33	21	10	23	18	11	31	27	29	26	27	40	36	1	20	19	16	40	15	10	27	19	41	21	27	27	31	1	4	18	22	23	13	25	11	5	8	22	
14	0	41	32	32	24	14	29	30	27	34	26	33	14	15	30	12	6	14	32	18	11	7	21	27	26	26	6	12	1	22	23	22	28	26	22	16	23	25	1	
28	41	0	28	16	15	36	16	7	33	7	20	35	32	37	12	22	17	18	8	21	7	27	31	48	31	4	30	29	7	39	1	28	40	24	35	43	33	15	28	
23	14	28	0	18	22	30	15	27	11	1	7	33	21	29	2	29	9	29	31	12	8	31	4	33	11	34	20	26	19	19	14	6	9	7	21	7	4	23	40	
25	20	25	9	0	18	24	13	8	7	31	1	34	33	16	8	9	21	18	29	11	26	21	6	25	23	23	23	22	18	6	20	29	25	20	22	13	9	25	29	
4	29	37	1	10	0	9	9	19	12	23	20	8	5	15	33	34	16	28	6	13	17	28	8	32	4	14	26	30	7	22	4	15	17	13	8	29	21	28	25	
24	29	29	6	19	23	0	27	27	12	42	12	27	2	30	24	18	7	3	24	19	5	6	13	14	12	9	28	28	20	20	32	7	15	1	15	27	11	6	7	
7	6	4	7	27	24	20	0	23	20	21	20	12	30	7	26	38	17	32	25	27	17	23	21	8	20	30	16	37	8	28	17	15	22	1	24	10	6	5	9	
21	18	5	36	34	29	31	20	0	13	34	27	32	5	47	24	47	33	15	33	36	24	8	28	46	17	10	35	38	34	35	28	22	34	30	10	35	16	26	37	
17	2	32	14	23	1	9	22	5	0	25	23	21	18	28	6	42	5	17	7	21	11	29	21	28	14	27	12	10	20	24	14	28	19	24	21	7	1	11	34	
6	13	43	16	12	13	34	20	19	13	0	26	1	1	23	30	27	33	10	14	38	4	19	29	14	21	32	5	1	17	27	5	23	5	38	16	31	29	23	18	
26	19	15	6	26	10	21	13	15	5	14	0	19	16	11	26	37	21	14	27	21	9	23	5	44	23	12	18	25	6	6	20	27	25	20	5	13	21	17	27	
7	29	33	6	6	1	22	8	31	16	19	16	0	7	28	31	15	29	9	2	26	13	18	17	33	16	20	25	28	5	15	17	11	15	26	21	22	17	11	6	
25	10	22	19	1	35	23	2	23	19	21	19	29	0	2	26	15	29	19	20	20	31	20	24	7	13	29	29	30	17	14	6	38	14	28	17	3	27	27	37	
38	4	33	8	40	35	39	26	18	19	43	27	23	11	0	34	2	19	35	34	24	15	38	12	38	10	16	4	36	28	23	37	29	25	36	7	30	10	19	6	
26	15	18	23	21	25	16	8	11	14	10	14	34	38	39	0	20	7	13	9	16	5	8	8	39	14	24	32	7	19	1	15	9	20	15	5	8	15	26	24	
29	22	30	28	31	21	27	12	23	5	34	21	34	36	33	20	0	24	21	27	10	31	25	12	26	26	2	2	22	30	9	23	34	25	22	12	16	10	5	30	
25	10	17	6	20	24	19	26	23	13	21	3	29	22	30	26	36	0	1	6	20	10	29	14	13	13	30	37	19	17	21	10	8	15	35	17	3	14	25	3	
5	8	29	4	24	2	23	18	12	8	22	3	22	19	29	12	36	18	0	6	2	12	30	9	37	7	22	32	8	13	25	11	26	16	10	18	4	24	4	10	
40	22	33	4	27	28	31	31	23	23	32	2	23	34	29	37	27	39	25	0	35	27	31	15	4	8	16	20	8	24	24	15	31	14	36	23	18	9	35	10	
19	28	40	18	18	12	5	8	1	23	18	27	1	17	27	38	6	1	21	5	0	25	12	29	1	12	20	6	30	17	23	28	23	27	30	30	28	28	23	18	
30	20	33	3	25	22	18	33	24	13	31	18	28	28	36	5	14	14	36	13	25	0	27	19	27	13	21	17	33	26	26	20	13	25	23	6	13	5	30	42	
25	36	24	22	27	9	30	29	5	22	31	1	10	26	21	22	36	37	27	7	34	8	0	22	30	25	29	9	19	23	23	22	32	12	34	6	29	4	14	20	
37	31	27	18	8	25	18	23	29	28	22	26	43	22	14	8	34	24	29	30	32	35	15	0	13	34	14	39	39	13	17	12	33	36	31	23	24	5	25	21	
28	13	28	9	2	20	27	23	1	4	43	16	28	1	18	19	28	7	28	26	23	27	26	23	0	10	31	12	29	37	25	8	25	14	22	29	26	20	10	27	
42	37	5	34	15	35	25	26	34	33	1	12	25	22	13	39	16	44	33	9	29	24	40	9	22	0	30	30	34	23	34	28	44	29	15	25	30	11	26	6	
8	30	17	7	34	29	18	25	27	13	35	12	17	15	39	33	43	29	22	28	20	30	4	33	29	35	0	7	22	9	18	16	30	34	1	18	25	17	26	9	
4	26	31	34	21	25	21	13	22	14	37	14	41	37	41	35	37	18	24	10	22	11	34	12	29	14	14	0	35	22	12	3	9	21	26	4	19	15	26	7	
10	17	32	25	25	16	6	10	5	12	23	25	19	22	17	16	12	18	15	14	18	22	23	21	41	20	26	26	0	24	3	10	20	18	17	15	10	15	20	21	
18	23	23	14	13	17	25	21	26	6	22	6	22	22	32	18	29	22	10	28	17	3	26	7	36	6	34	6	31	0	14	20	1	13	28	27	17	7	8	1	
25	10	25	18	18	35	14	3	23	26	21	18	29	33	37	22	27	11	8	39	11	20	34	24	34	13	19	28	23	17	0	10	21	15	10	17	3	27	25	19	
29	35	4	30	17	34	33	3	12	26	24	8	43	12	16	5	36	33	8	17	38	24	23	17	19	27	30	20	16	6	30	0	22	3	28	29	28	4	34	4	
16	21	21	26	11	15	23	19	24	4	34	4	35	32	31	25	27	24	22	26	15	1	24	5	34	4	32	31	29	12	12	24	0	11	26	25	19	5	16	33	
8	30	21	16	15	3	24	23	22	27	38	23	23	20	12	7	17	31	11	21	28	28	4	23	21	19	21	31	12	20	16	18	28	0	28	23	23	13	24	22	
2	20	4	27	18	19	27	8	23	3	33	11	29	5	24	24	17	22	29	5	11	8	28	12	9	8	5	30	28	19	19	27	6	18	0	20	25	12	3	25	
5	12	15	21	25	25	11	28	5	12	9	28	13	8	2	33	17	27	30	25	14	1	18	4	38	9	31	28	18	2	32	12	23	17	28	0	5	11	23	23	
17	2	20	11	38	33	46	18	15	35	13	24	21	39	29	35	43	35	20	34	12	32	39	31	28	5	22	35	22	9	36	2	30	7	42	9	0	30	37	30	
18	33	9	15	24	2	11	23	6	16	37	10	12	10	18	26	12	6	25	20	27	31	18	14	11	13	26	2	34	9	20	18	29	13	22	22	27	0	6	16	
23	11	1	20	7	9	15	18	6	25	22	25	5	23	4	32	22	16	25	18	10	21	27	10	32	14	4	30	23	18	30	11	27	16	24	18	4	8	0	22	
22	20	8	19	28	6	27	27	23	3	37	17	24	3	2	20	40	23	35	24	31	1	8	22	12	21	32	19	28	25	29	22	16	22	31	7	25	19	22	0	
M5
0	29	23	17	9	17	22	24	10	29	4	27	20	18	28	27	27	17	18	15	27	25	5	5	25	3	23	23	28	24	22	16	7	9	24	2	27	32	20	27	
27	0	15	9	6	18	5	3	22	5	26	6	32	23	12	32	35	18	10	24	5	18	38	22	6	4	11	17	14	2	1	18	25	2	25	23	8	19	25	43	
5	26	0	33	25	36	14	22	14	39	11	33	22	26	8	33	5	36	37	6	22	35	6	25	27	22	8	1	20	35	14	8	6	6	32	13	31	23	26	32	
24	29	6	0	2	31	12	12	20	23	16	9	21	11	20	9	28	39	10	27	28	40	15	15	36	28	6	21	15	31	20	14	26	33	45	19	19	14	2	21	
5	38	28	24	0	11	27	35	11	38	33	23	25	11	25	23	38	41	29	26	11	1	29	27	6	27	14	16	33	21	22	21	36	1	4	26	18	23	16	4	
24	27	11	29	14	0	10	2	10	30	32	29	18	22	4	7	21	25	16	23	18	38	35	6	36	18	17	11	12	31	10	4	23	30	20	6	18	26	22	46	
40	16	24	12	15	24	0	3	20	35	25	15	11	1	13	15	25	43	31	1	17	34	13	24	29	29	7	3	28	24	29	23	17	8	43	28	32	20	8	4	
24	6	26	4	7	36	25	0	25	34	3	24	16	3	3	21	30	25	37	17	5	27	26	27	12	22	24	8	23	29	25	19	41	13	2	18	40	23	34	31	
4	31	14	22	17	11	9	28	0	18	22	31	28	2	11	31	19	19	2	21	4	17	33	8	22	28	10	10	26	1	3	14	35	3	30	19	28	18	24	24	
25	9	10	13	7	32	7	16	16	0	18	12	26	14	26	12	31	7	12	30	29	13	18	22	37	34	9	7	24	26	1	20	9	27	45	6	31	9	5	20	
34	12	21	30	17	22	23	35	31	37	0	10	39	31	41	34	38	22	7	9	34	30	33	24	15	8	24	32	25	41	2	25	2	16	1	30	2	13	31	33	
18	6	7	24	10	31	18	32	39	16	29	0	20	5	4	34	16	31	1	34	14	23	30	5	32	21	34	29	4	33	35	33	1	29	18	31	35	42	30	8	
26	4	14	14	6	20	23	28	23	18	2	13	0	15	2	13	2	20	9	17	4	17	19	1	6	6	10	16	5	1	18	17	30	3	27	8	18	18	6	22	
5	32	15	11	15	24	8	24	24	19	6	15	29	0	12	15	26	27	10	26	5	18	8	29	27	32	11	2	10	2	6	18	23	4	31	12	13	19	8	32	
2	20	27	15	14	8	16	16	24	37	18	14	21	16	0	14	28	1	18	23	29	7	20	6	25	3	8	13	32	29	26	20	11	21	24	25	12	2	7	2	
23	6	10	36	4	36	31	43	36	9	25	37	39	36	25	0	5	36	8	4	8	17	15	11	39	22	24	33	21	15	5	31	29	17	28	4	5	32	34	41	
41	9	18	26	25	2	17	25	17	18	33	23	25	27	10	25	0	29	40	27	25	2	31	30	32	25	22	18	20	35	17	11	6	20	43	16	34	25	18	4	
5	16	16	21	32	29	25	33	23	20	33	20	30	24	13	33	10	0	11	19	6	19	17	30	30	15	12	19	27	3	20	19	17	5	32	24	11	20	26	29	
16	30	11	17	13	4	12	20	12	14	22	16	20	4	22	16	23	34	0	27	9	24	18	9	5	20	13	11	18	33	12	6	22	32	11	9	11	21	9	7	
14	10	40	40	15	23	11	15	24	39	42	7	29	42	15	16	14	30	38	0	6	21	43	23	8	31	25	40	8	42	10	47	6	13	42	15	6	26	44	20	
43	3	24	19	18	37	23	31	23	10	29	2	27	20	11	18	34	43	7	18	0	4	24	32	35	31	15	24	19	29	13	17	20	23	34	22	35	12	11	40	
26	30	14	5	13	26	9	15	23	18	35	18	21	19	6	10	29	20	9	25	4	0	24	24	21	31	10	24	26	1	11	17	35	3	30	22	28	18	11	39	
35	19	34	41	28	48	11	7	18	33	26	21	16	3	19	30	30	46	28	43	32	40	0	22	34	34	31	44	33	29	10	38	44	1	48	20	40	28	33	8	
14	21	32	19	26	7	31	31	20	38	22	9	8	22	22	29	2	6	24	29	24	31	31	0	23	9	30	6	8	21	31	25	24	4	30	28	34	38	26	42	
39	1	26	32	28	32	8	32	29	31	17	6	11	33	25	28	25	31	3	17	17	30	38	5	0	29	33	11	18	24	29	23	15	26	40	28	36	38	29	21	
19	16	11	14	4	1	10	14	10	38	9	29	18	10	22	18	21	1	2	7	13	9	34	5	9	0	17	11	16	28	10	4	17	29	8	9	13	24	22	35	
28	28	15	14	30	39	40	4	37	21	26	33	12	35	22	26	6	35	31	15	28	17	5	12	30	30	0	22	29	25	18	41	5	6	30	32	18	24	30	1	
17	35	18	8	25	38	8	15	27	5	7	25	34	12	15	24	31	17	13	29	8	21	4	32	31	35	14	0	1	5	15	21	28	7	14	26	32	22	18	14	
8	28	15	32	26	28	14	11	12	24	11	26	16	26	30	8	25	29	30	12	22	28	16	29	34	22	21	15	0	27	14	8	3	29	40	10	26	22	24	48	
24	29	12	20	29	37	21	29	21	16	43	29	29	20	9	29	32	34	7	23	2	15	35	35	35	29	8	22	27	0	16	15	39	1	28	20	26	16	22	40	
31	6	19	1	22	33	16	27	19	9	41	36	27	27	3	36	3	36	3	17	9	11	21	17	34	27	2	20	25	6	0	13	19	8	24	4	9	9	29	15	
31	27	4	22	19	25	3	11	3	33	25	22	11	15	25	22	14	25	26	31	11	33	28	24	29	11	10	4	9	24	3	0	21	23	29	2	20	19	15	39	
38	18	23	10	20	12	12	19	17	8	16	4	2	27	16	3	16	20	21	10	13	23	11	15	20	6	22	11	19	15	6	23	0	17	27	21	22	11	18	36	
36	31	12	12	11	20	1	19	9	2	13	11	19	13	7	11	22	20	4	23	19	28	6	24	21	6	8	12	17	26	11	5	21	0	13	2	17	16	4	33	
46	31	26	17	31	30	25	33	25	6	12	6	15	37	16	40	29	16	29	4	6	14	26	16	30	16	30	7	31	21	25	19	8	6	0	24	3	38	33	7	
11	41	6	47	23	10	18	38	7	11	26	34	28	3	36	25	19	44	46	22	20	36	34	40	12	31	36	25	28	41	15	36	34	27	38	0	11	33	45	22	
14	15	4	29	26	7	10	18	5	4	32	29	18	22	31	29	21	4	32	3	18	40	32	27	36	18	17	11	16	31	8	4	28	30	36	9	0	17	22	25	
9	15	30	9	33	21	41	14	20	22	35	13	31	35	5	19	5	11	16	18	32	27	38	30	47	26	17	42	22	31	23	38	30	20	43	20	5	0	26	12	
30	25	20	6	5	27	16	27	19	28	33	5	19	7	33	5	24	35	21	23	27	36	11	19	37	27	2	17	25	27	19	13	22	29	45	18	24	10	0	27	
4	34	19	5	15	36	26	17	18	32	26	15	29	17	43	14	33	8	30	6	10	1	21	29	22	30	12	27	35	37	21	23	12	4	24	28	33	20	8	0	
