40  4  1
4
	0	90	1	83	2	85	3	65
	0	97	1	55	2	2	3	80
	0	17	1	71	2	25	3	80
	0	100	1	25	2	24	3	46
	0	1	1	39	2	2	3	83
	0	44	1	100	2	3	3	11
	0	15	1	41	2	91	3	35
	0	58	1	48	2	98	3	59
	0	88	1	34	2	58	3	29
	0	39	1	7	2	73	3	9
	0	12	1	26	2	68	3	41
	0	99	1	31	2	33	3	36
	0	82	1	72	2	78	3	84
	0	49	1	91	2	22	3	8
	0	68	1	25	2	8	3	72
	0	10	1	33	2	16	3	31
	0	16	1	56	2	98	3	88
	0	51	1	91	2	89	3	87
	0	81	1	11	2	38	3	59
	0	69	1	61	2	69	3	96
	0	92	1	40	2	88	3	36
	0	92	1	20	2	64	3	67
	0	49	1	74	2	73	3	83
	0	15	1	15	2	76	3	69
	0	49	1	63	2	64	3	71
	0	65	1	100	2	100	3	1
	0	45	1	67	2	37	3	74
	0	8	1	29	2	94	3	69
	0	35	1	2	2	13	3	79
	0	72	1	12	2	38	3	73
	0	82	1	49	2	83	3	98
	0	10	1	17	2	75	3	92
	0	70	1	9	2	8	3	83
	0	95	1	39	2	25	3	88
	0	84	1	26	2	10	3	55
	0	43	1	15	2	87	3	1
	0	23	1	57	2	30	3	33
	0	67	1	6	2	27	3	66
	0	51	1	1	2	82	3	72
	0	65	1	26	2	30	3	22
SSD
M0
0	47	45	10	6	37	29	50	13	21	9	41	31	35	53	12	38	24	35	10	38	36	24	36	37	14	49	42	45	31	35	24	29	42	23	19	43	21	6	24	
37	0	49	26	34	20	33	63	11	28	22	29	19	29	41	25	16	28	14	47	45	42	37	24	51	36	12	36	35	35	48	18	34	46	1	47	17	49	48	27	
6	20	0	35	36	21	22	60	43	29	32	60	61	35	17	42	5	46	58	47	7	45	6	42	27	25	42	47	24	36	30	54	23	65	66	41	20	51	4	14	
59	47	58	0	50	25	37	26	30	38	44	51	41	10	51	22	61	10	70	44	57	14	42	57	47	31	30	18	10	51	26	34	39	40	1	15	53	50	27	34	
53	40	38	3	0	50	63	43	6	14	59	34	24	73	46	5	52	49	82	27	31	59	17	29	55	7	42	35	38	24	28	17	22	55	76	12	36	14	35	17	
53	41	61	53	49	0	40	39	29	51	38	64	2	57	57	35	27	38	18	11	31	65	14	41	41	25	24	12	27	50	55	33	45	22	87	26	65	41	6	11	
29	15	6	27	23	44	0	61	30	38	30	58	48	55	40	29	28	9	56	51	30	57	29	17	50	31	49	37	18	29	20	41	22	43	38	36	43	38	1	5	
42	53	45	42	43	63	29	0	32	58	61	67	8	39	15	49	12	15	30	1	10	18	61	49	37	32	60	48	31	43	1	30	27	8	45	56	71	58	45	46	
25	35	28	13	16	21	7	46	0	26	52	37	41	9	49	22	50	31	11	44	48	5	34	39	16	24	59	51	40	24	42	33	21	65	60	29	53	15	23	27	
51	34	41	1	16	49	42	59	23	0	49	2	38	24	43	22	25	20	56	4	11	38	15	16	40	24	42	36	44	30	45	34	32	42	23	4	13	21	20	20	
3	57	38	12	61	47	30	70	66	9	0	50	25	20	57	48	42	3	14	34	38	15	3	59	17	21	51	49	49	61	65	60	51	21	71	52	22	29	46	50	
16	46	34	12	8	43	43	20	15	22	1	0	33	31	41	14	55	16	27	25	18	20	16	9	30	16	40	28	46	33	37	26	25	16	6	9	35	23	42	26	
48	46	25	9	5	56	50	22	12	20	57	40	0	33	52	11	47	55	76	33	37	23	23	35	61	13	48	41	44	30	34	23	28	35	43	18	21	20	41	12	
3	30	4	24	20	40	43	35	27	21	51	51	29	0	8	26	26	32	18	48	28	66	27	31	48	28	24	25	45	24	20	7	31	57	83	21	41	35	25	35	
16	39	2	27	41	40	39	38	43	32	23	62	30	12	0	33	22	5	49	34	26	50	25	59	46	42	50	50	41	25	5	45	40	2	84	54	39	56	1	33	
38	25	40	22	18	35	48	47	25	6	46	19	9	65	31	0	37	34	72	12	26	46	10	26	40	26	32	20	41	19	13	2	7	52	68	31	21	26	20	2	
14	31	22	14	15	49	1	39	22	30	46	39	40	44	44	21	0	25	59	26	19	52	33	21	63	4	46	34	3	15	36	33	2	47	54	28	52	30	17	21	
40	36	30	37	48	40	49	52	32	36	51	69	63	44	13	53	42	0	37	55	29	36	29	5	21	38	14	25	3	40	62	65	21	31	32	18	50	58	51	10	
30	43	31	34	31	37	36	7	14	36	15	13	52	34	45	37	23	7	0	36	52	42	4	44	20	35	16	22	42	13	60	20	41	18	40	25	28	46	40	49	
9	32	23	2	28	36	2	48	28	32	47	36	4	64	32	34	45	26	70	0	47	49	9	1	31	34	7	21	24	36	37	34	17	27	45	35	24	43	18	22	
37	6	27	26	22	37	25	18	29	23	44	36	26	45	17	7	8	39	68	29	0	16	27	2	51	15	34	22	10	36	30	19	4	28	73	17	38	9	16	16	
38	30	28	13	40	16	29	28	18	34	27	47	59	46	8	46	13	40	1	19	40	0	33	3	30	14	13	1	11	38	19	40	19	29	48	15	42	54	7	22	
63	44	48	13	9	60	53	27	16	18	69	44	34	81	5	15	36	18	62	37	3	5	0	39	53	17	52	45	47	34	38	27	32	49	49	22	44	24	45	22	
20	22	10	17	34	20	29	32	12	16	31	57	59	50	44	40	32	22	57	35	34	47	33	0	34	18	17	5	22	20	42	52	1	11	78	19	47	49	31	41	
31	48	23	31	32	61	18	6	37	6	63	47	14	14	32	38	1	35	67	43	27	65	46	38	0	21	63	51	20	32	45	41	19	17	68	11	58	43	28	38	
32	28	23	32	33	23	18	57	40	36	36	57	10	26	52	39	2	14	62	44	9	54	46	20	41	0	13	40	21	16	28	28	20	12	71	46	60	26	34	38	
37	10	58	23	19	45	39	17	26	13	22	15	44	33	57	25	24	3	18	24	51	49	37	49	10	27	0	47	43	44	27	37	12	45	59	23	55	8	4	20	
33	21	41	38	34	7	20	19	9	39	18	62	53	37	54	40	56	33	44	22	31	45	24	31	21	5	4	0	13	44	35	46	47	41	73	6	52	49	33	40	
42	8	19	30	43	46	56	64	10	31	63	44	34	6	6	15	41	40	73	37	43	14	32	51	55	50	49	37	0	44	38	27	32	50	38	43	35	20	40	27	
6	25	28	22	18	33	7	28	25	33	16	46	3	18	21	24	50	31	7	46	50	43	29	19	45	26	27	20	40	0	42	2	26	45	60	31	50	33	23	27	
24	37	40	6	28	47	19	14	35	18	9	31	19	41	43	2	35	24	35	15	38	36	22	27	31	6	44	32	52	31	0	14	19	19	72	33	33	23	32	14	
27	13	39	10	6	23	36	35	13	21	34	34	31	53	19	12	59	22	60	34	38	61	24	14	37	14	20	8	29	7	35	0	14	40	83	19	43	21	20	24	
48	10	32	7	3	23	11	47	10	1	56	1	28	27	50	9	54	22	35	31	14	63	21	13	42	3	42	30	42	28	22	21	0	8	16	12	40	18	27	8	
48	44	25	34	59	51	48	30	36	8	45	49	54	26	55	35	31	60	64	33	37	34	1	50	58	49	38	36	42	62	58	47	49	0	62	10	9	45	46	47	
38	34	25	14	29	5	4	21	31	19	23	14	22	49	42	3	47	28	6	1	37	3	23	36	4	8	26	14	8	30	26	13	20	56	0	28	34	39	20	15	
23	46	34	41	58	7	47	12	5	40	55	13	53	18	22	45	56	46	38	20	58	67	13	9	45	8	41	29	38	30	57	57	25	35	89	0	71	53	37	41	
28	12	53	5	31	19	32	31	21	1	13	31	22	45	44	3	50	28	32	25	5	2	23	32	33	17	6	4	25	32	26	15	20	46	30	18	0	17	33	15	
10	31	22	15	39	38	1	50	7	11	39	33	16	22	56	45	34	25	50	51	40	13	36	3	52	36	35	23	34	6	36	32	10	29	54	37	59	0	17	21	
17	40	60	17	44	26	39	9	28	49	37	18	52	56	26	33	39	13	55	41	9	50	43	42	40	24	12	11	32	45	4	28	39	52	78	25	25	13	0	15	
48	40	38	29	62	48	48	34	5	44	48	49	13	14	43	50	31	50	25	63	13	15	8	13	33	4	7	33	2	48	59	62	29	39	58	47	53	57	56	0	
M1
0	40	35	12	38	12	40	46	33	37	23	50	29	46	3	19	45	37	30	22	3	13	9	17	3	31	7	30	6	51	39	41	33	37	19	21	17	47	49	19	
46	0	26	40	25	53	51	3	29	55	41	29	52	45	47	50	26	15	26	18	30	31	33	40	44	34	42	41	38	7	20	11	2	42	26	32	4	28	36	47	
49	17	0	45	37	43	32	14	28	30	51	29	42	52	27	26	31	14	31	17	18	27	13	42	4	39	17	20	41	48	44	16	1	33	25	20	11	3	18	29	
31	46	43	0	36	4	39	32	10	45	66	47	57	45	39	44	49	24	43	35	33	21	53	54	52	16	49	35	55	34	63	44	19	45	43	32	20	45	30	41	
52	45	34	51	0	34	8	49	1	47	18	12	59	39	55	37	21	41	36	39	50	23	55	16	16	49	43	5	48	43	12	48	36	38	8	25	3	35	23	34	
45	16	49	42	33	0	39	28	43	52	35	44	14	47	21	32	28	29	31	29	1	41	42	38	18	46	39	23	43	9	24	29	16	33	35	20	38	35	18	4	
53	6	50	29	41	42	0	34	41	34	55	38	27	48	31	13	29	32	35	15	22	31	46	24	33	43	21	27	45	10	46	20	21	26	36	24	15	7	22	33	
36	66	43	44	35	25	37	0	45	54	39	20	38	61	22	40	54	18	53	50	16	39	40	28	15	71	16	40	65	61	4	58	34	63	11	18	42	59	55	49	
35	10	42	46	49	38	47	15	0	42	22	30	28	49	39	36	32	15	43	18	30	38	54	52	34	47	29	35	53	33	39	28	2	42	7	32	23	15	30	41	
30	34	41	21	44	44	25	7	31	0	14	37	5	56	44	17	21	27	6	44	25	19	45	44	35	29	25	26	4	24	48	19	28	43	17	27	15	20	35	46	
33	50	44	37	35	22	27	30	21	16	0	34	28	24	11	35	41	40	29	46	48	29	37	4	33	52	31	35	27	47	18	42	40	18	6	24	27	36	36	33	
52	49	40	43	37	37	48	49	32	62	29	0	23	46	59	40	29	32	40	30	25	50	60	51	31	35	48	5	27	10	57	48	36	42	36	29	38	35	27	28	
49	33	53	10	65	4	74	60	45	73	71	74	0	63	20	65	58	40	43	63	62	53	68	51	2	51	78	68	55	43	44	56	47	59	52	63	21	73	65	63	
40	47	48	17	4	28	24	2	31	21	42	47	33	0	57	41	28	21	16	29	32	26	43	14	31	47	24	3	28	9	36	29	21	43	35	5	37	33	42	38	
4	35	8	29	55	46	39	41	28	32	30	30	44	18	0	36	29	45	14	43	33	8	23	28	26	50	49	23	26	23	38	27	54	32	7	38	37	42	36	40	
14	54	49	46	60	47	19	13	34	51	40	21	62	59	16	0	12	33	31	42	45	30	36	61	47	29	60	31	7	22	43	44	62	32	20	47	18	50	57	58	
38	37	17	41	39	40	27	27	40	13	34	25	25	23	9	37	0	29	26	24	40	39	4	49	24	28	45	46	24	44	49	15	43	61	37	47	2	40	46	9	
40	28	48	31	22	27	24	34	35	47	10	27	26	60	44	17	10	0	16	37	35	26	8	18	25	31	15	8	28	31	40	9	21	18	36	5	23	20	3	14	
13	24	24	4	41	33	37	29	28	26	34	20	38	39	38	14	4	35	0	45	8	2	28	39	18	25	36	16	1	35	60	2	30	26	12	34	12	22	37	34	
5	54	21	5	1	11	7	44	29	58	16	52	34	36	33	40	29	31	46	0	39	36	52	43	41	3	34	45	27	16	51	47	31	60	40	15	38	43	52	14	
4	23	39	19	6	48	44	36	43	36	16	35	48	54	13	29	19	36	4	37	0	17	30	46	31	40	23	29	16	50	43	17	23	39	4	26	17	9	24	35	
41	7	2	9	48	38	36	18	40	4	25	41	16	17	38	28	32	38	17	44	29	0	12	23	16	32	28	15	15	35	38	27	28	4	28	31	22	14	29	12	
35	45	39	37	29	41	48	20	34	49	59	35	25	49	6	42	37	20	45	23	48	39	0	23	55	46	46	53	50	30	45	46	7	47	31	29	26	33	48	59	
34	31	34	25	36	3	13	43	2	44	32	41	30	60	41	31	23	30	10	47	29	23	49	0	39	45	12	22	22	51	7	23	31	29	33	19	25	17	17	28	
25	42	27	39	35	39	49	17	31	57	21	32	48	23	4	53	25	17	40	20	9	37	52	21	0	66	44	50	47	6	19	43	4	44	28	31	37	30	45	47	
53	36	50	33	24	16	26	36	50	49	69	51	61	53	24	37	34	23	44	5	37	28	56	57	33	0	26	12	56	15	61	35	23	14	41	7	30	22	37	48	
51	23	55	50	43	41	45	11	4	22	43	40	29	63	33	4	45	36	35	15	24	33	48	23	14	44	0	6	19	53	45	22	23	36	32	26	17	9	24	35	
18	15	23	44	35	31	37	15	29	28	41	30	40	53	25	24	32	15	29	5	16	25	40	40	27	15	15	0	39	47	42	14	2	31	26	18	9	1	16	10	
46	45	57	37	51	38	34	56	25	42	31	53	54	61	42	11	37	66	22	56	41	35	50	52	38	23	55	22	0	66	60	35	53	59	11	58	9	41	56	49	
37	60	28	21	30	36	32	42	56	53	42	56	47	26	53	36	7	10	50	8	11	34	58	69	39	54	26	43	29	0	63	38	29	58	14	13	40	55	50	29	
13	20	44	29	40	29	39	17	28	33	54	32	2	41	30	29	1	17	14	20	21	27	45	11	32	18	20	26	26	22	0	19	4	20	28	23	14	6	21	32	
48	5	51	41	22	38	34	24	38	55	42	1	50	54	19	40	35	24	39	27	20	31	9	44	41	6	34	31	51	16	41	0	11	41	21	15	12	37	26	37	
42	29	31	35	51	42	53	4	18	44	43	19	56	42	41	40	21	4	45	7	32	27	56	54	42	53	31	37	55	38	56	30	0	31	15	34	25	17	32	43	
47	15	26	38	11	41	37	24	23	10	31	32	9	62	25	24	37	28	23	7	16	25	40	40	27	37	2	21	21	41	21	14	15	0	18	18	9	1	16	27	
49	47	43	44	43	49	14	47	43	44	2	32	56	24	39	3	30	47	29	37	19	21	50	32	1	39	47	3	41	39	23	42	34	45	0	42	37	33	48	12	
46	33	28	11	2	8	4	14	28	30	51	29	42	42	51	36	31	1	22	17	41	6	38	46	11	50	4	27	34	45	39	35	1	30	25	0	34	27	22	33	
43	17	35	41	39	45	41	19	46	13	34	51	25	35	37	32	41	38	26	29	45	13	40	44	42	6	41	25	19	44	62	39	38	17	32	22	0	37	20	31	
40	8	40	37	28	34	30	21	35	21	42	25	33	55	18	17	30	21	22	24	9	18	33	33	20	30	8	14	32	40	35	7	8	24	32	11	2	0	9	20	
36	24	44	27	18	24	20	30	40	43	41	30	55	58	40	13	27	17	12	33	31	22	48	23	21	27	20	4	24	37	44	25	17	14	32	1	19	16	0	10	
54	35	63	48	55	11	25	16	31	22	5	52	28	55	42	7	48	42	33	51	36	45	12	14	20	57	35	41	33	53	14	34	35	27	37	38	17	21	36	0	
M2
0	38	31	26	58	62	50	10	33	36	42	47	46	45	7	51	1	60	28	53	26	72	55	51	8	18	29	45	31	42	54	14	38	20	45	20	47	19	45	18	
56	0	63	68	40	64	23	36	55	46	51	56	6	60	29	20	18	64	51	51	62	45	15	27	3	47	32	24	40	11	15	7	42	43	5	30	20	33	10	22	
31	24	0	36	18	49	40	39	66	24	17	30	32	39	44	39	26	21	29	42	67	59	22	35	29	45	23	32	39	37	41	11	42	58	13	38	33	41	36	47	
10	36	57	0	8	18	30	23	36	14	21	52	21	9	23	30	56	62	19	26	42	28	12	29	33	43	13	27	36	42	43	17	18	37	43	16	23	31	30	34	
35	29	52	43	0	29	20	20	63	4	43	48	37	19	37	20	49	52	9	22	47	39	2	19	34	55	3	44	42	42	33	7	28	51	36	50	13	37	41	40	
3	33	39	11	39	0	58	2	34	10	24	48	41	44	8	19	49	61	11	20	21	7	43	49	38	39	44	43	32	32	39	42	39	22	40	21	9	36	45	19	
16	42	45	50	29	40	0	45	37	10	16	51	8	49	11	9	5	55	40	42	6	22	30	15	21	46	34	20	35	45	47	38	31	25	15	24	40	26	37	13	
56	47	9	22	41	64	13	0	64	44	51	39	14	45	38	21	59	38	52	30	76	46	14	11	50	30	46	33	23	48	55	45	29	52	46	47	11	38	37	17	
11	29	55	36	67	78	40	17	0	47	26	54	37	48	60	51	49	22	12	38	49	20	44	58	10	32	37	38	38	33	46	38	56	3	36	53	51	9	41	41	
34	24	39	48	30	39	44	18	76	0	23	20	32	24	50	46	39	37	41	54	34	34	34	11	22	23	35	46	4	37	41	31	45	64	27	52	32	46	18	25	
34	45	7	8	30	28	52	18	40	36	0	50	46	16	14	41	7	16	41	51	45	38	34	36	32	49	35	46	38	7	61	23	34	27	27	27	6	32	48	25	
18	6	48	26	48	12	31	17	49	19	17	0	14	36	23	28	26	25	9	35	36	22	23	35	11	54	40	7	47	10	23	15	6	36	13	36	24	19	18	30	
63	42	62	49	46	77	24	66	54	52	45	54	0	18	28	47	62	40	57	32	60	46	35	57	11	44	50	18	52	9	29	38	59	42	49	41	10	40	49	39	
23	62	36	68	71	54	51	59	67	33	34	65	23	0	41	75	26	54	68	42	58	64	70	37	2	43	10	12	49	54	79	13	44	45	49	54	55	20	10	52	
53	23	26	31	56	47	43	30	18	21	27	32	31	30	0	36	33	45	38	38	53	57	40	36	28	27	57	39	16	36	39	32	23	6	30	5	32	35	30	3	
26	24	35	40	4	35	26	20	27	10	36	41	32	24	1	0	24	54	15	28	41	9	8	25	29	30	9	8	25	20	39	13	6	15	26	14	19	1	12	12	
12	19	48	20	24	6	18	11	43	19	33	42	27	31	17	4	0	20	20	9	30	16	28	45	24	11	29	28	41	7	15	28	1	31	26	30	18	14	31	28	
24	40	45	63	71	49	65	28	9	57	40	38	44	68	60	51	18	0	63	8	60	51	57	54	22	84	31	65	71	53	57	29	73	70	47	27	55	42	52	50	
61	6	5	39	48	60	14	35	62	42	33	37	14	21	37	28	26	30	0	25	41	13	23	19	11	40	37	31	21	19	23	15	6	6	13	20	28	19	18	21	
10	43	28	48	23	54	37	39	46	29	4	60	33	43	20	3	33	62	3	0	51	25	9	2	10	49	28	10	44	25	58	32	25	34	45	6	38	20	31	31	
7	27	57	33	3	34	25	21	29	9	48	53	23	24	42	25	47	49	14	27	0	19	7	24	32	34	8	43	47	31	38	12	21	1	34	30	18	34	35	45	
6	34	49	41	56	80	45	14	43	42	19	37	8	56	35	46	8	45	40	16	11	0	17	34	39	37	47	39	21	5	41	41	26	8	20	45	45	39	35	3	
8	17	44	16	24	2	42	7	39	9	29	53	25	45	13	24	37	66	16	19	7	12	0	23	4	44	29	43	37	30	9	3	44	27	24	26	14	18	14	24	
63	27	33	34	26	57	38	40	42	32	33	51	35	43	43	26	25	45	33	36	66	29	30	0	29	29	31	44	51	31	30	35	13	1	32	22	7	26	39	11	
7	27	25	34	12	43	34	34	60	18	29	14	35	33	51	34	22	23	7	7	34	18	16	33	0	35	11	41	53	12	42	21	42	1	34	59	27	24	1	4	
65	16	9	60	52	79	41	44	57	18	2	34	24	67	31	38	5	14	59	62	48	63	33	45	21	0	50	8	30	29	17	25	37	27	23	44	38	50	28	40	
13	38	12	21	48	7	51	12	33	20	3	28	21	45	7	28	15	56	21	30	31	17	23	24	43	42	0	21	23	42	38	47	38	14	2	20	19	30	12	18	
40	34	27	48	25	34	38	39	27	31	31	44	38	46	29	16	32	20	36	36	5	8	2	4	39	62	30	0	36	40	35	34	16	38	19	16	35	7	44	39	
54	42	57	31	32	48	33	1	63	8	45	3	29	53	53	36	23	20	43	53	69	58	31	7	14	42	37	29	0	43	46	14	28	67	10	35	35	29	1	8	
37	44	53	43	21	42	43	40	25	10	50	56	32	42	21	4	24	74	32	15	13	29	25	37	49	18	26	28	41	0	56	30	26	35	46	34	36	21	32	32	
71	35	52	76	51	66	53	40	13	51	53	48	9	30	64	57	9	65	9	66	13	1	24	52	40	67	22	36	32	24	0	44	17	53	42	67	48	30	46	53	
39	2	48	5	37	47	27	4	28	43	49	6	10	30	14	24	22	64	18	55	6	49	19	19	7	14	19	28	38	15	19	0	45	28	9	27	24	37	7	25	
52	10	48	60	35	46	28	48	60	33	28	33	18	22	39	32	30	56	46	47	45	56	27	39	15	42	40	33	34	16	27	19	0	53	17	42	32	5	22	34	
42	1	50	8	40	50	12	39	44	38	53	59	9	32	32	23	21	52	7	10	56	48	18	30	6	9	35	27	43	5	18	10	45	0	8	33	23	36	13	25	
41	39	65	72	36	61	49	21	43	42	36	59	9	56	33	16	3	58	47	60	58	41	11	12	44	44	17	9	47	50	56	39	38	47	0	15	15	18	44	24	
16	46	49	24	52	10	2	15	46	23	26	22	54	57	21	32	14	41	6	5	34	20	56	44	49	40	44	54	39	45	16	41	50	35	35	0	22	49	53	32	
49	9	58	58	27	58	27	28	48	33	59	14	17	47	24	7	29	47	38	39	59	32	26	17	14	40	32	26	14	22	26	18	29	38	16	29	0	24	21	33	
46	42	30	46	47	63	4	16	33	23	60	18	44	61	66	49	17	35	52	33	13	68	30	22	22	36	52	38	2	7	43	29	43	65	25	17	50	0	16	5	
34	22	55	45	47	31	4	36	68	23	40	42	16	12	42	44	26	50	41	16	55	41	39	38	27	42	6	30	46	28	8	31	4	56	29	54	43	17	0	8	
64	54	19	80	60	78	69	53	68	53	61	59	50	66	49	40	50	12	17	35	39	65	32	55	59	4	63	64	59	5	8	8	36	55	57	55	15	49	62	0	
M3
0	51	17	21	8	3	47	33	56	27	37	43	15	5	67	16	62	27	34	22	21	18	8	11	39	15	25	35	61	63	44	23	1	26	16	53	56	28	26	55	
27	0	17	41	20	23	36	4	14	43	37	45	17	5	60	16	43	33	54	4	21	18	46	4	47	15	49	35	63	63	49	43	18	26	16	34	42	28	26	14	
56	12	0	16	40	63	67	1	49	16	44	5	69	80	42	58	51	12	11	76	49	38	27	75	31	35	49	15	5	51	33	46	38	11	53	65	60	47	76	52	
4	21	27	0	32	22	43	16	68	65	25	59	30	18	72	29	25	46	69	41	34	8	58	59	60	27	72	45	2	12	20	18	30	6	1	60	72	4	14	61	
42	9	9	6	0	2	29	39	59	45	19	19	14	37	69	48	77	26	68	21	11	24	14	49	46	21	58	54	38	39	60	22	24	34	39	43	20	30	44	62	
57	50	53	7	56	0	36	69	92	32	44	60	1	70	75	56	67	13	84	8	20	54	40	58	33	51	60	41	55	65	49	9	13	21	54	45	42	17	67	58	
38	12	19	59	22	46	0	26	58	69	39	55	40	28	69	39	13	41	59	54	2	20	48	10	59	17	14	54	68	54	67	40	20	32	18	40	58	35	49	76	
31	27	12	58	12	40	59	0	29	62	32	51	34	22	62	27	49	22	72	59	38	13	41	17	64	10	43	11	61	69	55	23	13	43	28	60	67	45	43	20	
28	45	33	33	36	15	12	49	0	40	11	38	14	27	25	21	36	30	14	24	30	21	34	50	59	31	25	32	58	20	42	35	14	28	38	10	66	33	11	7	
31	74	12	19	15	44	73	28	51	0	32	19	53	63	62	73	26	8	81	51	60	13	41	69	40	10	25	62	25	65	8	44	13	47	28	71	35	22	79	66	
45	60	9	31	18	32	56	1	15	74	0	1	26	14	37	25	69	39	58	51	30	12	55	32	56	24	64	44	17	32	74	52	27	35	25	54	67	37	35	51	
25	69	28	20	14	59	71	7	33	37	73	0	68	73	70	64	53	2	57	42	67	38	50	66	64	56	71	58	68	10	54	27	19	48	57	69	30	68	63	69	
12	59	27	11	12	33	57	6	66	68	47	59	0	15	71	26	70	43	44	52	31	28	56	53	40	25	71	45	3	69	41	12	1	36	13	72	22	38	27	72	
23	38	4	28	7	10	34	20	43	53	24	36	4	0	54	3	68	20	77	29	8	5	33	33	34	2	48	22	50	50	57	30	5	13	3	62	49	15	13	50	
31	28	26	38	34	23	23	47	51	42	13	51	25	63	0	32	24	5	8	35	54	32	13	6	41	29	36	31	64	71	53	42	6	39	47	21	76	44	8	27	
54	4	55	16	67	70	55	19	61	44	53	47	38	52	47	0	45	55	63	60	32	65	37	55	71	62	73	50	16	16	51	64	11	68	26	58	15	32	58	16	
66	61	18	21	32	21	40	50	42	62	48	7	33	58	26	26	0	38	27	40	8	21	62	46	65	45	53	10	58	20	67	7	2	53	4	38	72	49	12	64	
37	56	18	23	21	5	52	34	57	31	37	59	17	69	38	44	16	0	55	24	36	19	22	68	16	16	5	48	60	71	1	25	19	37	34	57	19	33	12	73	
50	71	31	56	9	63	51	47	56	28	51	41	14	59	81	60	50	13	0	42	16	32	25	5	74	29	62	68	60	68	8	54	24	15	3	49	72	59	15	62	
41	32	28	39	31	60	58	7	26	43	48	67	40	61	18	42	36	58	53	0	45	23	57	74	29	26	29	30	47	32	49	9	29	74	27	56	2	48	65	36	
45	60	26	21	10	32	56	42	60	75	4	43	22	14	76	25	71	3	34	51	0	16	23	2	56	24	70	16	36	16	73	2	27	35	25	84	71	35	18	72	
43	43	19	55	39	52	16	15	71	29	66	13	18	34	50	8	13	23	37	28	42	0	38	54	57	44	29	34	55	55	46	72	37	32	23	14	4	38	55	55	
42	57	23	31	21	13	41	39	62	56	43	55	23	11	61	22	63	37	25	32	27	24	0	52	26	21	55	27	1	41	33	33	24	32	22	64	55	34	8	34	
28	45	9	20	12	2	17	25	22	45	29	38	14	43	51	26	36	11	55	21	33	10	18	0	46	7	30	37	37	70	42	22	10	33	25	15	33	30	24	7	
66	39	47	19	30	45	40	54	19	62	12	32	47	37	45	48	30	54	62	40	15	48	20	4	0	45	58	56	67	67	36	21	48	58	26	43	30	38	58	1	
20	79	1	51	4	33	78	17	40	51	21	49	45	52	51	63	82	45	83	52	49	2	30	87	77	0	85	82	50	68	54	33	2	51	17	76	66	61	73	58	
4	52	33	20	36	2	49	49	29	45	53	67	14	72	62	56	47	26	64	21	33	34	39	26	25	31	0	54	37	78	62	22	26	34	49	58	13	14	8	36	
33	62	28	37	31	19	32	44	17	33	48	60	16	16	66	27	40	9	60	2	13	13	54	6	45	26	45	0	46	50	39	39	5	37	27	30	26	39	37	42	
4	2	3	54	52	65	38	68	75	59	59	70	40	74	57	39	45	69	59	50	50	17	29	76	79	74	51	17	0	56	67	54	42	13	60	36	8	54	4	85	
17	55	24	36	26	18	21	32	63	49	44	60	23	75	16	30	15	27	69	5	49	21	20	49	62	22	34	31	44	0	51	38	25	37	40	19	39	20	59	77	
50	42	53	5	19	40	82	67	81	34	48	58	52	58	35	50	26	27	78	59	8	54	8	46	27	51	46	60	34	60	0	31	54	33	28	86	78	13	27	59	
13	22	9	25	12	7	31	25	48	12	29	32	16	4	59	15	10	29	25	26	20	10	38	12	46	7	21	34	46	17	29	0	10	10	15	53	39	27	11	11	
46	46	37	23	40	5	45	53	4	48	30	48	17	51	56	50	37	29	45	19	6	26	26	44	18	35	36	14	23	8	50	25	0	14	53	43	7	33	44	17	
42	5	14	19	26	1	25	7	62	44	43	55	13	11	27	22	37	25	62	20	27	24	14	52	45	21	17	1	35	69	55	13	24	0	13	23	11	12	32	34	
23	19	13	37	16	19	6	3	40	34	33	3	8	1	29	12	34	3	54	18	17	14	28	31	43	11	16	26	2	37	8	1	14	12	0	4	22	24	12	5	
48	35	50	42	53	80	1	60	78	29	63	57	3	64	35	10	49	46	49	13	38	10	23	39	59	48	14	21	47	55	31	69	22	17	54	0	55	58	85	57	
6	6	7	56	48	44	23	60	34	51	65	49	5	64	16	10	56	36	18	12	29	32	45	39	50	43	36	43	57	57	26	58	44	39	19	21	0	13	30	47	
42	29	23	13	26	6	26	39	18	40	43	55	18	11	2	22	65	16	1	25	27	24	48	14	3	21	39	41	47	57	56	26	18	32	22	24	59	0	32	36	
19	41	55	9	46	2	7	23	44	45	53	42	14	52	61	7	6	26	75	21	33	36	49	7	46	59	13	47	23	22	21	17	26	34	45	25	53	27	0	16	
45	16	26	49	29	32	17	42	39	41	15	9	24	14	56	25	7	42	67	23	30	27	31	55	33	24	35	40	68	55	13	52	27	35	25	20	71	15	35	0	
