40  6  1
6
	0	58	1	23	2	4	3	70	4	73	5	71
	0	47	1	82	2	85	3	6	4	24	5	90
	0	38	1	30	2	27	3	20	4	14	5	39
	0	28	1	50	2	84	3	88	4	90	5	42
	0	31	1	38	2	11	3	11	4	36	5	91
	0	81	1	85	2	19	3	29	4	75	5	43
	0	77	1	8	2	24	3	44	4	63	5	88
	0	35	1	78	2	97	3	78	4	42	5	3
	0	95	1	44	2	16	3	61	4	74	5	9
	0	68	1	65	2	59	3	29	4	20	5	18
	0	87	1	37	2	29	3	98	4	15	5	89
	0	84	1	22	2	54	3	42	4	20	5	77
	0	78	1	57	2	13	3	68	4	11	5	14
	0	50	1	40	2	72	3	66	4	94	5	54
	0	16	1	80	2	78	3	44	4	35	5	38
	0	100	1	67	2	83	3	92	4	21	5	33
	0	43	1	14	2	60	3	80	4	54	5	59
	0	54	1	12	2	68	3	48	4	27	5	47
	0	95	1	45	2	82	3	17	4	66	5	57
	0	14	1	15	2	24	3	21	4	98	5	8
	0	4	1	22	2	18	3	31	4	81	5	71
	0	21	1	53	2	3	3	48	4	25	5	64
	0	11	1	59	2	14	3	29	4	31	5	89
	0	93	1	26	2	95	3	44	4	87	5	23
	0	10	1	10	2	19	3	7	4	99	5	62
	0	78	1	40	2	66	3	25	4	87	5	12
	0	69	1	54	2	15	3	22	4	6	5	79
	0	95	1	1	2	40	3	57	4	60	5	64
	0	23	1	92	2	69	3	42	4	91	5	49
	0	37	1	49	2	41	3	54	4	49	5	68
	0	22	1	51	2	38	3	76	4	82	5	82
	0	64	1	34	2	67	3	84	4	8	5	5
	0	68	1	32	2	85	3	93	4	38	5	80
	0	21	1	1	2	57	3	62	4	63	5	62
	0	96	1	59	2	22	3	86	4	6	5	59
	0	41	1	14	2	57	3	48	4	66	5	1
	0	68	1	16	2	53	3	53	4	31	5	68
	0	28	1	72	2	15	3	70	4	3	5	18
	0	87	1	72	2	97	3	76	4	4	5	91
	0	25	1	77	2	55	3	40	4	53	5	27
SSD
M0
0	30	17	13	18	26	14	11	26	41	20	1	23	23	27	9	38	37	37	25	16	25	41	25	28	35	30	25	3	23	10	30	33	31	13	14	2	18	37	19	
10	0	4	26	3	12	16	27	24	15	3	27	14	33	38	1	22	24	5	22	40	35	38	41	47	3	38	12	35	30	12	1	7	21	40	23	1	7	22	38	
2	25	0	19	13	15	16	22	25	21	27	1	20	3	3	3	6	20	17	5	25	35	15	6	8	11	8	31	1	23	23	31	22	38	23	18	14	23	5	5	
33	4	3	0	33	20	26	24	40	1	25	29	7	36	19	5	37	18	37	34	42	33	28	4	6	35	20	9	31	12	21	31	13	15	9	16	34	3	1	20	
26	23	7	38	0	29	37	41	20	39	19	30	15	1	21	9	4	18	17	43	30	35	6	26	15	9	6	9	37	11	12	37	18	15	47	23	34	27	29	4	
21	26	21	11	8	0	8	26	11	10	12	1	16	24	12	13	28	13	22	27	1	3	3	10	20	6	23	19	32	6	1	23	5	21	27	2	17	16	9	11	
9	6	32	22	15	1	0	36	22	34	20	28	5	14	23	26	35	5	33	32	12	5	19	21	31	38	34	30	6	9	17	23	40	16	36	36	40	1	5	10	
26	15	21	16	22	17	42	0	16	28	23	21	35	10	6	38	14	10	6	29	6	3	18	9	27	26	34	13	34	19	27	31	15	1	22	35	1	28	10	6	
27	6	24	17	23	29	43	21	0	23	32	43	25	15	1	24	20	10	15	27	7	9	28	3	22	11	38	32	29	19	13	30	22	33	29	34	41	16	4	26	
20	2	26	34	40	31	14	45	3	0	14	5	18	4	10	11	27	20	5	36	24	39	29	33	26	28	27	34	1	27	16	49	13	42	38	30	39	34	24	13	
33	34	33	23	29	4	36	34	8	20	0	12	19	19	24	9	8	23	19	20	13	43	12	22	17	9	32	28	4	21	25	8	27	26	18	17	42	21	20	24	
4	1	17	29	36	25	44	28	30	26	31	0	1	39	4	30	14	35	22	30	20	23	18	11	28	28	35	34	20	6	25	27	16	2	20	5	37	30	5	12	
42	38	38	7	40	29	47	26	34	18	11	23	0	19	36	12	46	27	3	43	40	28	47	26	15	29	44	40	31	2	30	30	29	26	8	27	38	35	23	15	
8	26	10	43	14	27	10	31	13	32	6	20	15	0	37	38	30	36	44	32	46	37	22	17	31	45	1	38	47	43	14	32	14	48	41	38	48	21	38	31	
27	6	27	9	23	16	26	27	17	6	26	43	25	34	0	31	7	19	25	10	7	28	13	16	19	27	26	29	12	13	5	37	5	34	12	29	26	40	26	14	
12	17	4	37	40	25	13	16	10	4	2	32	21	9	37	0	22	24	13	6	31	22	22	23	12	7	22	4	18	27	5	5	24	5	2	21	9	20	13	20	
16	30	37	17	34	7	21	29	33	42	44	32	41	38	29	42	0	31	32	28	41	7	42	12	34	25	15	8	14	20	6	33	9	27	16	39	18	27	29	10	
23	7	32	30	35	26	23	7	23	17	22	7	27	30	5	34	27	0	14	31	28	2	9	9	22	29	29	23	33	27	13	31	26	13	16	18	38	4	24	8	
1	33	21	11	17	42	37	8	11	18	13	49	13	16	12	18	26	22	0	31	1	18	41	10	33	46	9	26	24	28	33	31	12	28	27	36	35	4	22	7	
37	24	19	25	33	28	2	3	6	2	15	32	1	23	17	22	16	38	1	0	17	31	2	5	33	37	2	18	20	41	15	39	38	33	4	18	30	31	3	14	
16	28	16	6	12	39	32	38	6	29	29	48	41	44	7	30	23	17	17	29	0	38	36	5	28	49	27	24	27	36	28	26	28	23	22	44	30	35	17	15	
9	2	9	7	41	3	31	10	5	24	17	17	42	27	2	25	25	24	43	28	25	0	31	23	12	45	44	4	29	4	19	33	23	28	18	43	28	38	1	28	
28	26	31	23	29	28	20	39	3	26	2	23	32	10	4	21	27	32	15	26	13	25	0	22	20	36	9	5	20	28	2	35	25	26	32	6	31	43	33	1	
14	33	21	11	17	34	19	20	2	19	31	38	18	5	12	12	25	22	18	3	1	27	19	0	29	27	19	29	4	16	12	31	12	28	8	27	14	32	14	20	
28	24	19	45	34	4	22	27	27	18	9	38	45	22	28	3	39	2	21	37	38	28	43	1	0	46	23	38	38	5	5	47	4	20	32	38	23	37	21	34	
10	15	35	30	1	6	24	22	8	42	24	18	33	32	26	9	4	5	8	34	20	33	11	16	31	0	31	11	33	13	24	1	6	27	13	28	32	3	40	2	
33	32	3	30	24	22	14	14	38	15	27	29	38	15	40	13	20	20	32	41	42	31	40	5	8	39	0	13	41	23	23	35	9	22	45	8	23	13	13	16	
17	23	8	14	20	21	27	25	14	1	26	5	26	39	6	20	26	8	7	11	4	19	19	9	7	34	27	0	25	17	22	10	21	14	14	4	2	42	25	23	
24	36	24	14	20	7	27	29	12	30	21	39	5	34	15	5	12	11	25	37	4	16	44	13	2	9	21	28	0	9	17	25	16	31	21	29	15	38	25	13	
5	12	2	15	1	24	22	16	15	24	32	32	32	18	16	39	29	26	26	17	5	27	32	14	27	27	19	33	36	0	25	17	37	1	27	2	32	2	1	19	
8	18	20	29	35	16	25	25	27	14	39	16	32	10	10	23	33	35	22	29	27	1	39	33	23	43	9	11	11	7	0	20	1	34	38	11	37	43	11	7	
18	39	26	33	44	10	20	2	22	19	7	12	7	25	38	23	24	22	38	23	32	31	30	21	10	6	33	4	41	25	25	0	24	31	26	32	35	7	40	13	
41	10	25	12	3	12	19	20	23	19	14	44	5	1	13	37	29	11	18	3	34	36	19	22	28	40	19	9	28	13	13	14	0	14	21	24	36	24	15	27	
24	28	34	11	21	2	32	35	24	10	23	28	13	23	25	18	34	17	25	38	34	5	10	16	5	5	12	26	41	20	20	38	19	0	14	27	37	7	27	22	
38	14	40	32	38	10	17	22	26	8	33	45	22	44	28	27	14	13	7	7	22	41	23	19	20	5	23	39	22	1	25	19	21	19	0	8	37	29	24	35	
1	29	29	15	14	16	25	25	21	24	20	14	27	4	17	31	40	14	18	12	39	11	15	29	18	42	24	31	28	33	28	28	9	40	30	0	32	36	15	16	
42	36	9	6	26	4	17	4	20	9	30	43	14	32	26	21	20	20	16	1	27	19	17	20	12	33	17	1	23	13	27	12	26	40	19	3	0	37	4	29	
19	25	19	30	9	24	19	12	9	17	2	39	16	13	25	31	6	31	18	3	33	2	19	10	19	27	5	8	34	27	1	20	21	1	21	12	19	0	15	30	
33	29	23	24	43	36	18	19	22	18	11	21	17	30	13	4	14	7	17	2	29	12	18	18	24	4	7	24	25	5	27	22	30	43	2	26	33	44	0	16	
2	23	31	21	27	18	36	28	21	15	9	18	6	35	22	17	38	10	1	24	11	34	22	5	4	15	33	35	34	8	11	37	18	34	37	4	5	28	13	0	
M1
0	1	29	14	20	23	19	30	17	38	1	26	32	5	20	31	4	1	30	21	17	19	2	30	19	16	29	28	26	10	26	14	22	12	15	24	6	11	26	17	
25	0	27	8	9	14	15	13	42	7	30	30	6	9	19	16	26	33	12	13	7	30	6	26	27	4	18	30	21	33	32	3	11	1	4	19	37	7	18	13	
9	15	0	9	29	29	16	14	37	39	28	31	9	20	33	1	28	14	20	14	30	28	32	27	16	27	33	31	6	34	33	28	29	35	30	24	21	3	25	2	
17	24	13	0	24	27	12	6	15	31	11	21	11	13	18	27	12	13	10	9	2	7	26	7	14	24	19	10	12	27	24	22	24	21	23	1	17	14	10	16	
29	22	17	19	0	10	27	30	10	7	21	32	18	12	26	3	10	7	12	20	23	21	18	15	12	19	18	8	39	4	16	15	9	13	16	18	15	14	19	23	
11	20	27	9	21	0	24	6	32	27	23	18	10	22	28	7	28	9	25	2	25	13	6	28	21	19	23	37	30	21	21	22	2	20	17	14	15	26	33	25	
6	4	23	20	5	12	0	29	33	15	17	24	30	11	27	29	9	10	19	12	20	10	23	3	5	25	35	7	15	23	21	19	21	18	6	27	14	13	1	17	
23	1	39	25	15	29	9	0	14	32	27	16	21	16	34	27	14	15	16	28	12	27	10	20	16	21	16	12	32	29	25	1	8	23	23	32	19	1	1	28	
2	20	34	10	21	16	8	13	0	2	24	19	42	24	25	37	19	10	29	15	26	6	27	19	3	14	32	23	5	21	11	35	21	34	21	14	30	15	17	11	
36	36	27	23	1	1	36	31	34	0	26	22	10	29	3	3	24	22	39	5	29	22	6	6	29	33	32	25	26	19	12	28	23	26	23	34	32	12	14	30	
34	26	14	5	6	30	25	14	24	1	0	34	42	17	20	22	15	1	9	29	17	29	19	1	17	18	12	13	34	30	27	5	14	24	26	29	20	19	5	14	
9	7	6	19	23	38	20	43	29	14	20	0	40	25	25	37	23	6	21	37	22	36	12	31	25	23	34	21	38	38	35	19	27	17	20	29	28	7	7	22	
10	13	32	14	11	14	17	29	25	9	24	4	0	29	30	13	30	11	10	10	17	27	8	20	29	8	20	32	40	32	1	5	13	3	6	26	31	9	8	27	
1	25	9	20	22	20	24	46	30	38	20	42	25	0	26	3	20	7	3	27	15	35	25	5	35	23	35	39	30	34	22	28	9	26	29	33	30	24	15	14	
28	23	16	16	18	20	26	17	3	33	20	25	12	7	0	11	5	6	17	19	22	5	19	12	7	21	10	3	34	20	4	15	17	14	8	17	10	9	16	19	
1	25	35	20	28	19	28	11	19	31	25	37	32	3	33	0	21	25	30	23	37	23	26	34	11	40	17	42	29	1	32	6	29	33	1	10	30	23	7	23	
33	4	16	3	18	14	20	16	29	25	26	8	38	29	11	13	0	28	32	13	8	8	30	12	1	16	19	25	36	1	14	31	19	31	19	17	32	13	26	13	
36	24	37	1	22	35	37	37	11	33	2	29	30	24	7	29	7	0	38	29	4	18	6	33	22	5	24	21	46	21	35	29	29	27	30	38	28	27	33	4	
28	26	17	12	27	34	14	39	5	25	15	4	34	33	8	41	31	22	0	20	35	32	19	25	27	12	26	29	28	31	20	30	11	30	28	15	16	6	14	34	
16	16	10	3	4	14	16	11	36	10	6	2	29	32	33	7	33	30	27	0	34	2	6	27	29	13	23	31	37	11	4	8	3	6	9	14	15	9	23	34	
13	11	42	6	9	27	15	24	32	7	26	32	23	27	29	3	29	33	26	24	0	10	6	26	14	8	14	30	38	19	20	3	11	1	4	18	37	7	7	26	
12	25	22	15	32	27	38	28	25	1	10	39	24	22	21	26	19	2	23	27	1	0	20	5	22	5	4	18	3	34	32	26	32	24	8	31	25	7	16	18	
29	3	21	34	13	23	37	28	30	12	5	1	38	26	32	4	24	25	42	38	39	1	0	25	26	22	38	22	4	36	2	3	18	23	18	27	20	12	26	4	
18	8	13	2	20	3	24	35	23	17	30	29	30	17	27	29	15	16	26	17	29	7	17	0	5	19	20	13	35	23	27	13	22	12	5	2	20	17	17	14	
23	21	27	20	18	3	9	28	39	27	15	19	37	28	12	24	26	27	22	2	22	2	23	20	0	30	34	24	25	8	21	25	8	23	8	23	31	2	15	2	
23	14	40	15	9	1	18	26	21	41	18	13	27	25	21	9	23	4	24	28	20	20	3	29	18	0	21	33	40	19	18	6	14	4	7	7	33	10	20	10	
20	26	34	1	17	8	30	29	30	40	21	31	30	11	26	36	9	7	12	15	23	23	23	4	11	9	0	7	37	18	21	18	21	18	2	4	14	13	20	14	
24	19	26	12	14	16	22	21	25	35	16	23	32	3	21	28	1	2	35	15	18	15	15	27	3	17	27	0	30	16	13	11	13	10	12	19	6	5	12	15	
12	20	23	9	18	15	24	34	38	33	29	25	18	16	32	20	14	15	34	8	10	22	15	14	10	15	27	12	0	28	26	12	8	10	13	10	19	16	6	22	
2	26	5	9	29	14	39	7	17	3	26	27	38	20	26	26	18	14	9	10	15	27	12	21	20	31	1	16	9	0	29	28	28	27	29	24	23	22	20	12	
20	18	17	24	19	26	6	43	31	29	25	16	3	14	24	35	23	11	9	25	19	10	6	17	19	21	32	21	29	3	0	10	25	15	18	17	4	21	9	23	
17	31	15	34	21	25	19	5	35	8	20	33	28	11	15	33	26	21	37	16	8	29	5	30	17	22	1	24	27	35	4	0	34	31	33	28	31	13	19	18	
38	21	29	17	4	40	25	39	29	14	20	42	12	26	20	30	25	6	13	35	22	6	16	25	31	18	28	27	5	39	14	13	0	11	14	33	27	17	9	12	
27	9	42	10	7	28	13	32	40	36	28	30	22	25	27	21	27	31	24	23	41	31	4	24	25	6	16	28	36	40	39	1	9	0	2	28	35	5	16	35	
23	22	29	1	17	18	25	9	28	16	8	26	35	6	24	17	4	5	38	17	21	18	18	30	6	20	8	2	2	19	16	14	16	13	0	22	9	8	15	15	
2	26	38	18	9	13	22	39	28	23	19	13	14	7	24	30	24	5	10	13	13	8	23	15	6	22	4	34	19	24	23	29	24	27	23	0	12	18	31	18	
27	23	15	19	21	23	18	28	28	16	10	22	10	10	4	21	8	9	35	5	3	17	9	20	10	24	29	6	11	1	10	2	20	17	19	11	0	12	19	10	
4	18	6	11	17	23	6	28	5	29	23	30	32	10	13	6	8	9	33	17	3	19	14	17	10	16	26	6	22	17	20	11	19	9	12	26	13	0	4	22	
30	8	32	13	10	26	16	31	35	32	26	24	25	13	22	22	11	12	17	7	20	2	4	27	13	9	19	9	39	19	3	4	9	2	5	29	16	8	0	25	
27	22	29	10	7	13	20	13	28	29	19	15	35	6	19	31	4	5	11	18	19	18	18	30	6	20	30	2	31	13	16	14	16	13	14	22	9	8	12	0	
M2
0	21	6	31	5	19	3	20	20	26	15	2	34	1	21	30	19	32	28	2	29	29	13	35	22	3	36	1	22	35	12	35	7	19	12	5	28	18	5	13	
24	0	27	40	19	6	31	16	23	27	26	30	35	13	16	29	29	39	7	30	33	14	24	17	32	16	30	2	16	25	24	21	29	26	12	13	25	12	31	29	
31	28	0	25	40	37	29	32	18	20	24	7	4	1	8	26	23	37	4	18	24	35	38	18	34	34	5	24	24	6	3	25	14	21	10	17	25	17	18	26	
29	26	26	0	10	16	23	25	6	26	20	31	7	17	23	29	6	33	15	1	27	13	11	24	27	23	1	5	29	22	7	22	15	16	19	8	3	17	21	38	
18	5	9	15	0	14	12	4	21	13	13	24	32	20	14	14	3	29	28	2	35	19	5	28	6	21	27	23	35	26	1	24	29	3	2	12	19	9	25	25	
20	27	25	21	16	0	27	4	27	2	1	21	10	6	29	30	10	26	1	20	8	11	32	4	7	21	7	25	13	9	14	31	24	23	9	29	22	31	24	4	
12	17	17	33	7	10	0	22	1	14	30	18	26	17	21	7	8	31	13	18	2	2	2	8	11	12	18	17	18	15	5	8	23	14	4	21	13	27	10	18	
21	11	27	4	7	17	5	0	28	30	19	27	7	26	28	15	19	8	30	20	27	31	12	26	24	28	27	26	44	8	19	13	9	21	15	5	20	27	12	13	
29	19	23	17	7	10	1	17	0	31	22	30	19	7	4	16	21	18	10	20	15	2	23	5	7	12	29	34	10	15	12	32	7	14	10	28	13	27	33	33	
25	26	15	11	16	5	16	28	27	0	11	16	34	14	19	17	30	24	25	13	32	13	11	28	15	16	28	30	29	26	20	26	29	11	21	17	24	16	17	23	
22	21	21	11	25	30	22	37	22	36	0	28	47	27	21	49	35	32	36	28	27	36	6	9	27	6	35	27	28	23	6	32	28	39	23	31	35	17	31	7	
34	21	10	17	5	10	27	20	24	25	23	0	23	2	12	9	19	30	20	18	37	18	21	14	22	28	32	39	13	22	17	6	32	2	18	28	29	25	36	17	
14	11	12	8	23	37	21	15	38	10	32	20	0	19	26	9	6	21	23	12	7	30	31	6	40	21	17	19	39	2	24	8	12	4	30	23	31	36	1	19	
17	29	20	16	26	36	11	37	32	25	2	23	29	0	33	40	9	12	29	22	37	28	34	29	23	21	42	22	9	1	31	43	2	18	29	26	39	38	21	1	
22	22	26	4	6	31	29	13	33	28	3	28	15	27	0	5	20	28	38	17	15	30	22	1	13	19	35	27	18	25	18	18	28	20	1	13	18	26	7	15	
29	24	30	22	30	27	34	13	24	18	16	3	17	16	37	0	36	20	23	35	24	25	43	36	4	4	30	33	25	32	9	5	1	27	33	19	30	45	25	27	
2	27	12	12	11	6	9	1	26	27	21	5	28	7	17	33	0	2	22	8	11	6	14	7	28	9	11	3	6	19	16	13	13	12	14	9	17	24	11	19	
36	23	15	14	7	22	26	17	23	31	3	14	11	21	4	19	21	0	28	20	31	19	11	24	3	27	32	8	35	21	19	16	21	18	20	20	19	27	25	33	
24	24	1	22	8	20	30	23	13	32	24	22	32	29	33	24	21	32	0	11	44	31	23	3	25	31	22	25	39	32	1	23	6	22	5	18	25	15	12	35	
28	29	29	20	33	14	30	11	30	2	28	34	8	25	33	30	15	12	31	0	27	43	14	23	22	6	30	33	32	23	4	29	26	25	31	37	38	12	20	18	
17	28	27	20	26	24	24	16	29	29	24	12	6	22	8	4	25	28	15	23	0	35	13	25	18	24	11	3	19	21	6	12	10	9	13	26	31	11	6	34	
27	18	22	28	2	5	25	17	17	26	25	25	34	25	27	27	16	32	25	15	32	0	18	28	19	7	31	29	13	10	7	27	32	9	5	25	8	22	36	28	
34	1	1	21	5	24	2	18	2	16	16	23	32	20	22	30	15	15	28	18	28	16	0	23	22	2	33	36	24	29	17	31	25	19	3	14	27	25	19	21	
5	26	15	5	10	13	12	25	25	13	4	7	11	4	6	6	24	6	29	11	31	5	17	0	27	4	10	10	21	18	2	32	16	8	13	5	12	10	14	22	
24	1	23	7	24	27	18	25	1	30	17	30	7	24	21	27	26	29	6	30	10	19	35	22	0	25	10	10	27	22	29	21	24	4	26	18	19	36	9	34	
21	10	22	3	30	1	25	24	28	22	20	27	29	12	23	20	6	39	11	27	28	31	12	24	27	0	1	4	33	26	19	14	18	41	16	21	21	9	22	24	
44	29	26	7	25	26	9	30	34	25	4	32	39	4	7	40	26	29	8	18	32	20	32	8	40	30	0	4	28	33	9	29	2	25	28	48	5	45	43	26	
38	18	17	38	17	27	13	8	19	13	2	36	30	16	17	28	20	23	39	11	6	19	3	20	24	11	17	0	26	12	29	9	8	8	12	16	30	22	24	16	
24	31	26	23	20	18	14	28	5	9	18	30	31	28	6	33	32	25	23	30	11	15	29	17	11	25	26	12	0	16	25	35	28	11	23	8	26	8	27	14	
32	6	19	32	22	11	18	9	1	32	27	16	12	24	21	33	23	11	27	26	32	17	37	12	14	27	32	3	27	0	18	3	24	20	24	24	28	16	1	33	
28	20	38	9	32	45	11	14	36	43	2	34	20	33	29	16	39	35	41	19	29	37	37	38	43	35	46	31	39	20	0	5	14	14	8	19	9	46	34	26	
1	17	11	35	10	12	8	25	2	15	4	6	30	6	22	34	7	12	22	7	27	20	2	23	21	8	16	6	18	21	17	0	1	15	9	10	1	23	6	18	
17	4	9	3	8	2	17	21	7	7	16	19	30	22	1	15	22	30	17	21	6	25	1	20	25	13	8	22	25	15	16	7	0	22	18	6	4	1	20	25	
42	25	26	6	13	11	7	7	15	6	12	21	40	36	27	20	22	40	31	26	33	21	11	17	15	27	33	35	17	30	25	39	37	0	26	12	6	33	4	26	
32	6	34	14	14	16	37	29	42	37	36	10	41	8	11	22	28	5	36	25	22	42	30	25	31	25	42	32	15	25	26	10	5	28	0	20	31	32	41	22	
25	22	12	25	8	11	31	23	18	32	21	31	10	30	17	32	21	38	15	21	18	3	16	29	8	12	37	23	19	13	13	31	34	15	11	0	14	28	10	13	
5	2	15	7	14	24	10	15	25	5	24	11	28	10	11	2	21	1	2	11	30	16	22	10	31	12	33	10	28	17	21	32	16	8	21	9	0	27	14	2	
1	21	3	25	10	15	8	5	22	31	1	7	18	6	9	34	24	35	4	7	26	19	6	4	27	8	3	6	24	2	17	32	12	24	17	10	23	0	4	18	
23	3	6	3	21	22	8	18	33	43	13	5	21	28	8	23	34	49	23	29	34	34	34	25	15	30	35	28	14	34	22	23	26	35	34	32	45	17	0	11	
29	10	12	34	25	33	20	26	33	25	16	5	31	33	29	29	39	13	36	35	7	25	38	25	20	35	35	28	4	34	11	35	35	34	27	27	27	17	14	0	
M3
0	27	37	10	22	8	9	21	16	34	35	33	29	31	21	11	24	34	19	31	38	10	3	23	17	32	2	27	14	1	32	46	24	8	3	40	11	32	11	30	
8	0	17	16	36	45	9	37	25	2	4	6	38	11	20	4	30	31	7	28	27	34	7	18	14	35	23	13	34	35	15	13	25	6	31	29	25	34	34	27	
7	34	0	33	12	33	15	33	11	39	14	18	10	23	35	35	19	35	9	21	12	31	17	29	24	25	10	26	39	3	28	15	15	28	22	14	14	16	36	32	
13	28	32	0	30	12	39	16	32	28	17	30	26	36	11	37	33	35	41	22	5	25	18	39	46	33	48	11	39	33	17	5	18	27	37	16	9	45	37	40	
12	17	27	10	0	30	17	33	40	25	19	29	45	21	18	21	30	24	24	12	28	27	30	12	7	7	7	15	27	26	33	27	18	29	21	35	36	37	28	17	
29	15	29	10	32	0	30	38	7	23	2	27	45	29	26	24	38	28	28	29	20	35	6	17	15	33	42	25	24	23	36	34	3	27	32	3	42	37	21	47	
18	17	13	13	14	15	0	41	11	19	12	29	23	24	19	26	10	5	30	3	24	27	10	37	15	3	6	21	9	8	16	34	26	29	37	28	26	17	8	40	
27	13	12	2	22	6	27	0	21	21	23	25	18	17	14	9	26	13	5	14	19	23	26	22	3	16	27	21	23	35	34	1	14	9	43	38	42	11	6	35	
24	17	25	30	21	24	9	13	0	25	27	15	31	24	2	27	14	1	12	1	31	11	30	32	10	10	1	26	27	20	32	23	14	29	4	38	13	31	3	1	
35	21	25	17	24	18	32	14	43	0	9	2	47	1	3	31	1	26	8	1	6	39	34	31	19	32	32	35	27	33	31	25	26	26	35	43	13	10	24	42	
19	30	11	20	2	19	30	33	35	17	0	42	34	33	22	34	33	13	12	25	41	35	42	11	20	9	20	22	6	30	12	40	18	30	26	37	26	41	13	8	
26	19	27	32	23	35	31	15	11	27	23	0	18	22	3	10	25	26	1	23	30	1	19	3	9	4	25	28	1	46	40	33	19	16	37	24	19	32	17	13	
19	5	28	27	10	23	20	46	14	10	9	17	0	22	5	15	12	41	18	25	29	25	18	29	24	2	14	9	4	10	23	24	12	13	35	30	35	13	17	30	
23	9	32	10	6	1	24	17	31	17	19	21	11	0	18	19	28	12	21	29	24	36	8	2	24	24	14	7	39	32	30	7	9	4	33	14	14	44	20	11	
26	12	22	3	5	44	27	39	4	15	22	10	47	16	0	22	15	19	23	16	4	22	7	13	2	6	23	21	20	15	33	8	13	4	30	11	7	24	40	24	
29	25	27	15	13	30	24	6	8	33	33	36	45	22	33	0	36	27	31	3	16	7	38	17	22	22	26	11	6	12	34	19	6	1	7	29	24	35	9	41	
29	20	37	8	33	29	30	39	25	28	18	10	28	28	22	22	0	36	10	40	46	41	22	14	37	41	6	13	16	19	23	3	16	20	33	31	25	36	37	19	
2	21	29	33	30	25	36	43	30	2	26	4	4	4	23	13	14	0	2	7	2	22	34	27	19	28	21	25	5	24	14	36	20	25	21	8	20	37	29	28	
30	28	26	14	42	30	31	31	18	13	7	38	33	4	29	9	41	9	0	19	19	14	41	22	18	34	7	10	20	44	48	34	1	6	30	43	49	24	10	17	
25	18	3	23	2	13	10	39	33	19	9	14	30	28	31	28	12	16	7	0	31	38	24	25	20	20	20	28	5	26	10	37	17	30	13	37	18	20	34	26	
7	20	30	6	33	20	18	30	29	27	30	30	28	17	21	30	30	5	33	24	0	30	20	3	10	39	49	12	21	38	32	25	21	7	13	12	3	35	45	34	
17	3	6	25	8	2	10	9	34	11	13	15	15	14	20	13	30	26	16	23	30	0	16	3	9	20	26	22	13	28	7	5	20	15	15	20	34	20	3	3	
19	5	11	3	33	41	8	3	18	13	15	17	15	19	1	9	38	11	14	39	11	35	0	12	25	22	19	24	28	28	1	24	32	12	42	8	7	11	14	38	
7	2	25	24	25	38	17	32	2	9	12	2	25	10	5	12	3	1	12	31	17	16	15	0	22	21	31	21	38	2	10	10	13	4	12	14	2	5	9	5	
17	3	13	20	30	41	18	43	29	11	13	15	39	7	4	13	16	10	16	7	14	13	16	27	0	44	32	12	13	36	24	22	4	15	40	37	32	35	31	36	
28	14	6	31	23	44	29	42	37	22	24	26	36	18	15	23	27	21	27	18	25	24	10	38	4	0	36	23	21	23	13	33	5	26	37	3	40	42	39	26	
1	31	13	7	45	1	2	16	28	38	32	12	41	40	18	30	49	27	19	30	45	35	19	9	28	14	0	3	20	31	26	33	6	42	18	16	44	8	45	42	
31	35	4	32	11	7	39	46	9	11	1	7	34	2	40	43	23	40	33	34	22	39	41	4	29	19	29	0	26	13	17	9	38	6	2	32	38	17	36	26	
25	15	22	32	19	4	10	32	34	23	4	19	46	13	3	12	28	22	7	19	26	1	14	15	5	14	20	10	0	14	36	4	16	18	35	36	44	29	34	2	
19	5	20	18	34	39	20	19	30	4	1	17	12	12	17	15	28	4	18	21	30	4	7	6	9	3	31	4	18	0	16	24	1	17	27	11	16	30	4	14	
9	29	17	33	12	1	17	40	27	37	32	40	16	32	39	7	15	38	27	34	26	45	9	33	30	6	11	16	16	20	0	44	9	18	44	24	41	18	27	40	
19	14	15	34	13	5	25	26	41	22	1	2	26	6	6	24	39	14	15	6	6	22	27	36	16	12	31	31	15	18	30	0	27	21	29	8	7	41	20	16	
28	17	40	26	5	17	29	28	14	25	17	9	5	10	23	6	16	13	30	25	14	43	8	5	23	23	5	30	6	20	33	18	0	24	9	22	25	33	1	7	
21	7	30	5	36	30	15	33	6	15	17	19	27	11	15	17	42	37	12	17	23	7	1	31	21	41	7	12	20	47	3	12	28	0	21	1	37	32	39	13	
19	5	14	17	14	33	20	19	33	13	15	17	39	22	16	15	41	40	18	37	38	17	18	29	25	17	10	4	39	23	18	4	14	17	0	10	5	20	21	38	
24	10	31	10	43	46	25	33	12	18	19	22	24	27	13	10	27	44	23	25	39	6	19	31	30	38	39	14	44	36	31	29	17	6	22	0	24	8	8	13	
1	31	10	22	17	32	14	23	14	11	17	37	27	18	43	23	30	4	30	39	33	39	14	25	35	28	17	5	37	11	39	39	45	33	22	43	0	16	25	22	
24	13	30	25	34	25	23	20	24	6	23	25	5	4	21	23	26	4	15	24	26	27	7	10	10	4	2	27	3	7	9	32	6	1	38	32	18	0	42	5	
23	22	32	5	1	32	29	20	30	2	17	33	16	26	23	20	29	9	27	24	8	32	5	24	12	19	19	27	32	24	35	36	8	15	1	13	35	41	0	29	
25	17	24	23	2	43	24	11	43	10	7	29	29	21	18	7	30	10	30	21	28	27	30	14	7	20	20	10	12	39	30	7	2	29	28	45	26	23	41	0	
M4
0	28	19	11	16	5	41	10	26	29	28	15	21	19	4	23	1	17	27	5	11	14	3	18	17	10	2	16	14	17	14	31	8	20	25	12	35	11	3	13	
34	0	30	24	21	31	32	18	8	35	18	27	6	38	20	34	3	2	23	2	34	41	20	41	17	28	29	4	37	4	30	17	24	14	20	9	28	44	36	19	
18	11	0	23	5	11	25	29	24	27	5	19	15	17	24	16	30	7	26	13	28	22	32	23	16	32	24	17	5	15	24	29	21	18	32	2	30	9	25	27	
24	13	28	0	17	31	26	31	39	5	32	28	20	4	25	21	16	2	37	30	24	23	34	19	17	29	15	16	21	16	25	23	5	15	26	33	39	10	24	8	
12	30	5	42	0	11	22	18	21	34	2	22	16	19	30	21	24	24	33	32	25	28	32	24	27	16	39	36	3	33	33	8	18	36	29	21	38	28	22	21	
18	23	21	41	6	0	35	17	33	18	19	18	8	33	22	18	4	23	25	20	14	17	23	21	29	26	5	7	22	33	30	10	13	36	4	17	28	27	19	22	
15	21	22	31	15	18	0	19	17	4	1	8	16	14	21	11	26	13	27	22	12	2	33	20	3	23	21	23	6	12	16	9	18	6	21	18	33	6	16	22	
32	1	17	22	17	6	26	0	25	30	6	16	6	20	11	32	9	14	16	27	11	9	4	16	19	28	14	17	25	18	24	27	24	21	18	24	8	12	26	20	
31	25	24	23	38	4	23	18	0	27	3	8	24	30	3	30	31	35	22	7	20	29	32	27	27	7	17	25	2	32	28	8	18	35	27	22	31	29	21	21	
21	12	34	7	18	34	26	16	27	0	36	35	26	8	18	29	28	18	22	38	43	9	10	40	23	25	38	19	5	32	5	41	38	3	48	27	43	26	18	19	
20	23	6	29	23	19	5	12	4	31	0	21	13	21	27	26	34	19	30	33	8	11	30	27	12	12	27	25	4	19	16	18	21	22	12	14	35	13	5	7	
3	27	7	32	26	25	12	22	12	35	24	0	12	25	4	25	22	7	19	2	36	23	29	31	11	22	32	1	26	23	2	32	29	7	32	19	34	17	15	25	
34	4	22	22	20	35	16	19	20	37	1	25	0	29	3	34	31	16	6	30	21	24	6	28	28	11	12	32	20	26	30	17	7	20	20	7	11	27	19	3	
21	24	36	38	1	6	19	27	39	44	37	42	37	0	41	36	15	34	7	12	17	21	37	25	35	12	30	24	31	34	4	28	31	37	22	29	41	28	20	18	
29	19	20	28	22	27	2	11	25	20	6	23	4	11	0	16	25	18	21	30	19	1	21	26	19	11	10	2	4	18	15	32	12	6	33	13	26	12	4	14	
30	5	22	37	26	30	21	11	20	10	1	16	23	21	28	0	11	4	10	10	16	3	26	5	6	28	7	33	20	16	2	2	12	22	28	18	29	13	21	15	
22	24	12	37	4	25	19	13	27	17	8	17	9	10	18	22	0	7	26	4	20	16	6	17	10	31	18	14	17	9	18	3	13	12	8	19	31	3	28	16	
24	26	1	33	20	2	27	18	23	6	7	6	29	27	18	24	37	0	28	28	15	32	32	33	22	18	34	16	20	25	22	15	19	20	10	16	28	19	11	21	
33	13	24	21	19	7	42	14	39	25	36	24	26	12	31	37	30	10	0	10	20	23	23	3	23	15	11	10	17	7	9	33	13	25	29	2	40	16	8	18	
15	40	24	15	28	14	10	18	5	13	3	1	29	17	25	30	25	25	11	0	26	3	22	6	26	18	34	22	11	14	22	14	4	28	29	20	20	19	11	21	
25	14	18	12	31	34	28	4	27	38	26	11	14	15	28	25	3	5	31	12	0	40	26	13	35	36	37	30	16	1	2	42	6	37	11	4	35	28	43	19	
5	32	28	29	25	35	33	22	33	28	15	1	17	31	4	43	2	26	3	23	36	0	34	21	30	22	38	10	26	3	20	19	23	28	41	12	39	23	15	17	
6	19	20	16	16	23	28	11	35	30	16	14	4	4	18	22	14	18	11	8	26	1	0	26	2	11	17	14	15	12	15	32	16	21	16	13	26	12	4	14	
26	32	24	21	34	30	22	8	35	31	22	3	33	21	27	29	34	30	19	21	9	7	9	0	3	11	44	3	3	21	20	28	31	26	22	38	33	29	29	39	
43	4	39	37	36	45	6	37	26	37	19	25	19	28	33	10	11	16	33	17	21	22	30	19	0	5	12	32	29	12	15	33	25	23	35	29	1	38	30	12	
10	21	14	18	18	7	33	4	34	23	18	10	6	13	8	36	2	33	10	25	27	18	19	19	12	0	18	24	19	6	20	25	6	4	32	24	14	5	23	9	
30	31	28	36	30	29	39	19	22	38	22	7	24	28	31	25	31	12	27	14	3	6	13	10	18	19	0	28	11	26	23	40	13	29	17	21	28	20	12	22	
24	35	33	3	11	47	43	18	23	19	30	28	22	47	19	22	27	35	20	18	23	26	39	10	31	23	24	0	32	29	12	40	9	9	15	33	8	40	32	4	
26	10	17	4	19	2	29	8	11	18	9	17	18	2	24	30	16	3	23	2	13	16	20	16	16	8	4	24	0	14	12	4	14	3	27	10	29	9	1	11	
24	37	24	32	26	9	40	15	39	24	22	10	22	24	30	24	2	22	29	2	29	1	34	30	23	15	27	26	19	0	19	12	1	19	10	15	17	16	8	7	
16	8	20	41	14	23	31	9	20	19	20	11	11	9	1	32	4	20	28	21	12	14	22	15	8	24	3	23	1	5	0	21	13	10	26	25	25	1	17	19	
20	45	25	30	22	37	20	2	19	23	44	6	38	15	30	24	15	19	45	28	9	36	16	27	11	29	37	27	35	23	19	0	2	33	37	8	24	35	27	5	
27	16	12	15	18	30	33	9	37	15	18	15	6	4	20	21	6	16	18	30	33	23	17	17	17	9	25	36	13	16	13	24	0	19	20	11	19	10	2	10	
10	32	27	1	21	30	21	15	30	8	11	19	17	16	23	29	14	32	34	28	22	21	26	16	9	38	23	4	22	14	23	5	15	0	18	19	13	8	31	6	
8	34	22	32	17	34	29	36	28	38	9	30	32	27	27	8	29	33	39	22	30	32	46	34	29	36	33	47	24	28	31	31	3	31	0	38	18	22	29	31	
21	20	25	15	19	12	24	5	23	24	4	24	5	14	19	27	20	29	22	11	20	19	8	18	13	22	11	10	19	7	21	18	11	15	15	0	27	6	15	19	
21	25	7	30	5	17	30	17	32	6	26	16	36	30	30	9	31	28	1	26	30	4	12	11	17	24	30	2	26	17	20	32	37	19	47	4	0	30	44	12	
18	22	16	39	10	19	27	25	26	15	19	15	7	5	12	28	18	30	24	17	21	10	24	11	4	29	12	24	11	3	12	17	9	6	32	25	29	0	27	15	
21	29	12	20	14	24	34	3	33	22	24	22	14	12	19	25	25	10	31	24	28	17	31	18	11	3	19	31	7	10	7	24	16	13	36	5	28	4	0	6	
3	27	29	34	4	32	16	19	14	7	24	23	12	18	15	3	27	28	29	5	26	23	26	19	17	14	25	18	21	16	20	9	11	19	32	6	34	10	40	0	
M5
0	16	25	40	40	26	33	48	36	40	44	38	25	33	39	42	21	4	13	37	19	6	19	29	45	23	41	2	35	40	4	45	15	47	18	41	9	17	32	3	
30	0	26	29	43	16	26	34	14	36	21	31	24	42	11	24	28	10	20	25	22	7	22	36	1	27	28	34	40	20	14	19	11	10	13	18	25	31	42	23	
10	35	0	19	40	26	25	13	22	18	33	29	4	1	42	17	8	10	19	26	30	15	24	19	38	36	39	27	3	18	22	22	25	34	15	30	18	28	38	9	
7	30	7	0	31	12	34	25	14	23	35	4	24	8	9	29	40	18	5	19	20	33	4	29	40	35	18	23	42	38	29	16	9	26	8	42	11	9	25	27	
25	8	27	20	0	24	26	32	41	19	14	34	31	42	15	25	30	39	40	13	2	17	13	35	4	39	37	3	32	9	11	17	8	7	23	19	30	23	24	31	
11	2	9	12	26	0	27	30	26	33	4	12	1	17	12	7	16	12	5	8	5	31	5	1	32	14	19	8	19	3	18	15	20	16	21	1	10	17	31	13	
35	16	10	26	26	8	0	22	1	2	14	8	11	1	23	26	31	23	25	8	3	25	18	21	3	9	3	9	18	25	13	20	30	13	23	23	12	1	32	21	
26	19	22	25	35	10	24	0	6	28	17	29	16	24	29	1	29	14	7	18	14	5	18	21	36	28	26	20	16	16	28	6	9	18	12	14	10	24	44	26	
35	28	28	16	31	22	18	25	0	13	17	15	1	34	30	18	38	25	28	22	23	27	21	16	21	15	11	11	19	15	32	10	20	3	16	23	2	25	36	30	
15	8	11	14	26	8	29	28	9	0	2	14	12	38	18	6	18	23	24	10	7	5	7	11	17	9	21	4	17	5	5	13	22	18	19	3	20	12	12	15	
3	10	13	16	18	2	16	18	27	20	0	25	30	38	20	11	20	15	18	12	9	18	9	23	23	1	9	30	22	7	9	19	1	20	25	5	19	22	5	17	
3	5	25	24	20	2	5	18	15	13	27	0	9	8	13	12	18	17	15	11	32	8	29	7	25	3	21	16	18	14	1	26	30	9	26	28	21	21	16	40	
44	18	27	1	22	34	12	38	11	29	27	31	0	23	32	3	28	10	16	30	27	22	6	1	27	25	31	27	4	34	19	23	33	23	21	32	22	10	31	23	
15	22	35	28	18	29	35	24	17	29	32	11	27	0	10	5	40	7	19	29	30	23	3	32	39	39	32	36	9	16	5	17	27	29	23	29	28	35	11	40	
1	27	2	25	17	16	22	15	23	3	23	27	21	35	0	19	1	1	7	16	11	13	18	22	38	26	2	23	16	26	26	4	14	27	10	24	28	22	33	27	
8	37	39	36	35	5	13	42	45	18	35	8	22	35	17	0	12	37	36	39	1	18	36	37	3	45	39	40	11	13	6	34	12	23	20	32	47	22	11	5	
22	29	24	5	2	29	20	30	9	31	28	26	19	14	6	4	0	25	23	29	22	33	25	1	35	28	22	27	33	27	36	17	27	7	23	25	19	26	30	21	
21	20	23	1	22	20	30	37	3	17	9	27	13	3	30	7	30	0	25	22	19	26	19	28	20	9	23	23	31	2	23	22	3	15	28	15	14	8	41	27	
39	20	3	42	9	29	41	16	25	10	28	12	30	8	21	10	35	33	0	12	21	24	25	39	24	37	9	8	35	33	22	25	28	23	9	31	26	22	12	7	
30	28	42	25	21	33	27	35	35	24	8	13	10	38	24	27	15	20	26	0	24	32	17	25	32	22	33	40	28	25	2	35	19	3	7	45	38	2	23	27	
11	25	21	15	32	1	21	3	4	26	23	21	5	19	8	7	19	20	6	15	0	1	17	20	33	15	24	22	22	9	12	3	10	9	9	20	15	21	29	21	
19	28	32	25	46	3	11	28	24	13	17	5	10	34	27	27	37	34	38	34	36	0	30	25	2	40	33	35	8	12	15	23	22	36	26	34	3	14	43	30	
22	15	18	21	9	15	19	15	24	43	13	16	14	14	25	2	3	27	25	11	14	22	0	23	9	27	28	24	32	12	17	5	15	22	7	10	28	21	42	2	
20	5	10	2	21	10	26	37	35	23	11	28	12	8	23	7	4	11	21	15	12	9	4	0	12	4	22	3	11	10	16	22	9	9	12	8	16	13	7	13	
30	23	18	7	23	14	18	1	1	20	21	25	11	2	33	5	1	5	4	22	13	9	22	6	0	25	16	21	20	20	28	10	13	13	12	18	12	16	35	25	
27	26	17	25	5	33	10	27	19	7	27	12	29	44	10	31	28	2	5	33	32	5	15	19	10	0	6	17	42	13	24	36	25	19	20	28	6	13	31	34	
8	27	22	2	28	12	24	26	16	1	21	13	2	4	16	19	29	26	30	6	24	16	22	17	2	13	0	23	5	13	16	26	3	17	4	22	13	8	31	12	
19	12	15	18	21	12	8	23	30	31	1	23	25	37	22	13	22	24	17	7	11	25	11	16	23	30	25	0	9	9	5	8	8	6	14	7	36	6	10	1	
4	32	16	27	32	14	37	22	10	6	26	17	17	17	31	21	5	35	23	12	31	18	17	32	7	27	30	28	0	29	22	29	34	15	26	27	21	22	20	19	
28	8	24	3	26	21	38	12	21	13	14	9	17	16	31	16	31	29	22	11	11	20	20	32	21	38	9	35	15	0	21	21	9	7	26	16	21	21	33	20	
5	12	15	12	13	10	21	25	29	42	10	34	32	36	22	13	22	35	7	14	11	8	11	5	23	27	25	30	10	9	0	21	26	3	18	7	16	13	35	11	
39	18	13	16	24	7	13	10	19	36	23	18	12	37	35	14	30	17	20	7	8	12	9	13	39	17	30	14	29	29	17	0	5	18	1	27	23	13	38	38	
9	28	41	4	31	38	37	26	26	15	18	23	20	27	8	30	25	25	26	2	24	1	9	14	23	31	16	21	31	21	12	26	0	13	17	33	19	2	7	27	
38	5	36	1	10	15	20	11	14	32	15	15	24	34	15	9	9	28	19	32	25	11	24	6	22	18	19	5	11	4	15	20	23	0	7	28	24	37	2	29	
21	13	22	25	32	16	18	3	12	20	23	4	21	2	3	4	9	20	5	16	13	11	11	9	4	15	24	23	22	8	26	4	14	24	0	20	16	7	11	27	
11	4	7	10	24	4	25	28	37	34	2	27	24	34	14	5	14	27	20	6	3	29	3	17	41	35	17	32	42	1	16	13	18	14	19	0	29	16	35	11	
7	7	7	19	1	10	20	4	13	35	24	31	4	18	15	8	2	21	14	23	20	5	17	19	43	33	33	27	22	20	6	11	16	25	17	21	0	10	36	33	
25	8	24	35	24	25	30	45	39	34	18	3	20	19	4	28	25	5	6	2	4	42	18	35	17	32	29	20	38	24	12	45	28	12	17	34	18	0	28	7	
11	18	21	20	22	18	6	11	20	40	16	4	5	33	28	15	12	7	21	20	17	7	17	20	6	21	31	34	19	15	28	20	23	26	24	13	24	29	0	25	
24	17	20	23	32	17	37	18	27	34	15	32	29	45	21	18	3	5	28	11	3	21	10	30	25	15	26	38	27	14	14	19	5	22	23	12	31	21	34	0	
