40  4  1
4
	0	77	1	24	2	69	3	97
	0	67	1	65	2	30	3	31
	0	79	1	16	2	11	3	6
	0	84	1	26	2	91	3	10
	0	26	1	99	2	47	3	55
	0	18	1	26	2	91	3	60
	0	78	1	51	2	92	3	100
	0	62	1	67	2	58	3	16
	0	11	1	72	2	12	3	38
	0	43	1	33	2	90	3	57
	0	30	1	22	2	37	3	64
	0	65	1	37	2	86	3	34
	0	1	1	19	2	49	3	22
	0	95	1	22	2	48	3	3
	0	30	1	98	2	59	3	69
	0	68	1	18	2	71	3	67
	0	61	1	17	2	55	3	44
	0	34	1	56	2	13	3	23
	0	9	1	26	2	43	3	41
	0	32	1	39	2	45	3	13
	0	28	1	90	2	58	3	95
	0	93	1	67	2	83	3	84
	0	1	1	68	2	64	3	61
	0	79	1	22	2	100	3	56
	0	75	1	50	2	33	3	16
	0	48	1	2	2	23	3	89
	0	13	1	48	2	5	3	54
	0	55	1	22	2	4	3	64
	0	85	1	44	2	28	3	91
	0	85	1	62	2	82	3	67
	0	92	1	96	2	79	3	83
	0	6	1	76	2	18	3	79
	0	14	1	97	2	74	3	37
	0	72	1	52	2	16	3	70
	0	95	1	93	2	44	3	45
	0	38	1	40	2	20	3	9
	0	61	1	55	2	10	3	4
	0	24	1	20	2	1	3	66
	0	60	1	10	2	24	3	64
	0	94	1	41	2	16	3	30
SSD
M0
0	42	34	1	33	31	4	49	38	36	54	33	33	21	14	44	61	29	33	51	5	27	16	53	26	24	31	51	42	26	45	7	8	40	32	42	34	25	53	22	
60	0	79	33	42	55	71	21	59	43	67	40	40	47	69	45	70	28	48	56	6	44	69	62	24	9	73	60	66	49	45	60	43	8	23	58	18	23	64	3	
49	30	0	75	49	68	35	36	24	56	64	31	53	5	52	26	63	12	41	36	68	52	41	39	28	40	11	11	70	49	53	45	28	64	57	36	70	36	33	38	
26	18	32	0	45	51	46	51	1	32	61	38	50	37	19	33	40	13	46	43	18	19	8	16	18	17	18	35	6	45	39	52	35	19	24	14	26	19	28	15	
16	33	25	70	0	64	4	45	16	25	57	49	48	44	12	34	2	8	48	26	37	12	1	31	11	9	29	50	54	1	32	40	23	26	17	29	30	52	36	30	
35	33	34	46	61	0	38	48	48	27	48	19	24	34	19	30	65	4	32	42	39	21	10	11	20	39	55	45	36	41	29	1	46	35	26	52	39	34	19	6	
23	31	51	45	53	25	0	31	42	30	8	47	27	62	11	50	48	47	15	45	42	53	42	49	52	44	35	4	28	80	27	44	52	62	45	44	71	51	57	49	
38	67	17	48	57	39	67	0	58	67	73	38	64	70	53	37	85	56	64	47	43	63	52	53	15	8	22	44	36	60	37	53	39	35	68	47	56	7	44	63	
14	6	40	66	33	57	51	39	0	41	59	26	38	25	47	21	28	56	34	31	53	47	36	4	46	5	6	23	58	57	46	40	23	53	52	2	65	25	28	3	
3	48	46	64	57	50	60	48	51	0	14	35	57	28	33	6	76	54	37	40	52	33	22	66	21	54	15	61	75	24	49	49	32	35	36	35	51	52	37	9	
5	21	22	59	44	57	62	25	34	32	0	21	29	24	17	47	67	10	37	47	8	21	33	49	43	20	51	68	32	47	47	39	45	24	49	32	57	53	52	46	
42	34	68	61	46	42	63	51	17	34	57	0	31	53	29	30	56	16	35	49	46	61	62	32	72	25	34	25	71	20	47	61	51	11	65	30	77	53	56	16	
48	8	38	29	50	55	35	23	41	2	41	39	0	66	45	51	65	33	7	17	14	45	34	21	44	30	58	60	66	55	19	68	51	51	37	54	63	23	72	33	
39	36	44	56	63	75	31	31	58	42	41	3	39	0	31	10	7	9	20	57	54	31	20	24	30	64	51	29	67	34	32	74	68	45	7	22	5	63	73	1	
26	18	52	46	12	28	42	41	1	20	46	38	17	37	0	11	20	15	25	35	32	50	39	16	49	3	18	35	12	39	37	47	35	64	55	3	67	37	40	15	
51	11	32	17	53	58	38	26	44	5	27	42	2	69	19	0	52	26	10	20	17	19	8	14	18	33	40	4	21	58	22	47	54	33	24	11	8	26	46	34	
8	55	9	27	32	30	62	63	58	17	8	12	46	62	32	42	0	48	54	64	46	44	58	10	5	9	75	83	70	8	66	49	81	7	30	61	73	70	53	54	
63	23	21	44	49	46	50	38	38	17	34	38	14	74	7	6	27	0	22	32	29	59	48	36	23	40	18	54	24	3	34	52	35	32	52	20	27	38	40	2	
73	7	27	54	34	80	19	7	56	27	66	23	24	69	29	51	51	58	0	42	39	29	18	46	28	55	62	85	71	61	3	75	58	43	21	62	47	48	84	56	
29	17	55	59	15	65	45	53	4	32	71	41	29	17	53	31	43	49	37	0	44	53	42	19	51	20	21	27	69	42	39	41	24	67	58	17	47	40	36	13	
50	15	45	36	8	50	37	30	48	9	48	46	6	73	44	11	36	40	14	24	0	10	35	28	10	37	39	56	61	35	26	26	9	58	44	24	53	30	30	40	
28	20	43	70	16	48	35	23	3	43	40	33	40	9	18	35	29	50	7	45	55	0	34	18	10	19	20	18	39	41	18	54	37	36	37	16	25	39	42	17	
62	54	23	81	51	68	37	43	37	23	55	64	57	73	10	32	60	49	65	54	35	10	0	52	9	43	44	71	52	78	30	64	50	24	15	43	28	59	66	51	
49	41	54	56	42	2	27	66	24	47	68	39	44	54	39	49	63	24	52	62	59	41	30	0	40	40	41	7	56	26	34	21	58	55	46	34	36	54	39	26	
70	65	25	46	45	46	75	90	84	78	35	53	80	86	53	72	28	32	88	67	73	55	65	60	0	30	84	51	57	63	42	56	94	25	81	64	93	14	83	68	
3	24	36	40	1	48	31	13	43	18	46	43	15	71	39	39	29	35	23	33	30	39	28	37	38	0	56	76	60	28	35	56	50	53	44	4	16	39	38	22	
48	32	25	51	29	45	32	20	23	32	40	7	29	59	28	2	53	43	29	12	44	28	17	38	27	39	0	33	56	56	41	21	4	42	33	12	46	35	9	36	
52	6	38	59	45	68	30	18	27	24	77	20	35	35	40	49	21	69	2	53	50	40	29	42	39	43	34	0	48	29	14	68	51	54	32	40	53	36	56	15	
50	48	69	84	62	81	65	55	31	15	72	51	54	67	60	46	53	65	39	56	69	60	49	46	59	13	31	32	0	73	51	65	48	74	2	44	70	49	2	45	
9	23	43	70	21	62	20	23	63	6	53	36	40	77	45	21	26	52	7	58	18	45	34	62	28	56	63	5	77	0	19	72	55	59	37	49	45	64	76	56	
69	78	78	87	27	27	57	85	65	72	81	64	69	78	57	54	39	49	75	29	41	65	54	56	64	62	54	83	47	54	0	46	50	74	70	68	28	46	64	42	
28	58	27	68	54	18	41	44	41	27	41	55	59	70	12	36	62	16	56	58	36	14	3	47	13	44	48	38	29	53	34	0	39	28	19	45	32	27	43	9	
37	20	36	33	11	27	14	27	50	14	50	43	11	78	21	37	39	25	11	29	26	23	12	33	22	42	57	47	38	38	23	3	0	37	28	31	41	17	52	18	
18	31	36	46	58	50	50	56	14	36	68	49	63	29	23	45	51	42	59	56	48	23	12	5	22	30	31	5	61	48	43	62	48	0	28	10	13	18	53	28	
51	41	50	84	48	41	29	23	34	30	64	55	65	63	35	59	28	39	73	47	49	25	26	49	36	2	51	38	43	30	35	17	62	51	0	16	46	50	40	32	
46	29	33	30	61	36	47	34	21	33	22	1	63	57	20	38	3	27	66	22	45	20	9	36	19	37	38	55	18	64	16	14	55	34	25	0	38	18	22	29	
22	40	60	87	59	84	52	40	56	60	42	26	57	71	51	3	68	41	24	22	23	58	47	71	57	53	26	72	92	78	36	60	43	31	54	51	0	69	48	67	
56	59	55	17	41	8	64	72	53	40	42	18	50	60	22	56	69	30	58	39	64	42	31	22	2	55	70	13	19	29	20	22	67	4	47	55	58	0	45	32	
25	23	42	75	41	58	3	27	46	4	61	69	62	57	15	53	65	60	37	48	77	41	61	61	68	48	62	79	57	60	49	52	37	59	50	48	8	68	0	49	
14	21	45	15	48	62	37	19	4	45	1	5	42	40	12	6	25	41	9	37	39	10	36	19	15	20	12	38	54	72	21	38	29	54	39	17	65	40	34	0	
M1
0	57	80	4	31	28	32	69	22	11	68	50	94	23	43	74	37	62	72	76	58	33	5	47	33	63	41	73	60	46	49	50	60	65	48	74	69	67	36	92	
29	0	47	57	26	36	72	22	72	54	52	38	62	50	36	45	70	26	46	29	37	20	28	22	17	16	51	6	47	72	45	37	19	32	32	3	20	20	20	29	
29	19	0	15	42	80	39	17	39	64	64	50	58	47	54	69	64	63	35	91	62	44	39	68	44	86	78	90	36	70	66	67	14	12	66	15	93	86	69	75	
67	30	58	0	1	59	2	58	58	102	76	68	79	25	13	51	58	54	42	78	58	3	62	49	3	83	37	75	62	48	43	26	83	72	34	77	54	50	87	72	
65	64	55	69	0	30	64	15	52	33	40	93	78	70	68	84	62	72	15	59	57	73	48	48	2	59	15	74	35	72	58	93	9	77	47	40	53	71	63	72	
50	69	42	52	75	0	80	41	69	85	70	59	83	59	38	75	39	81	47	67	60	81	66	33	53	65	32	27	60	62	66	77	6	70	19	73	34	65	48	53	
49	72	44	75	68	64	0	17	45	65	85	15	82	71	22	61	86	50	51	55	59	81	48	19	7	58	61	26	39	77	2	76	54	19	76	71	13	64	51	19	
51	7	36	58	26	27	52	0	57	55	37	47	8	26	36	27	6	23	50	29	26	21	8	2	26	16	54	28	12	29	48	70	59	35	25	17	51	2	20	50	
50	34	54	17	44	49	26	43	0	8	10	46	27	47	43	33	41	2	51	36	56	46	10	1	18	40	5	27	28	64	4	69	56	54	38	38	18	8	44	25	
55	59	52	7	25	72	35	67	15	0	82	80	110	53	12	52	61	80	75	60	39	36	58	77	36	73	5	95	59	23	58	59	58	67	14	64	72	32	68	63	
51	2	22	53	45	50	28	41	1	50	0	60	26	15	11	29	9	50	53	7	30	40	47	39	12	35	78	51	52	32	22	80	34	50	6	6	61	70	39	63	
41	75	53	69	72	54	90	50	32	59	51	0	73	19	49	46	82	36	58	16	44	44	47	43	44	62	86	18	48	42	49	38	2	64	53	56	65	21	66	44	
48	57	73	54	38	48	81	34	56	36	33	25	0	22	48	52	2	5	34	41	23	37	22	34	58	28	72	60	33	25	60	43	64	8	21	9	60	63	32	62	
20	39	47	48	51	13	52	47	66	55	67	23	49	0	8	44	57	17	33	31	62	3	15	2	26	41	54	28	15	1	52	78	45	67	58	70	24	52	45	48	
38	40	56	7	34	63	35	47	48	3	39	47	29	51	0	42	50	53	47	63	61	36	54	65	6	76	22	15	62	59	54	59	38	56	50	57	57	35	76	41	
14	47	15	42	53	63	70	29	12	49	38	81	65	55	1	0	35	56	66	56	38	2	43	49	43	43	38	75	67	38	54	88	45	43	54	8	32	78	47	46	
29	38	57	35	19	29	63	15	37	64	14	48	62	3	29	33	0	42	27	22	4	28	21	15	39	9	67	41	32	6	41	55	61	45	2	39	41	44	13	43	
65	74	77	71	5	65	74	51	5	65	50	72	88	38	65	69	19	0	45	22	13	63	57	51	75	45	23	62	16	42	28	57	76	81	38	75	22	80	49	78	
56	32	21	52	56	64	37	40	11	72	8	52	55	41	41	49	21	78	0	37	42	66	7	7	31	46	34	33	34	44	41	53	15	49	6	36	40	71	50	46	
21	21	31	44	40	66	72	44	38	4	64	20	59	31	14	17	33	44	53	0	54	2	50	22	46	59	42	42	49	54	39	54	59	59	51	32	67	69	63	17	
35	64	36	11	38	3	39	50	33	5	44	63	85	44	22	3	24	26	28	4	0	23	52	56	40	50	43	34	73	47	69	63	34	41	43	29	53	48	17	16	
8	59	35	23	22	33	27	19	28	43	35	64	83	55	22	61	63	50	53	26	34	0	25	19	43	13	55	45	46	67	45	70	32	63	31	29	67	48	17	47	
30	72	48	58	30	40	5	26	42	44	50	35	39	69	35	16	60	48	47	30	41	3	0	26	33	20	60	7	53	70	7	57	10	53	38	1	66	45	24	33	
27	48	45	55	27	37	28	23	45	62	60	23	60	73	37	20	68	49	44	30	38	40	23	0	2	17	30	4	5	72	43	54	62	48	35	46	53	42	21	30	
24	52	50	21	48	56	49	33	5	59	78	62	26	21	51	44	47	50	61	65	5	46	53	20	0	59	72	46	17	20	30	46	80	53	66	54	1	37	60	32	
33	65	46	41	8	18	54	4	64	54	41	49	79	73	18	46	53	35	70	11	19	52	10	4	28	0	56	30	31	76	30	56	50	69	16	28	52	33	2	32	
2	60	25	6	33	51	3	58	48	37	60	69	99	45	5	75	37	59	74	75	58	35	26	53	35	63	0	79	35	60	5	58	5	14	56	11	19	50	53	10	
1	54	19	29	55	53	57	10	47	36	52	10	34	48	51	41	42	58	18	44	59	58	17	51	4	59	46	0	43	65	17	28	37	24	45	50	55	16	61	4	
54	22	17	48	31	23	55	42	72	83	68	50	28	57	64	47	37	52	68	57	58	67	50	5	29	44	57	31	0	31	70	43	47	45	56	48	65	69	48	57	
41	78	77	57	67	10	11	4	37	74	83	44	35	27	57	68	56	59	82	80	69	52	28	51	14	72	14	63	64	0	60	60	39	4	40	63	34	73	76	17	
32	44	49	4	22	16	15	47	27	67	20	47	64	32	4	44	46	10	27	28	57	33	29	2	2	41	46	28	29	55	0	24	48	25	14	48	53	34	5	54	
29	17	73	53	7	31	81	58	34	47	57	33	85	46	23	40	26	68	70	65	47	31	27	58	82	52	67	79	75	10	73	0	63	25	45	41	84	66	35	32	
74	36	52	54	20	57	62	69	35	14	12	41	60	49	45	63	37	44	5	41	48	7	28	38	46	63	24	64	29	56	56	43	0	44	37	40	69	54	23	65	
21	51	21	49	32	42	43	6	38	56	27	57	75	43	33	70	58	39	38	35	43	14	34	28	52	22	60	54	55	56	15	46	8	0	40	25	76	46	26	18	
3	33	59	31	38	47	49	34	21	5	33	57	32	12	31	52	2	48	45	41	23	8	15	22	46	28	43	48	49	25	60	73	42	52	0	34	58	46	15	62	
5	31	24	33	51	32	59	47	32	40	9	79	57	46	30	27	40	8	70	36	60	47	34	44	43	41	70	70	71	56	53	79	25	36	11	0	77	45	14	56	
12	4	20	40	52	64	68	36	42	47	39	80	46	38	41	43	18	17	5	21	39	41	25	38	59	44	65	49	62	41	56	75	46	48	37	3	0	35	4	60	
37	68	38	60	47	21	49	15	35	51	55	28	60	40	24	5	58	79	89	8	59	25	6	56	4	66	61	69	7	61	50	54	53	37	12	31	29	0	70	54	
78	53	34	65	42	54	79	56	52	52	29	69	77	66	62	46	60	23	85	49	81	60	47	74	45	86	88	91	48	83	42	79	64	62	27	57	66	21	0	46	
37	38	58	55	10	24	52	7	14	67	32	57	80	51	34	25	31	51	75	24	35	45	12	12	36	14	1	38	39	54	42	72	35	63	20	24	20	49	18	0	
M2
0	6	38	37	27	58	3	11	58	82	53	40	58	64	51	42	9	38	18	36	12	11	54	35	17	19	52	46	23	57	60	47	55	15	67	55	41	45	57	59	
33	0	51	1	48	67	32	46	26	51	47	57	52	40	22	23	61	32	71	50	24	40	56	2	18	22	65	56	25	58	24	21	49	61	61	30	5	35	69	50	
38	74	0	16	15	49	15	27	17	56	32	19	9	54	52	43	49	26	9	37	39	36	47	40	59	33	3	19	61	59	19	17	43	6	34	24	45	31	25	27	
75	36	47	0	26	74	21	33	23	61	24	40	1	57	31	6	58	45	15	16	33	39	39	49	64	31	9	39	42	69	33	4	19	31	68	26	14	34	31	33	
71	83	33	51	0	88	43	16	58	40	74	63	35	46	33	44	75	67	51	28	3	2	67	47	79	33	45	63	44	35	23	32	55	50	69	20	16	32	47	16	
24	53	45	49	6	0	27	21	52	72	2	41	46	35	48	47	59	7	53	66	43	8	4	50	49	63	47	40	11	61	57	5	21	36	36	24	46	35	69	47	
27	56	67	62	32	32	0	61	40	8	54	92	1	42	66	24	59	48	15	64	20	46	62	61	66	89	59	41	14	69	85	56	65	72	54	51	91	54	69	50	
57	60	51	24	14	63	23	0	20	74	52	5	53	28	39	4	55	43	61	30	13	10	42	20	92	52	62	42	64	72	79	7	55	68	72	45	77	5	57	34	
54	45	57	70	31	85	20	25	0	71	49	40	44	25	35	14	23	40	44	12	10	7	39	17	82	49	38	39	32	69	76	4	52	67	64	42	80	2	54	40	
23	48	51	53	20	64	40	11	34	0	35	74	52	71	56	28	30	29	56	58	56	53	66	7	26	56	65	22	6	62	58	50	15	58	21	30	39	48	20	42	
22	43	54	17	11	86	41	48	43	73	0	59	33	70	50	68	78	47	35	33	45	31	56	36	85	59	29	61	1	43	72	26	43	60	40	38	74	56	47	37	
65	58	55	51	21	41	32	37	40	39	57	0	42	24	33	20	58	52	42	53	22	19	30	29	82	33	36	51	33	32	35	16	60	60	81	41	16	14	8	38	
72	54	57	48	61	47	52	38	29	75	13	72	0	57	16	26	24	24	35	53	42	39	56	45	16	63	71	17	51	19	70	36	41	53	53	36	76	34	64	67	
62	57	52	11	38	46	58	28	32	44	29	23	53	0	34	53	5	14	46	56	7	46	44	37	20	68	66	20	65	60	46	11	31	3	43	31	51	41	13	65	
95	49	71	80	48	97	21	47	69	70	48	5	1	66	0	53	39	33	70	18	51	16	51	58	60	66	85	66	36	32	42	45	50	62	53	50	84	43	79	72	
66	82	58	47	3	57	39	5	36	43	7	37	26	23	29	0	54	31	61	60	6	16	63	43	85	29	55	24	40	33	31	28	48	31	60	37	12	42	12	51	
2	57	37	24	63	49	52	21	45	88	22	53	39	66	49	60	0	7	57	44	63	41	59	53	19	81	51	65	39	59	57	46	18	28	36	24	69	59	73	20	
61	56	25	52	50	59	32	1	53	91	2	41	26	46	52	58	39	0	45	72	51	61	57	33	63	66	39	53	40	80	37	26	4	16	16	4	49	56	60	38	
17	47	86	4	25	54	69	65	83	98	52	79	43	70	55	39	1	63	0	32	75	2	48	3	75	78	89	86	49	103	63	76	74	54	38	80	82	97	67	76	
55	63	40	55	4	43	44	56	35	34	1	28	38	29	67	61	4	61	38	0	54	53	62	48	31	27	32	70	21	71	52	41	42	57	7	19	64	49	45	56	
56	22	23	50	33	45	22	25	30	21	51	42	43	18	61	9	62	42	18	43	0	9	41	19	21	51	37	41	46	61	44	6	54	40	50	44	57	4	53	42	
16	28	36	32	37	22	45	20	13	77	14	45	38	50	60	22	31	8	56	20	32	0	8	42	70	28	50	1	52	41	58	10	25	20	29	25	63	27	67	51	
46	57	52	7	42	86	12	28	19	73	20	68	19	51	41	45	37	14	72	43	41	15	0	48	81	47	66	7	27	47	58	35	31	43	43	31	52	33	50	44	
78	46	36	63	8	66	24	36	26	65	46	58	18	42	56	52	58	31	18	50	28	45	10	0	46	11	12	57	4	56	58	22	43	53	24	33	39	40	34	36	
24	5	29	36	55	20	5	30	35	64	31	54	30	49	44	38	53	16	49	59	34	31	7	37	0	44	43	23	55	7	42	28	15	45	41	8	27	26	65	64	
62	55	49	60	31	32	41	25	41	53	26	55	50	46	40	32	24	11	56	40	31	28	12	38	71	0	50	29	45	48	59	19	28	40	40	28	73	23	36	61	
61	66	36	48	12	80	7	19	9	48	63	61	1	46	44	35	44	59	1	33	31	28	50	38	51	25	0	60	53	69	42	25	51	53	65	16	46	23	17	19	
68	65	41	27	51	75	40	17	8	87	9	57	42	45	55	34	26	3	61	32	30	27	59	37	70	69	55	0	47	36	53	24	20	32	32	20	61	22	62	46	
63	14	25	45	51	67	37	19	36	44	33	55	27	51	37	53	56	18	22	27	49	46	43	38	62	66	39	55	0	95	43	31	35	42	47	9	49	41	31	8	
11	12	16	43	42	16	42	40	44	72	55	46	36	63	19	61	53	40	36	64	41	57	41	10	60	6	30	46	67	0	21	44	57	33	31	51	47	52	41	51	
76	72	27	54	53	8	34	39	55	27	40	57	28	38	54	37	24	25	47	67	54	55	39	35	65	4	41	56	66	51	0	28	41	44	51	6	51	50	61	65	
64	67	41	48	9	63	30	35	29	49	30	18	42	35	49	24	47	24	61	51	20	17	17	27	79	59	55	17	68	57	54	0	39	53	53	20	65	12	64	38	
79	74	43	55	31	77	47	19	51	67	20	40	44	5	9	46	57	5	63	73	39	39	39	25	73	37	57	39	48	77	39	4	0	34	34	22	20	34	66	47	
81	76	33	43	59	27	52	21	33	74	22	9	46	66	69	56	51	7	27	57	19	42	25	18	48	52	47	21	46	48	57	46	24	0	36	24	52	44	69	58	
42	35	4	31	30	53	30	40	21	37	40	34	24	58	56	11	7	33	24	45	17	40	51	44	74	48	18	27	54	41	30	32	50	10	0	39	39	35	6	42	
50	46	1	28	27	61	8	39	29	68	44	31	2	22	28	39	61	38	21	49	40	37	37	9	39	42	15	31	40	70	14	2	15	18	29	0	25	32	37	39	
72	60	36	25	33	62	17	43	46	37	54	42	37	43	7	32	49	41	56	59	9	25	41	35	74	7	50	41	18	47	9	6	50	50	64	15	0	20	54	54	
51	54	54	67	28	82	17	22	25	68	46	37	56	22	66	11	60	37	70	38	7	4	36	14	86	46	68	36	69	66	73	1	49	64	66	39	84	0	51	37	
33	79	37	49	57	55	41	10	46	7	40	53	50	62	29	51	73	51	57	70	19	44	32	54	50	31	51	65	37	71	33	30	28	28	76	39	14	39	0	73	
39	80	1	28	27	60	27	39	29	68	44	31	3	48	13	55	61	38	21	49	51	26	59	43	63	45	15	31	62	71	31	29	48	18	46	14	38	43	37	0	
M3
0	48	14	65	5	1	53	49	17	54	25	54	30	42	38	26	28	40	3	48	22	63	56	48	38	48	49	30	46	22	29	43	76	6	56	62	11	43	50	5	
14	0	46	83	34	70	2	19	67	71	61	35	75	56	23	68	60	93	4	77	23	67	63	77	33	21	47	51	59	72	61	67	77	56	50	56	89	43	24	28	
64	85	0	81	32	47	51	57	82	92	9	60	68	54	18	82	8	53	96	28	65	43	68	69	47	54	67	76	26	29	9	23	90	53	79	66	92	79	32	64	
75	57	66	0	61	56	51	69	6	29	20	24	46	26	41	30	30	39	66	70	1	57	34	47	73	49	72	24	79	69	14	89	46	65	45	46	76	43	64	21	
73	47	36	56	0	70	45	85	72	30	33	83	6	42	60	27	3	59	47	70	67	55	56	16	56	49	62	2	45	36	15	65	85	63	47	44	91	74	62	73	
50	69	59	74	72	0	52	64	38	72	25	54	51	81	6	87	56	41	26	75	20	67	20	69	107	48	78	20	66	43	74	88	28	68	60	89	32	3	19	44	
14	26	41	46	7	68	0	52	20	6	37	67	33	63	65	62	55	34	25	75	57	57	6	51	61	44	71	33	73	25	56	66	47	65	44	46	14	1	34	26	
44	42	65	51	75	49	74	0	41	47	34	67	59	24	88	37	76	58	23	51	13	32	38	45	74	52	12	53	54	67	66	36	85	21	26	21	85	56	70	51	
31	59	53	52	78	12	7	77	0	42	45	9	18	75	25	69	67	62	22	87	63	88	50	84	100	58	60	55	56	54	47	82	57	74	1	85	75	75	31	38	
42	33	53	74	54	56	42	49	53	0	56	7	71	48	46	64	47	55	68	34	46	37	48	47	25	31	46	33	39	79	33	59	53	26	10	68	84	80	45	14	
10	70	62	65	67	62	8	86	23	41	0	16	52	43	9	59	70	65	27	64	7	26	57	1	20	72	77	11	46	46	77	5	64	80	62	63	83	25	40	37	
52	40	12	78	50	60	66	75	57	101	27	0	77	55	36	26	26	71	75	46	83	61	7	76	65	43	35	55	44	47	27	41	68	58	18	75	77	87	50	18	
50	19	50	70	61	42	52	69	66	2	5	55	0	86	73	43	64	31	54	66	73	81	67	70	83	64	68	15	53	80	7	63	107	39	52	98	99	57	43	51	
63	28	82	24	84	34	61	40	29	56	30	47	32	0	75	33	64	44	63	47	35	28	11	18	92	48	43	58	50	40	39	81	58	36	24	17	62	29	66	50	
23	13	32	30	57	59	46	43	11	29	47	58	24	54	0	70	39	34	48	66	20	76	48	15	77	39	16	24	64	16	39	61	57	56	50	74	5	37	5	17	
19	45	52	52	53	14	61	14	35	54	48	25	48	25	33	0	46	17	53	46	23	16	21	46	2	50	42	48	28	24	39	36	16	51	41	35	29	5	22	13	
26	63	59	59	63	68	6	66	37	48	40	53	24	32	40	48	0	72	54	39	30	54	27	45	9	2	15	48	33	67	49	43	38	65	59	46	82	64	29	26	
75	73	67	45	68	70	76	28	61	26	75	76	49	58	36	53	57	0	48	84	20	47	19	59	63	10	14	45	38	100	15	80	69	65	57	65	89	3	83	28	
58	13	1	86	39	50	46	25	50	54	16	49	30	61	25	23	15	60	0	35	54	33	75	76	54	4	39	67	33	36	16	30	33	12	67	22	55	40	20	59	
49	48	22	83	60	22	10	16	67	54	37	84	30	56	24	46	25	62	55	0	24	2	70	64	64	61	44	63	14	57	37	50	96	49	58	30	65	85	58	76	
48	63	57	27	65	38	63	50	36	9	23	23	49	58	77	26	38	76	55	40	0	21	1	67	77	15	78	49	43	41	38	69	21	19	26	10	30	12	18	42	
31	60	57	34	86	42	21	2	50	46	28	11	22	42	28	11	24	39	41	45	24	0	52	50	77	19	30	31	18	50	51	54	80	34	44	15	60	55	14	46	
27	46	36	15	26	63	19	18	15	52	45	45	28	51	44	55	50	64	56	68	26	66	0	46	31	45	23	28	57	20	39	65	71	55	54	55	9	41	51	21	
56	52	36	8	10	50	1	44	24	47	38	42	58	44	8	48	48	8	74	15	19	30	50	0	39	31	20	42	42	71	32	7	64	77	63	58	82	25	46	39	
1	38	34	34	41	43	49	50	34	66	40	39	42	7	15	23	34	47	45	28	5	38	21	28	0	58	53	67	10	50	49	18	28	46	34	27	72	39	4	1	
34	32	59	53	54	45	58	28	53	85	59	31	61	26	45	62	24	65	67	42	56	57	2	1	35	0	56	63	22	66	4	19	79	37	53	46	72	27	34	14	
29	57	51	9	80	50	39	45	25	48	39	43	59	26	31	49	49	58	39	16	20	8	40	47	92	43	0	40	43	48	33	79	65	51	25	46	55	58	20	40	
65	73	37	95	75	4	35	33	56	79	32	72	55	71	21	3	50	81	45	12	14	27	84	71	72	30	61	0	39	1	52	34	41	38	75	19	52	50	68	64	
37	64	46	29	47	17	45	45	45	68	59	63	59	33	51	23	38	66	51	64	40	19	47	54	20	84	73	1	0	46	17	54	62	22	37	53	70	65	40	37	
50	45	68	33	47	31	56	19	49	26	47	67	53	18	64	54	71	65	58	33	43	48	32	22	33	69	16	10	40	0	3	67	3	56	31	38	83	50	53	50	
7	45	36	50	61	31	37	47	15	11	31	62	4	23	11	59	34	19	75	70	61	54	34	44	87	13	56	28	57	20	0	5	74	1	13	43	9	41	69	21	
72	62	55	18	88	54	5	32	34	30	39	52	21	54	55	42	58	67	13	48	29	37	62	68	101	3	27	52	19	23	42	0	66	45	68	26	74	71	74	49	
50	5	70	85	7	15	38	55	33	63	7	31	39	62	59	38	52	76	40	60	36	41	45	72	69	57	31	46	1	23	68	60	0	49	72	30	72	78	60	25	
20	39	29	28	54	56	53	24	8	34	37	55	10	51	53	30	38	63	36	59	39	72	37	25	81	73	52	21	41	13	39	34	67	0	38	61	2	20	67	14	
62	20	48	63	43	8	51	70	42	71	63	86	63	40	72	58	36	22	49	53	65	68	53	61	84	12	21	24	10	54	60	53	93	79	0	60	44	48	45	3	
37	75	56	71	94	19	44	50	28	59	4	45	35	44	58	7	53	88	88	21	58	2	58	65	70	22	68	72	24	49	64	73	77	10	67	0	55	72	40	67	
14	33	23	68	48	50	47	34	2	39	38	49	15	45	47	80	37	68	62	57	52	67	59	33	75	83	62	15	55	7	38	52	61	47	41	65	0	28	61	8	
6	40	41	40	79	50	73	56	45	3	8	63	48	13	65	47	29	58	29	61	51	42	3	34	74	62	59	25	64	56	55	70	74	44	21	31	56	0	51	66	
48	44	61	68	46	53	12	72	3	30	37	48	10	41	62	68	49	54	33	75	52	28	55	62	31	6	70	17	40	29	39	17	2	21	42	61	34	66	0	16	
60	15	15	30	10	12	18	50	9	66	30	56	42	7	39	43	3	54	50	49	41	38	21	28	56	49	37	51	47	50	30	44	68	46	34	27	72	39	53	0	
